{"resp_b": 0.1, "restrained_fit": true, "exclude_hydrogens": true, "convergence_tolerance": 1e-06, "max_iter": 500, "resp_a": 0.0005, "charge_constraints": {"charge_sum_constraints": [], "charge_equivalence_constraints": [], "molecules": [{"qcmol": {"schema_name": "qcschema_molecule", "schema_version": 2, "validated": true, "symbols": ["C", "C", "C", "C", "C", "C", "C", "C", "O", "H", "H", "H", "H", "H", "H", "H", "H", "H", "H", "H", "H", "H", "H", "H", "H"], "geometry": [[0.0, 0.0, 0.0], [2.8886939207229623, -5.451186811383522e-16, -5.074578282552231e-16], [4.000030825375198, 2.671659901248975, 2.220446049250313e-16], [6.888563792224213, 2.791148399214042, 0.18605724668862367], [8.292935761086675, 1.7240901285275307, -2.1074554661501943], [11.158260751989413, 2.0561020644703087, -1.9127431259953127], [12.566696779127565, 0.9690237271052855, -4.202656815908627], [15.375193992714301, 1.40370936477933, -4.027173054927617], [16.926384040215783, -0.21816072208130777, -4.109086439020701], [-0.7416762547168316, 0.9564158333169793, 1.6580886762996487], [-0.74317967406882, -1.912043321744381, -0.0036460799103433805], [-0.740360262129634, 0.9609246226293082, -1.6563641608446142], [3.5700645584558863, -1.0170188905080906, 1.6524732339970538], [3.5563379170653437, -1.0432888632258188, -1.6372433404960762], [3.206286835910599, 3.7103166356742205, 1.5869550329305095], [3.3859648167702914, 3.663754722270321, -1.6951052022706494], [7.443011524138686, 4.754740552320057, 0.440759639325621], [7.501393334469314, 1.7988152757179832, 1.8807159035132153], [7.869412970817081, -0.27223877101415017, -2.33038300563976], [7.618006465090714, 2.6561231803156833, -3.8132382187268923], [11.839267584133918, 1.1407235548145305, -0.20328955416336514], [11.601683896828158, 4.055131614018802, -1.7200182637182166], [12.239609454527635, -1.043443156534551, -4.39456343368546], [11.894835388679407, 1.889923941408975, -5.91685806664292], [15.94957834383585, 3.382277524596572, -3.803726116358855]], "name": "C8H16O", "identifiers": {"molecule_hash": "dea79a527dbbd1b1571af8d5b032576871894946", "molecular_formula": "C8H16O"}, "molecular_charge": 0.0, "molecular_multiplicity": 1, "connectivity": [[0, 1, 1.0], [0, 9, 1.0], [0, 10, 1.0], [0, 11, 1.0], [1, 2, 1.0], [1, 12, 1.0], [1, 13, 1.0], [2, 3, 1.0], [2, 14, 1.0], [2, 15, 1.0], [3, 4, 1.0], [3, 16, 1.0], [3, 17, 1.0], [4, 5, 1.0], [4, 18, 1.0], [4, 19, 1.0], [5, 6, 1.0], [5, 20, 1.0], [5, 21, 1.0], [6, 7, 1.0], [6, 22, 1.0], [6, 23, 1.0], [7, 8, 2.0], [7, 24, 1.0]], "fix_com": true, "fix_orientation": true, "provenance": {"creator": "QCElemental", "version": "v0.22.0", "routine": "qcelemental.molparse.from_schema"}, "id": "122474"}, "charge": 0, "optimize_geometry": false, "conformers": [], "conformer_generation_options": {"n_conformer_pool": 4000, "n_max_conformers": 0, "rms_tolerance": 0.05, "energy_window": 15, "keep_original_conformer": true}, "stage_1_unrestrained_charges": null, "stage_1_restrained_charges": null, "stage_2_unrestrained_charges": null, "stage_2_restrained_charges": null, "keep_original_orientation": false, "reorientations": [], "translations": [], "rotations": []}], "unconstrained_atoms": [{"index": 0, "molecule": {"qcmol": {"schema_name": "qcschema_molecule", "schema_version": 2, "validated": true, "symbols": ["C", "C", "C", "C", "C", "C", "C", "C", "O", "H", "H", "H", "H", "H", "H", "H", "H", "H", "H", "H", "H", "H", "H", "H", "H"], "geometry": [[0.0, 0.0, 0.0], [2.8886939207229623, -5.451186811383522e-16, -5.074578282552231e-16], [4.000030825375198, 2.671659901248975, 2.220446049250313e-16], [6.888563792224213, 2.791148399214042, 0.18605724668862367], [8.292935761086675, 1.7240901285275307, -2.1074554661501943], [11.158260751989413, 2.0561020644703087, -1.9127431259953127], [12.566696779127565, 0.9690237271052855, -4.202656815908627], [15.375193992714301, 1.40370936477933, -4.027173054927617], [16.926384040215783, -0.21816072208130777, -4.109086439020701], [-0.7416762547168316, 0.9564158333169793, 1.6580886762996487], [-0.74317967406882, -1.912043321744381, -0.0036460799103433805], [-0.740360262129634, 0.9609246226293082, -1.6563641608446142], [3.5700645584558863, -1.0170188905080906, 1.6524732339970538], [3.5563379170653437, -1.0432888632258188, -1.6372433404960762], [3.206286835910599, 3.7103166356742205, 1.5869550329305095], [3.3859648167702914, 3.663754722270321, -1.6951052022706494], [7.443011524138686, 4.754740552320057, 0.440759639325621], [7.501393334469314, 1.7988152757179832, 1.8807159035132153], [7.869412970817081, -0.27223877101415017, -2.33038300563976], [7.618006465090714, 2.6561231803156833, -3.8132382187268923], [11.839267584133918, 1.1407235548145305, -0.20328955416336514], [11.601683896828158, 4.055131614018802, -1.7200182637182166], [12.239609454527635, -1.043443156534551, -4.39456343368546], [11.894835388679407, 1.889923941408975, -5.91685806664292], [15.94957834383585, 3.382277524596572, -3.803726116358855]], "name": "C8H16O", "identifiers": {"molecule_hash": "dea79a527dbbd1b1571af8d5b032576871894946", "molecular_formula": "C8H16O"}, "molecular_charge": 0.0, "molecular_multiplicity": 1, "connectivity": [[0, 1, 1.0], [0, 9, 1.0], [0, 10, 1.0], [0, 11, 1.0], [1, 2, 1.0], [1, 12, 1.0], [1, 13, 1.0], [2, 3, 1.0], [2, 14, 1.0], [2, 15, 1.0], [3, 4, 1.0], [3, 16, 1.0], [3, 17, 1.0], [4, 5, 1.0], [4, 18, 1.0], [4, 19, 1.0], [5, 6, 1.0], [5, 20, 1.0], [5, 21, 1.0], [6, 7, 1.0], [6, 22, 1.0], [6, 23, 1.0], [7, 8, 2.0], [7, 24, 1.0]], "fix_com": true, "fix_orientation": true, "provenance": {"creator": "QCElemental", "version": "v0.22.0", "routine": "qcelemental.molparse.from_schema"}, "id": "122474"}, "charge": 0, "optimize_geometry": false, "conformers": [], "conformer_generation_options": {"n_conformer_pool": 4000, "n_max_conformers": 0, "rms_tolerance": 0.05, "energy_window": 15, "keep_original_conformer": true}, "stage_1_unrestrained_charges": null, "stage_1_restrained_charges": null, "stage_2_unrestrained_charges": null, "stage_2_restrained_charges": null, "keep_original_orientation": false, "reorientations": [], "translations": [], "rotations": []}}, {"index": 1, "molecule": {"qcmol": {"schema_name": "qcschema_molecule", "schema_version": 2, "validated": true, "symbols": ["C", "C", "C", "C", "C", "C", "C", "C", "O", "H", "H", "H", "H", "H", "H", "H", "H", "H", "H", "H", "H", "H", "H", "H", "H"], "geometry": [[0.0, 0.0, 0.0], [2.8886939207229623, -5.451186811383522e-16, -5.074578282552231e-16], [4.000030825375198, 2.671659901248975, 2.220446049250313e-16], [6.888563792224213, 2.791148399214042, 0.18605724668862367], [8.292935761086675, 1.7240901285275307, -2.1074554661501943], [11.158260751989413, 2.0561020644703087, -1.9127431259953127], [12.566696779127565, 0.9690237271052855, -4.202656815908627], [15.375193992714301, 1.40370936477933, -4.027173054927617], [16.926384040215783, -0.21816072208130777, -4.109086439020701], [-0.7416762547168316, 0.9564158333169793, 1.6580886762996487], [-0.74317967406882, -1.912043321744381, -0.0036460799103433805], [-0.740360262129634, 0.9609246226293082, -1.6563641608446142], [3.5700645584558863, -1.0170188905080906, 1.6524732339970538], [3.5563379170653437, -1.0432888632258188, -1.6372433404960762], [3.206286835910599, 3.7103166356742205, 1.5869550329305095], [3.3859648167702914, 3.663754722270321, -1.6951052022706494], [7.443011524138686, 4.754740552320057, 0.440759639325621], [7.501393334469314, 1.7988152757179832, 1.8807159035132153], [7.869412970817081, -0.27223877101415017, -2.33038300563976], [7.618006465090714, 2.6561231803156833, -3.8132382187268923], [11.839267584133918, 1.1407235548145305, -0.20328955416336514], [11.601683896828158, 4.055131614018802, -1.7200182637182166], [12.239609454527635, -1.043443156534551, -4.39456343368546], [11.894835388679407, 1.889923941408975, -5.91685806664292], [15.94957834383585, 3.382277524596572, -3.803726116358855]], "name": "C8H16O", "identifiers": {"molecule_hash": "dea79a527dbbd1b1571af8d5b032576871894946", "molecular_formula": "C8H16O"}, "molecular_charge": 0.0, "molecular_multiplicity": 1, "connectivity": [[0, 1, 1.0], [0, 9, 1.0], [0, 10, 1.0], [0, 11, 1.0], [1, 2, 1.0], [1, 12, 1.0], [1, 13, 1.0], [2, 3, 1.0], [2, 14, 1.0], [2, 15, 1.0], [3, 4, 1.0], [3, 16, 1.0], [3, 17, 1.0], [4, 5, 1.0], [4, 18, 1.0], [4, 19, 1.0], [5, 6, 1.0], [5, 20, 1.0], [5, 21, 1.0], [6, 7, 1.0], [6, 22, 1.0], [6, 23, 1.0], [7, 8, 2.0], [7, 24, 1.0]], "fix_com": true, "fix_orientation": true, "provenance": {"creator": "QCElemental", "version": "v0.22.0", "routine": "qcelemental.molparse.from_schema"}, "id": "122474"}, "charge": 0, "optimize_geometry": false, "conformers": [], "conformer_generation_options": {"n_conformer_pool": 4000, "n_max_conformers": 0, "rms_tolerance": 0.05, "energy_window": 15, "keep_original_conformer": true}, "stage_1_unrestrained_charges": null, "stage_1_restrained_charges": null, "stage_2_unrestrained_charges": null, "stage_2_restrained_charges": null, "keep_original_orientation": false, "reorientations": [], "translations": [], "rotations": []}}, {"index": 2, "molecule": {"qcmol": {"schema_name": "qcschema_molecule", "schema_version": 2, "validated": true, "symbols": ["C", "C", "C", "C", "C", "C", "C", "C", "O", "H", "H", "H", "H", "H", "H", "H", "H", "H", "H", "H", "H", "H", "H", "H", "H"], "geometry": [[0.0, 0.0, 0.0], [2.8886939207229623, -5.451186811383522e-16, -5.074578282552231e-16], [4.000030825375198, 2.671659901248975, 2.220446049250313e-16], [6.888563792224213, 2.791148399214042, 0.18605724668862367], [8.292935761086675, 1.7240901285275307, -2.1074554661501943], [11.158260751989413, 2.0561020644703087, -1.9127431259953127], [12.566696779127565, 0.9690237271052855, -4.202656815908627], [15.375193992714301, 1.40370936477933, -4.027173054927617], [16.926384040215783, -0.21816072208130777, -4.109086439020701], [-0.7416762547168316, 0.9564158333169793, 1.6580886762996487], [-0.74317967406882, -1.912043321744381, -0.0036460799103433805], [-0.740360262129634, 0.9609246226293082, -1.6563641608446142], [3.5700645584558863, -1.0170188905080906, 1.6524732339970538], [3.5563379170653437, -1.0432888632258188, -1.6372433404960762], [3.206286835910599, 3.7103166356742205, 1.5869550329305095], [3.3859648167702914, 3.663754722270321, -1.6951052022706494], [7.443011524138686, 4.754740552320057, 0.440759639325621], [7.501393334469314, 1.7988152757179832, 1.8807159035132153], [7.869412970817081, -0.27223877101415017, -2.33038300563976], [7.618006465090714, 2.6561231803156833, -3.8132382187268923], [11.839267584133918, 1.1407235548145305, -0.20328955416336514], [11.601683896828158, 4.055131614018802, -1.7200182637182166], [12.239609454527635, -1.043443156534551, -4.39456343368546], [11.894835388679407, 1.889923941408975, -5.91685806664292], [15.94957834383585, 3.382277524596572, -3.803726116358855]], "name": "C8H16O", "identifiers": {"molecule_hash": "dea79a527dbbd1b1571af8d5b032576871894946", "molecular_formula": "C8H16O"}, "molecular_charge": 0.0, "molecular_multiplicity": 1, "connectivity": [[0, 1, 1.0], [0, 9, 1.0], [0, 10, 1.0], [0, 11, 1.0], [1, 2, 1.0], [1, 12, 1.0], [1, 13, 1.0], [2, 3, 1.0], [2, 14, 1.0], [2, 15, 1.0], [3, 4, 1.0], [3, 16, 1.0], [3, 17, 1.0], [4, 5, 1.0], [4, 18, 1.0], [4, 19, 1.0], [5, 6, 1.0], [5, 20, 1.0], [5, 21, 1.0], [6, 7, 1.0], [6, 22, 1.0], [6, 23, 1.0], [7, 8, 2.0], [7, 24, 1.0]], "fix_com": true, "fix_orientation": true, "provenance": {"creator": "QCElemental", "version": "v0.22.0", "routine": "qcelemental.molparse.from_schema"}, "id": "122474"}, "charge": 0, "optimize_geometry": false, "conformers": [], "conformer_generation_options": {"n_conformer_pool": 4000, "n_max_conformers": 0, "rms_tolerance": 0.05, "energy_window": 15, "keep_original_conformer": true}, "stage_1_unrestrained_charges": null, "stage_1_restrained_charges": null, "stage_2_unrestrained_charges": null, "stage_2_restrained_charges": null, "keep_original_orientation": false, "reorientations": [], "translations": [], "rotations": []}}, {"index": 3, "molecule": {"qcmol": {"schema_name": "qcschema_molecule", "schema_version": 2, "validated": true, "symbols": ["C", "C", "C", "C", "C", "C", "C", "C", "O", "H", "H", "H", "H", "H", "H", "H", "H", "H", "H", "H", "H", "H", "H", "H", "H"], "geometry": [[0.0, 0.0, 0.0], [2.8886939207229623, -5.451186811383522e-16, -5.074578282552231e-16], [4.000030825375198, 2.671659901248975, 2.220446049250313e-16], [6.888563792224213, 2.791148399214042, 0.18605724668862367], [8.292935761086675, 1.7240901285275307, -2.1074554661501943], [11.158260751989413, 2.0561020644703087, -1.9127431259953127], [12.566696779127565, 0.9690237271052855, -4.202656815908627], [15.375193992714301, 1.40370936477933, -4.027173054927617], [16.926384040215783, -0.21816072208130777, -4.109086439020701], [-0.7416762547168316, 0.9564158333169793, 1.6580886762996487], [-0.74317967406882, -1.912043321744381, -0.0036460799103433805], [-0.740360262129634, 0.9609246226293082, -1.6563641608446142], [3.5700645584558863, -1.0170188905080906, 1.6524732339970538], [3.5563379170653437, -1.0432888632258188, -1.6372433404960762], [3.206286835910599, 3.7103166356742205, 1.5869550329305095], [3.3859648167702914, 3.663754722270321, -1.6951052022706494], [7.443011524138686, 4.754740552320057, 0.440759639325621], [7.501393334469314, 1.7988152757179832, 1.8807159035132153], [7.869412970817081, -0.27223877101415017, -2.33038300563976], [7.618006465090714, 2.6561231803156833, -3.8132382187268923], [11.839267584133918, 1.1407235548145305, -0.20328955416336514], [11.601683896828158, 4.055131614018802, -1.7200182637182166], [12.239609454527635, -1.043443156534551, -4.39456343368546], [11.894835388679407, 1.889923941408975, -5.91685806664292], [15.94957834383585, 3.382277524596572, -3.803726116358855]], "name": "C8H16O", "identifiers": {"molecule_hash": "dea79a527dbbd1b1571af8d5b032576871894946", "molecular_formula": "C8H16O"}, "molecular_charge": 0.0, "molecular_multiplicity": 1, "connectivity": [[0, 1, 1.0], [0, 9, 1.0], [0, 10, 1.0], [0, 11, 1.0], [1, 2, 1.0], [1, 12, 1.0], [1, 13, 1.0], [2, 3, 1.0], [2, 14, 1.0], [2, 15, 1.0], [3, 4, 1.0], [3, 16, 1.0], [3, 17, 1.0], [4, 5, 1.0], [4, 18, 1.0], [4, 19, 1.0], [5, 6, 1.0], [5, 20, 1.0], [5, 21, 1.0], [6, 7, 1.0], [6, 22, 1.0], [6, 23, 1.0], [7, 8, 2.0], [7, 24, 1.0]], "fix_com": true, "fix_orientation": true, "provenance": {"creator": "QCElemental", "version": "v0.22.0", "routine": "qcelemental.molparse.from_schema"}, "id": "122474"}, "charge": 0, "optimize_geometry": false, "conformers": [], "conformer_generation_options": {"n_conformer_pool": 4000, "n_max_conformers": 0, "rms_tolerance": 0.05, "energy_window": 15, "keep_original_conformer": true}, "stage_1_unrestrained_charges": null, "stage_1_restrained_charges": null, "stage_2_unrestrained_charges": null, "stage_2_restrained_charges": null, "keep_original_orientation": false, "reorientations": [], "translations": [], "rotations": []}}, {"index": 4, "molecule": {"qcmol": {"schema_name": "qcschema_molecule", "schema_version": 2, "validated": true, "symbols": ["C", "C", "C", "C", "C", "C", "C", "C", "O", "H", "H", "H", "H", "H", "H", "H", "H", "H", "H", "H", "H", "H", "H", "H", "H"], "geometry": [[0.0, 0.0, 0.0], [2.8886939207229623, -5.451186811383522e-16, -5.074578282552231e-16], [4.000030825375198, 2.671659901248975, 2.220446049250313e-16], [6.888563792224213, 2.791148399214042, 0.18605724668862367], [8.292935761086675, 1.7240901285275307, -2.1074554661501943], [11.158260751989413, 2.0561020644703087, -1.9127431259953127], [12.566696779127565, 0.9690237271052855, -4.202656815908627], [15.375193992714301, 1.40370936477933, -4.027173054927617], [16.926384040215783, -0.21816072208130777, -4.109086439020701], [-0.7416762547168316, 0.9564158333169793, 1.6580886762996487], [-0.74317967406882, -1.912043321744381, -0.0036460799103433805], [-0.740360262129634, 0.9609246226293082, -1.6563641608446142], [3.5700645584558863, -1.0170188905080906, 1.6524732339970538], [3.5563379170653437, -1.0432888632258188, -1.6372433404960762], [3.206286835910599, 3.7103166356742205, 1.5869550329305095], [3.3859648167702914, 3.663754722270321, -1.6951052022706494], [7.443011524138686, 4.754740552320057, 0.440759639325621], [7.501393334469314, 1.7988152757179832, 1.8807159035132153], [7.869412970817081, -0.27223877101415017, -2.33038300563976], [7.618006465090714, 2.6561231803156833, -3.8132382187268923], [11.839267584133918, 1.1407235548145305, -0.20328955416336514], [11.601683896828158, 4.055131614018802, -1.7200182637182166], [12.239609454527635, -1.043443156534551, -4.39456343368546], [11.894835388679407, 1.889923941408975, -5.91685806664292], [15.94957834383585, 3.382277524596572, -3.803726116358855]], "name": "C8H16O", "identifiers": {"molecule_hash": "dea79a527dbbd1b1571af8d5b032576871894946", "molecular_formula": "C8H16O"}, "molecular_charge": 0.0, "molecular_multiplicity": 1, "connectivity": [[0, 1, 1.0], [0, 9, 1.0], [0, 10, 1.0], [0, 11, 1.0], [1, 2, 1.0], [1, 12, 1.0], [1, 13, 1.0], [2, 3, 1.0], [2, 14, 1.0], [2, 15, 1.0], [3, 4, 1.0], [3, 16, 1.0], [3, 17, 1.0], [4, 5, 1.0], [4, 18, 1.0], [4, 19, 1.0], [5, 6, 1.0], [5, 20, 1.0], [5, 21, 1.0], [6, 7, 1.0], [6, 22, 1.0], [6, 23, 1.0], [7, 8, 2.0], [7, 24, 1.0]], "fix_com": true, "fix_orientation": true, "provenance": {"creator": "QCElemental", "version": "v0.22.0", "routine": "qcelemental.molparse.from_schema"}, "id": "122474"}, "charge": 0, "optimize_geometry": false, "conformers": [], "conformer_generation_options": {"n_conformer_pool": 4000, "n_max_conformers": 0, "rms_tolerance": 0.05, "energy_window": 15, "keep_original_conformer": true}, "stage_1_unrestrained_charges": null, "stage_1_restrained_charges": null, "stage_2_unrestrained_charges": null, "stage_2_restrained_charges": null, "keep_original_orientation": false, "reorientations": [], "translations": [], "rotations": []}}, {"index": 5, "molecule": {"qcmol": {"schema_name": "qcschema_molecule", "schema_version": 2, "validated": true, "symbols": ["C", "C", "C", "C", "C", "C", "C", "C", "O", "H", "H", "H", "H", "H", "H", "H", "H", "H", "H", "H", "H", "H", "H", "H", "H"], "geometry": [[0.0, 0.0, 0.0], [2.8886939207229623, -5.451186811383522e-16, -5.074578282552231e-16], [4.000030825375198, 2.671659901248975, 2.220446049250313e-16], [6.888563792224213, 2.791148399214042, 0.18605724668862367], [8.292935761086675, 1.7240901285275307, -2.1074554661501943], [11.158260751989413, 2.0561020644703087, -1.9127431259953127], [12.566696779127565, 0.9690237271052855, -4.202656815908627], [15.375193992714301, 1.40370936477933, -4.027173054927617], [16.926384040215783, -0.21816072208130777, -4.109086439020701], [-0.7416762547168316, 0.9564158333169793, 1.6580886762996487], [-0.74317967406882, -1.912043321744381, -0.0036460799103433805], [-0.740360262129634, 0.9609246226293082, -1.6563641608446142], [3.5700645584558863, -1.0170188905080906, 1.6524732339970538], [3.5563379170653437, -1.0432888632258188, -1.6372433404960762], [3.206286835910599, 3.7103166356742205, 1.5869550329305095], [3.3859648167702914, 3.663754722270321, -1.6951052022706494], [7.443011524138686, 4.754740552320057, 0.440759639325621], [7.501393334469314, 1.7988152757179832, 1.8807159035132153], [7.869412970817081, -0.27223877101415017, -2.33038300563976], [7.618006465090714, 2.6561231803156833, -3.8132382187268923], [11.839267584133918, 1.1407235548145305, -0.20328955416336514], [11.601683896828158, 4.055131614018802, -1.7200182637182166], [12.239609454527635, -1.043443156534551, -4.39456343368546], [11.894835388679407, 1.889923941408975, -5.91685806664292], [15.94957834383585, 3.382277524596572, -3.803726116358855]], "name": "C8H16O", "identifiers": {"molecule_hash": "dea79a527dbbd1b1571af8d5b032576871894946", "molecular_formula": "C8H16O"}, "molecular_charge": 0.0, "molecular_multiplicity": 1, "connectivity": [[0, 1, 1.0], [0, 9, 1.0], [0, 10, 1.0], [0, 11, 1.0], [1, 2, 1.0], [1, 12, 1.0], [1, 13, 1.0], [2, 3, 1.0], [2, 14, 1.0], [2, 15, 1.0], [3, 4, 1.0], [3, 16, 1.0], [3, 17, 1.0], [4, 5, 1.0], [4, 18, 1.0], [4, 19, 1.0], [5, 6, 1.0], [5, 20, 1.0], [5, 21, 1.0], [6, 7, 1.0], [6, 22, 1.0], [6, 23, 1.0], [7, 8, 2.0], [7, 24, 1.0]], "fix_com": true, "fix_orientation": true, "provenance": {"creator": "QCElemental", "version": "v0.22.0", "routine": "qcelemental.molparse.from_schema"}, "id": "122474"}, "charge": 0, "optimize_geometry": false, "conformers": [], "conformer_generation_options": {"n_conformer_pool": 4000, "n_max_conformers": 0, "rms_tolerance": 0.05, "energy_window": 15, "keep_original_conformer": true}, "stage_1_unrestrained_charges": null, "stage_1_restrained_charges": null, "stage_2_unrestrained_charges": null, "stage_2_restrained_charges": null, "keep_original_orientation": false, "reorientations": [], "translations": [], "rotations": []}}, {"index": 6, "molecule": {"qcmol": {"schema_name": "qcschema_molecule", "schema_version": 2, "validated": true, "symbols": ["C", "C", "C", "C", "C", "C", "C", "C", "O", "H", "H", "H", "H", "H", "H", "H", "H", "H", "H", "H", "H", "H", "H", "H", "H"], "geometry": [[0.0, 0.0, 0.0], [2.8886939207229623, -5.451186811383522e-16, -5.074578282552231e-16], [4.000030825375198, 2.671659901248975, 2.220446049250313e-16], [6.888563792224213, 2.791148399214042, 0.18605724668862367], [8.292935761086675, 1.7240901285275307, -2.1074554661501943], [11.158260751989413, 2.0561020644703087, -1.9127431259953127], [12.566696779127565, 0.9690237271052855, -4.202656815908627], [15.375193992714301, 1.40370936477933, -4.027173054927617], [16.926384040215783, -0.21816072208130777, -4.109086439020701], [-0.7416762547168316, 0.9564158333169793, 1.6580886762996487], [-0.74317967406882, -1.912043321744381, -0.0036460799103433805], [-0.740360262129634, 0.9609246226293082, -1.6563641608446142], [3.5700645584558863, -1.0170188905080906, 1.6524732339970538], [3.5563379170653437, -1.0432888632258188, -1.6372433404960762], [3.206286835910599, 3.7103166356742205, 1.5869550329305095], [3.3859648167702914, 3.663754722270321, -1.6951052022706494], [7.443011524138686, 4.754740552320057, 0.440759639325621], [7.501393334469314, 1.7988152757179832, 1.8807159035132153], [7.869412970817081, -0.27223877101415017, -2.33038300563976], [7.618006465090714, 2.6561231803156833, -3.8132382187268923], [11.839267584133918, 1.1407235548145305, -0.20328955416336514], [11.601683896828158, 4.055131614018802, -1.7200182637182166], [12.239609454527635, -1.043443156534551, -4.39456343368546], [11.894835388679407, 1.889923941408975, -5.91685806664292], [15.94957834383585, 3.382277524596572, -3.803726116358855]], "name": "C8H16O", "identifiers": {"molecule_hash": "dea79a527dbbd1b1571af8d5b032576871894946", "molecular_formula": "C8H16O"}, "molecular_charge": 0.0, "molecular_multiplicity": 1, "connectivity": [[0, 1, 1.0], [0, 9, 1.0], [0, 10, 1.0], [0, 11, 1.0], [1, 2, 1.0], [1, 12, 1.0], [1, 13, 1.0], [2, 3, 1.0], [2, 14, 1.0], [2, 15, 1.0], [3, 4, 1.0], [3, 16, 1.0], [3, 17, 1.0], [4, 5, 1.0], [4, 18, 1.0], [4, 19, 1.0], [5, 6, 1.0], [5, 20, 1.0], [5, 21, 1.0], [6, 7, 1.0], [6, 22, 1.0], [6, 23, 1.0], [7, 8, 2.0], [7, 24, 1.0]], "fix_com": true, "fix_orientation": true, "provenance": {"creator": "QCElemental", "version": "v0.22.0", "routine": "qcelemental.molparse.from_schema"}, "id": "122474"}, "charge": 0, "optimize_geometry": false, "conformers": [], "conformer_generation_options": {"n_conformer_pool": 4000, "n_max_conformers": 0, "rms_tolerance": 0.05, "energy_window": 15, "keep_original_conformer": true}, "stage_1_unrestrained_charges": null, "stage_1_restrained_charges": null, "stage_2_unrestrained_charges": null, "stage_2_restrained_charges": null, "keep_original_orientation": false, "reorientations": [], "translations": [], "rotations": []}}]}, "surface_constraints": {"matrix": [[817022815322523.8, 792969220904660.4, 765763455137652.6, 737452953281256.1, 717734332915425.6, 682187260892803.9, 654065048264201.1, 635978735610931.0, 621370017453023.5, 818869874022400.4, 823854592508540.2, 822339364402284.1, 790398927079078.4, 790877743618945.4, 757664309225145.6, 769188942729049.8, 730551019579669.5, 733091720954564.1, 715687566980335.8, 729488522116382.8, 682158721137234.4, 672404377872963.4, 657167508116219.1, 637277092274582.6, 631431194051710.6], [792969220904660.4, 809613851016327.8, 791364227988166.9, 765416060021307.1, 743555208848264.4, 703474655310539.5, 674237853571522.4, 652959576205716.1, 638066652058905.0, 783868640272868.0, 788921986002830.2, 787536193957826.0, 819321897113099.2, 820240059428384.1, 790558946913864.6, 791663728503820.4, 758549584751717.6, 764226346154158.8, 745344204274435.8, 753276775086962.2, 700223103582714.0, 694005325571556.8, 679517408189077.2, 656622553310965.0, 645385915131775.2], [765763455137652.6, 791364227988166.9, 811973266918761.0, 794425987098008.8, 767938300635172.5, 729072450393628.4, 701593036889017.8, 681342115342446.6, 665959135910574.2, 758645554776168.8, 758476995068058.5, 756152120964347.0, 789792606170601.9, 790225806615245.8, 823203657121927.0, 824213024892824.8, 795292409201159.6, 795341072366567.6, 770851590825201.8, 771645895702208.1, 720321222620485.4, 724134741785924.2, 708178727169457.2, 683021023800364.5, 674128003757744.2], [737452953281256.1, 765416060021307.1, 794425987098008.8, 812735003143280.9, 794218076654369.6, 767119550691180.1, 743983950349471.0, 719940609888000.4, 703806824563234.5, 730970507004796.9, 726153026232298.9, 729976286582014.1, 757160454366991.0, 767926827271656.0, 794814808515881.1, 795365627408914.9, 824102417652064.6, 825183478938016.5, 795654627384460.9, 794571223301000.6, 763699352930656.5, 761118173207809.4, 751191090238776.9, 730893502138225.1, 710770726441683.1], [717734332915425.6, 743555208848264.4, 767938300635172.5, 794218076654369.6, 813155926514262.2, 794056412333218.0, 766869315966104.0, 740026592710797.2, 727137858584745.8, 709916965587632.4, 708750959568984.6, 711176723869295.5, 738641366793190.6, 744918195051285.2, 760853825301982.2, 766813606205458.6, 793436374237399.0, 795309259166621.9, 826551935423817.0, 825110092967563.9, 794897798180606.9, 792732180104247.9, 767956668234681.9, 758294212354484.4, 725817027116943.4], [682187260892803.9, 703474655310539.5, 729072450393628.4, 767119550691180.1, 794056412333218.0, 811070756056666.5, 791634603790903.4, 766687410557671.5, 748360277113511.5, 675402899911145.1, 676860793430677.0, 674858539331595.6, 697279349879685.4, 701785480040790.1, 715562226274434.8, 727543108145834.1, 773382947471198.9, 766025522628527.2, 796273319586104.4, 795171067147493.5, 823304806359634.0, 821081804245739.1, 790213718365865.5, 789624891024886.6, 759123014666288.8], [654065048264201.1, 674237853571522.4, 701593036889017.8, 743983950349471.0, 766869315966104.0, 791634603790903.4, 810465129771601.5, 793908590651463.8, 776867804034364.5, 645689399639842.2, 651527365651927.0, 646686180898541.4, 664004983307578.4, 674521253950478.0, 685599770961544.5, 701327281263451.4, 755809867894324.0, 744496214655207.4, 764054493078455.5, 764062447329813.2, 792123591274353.8, 789963448610555.4, 821756894954473.5, 820152593054077.0, 788714199916234.2], [635978735610931.0, 652959576205716.1, 681342115342446.6, 719940609888000.4, 740026592710797.2, 766687410557671.5, 793908590651463.8, 815817693544892.0, 813615121239874.9, 627671259663627.2, 636666012847500.8, 628164918179640.8, 643448465048862.6, 649616897820806.9, 664438445935045.0, 685873339848171.1, 734567014691387.9, 716729701888331.8, 731339815618666.9, 739806543238160.6, 763079225440520.8, 765378199803211.2, 794519284161008.9, 792189022140959.0, 823978740477289.8], [621370017453023.5, 638066652058905.0, 665959135910574.2, 703806824563234.5, 727137858584745.8, 748360277113511.5, 776867804034364.5, 813615121239874.9, 842228677413643.9, 613688719232139.1, 622690407934458.5, 612742261014767.4, 629991926567842.4, 633774665732754.5, 649626481266959.4, 669997986273362.8, 716374325597524.8, 699963450705884.4, 721337994272567.0, 731275377166022.2, 745332315319936.9, 741188749980303.1, 771955661215602.6, 770353535405959.1, 804312845578452.6], [818869874022400.4, 783868640272868.0, 758645554776168.8, 730970507004796.9, 709916965587632.4, 675402899911145.1, 645689399639842.2, 627671259663627.2, 613688719232139.1, 852528420998629.5, 814479737911011.2, 813400805357200.0, 776615908435788.1, 776273142309562.5, 752708942125622.2, 760801146117421.9, 725748574448297.5, 726957172600922.6, 704502236570181.0, 723529803303725.4, 677841201843023.0, 665377955689244.2, 645633356950854.1, 631147933174944.8, 623018333268962.0], [823854592508540.2, 788921986002830.2, 758476995068058.5, 726153026232298.9, 708750959568984.6, 676860793430677.0, 651527365651927.0, 636666012847500.8, 622690407934458.5, 814479737911011.2, 863166531678188.6, 817442168744430.6, 788666186047755.1, 778543109644750.6, 749384671090786.1, 764136611902520.9, 716729223357024.0, 719370241893101.9, 708498754457297.5, 717465475182359.1, 676314848133627.0, 668467592135285.6, 655107258729204.6, 633323840558170.0, 633900828543155.4], [822339364402284.1, 787536193957826.0, 756152120964347.0, 729976286582014.1, 711176723869295.5, 674858539331595.6, 646686180898541.4, 628164918179640.8, 612742261014767.4, 813400805357200.0, 817442168744430.6, 859521746378696.5, 776984353459238.0, 788464836367744.6, 741843180069274.2, 760947695950372.1, 724030251379446.1, 725577369981861.8, 707865848355155.1, 725370836188671.5, 675593479897948.0, 663553193683302.6, 650673806382900.4, 629771438827907.6, 624393211922843.2], [790398927079078.4, 819321897113099.2, 789792606170601.9, 757160454366991.0, 738641366793190.6, 697279349879685.4, 664004983307578.4, 643448465048862.6, 629991926567842.4, 776615908435788.1, 788666186047755.1, 776984353459238.0, 859813426870813.8, 818828663486203.5, 792161801555363.5, 783550203131971.6, 743701456661966.0, 755081545301004.4, 740649105328278.6, 751739525046940.8, 695868516335717.4, 688477265951996.0, 667523767620292.5, 644519604718938.9, 635068734616950.1], [790877743618945.4, 820240059428384.1, 790225806615245.8, 767926827271656.0, 744918195051285.2, 701785480040790.1, 674521253950478.0, 649616897820806.9, 633774665732754.5, 776273142309562.5, 778543109644750.6, 788464836367744.6, 818828663486203.5, 862498753917569.0, 782475382655653.1, 784278129386140.0, 762316555234071.1, 768765196160522.8, 748833626378294.5, 754150016923977.0, 697986313438031.8, 688810070063548.4, 682160914721376.1, 658935123199095.5, 640170817682200.1], [757664309225145.6, 790558946913864.6, 823203657121927.0, 794814808515881.1, 760853825301982.2, 715562226274434.8, 685599770961544.5, 664438445935045.0, 649626481266959.4, 752708942125622.2, 749384671090786.1, 741843180069274.2, 792161801555363.5, 782475382655653.1, 865100777415264.4, 824108279580691.5, 788239396540994.4, 800537965442203.4, 767986981917034.6, 760502775159395.1, 702527463793038.4, 712513464917283.6, 694183494489648.0, 664189690064427.9, 655972904897768.6], [769188942729049.8, 791663728503820.4, 824213024892824.8, 795365627408914.9, 766813606205458.6, 727543108145834.1, 701327281263451.4, 685873339848171.1, 669997986273362.8, 760801146117421.9, 764136611902520.9, 760947695950372.1, 783550203131971.6, 784278129386140.0, 824108279580691.5, 867579696131077.0, 801552824441022.4, 783276813374324.8, 767401692915935.8, 771715745395011.8, 714431182729802.5, 725930050806813.6, 706487228618153.6, 681036820962235.0, 682150089537592.6], [730551019579669.5, 758549584751717.6, 795292409201159.6, 824102417652064.6, 793436374237399.0, 773382947471198.9, 755809867894324.0, 734567014691387.9, 716374325597524.8, 725748574448297.5, 716729223357024.0, 724030251379446.1, 743701456661966.0, 762316555234071.1, 788239396540994.4, 801552824441022.4, 865206888345712.1, 826058719143924.0, 785009782009983.2, 787370142239024.6, 769543581997438.5, 768122206621288.4, 762520643063353.2, 745796943154994.8, 729737188651906.9], [733091720954564.1, 764226346154158.8, 795341072366567.6, 825183478938016.5, 795309259166621.9, 766025522628527.2, 744496214655207.4, 716729701888331.8, 699963450705884.4, 726957172600922.6, 719370241893101.9, 725577369981861.8, 755081545301004.4, 768765196160522.8, 800537965442203.4, 783276813374324.8, 826058719143924.0, 867336382659939.2, 795199527838166.0, 789337522718101.6, 764507665045862.9, 755100661435683.1, 757481631168655.1, 729756997868232.5, 705321324874714.6], [715687566980335.8, 745344204274435.8, 770851590825201.8, 795654627384460.9, 826551935423817.0, 796273319586104.4, 764054493078455.5, 731339815618666.9, 721337994272567.0, 704502236570181.0, 708498754457297.5, 707865848355155.1, 740649105328278.6, 748833626378294.5, 767986981917034.6, 767401692915935.8, 785009782009983.2, 795199527838166.0, 869910519295985.1, 827949457999120.6, 796052172846980.1, 790498458482627.5, 765650266358495.8, 755540828979696.2, 710350958737494.8], [729488522116382.8, 753276775086962.2, 771645895702208.1, 794571223301000.6, 825110092967563.9, 795171067147493.5, 764062447329813.2, 739806543238160.6, 731275377166022.2, 723529803303725.4, 717465475182359.1, 725370836188671.5, 751739525046940.8, 754150016923977.0, 760502775159395.1, 771715745395011.8, 787370142239024.6, 789337522718101.6, 827949457999120.6, 866527849501834.4, 791239182025601.4, 793102004044127.6, 760900797776249.5, 754556161402047.0, 722944976154803.8], [682158721137234.4, 700223103582714.0, 720321222620485.4, 763699352930656.5, 794897798180606.9, 823304806359634.0, 792123591274353.8, 763079225440520.8, 745332315319936.9, 677841201843023.0, 676314848133627.0, 675593479897948.0, 695868516335717.4, 697986313438031.8, 702527463793038.4, 714431182729802.5, 769543581997438.5, 764507665045862.9, 796052172846980.1, 791239182025601.4, 865386162463162.5, 822477163365461.5, 784486812262496.0, 789508440127644.2, 751624228588978.4], [672404377872963.4, 694005325571556.8, 724134741785924.2, 761118173207809.4, 792732180104247.9, 821081804245739.1, 789963448610555.4, 765378199803211.2, 741188749980303.1, 665377955689244.2, 668467592135285.6, 663553193683302.6, 688477265951996.0, 688810070063548.4, 712513464917283.6, 725930050806813.6, 768122206621288.4, 755100661435683.1, 790498458482627.5, 793102004044127.6, 822477163365461.5, 861340495366551.9, 782334924486557.8, 784528472668755.2, 765787329701391.8], [657167508116219.1, 679517408189077.2, 708178727169457.2, 751191090238776.9, 767956668234681.9, 790213718365865.5, 821756894954473.5, 794519284161008.9, 771955661215602.6, 645633356950854.1, 655107258729204.6, 650673806382900.4, 667523767620292.5, 682160914721376.1, 694183494489648.0, 706487228618153.6, 762520643063353.2, 757481631168655.1, 765650266358495.8, 760900797776249.5, 784486812262496.0, 782334924486557.8, 864034400613573.1, 819938747465821.6, 786605529117956.2], [637277092274582.6, 656622553310965.0, 683021023800364.5, 730893502138225.1, 758294212354484.4, 789624891024886.6, 820152593054077.0, 792189022140959.0, 770353535405959.1, 631147933174944.8, 633323840558170.0, 629771438827907.6, 644519604718938.9, 658935123199095.5, 664189690064427.9, 681036820962235.0, 745796943154994.8, 729756997868232.5, 755540828979696.2, 754556161402047.0, 789508440127644.2, 784528472668755.2, 819938747465821.6, 860587600191606.9, 782822361679053.9], [631431194051710.6, 645385915131775.2, 674128003757744.2, 710770726441683.1, 725817027116943.4, 759123014666288.8, 788714199916234.2, 823978740477289.8, 804312845578452.6, 623018333268962.0, 633900828543155.4, 624393211922843.2, 635068734616950.1, 640170817682200.1, 655972904897768.6, 682150089537592.6, 729737188651906.9, 705321324874714.6, 710350958737494.8, 722944976154803.8, 751624228588978.4, 765787329701391.8, 786605529117956.2, 782822361679053.9, 864588351037999.9], [9758246473962.025, 10567321170120.494, 10468523850456.994, 10563516498393.56, 9459098543921.191, 10272300395565.055, 8137505266466.958, -743268361732.4241, -13398279406547.777, 9464281159188.193, 9089735580856.557, 10053844790281.488, 10319622425867.076, 11299895687718.854, 10625707991335.475, 10157751779909.027, 10678443620325.465, 11205576944686.096, 9119138946598.17, 8150916284853.281, 10516320216738.44, 12260223130936.666, 10813256077416.807, 10526198812753.725, 4272725786653.1406]]}}