{"resp_b": 0.1, "restrained_fit": true, "exclude_hydrogens": true, "convergence_tolerance": 1e-06, "max_iter": 500, "resp_a": 0.0005, "charge_constraints": {"charge_sum_constraints": [], "charge_equivalence_constraints": [], "molecules": [{"qcmol": {"schema_name": "qcschema_molecule", "schema_version": 2, "validated": true, "symbols": ["C", "C", "C", "C", "C", "C", "C", "C", "O", "H", "H", "H", "H", "H", "H", "H", "H", "H", "H", "H", "H", "H", "H", "H", "H"], "geometry": [[0.0, 0.0, 0.0], [2.8886939207229623, -5.451186811383522e-16, -5.074578282552231e-16], [4.000030825375198, 2.671659901248975, 2.220446049250313e-16], [6.888563792224213, 2.791148399214042, 0.18605724668862367], [8.292935761086675, 1.7240901285275307, -2.1074554661501943], [11.158260751989413, 2.0561020644703087, -1.9127431259953127], [12.566696779127565, 0.9690237271052855, -4.202656815908627], [15.375193992714301, 1.40370936477933, -4.027173054927617], [16.926384040215783, -0.21816072208130777, -4.109086439020701], [-0.7416762547168316, 0.9564158333169793, 1.6580886762996487], [-0.74317967406882, -1.912043321744381, -0.0036460799103433805], [-0.740360262129634, 0.9609246226293082, -1.6563641608446142], [3.5700645584558863, -1.0170188905080906, 1.6524732339970538], [3.5563379170653437, -1.0432888632258188, -1.6372433404960762], [3.206286835910599, 3.7103166356742205, 1.5869550329305095], [3.3859648167702914, 3.663754722270321, -1.6951052022706494], [7.443011524138686, 4.754740552320057, 0.440759639325621], [7.501393334469314, 1.7988152757179832, 1.8807159035132153], [7.869412970817081, -0.27223877101415017, -2.33038300563976], [7.618006465090714, 2.6561231803156833, -3.8132382187268923], [11.839267584133918, 1.1407235548145305, -0.20328955416336514], [11.601683896828158, 4.055131614018802, -1.7200182637182166], [12.239609454527635, -1.043443156534551, -4.39456343368546], [11.894835388679407, 1.889923941408975, -5.91685806664292], [15.94957834383585, 3.382277524596572, -3.803726116358855]], "name": "C8H16O", "identifiers": {"molecule_hash": "dea79a527dbbd1b1571af8d5b032576871894946", "molecular_formula": "C8H16O"}, "molecular_charge": 0.0, "molecular_multiplicity": 1, "connectivity": [[0, 1, 1.0], [0, 9, 1.0], [0, 10, 1.0], [0, 11, 1.0], [1, 2, 1.0], [1, 12, 1.0], [1, 13, 1.0], [2, 3, 1.0], [2, 14, 1.0], [2, 15, 1.0], [3, 4, 1.0], [3, 16, 1.0], [3, 17, 1.0], [4, 5, 1.0], [4, 18, 1.0], [4, 19, 1.0], [5, 6, 1.0], [5, 20, 1.0], [5, 21, 1.0], [6, 7, 1.0], [6, 22, 1.0], [6, 23, 1.0], [7, 8, 2.0], [7, 24, 1.0]], "fix_com": true, "fix_orientation": true, "provenance": {"creator": "QCElemental", "version": "v0.22.0", "routine": "qcelemental.molparse.from_schema"}, "id": "122474"}, "charge": 0, "optimize_geometry": false, "conformers": [], "conformer_generation_options": {"n_conformer_pool": 4000, "n_max_conformers": 0, "rms_tolerance": 0.05, "energy_window": 15, "keep_original_conformer": true}, "stage_1_unrestrained_charges": null, "stage_1_restrained_charges": null, "stage_2_unrestrained_charges": null, "stage_2_restrained_charges": null, "keep_original_orientation": false, "reorientations": [], "translations": [], "rotations": []}], "unconstrained_atoms": [{"index": 0, "molecule": {"qcmol": {"schema_name": "qcschema_molecule", "schema_version": 2, "validated": true, "symbols": ["C", "C", "C", "C", "C", "C", "C", "C", "O", "H", "H", "H", "H", "H", "H", "H", "H", "H", "H", "H", "H", "H", "H", "H", "H"], "geometry": [[0.0, 0.0, 0.0], [2.8886939207229623, -5.451186811383522e-16, -5.074578282552231e-16], [4.000030825375198, 2.671659901248975, 2.220446049250313e-16], [6.888563792224213, 2.791148399214042, 0.18605724668862367], [8.292935761086675, 1.7240901285275307, -2.1074554661501943], [11.158260751989413, 2.0561020644703087, -1.9127431259953127], [12.566696779127565, 0.9690237271052855, -4.202656815908627], [15.375193992714301, 1.40370936477933, -4.027173054927617], [16.926384040215783, -0.21816072208130777, -4.109086439020701], [-0.7416762547168316, 0.9564158333169793, 1.6580886762996487], [-0.74317967406882, -1.912043321744381, -0.0036460799103433805], [-0.740360262129634, 0.9609246226293082, -1.6563641608446142], [3.5700645584558863, -1.0170188905080906, 1.6524732339970538], [3.5563379170653437, -1.0432888632258188, -1.6372433404960762], [3.206286835910599, 3.7103166356742205, 1.5869550329305095], [3.3859648167702914, 3.663754722270321, -1.6951052022706494], [7.443011524138686, 4.754740552320057, 0.440759639325621], [7.501393334469314, 1.7988152757179832, 1.8807159035132153], [7.869412970817081, -0.27223877101415017, -2.33038300563976], [7.618006465090714, 2.6561231803156833, -3.8132382187268923], [11.839267584133918, 1.1407235548145305, -0.20328955416336514], [11.601683896828158, 4.055131614018802, -1.7200182637182166], [12.239609454527635, -1.043443156534551, -4.39456343368546], [11.894835388679407, 1.889923941408975, -5.91685806664292], [15.94957834383585, 3.382277524596572, -3.803726116358855]], "name": "C8H16O", "identifiers": {"molecule_hash": "dea79a527dbbd1b1571af8d5b032576871894946", "molecular_formula": "C8H16O"}, "molecular_charge": 0.0, "molecular_multiplicity": 1, "connectivity": [[0, 1, 1.0], [0, 9, 1.0], [0, 10, 1.0], [0, 11, 1.0], [1, 2, 1.0], [1, 12, 1.0], [1, 13, 1.0], [2, 3, 1.0], [2, 14, 1.0], [2, 15, 1.0], [3, 4, 1.0], [3, 16, 1.0], [3, 17, 1.0], [4, 5, 1.0], [4, 18, 1.0], [4, 19, 1.0], [5, 6, 1.0], [5, 20, 1.0], [5, 21, 1.0], [6, 7, 1.0], [6, 22, 1.0], [6, 23, 1.0], [7, 8, 2.0], [7, 24, 1.0]], "fix_com": true, "fix_orientation": true, "provenance": {"creator": "QCElemental", "version": "v0.22.0", "routine": "qcelemental.molparse.from_schema"}, "id": "122474"}, "charge": 0, "optimize_geometry": false, "conformers": [], "conformer_generation_options": {"n_conformer_pool": 4000, "n_max_conformers": 0, "rms_tolerance": 0.05, "energy_window": 15, "keep_original_conformer": true}, "stage_1_unrestrained_charges": null, "stage_1_restrained_charges": null, "stage_2_unrestrained_charges": null, "stage_2_restrained_charges": null, "keep_original_orientation": false, "reorientations": [], "translations": [], "rotations": []}}, {"index": 1, "molecule": {"qcmol": {"schema_name": "qcschema_molecule", "schema_version": 2, "validated": true, "symbols": ["C", "C", "C", "C", "C", "C", "C", "C", "O", "H", "H", "H", "H", "H", "H", "H", "H", "H", "H", "H", "H", "H", "H", "H", "H"], "geometry": [[0.0, 0.0, 0.0], [2.8886939207229623, -5.451186811383522e-16, -5.074578282552231e-16], [4.000030825375198, 2.671659901248975, 2.220446049250313e-16], [6.888563792224213, 2.791148399214042, 0.18605724668862367], [8.292935761086675, 1.7240901285275307, -2.1074554661501943], [11.158260751989413, 2.0561020644703087, -1.9127431259953127], [12.566696779127565, 0.9690237271052855, -4.202656815908627], [15.375193992714301, 1.40370936477933, -4.027173054927617], [16.926384040215783, -0.21816072208130777, -4.109086439020701], [-0.7416762547168316, 0.9564158333169793, 1.6580886762996487], [-0.74317967406882, -1.912043321744381, -0.0036460799103433805], [-0.740360262129634, 0.9609246226293082, -1.6563641608446142], [3.5700645584558863, -1.0170188905080906, 1.6524732339970538], [3.5563379170653437, -1.0432888632258188, -1.6372433404960762], [3.206286835910599, 3.7103166356742205, 1.5869550329305095], [3.3859648167702914, 3.663754722270321, -1.6951052022706494], [7.443011524138686, 4.754740552320057, 0.440759639325621], [7.501393334469314, 1.7988152757179832, 1.8807159035132153], [7.869412970817081, -0.27223877101415017, -2.33038300563976], [7.618006465090714, 2.6561231803156833, -3.8132382187268923], [11.839267584133918, 1.1407235548145305, -0.20328955416336514], [11.601683896828158, 4.055131614018802, -1.7200182637182166], [12.239609454527635, -1.043443156534551, -4.39456343368546], [11.894835388679407, 1.889923941408975, -5.91685806664292], [15.94957834383585, 3.382277524596572, -3.803726116358855]], "name": "C8H16O", "identifiers": {"molecule_hash": "dea79a527dbbd1b1571af8d5b032576871894946", "molecular_formula": "C8H16O"}, "molecular_charge": 0.0, "molecular_multiplicity": 1, "connectivity": [[0, 1, 1.0], [0, 9, 1.0], [0, 10, 1.0], [0, 11, 1.0], [1, 2, 1.0], [1, 12, 1.0], [1, 13, 1.0], [2, 3, 1.0], [2, 14, 1.0], [2, 15, 1.0], [3, 4, 1.0], [3, 16, 1.0], [3, 17, 1.0], [4, 5, 1.0], [4, 18, 1.0], [4, 19, 1.0], [5, 6, 1.0], [5, 20, 1.0], [5, 21, 1.0], [6, 7, 1.0], [6, 22, 1.0], [6, 23, 1.0], [7, 8, 2.0], [7, 24, 1.0]], "fix_com": true, "fix_orientation": true, "provenance": {"creator": "QCElemental", "version": "v0.22.0", "routine": "qcelemental.molparse.from_schema"}, "id": "122474"}, "charge": 0, "optimize_geometry": false, "conformers": [], "conformer_generation_options": {"n_conformer_pool": 4000, "n_max_conformers": 0, "rms_tolerance": 0.05, "energy_window": 15, "keep_original_conformer": true}, "stage_1_unrestrained_charges": null, "stage_1_restrained_charges": null, "stage_2_unrestrained_charges": null, "stage_2_restrained_charges": null, "keep_original_orientation": false, "reorientations": [], "translations": [], "rotations": []}}, {"index": 2, "molecule": {"qcmol": {"schema_name": "qcschema_molecule", "schema_version": 2, "validated": true, "symbols": ["C", "C", "C", "C", "C", "C", "C", "C", "O", "H", "H", "H", "H", "H", "H", "H", "H", "H", "H", "H", "H", "H", "H", "H", "H"], "geometry": [[0.0, 0.0, 0.0], [2.8886939207229623, -5.451186811383522e-16, -5.074578282552231e-16], [4.000030825375198, 2.671659901248975, 2.220446049250313e-16], [6.888563792224213, 2.791148399214042, 0.18605724668862367], [8.292935761086675, 1.7240901285275307, -2.1074554661501943], [11.158260751989413, 2.0561020644703087, -1.9127431259953127], [12.566696779127565, 0.9690237271052855, -4.202656815908627], [15.375193992714301, 1.40370936477933, -4.027173054927617], [16.926384040215783, -0.21816072208130777, -4.109086439020701], [-0.7416762547168316, 0.9564158333169793, 1.6580886762996487], [-0.74317967406882, -1.912043321744381, -0.0036460799103433805], [-0.740360262129634, 0.9609246226293082, -1.6563641608446142], [3.5700645584558863, -1.0170188905080906, 1.6524732339970538], [3.5563379170653437, -1.0432888632258188, -1.6372433404960762], [3.206286835910599, 3.7103166356742205, 1.5869550329305095], [3.3859648167702914, 3.663754722270321, -1.6951052022706494], [7.443011524138686, 4.754740552320057, 0.440759639325621], [7.501393334469314, 1.7988152757179832, 1.8807159035132153], [7.869412970817081, -0.27223877101415017, -2.33038300563976], [7.618006465090714, 2.6561231803156833, -3.8132382187268923], [11.839267584133918, 1.1407235548145305, -0.20328955416336514], [11.601683896828158, 4.055131614018802, -1.7200182637182166], [12.239609454527635, -1.043443156534551, -4.39456343368546], [11.894835388679407, 1.889923941408975, -5.91685806664292], [15.94957834383585, 3.382277524596572, -3.803726116358855]], "name": "C8H16O", "identifiers": {"molecule_hash": "dea79a527dbbd1b1571af8d5b032576871894946", "molecular_formula": "C8H16O"}, "molecular_charge": 0.0, "molecular_multiplicity": 1, "connectivity": [[0, 1, 1.0], [0, 9, 1.0], [0, 10, 1.0], [0, 11, 1.0], [1, 2, 1.0], [1, 12, 1.0], [1, 13, 1.0], [2, 3, 1.0], [2, 14, 1.0], [2, 15, 1.0], [3, 4, 1.0], [3, 16, 1.0], [3, 17, 1.0], [4, 5, 1.0], [4, 18, 1.0], [4, 19, 1.0], [5, 6, 1.0], [5, 20, 1.0], [5, 21, 1.0], [6, 7, 1.0], [6, 22, 1.0], [6, 23, 1.0], [7, 8, 2.0], [7, 24, 1.0]], "fix_com": true, "fix_orientation": true, "provenance": {"creator": "QCElemental", "version": "v0.22.0", "routine": "qcelemental.molparse.from_schema"}, "id": "122474"}, "charge": 0, "optimize_geometry": false, "conformers": [], "conformer_generation_options": {"n_conformer_pool": 4000, "n_max_conformers": 0, "rms_tolerance": 0.05, "energy_window": 15, "keep_original_conformer": true}, "stage_1_unrestrained_charges": null, "stage_1_restrained_charges": null, "stage_2_unrestrained_charges": null, "stage_2_restrained_charges": null, "keep_original_orientation": false, "reorientations": [], "translations": [], "rotations": []}}, {"index": 3, "molecule": {"qcmol": {"schema_name": "qcschema_molecule", "schema_version": 2, "validated": true, "symbols": ["C", "C", "C", "C", "C", "C", "C", "C", "O", "H", "H", "H", "H", "H", "H", "H", "H", "H", "H", "H", "H", "H", "H", "H", "H"], "geometry": [[0.0, 0.0, 0.0], [2.8886939207229623, -5.451186811383522e-16, -5.074578282552231e-16], [4.000030825375198, 2.671659901248975, 2.220446049250313e-16], [6.888563792224213, 2.791148399214042, 0.18605724668862367], [8.292935761086675, 1.7240901285275307, -2.1074554661501943], [11.158260751989413, 2.0561020644703087, -1.9127431259953127], [12.566696779127565, 0.9690237271052855, -4.202656815908627], [15.375193992714301, 1.40370936477933, -4.027173054927617], [16.926384040215783, -0.21816072208130777, -4.109086439020701], [-0.7416762547168316, 0.9564158333169793, 1.6580886762996487], [-0.74317967406882, -1.912043321744381, -0.0036460799103433805], [-0.740360262129634, 0.9609246226293082, -1.6563641608446142], [3.5700645584558863, -1.0170188905080906, 1.6524732339970538], [3.5563379170653437, -1.0432888632258188, -1.6372433404960762], [3.206286835910599, 3.7103166356742205, 1.5869550329305095], [3.3859648167702914, 3.663754722270321, -1.6951052022706494], [7.443011524138686, 4.754740552320057, 0.440759639325621], [7.501393334469314, 1.7988152757179832, 1.8807159035132153], [7.869412970817081, -0.27223877101415017, -2.33038300563976], [7.618006465090714, 2.6561231803156833, -3.8132382187268923], [11.839267584133918, 1.1407235548145305, -0.20328955416336514], [11.601683896828158, 4.055131614018802, -1.7200182637182166], [12.239609454527635, -1.043443156534551, -4.39456343368546], [11.894835388679407, 1.889923941408975, -5.91685806664292], [15.94957834383585, 3.382277524596572, -3.803726116358855]], "name": "C8H16O", "identifiers": {"molecule_hash": "dea79a527dbbd1b1571af8d5b032576871894946", "molecular_formula": "C8H16O"}, "molecular_charge": 0.0, "molecular_multiplicity": 1, "connectivity": [[0, 1, 1.0], [0, 9, 1.0], [0, 10, 1.0], [0, 11, 1.0], [1, 2, 1.0], [1, 12, 1.0], [1, 13, 1.0], [2, 3, 1.0], [2, 14, 1.0], [2, 15, 1.0], [3, 4, 1.0], [3, 16, 1.0], [3, 17, 1.0], [4, 5, 1.0], [4, 18, 1.0], [4, 19, 1.0], [5, 6, 1.0], [5, 20, 1.0], [5, 21, 1.0], [6, 7, 1.0], [6, 22, 1.0], [6, 23, 1.0], [7, 8, 2.0], [7, 24, 1.0]], "fix_com": true, "fix_orientation": true, "provenance": {"creator": "QCElemental", "version": "v0.22.0", "routine": "qcelemental.molparse.from_schema"}, "id": "122474"}, "charge": 0, "optimize_geometry": false, "conformers": [], "conformer_generation_options": {"n_conformer_pool": 4000, "n_max_conformers": 0, "rms_tolerance": 0.05, "energy_window": 15, "keep_original_conformer": true}, "stage_1_unrestrained_charges": null, "stage_1_restrained_charges": null, "stage_2_unrestrained_charges": null, "stage_2_restrained_charges": null, "keep_original_orientation": false, "reorientations": [], "translations": [], "rotations": []}}, {"index": 4, "molecule": {"qcmol": {"schema_name": "qcschema_molecule", "schema_version": 2, "validated": true, "symbols": ["C", "C", "C", "C", "C", "C", "C", "C", "O", "H", "H", "H", "H", "H", "H", "H", "H", "H", "H", "H", "H", "H", "H", "H", "H"], "geometry": [[0.0, 0.0, 0.0], [2.8886939207229623, -5.451186811383522e-16, -5.074578282552231e-16], [4.000030825375198, 2.671659901248975, 2.220446049250313e-16], [6.888563792224213, 2.791148399214042, 0.18605724668862367], [8.292935761086675, 1.7240901285275307, -2.1074554661501943], [11.158260751989413, 2.0561020644703087, -1.9127431259953127], [12.566696779127565, 0.9690237271052855, -4.202656815908627], [15.375193992714301, 1.40370936477933, -4.027173054927617], [16.926384040215783, -0.21816072208130777, -4.109086439020701], [-0.7416762547168316, 0.9564158333169793, 1.6580886762996487], [-0.74317967406882, -1.912043321744381, -0.0036460799103433805], [-0.740360262129634, 0.9609246226293082, -1.6563641608446142], [3.5700645584558863, -1.0170188905080906, 1.6524732339970538], [3.5563379170653437, -1.0432888632258188, -1.6372433404960762], [3.206286835910599, 3.7103166356742205, 1.5869550329305095], [3.3859648167702914, 3.663754722270321, -1.6951052022706494], [7.443011524138686, 4.754740552320057, 0.440759639325621], [7.501393334469314, 1.7988152757179832, 1.8807159035132153], [7.869412970817081, -0.27223877101415017, -2.33038300563976], [7.618006465090714, 2.6561231803156833, -3.8132382187268923], [11.839267584133918, 1.1407235548145305, -0.20328955416336514], [11.601683896828158, 4.055131614018802, -1.7200182637182166], [12.239609454527635, -1.043443156534551, -4.39456343368546], [11.894835388679407, 1.889923941408975, -5.91685806664292], [15.94957834383585, 3.382277524596572, -3.803726116358855]], "name": "C8H16O", "identifiers": {"molecule_hash": "dea79a527dbbd1b1571af8d5b032576871894946", "molecular_formula": "C8H16O"}, "molecular_charge": 0.0, "molecular_multiplicity": 1, "connectivity": [[0, 1, 1.0], [0, 9, 1.0], [0, 10, 1.0], [0, 11, 1.0], [1, 2, 1.0], [1, 12, 1.0], [1, 13, 1.0], [2, 3, 1.0], [2, 14, 1.0], [2, 15, 1.0], [3, 4, 1.0], [3, 16, 1.0], [3, 17, 1.0], [4, 5, 1.0], [4, 18, 1.0], [4, 19, 1.0], [5, 6, 1.0], [5, 20, 1.0], [5, 21, 1.0], [6, 7, 1.0], [6, 22, 1.0], [6, 23, 1.0], [7, 8, 2.0], [7, 24, 1.0]], "fix_com": true, "fix_orientation": true, "provenance": {"creator": "QCElemental", "version": "v0.22.0", "routine": "qcelemental.molparse.from_schema"}, "id": "122474"}, "charge": 0, "optimize_geometry": false, "conformers": [], "conformer_generation_options": {"n_conformer_pool": 4000, "n_max_conformers": 0, "rms_tolerance": 0.05, "energy_window": 15, "keep_original_conformer": true}, "stage_1_unrestrained_charges": null, "stage_1_restrained_charges": null, "stage_2_unrestrained_charges": null, "stage_2_restrained_charges": null, "keep_original_orientation": false, "reorientations": [], "translations": [], "rotations": []}}, {"index": 5, "molecule": {"qcmol": {"schema_name": "qcschema_molecule", "schema_version": 2, "validated": true, "symbols": ["C", "C", "C", "C", "C", "C", "C", "C", "O", "H", "H", "H", "H", "H", "H", "H", "H", "H", "H", "H", "H", "H", "H", "H", "H"], "geometry": [[0.0, 0.0, 0.0], [2.8886939207229623, -5.451186811383522e-16, -5.074578282552231e-16], [4.000030825375198, 2.671659901248975, 2.220446049250313e-16], [6.888563792224213, 2.791148399214042, 0.18605724668862367], [8.292935761086675, 1.7240901285275307, -2.1074554661501943], [11.158260751989413, 2.0561020644703087, -1.9127431259953127], [12.566696779127565, 0.9690237271052855, -4.202656815908627], [15.375193992714301, 1.40370936477933, -4.027173054927617], [16.926384040215783, -0.21816072208130777, -4.109086439020701], [-0.7416762547168316, 0.9564158333169793, 1.6580886762996487], [-0.74317967406882, -1.912043321744381, -0.0036460799103433805], [-0.740360262129634, 0.9609246226293082, -1.6563641608446142], [3.5700645584558863, -1.0170188905080906, 1.6524732339970538], [3.5563379170653437, -1.0432888632258188, -1.6372433404960762], [3.206286835910599, 3.7103166356742205, 1.5869550329305095], [3.3859648167702914, 3.663754722270321, -1.6951052022706494], [7.443011524138686, 4.754740552320057, 0.440759639325621], [7.501393334469314, 1.7988152757179832, 1.8807159035132153], [7.869412970817081, -0.27223877101415017, -2.33038300563976], [7.618006465090714, 2.6561231803156833, -3.8132382187268923], [11.839267584133918, 1.1407235548145305, -0.20328955416336514], [11.601683896828158, 4.055131614018802, -1.7200182637182166], [12.239609454527635, -1.043443156534551, -4.39456343368546], [11.894835388679407, 1.889923941408975, -5.91685806664292], [15.94957834383585, 3.382277524596572, -3.803726116358855]], "name": "C8H16O", "identifiers": {"molecule_hash": "dea79a527dbbd1b1571af8d5b032576871894946", "molecular_formula": "C8H16O"}, "molecular_charge": 0.0, "molecular_multiplicity": 1, "connectivity": [[0, 1, 1.0], [0, 9, 1.0], [0, 10, 1.0], [0, 11, 1.0], [1, 2, 1.0], [1, 12, 1.0], [1, 13, 1.0], [2, 3, 1.0], [2, 14, 1.0], [2, 15, 1.0], [3, 4, 1.0], [3, 16, 1.0], [3, 17, 1.0], [4, 5, 1.0], [4, 18, 1.0], [4, 19, 1.0], [5, 6, 1.0], [5, 20, 1.0], [5, 21, 1.0], [6, 7, 1.0], [6, 22, 1.0], [6, 23, 1.0], [7, 8, 2.0], [7, 24, 1.0]], "fix_com": true, "fix_orientation": true, "provenance": {"creator": "QCElemental", "version": "v0.22.0", "routine": "qcelemental.molparse.from_schema"}, "id": "122474"}, "charge": 0, "optimize_geometry": false, "conformers": [], "conformer_generation_options": {"n_conformer_pool": 4000, "n_max_conformers": 0, "rms_tolerance": 0.05, "energy_window": 15, "keep_original_conformer": true}, "stage_1_unrestrained_charges": null, "stage_1_restrained_charges": null, "stage_2_unrestrained_charges": null, "stage_2_restrained_charges": null, "keep_original_orientation": false, "reorientations": [], "translations": [], "rotations": []}}, {"index": 6, "molecule": {"qcmol": {"schema_name": "qcschema_molecule", "schema_version": 2, "validated": true, "symbols": ["C", "C", "C", "C", "C", "C", "C", "C", "O", "H", "H", "H", "H", "H", "H", "H", "H", "H", "H", "H", "H", "H", "H", "H", "H"], "geometry": [[0.0, 0.0, 0.0], [2.8886939207229623, -5.451186811383522e-16, -5.074578282552231e-16], [4.000030825375198, 2.671659901248975, 2.220446049250313e-16], [6.888563792224213, 2.791148399214042, 0.18605724668862367], [8.292935761086675, 1.7240901285275307, -2.1074554661501943], [11.158260751989413, 2.0561020644703087, -1.9127431259953127], [12.566696779127565, 0.9690237271052855, -4.202656815908627], [15.375193992714301, 1.40370936477933, -4.027173054927617], [16.926384040215783, -0.21816072208130777, -4.109086439020701], [-0.7416762547168316, 0.9564158333169793, 1.6580886762996487], [-0.74317967406882, -1.912043321744381, -0.0036460799103433805], [-0.740360262129634, 0.9609246226293082, -1.6563641608446142], [3.5700645584558863, -1.0170188905080906, 1.6524732339970538], [3.5563379170653437, -1.0432888632258188, -1.6372433404960762], [3.206286835910599, 3.7103166356742205, 1.5869550329305095], [3.3859648167702914, 3.663754722270321, -1.6951052022706494], [7.443011524138686, 4.754740552320057, 0.440759639325621], [7.501393334469314, 1.7988152757179832, 1.8807159035132153], [7.869412970817081, -0.27223877101415017, -2.33038300563976], [7.618006465090714, 2.6561231803156833, -3.8132382187268923], [11.839267584133918, 1.1407235548145305, -0.20328955416336514], [11.601683896828158, 4.055131614018802, -1.7200182637182166], [12.239609454527635, -1.043443156534551, -4.39456343368546], [11.894835388679407, 1.889923941408975, -5.91685806664292], [15.94957834383585, 3.382277524596572, -3.803726116358855]], "name": "C8H16O", "identifiers": {"molecule_hash": "dea79a527dbbd1b1571af8d5b032576871894946", "molecular_formula": "C8H16O"}, "molecular_charge": 0.0, "molecular_multiplicity": 1, "connectivity": [[0, 1, 1.0], [0, 9, 1.0], [0, 10, 1.0], [0, 11, 1.0], [1, 2, 1.0], [1, 12, 1.0], [1, 13, 1.0], [2, 3, 1.0], [2, 14, 1.0], [2, 15, 1.0], [3, 4, 1.0], [3, 16, 1.0], [3, 17, 1.0], [4, 5, 1.0], [4, 18, 1.0], [4, 19, 1.0], [5, 6, 1.0], [5, 20, 1.0], [5, 21, 1.0], [6, 7, 1.0], [6, 22, 1.0], [6, 23, 1.0], [7, 8, 2.0], [7, 24, 1.0]], "fix_com": true, "fix_orientation": true, "provenance": {"creator": "QCElemental", "version": "v0.22.0", "routine": "qcelemental.molparse.from_schema"}, "id": "122474"}, "charge": 0, "optimize_geometry": false, "conformers": [], "conformer_generation_options": {"n_conformer_pool": 4000, "n_max_conformers": 0, "rms_tolerance": 0.05, "energy_window": 15, "keep_original_conformer": true}, "stage_1_unrestrained_charges": null, "stage_1_restrained_charges": null, "stage_2_unrestrained_charges": null, "stage_2_restrained_charges": null, "keep_original_orientation": false, "reorientations": [], "translations": [], "rotations": []}}]}, "surface_constraints": {"matrix": [[336052662866554.2, 325479235192037.56, 313369985741569.06, 300953251393693.56, 292067036301911.75, 276694984494733.12, 264581113999156.47, 256324524179735.72, 249260872834245.12, 336460840280231.6, 338201709616189.3, 337636091808396.9, 323946856330790.75, 324089940315631.1, 309636398478017.44, 314363767290122.2, 297843719298545.4, 298866583157716.1, 290920588986937.25, 296711571293197.3, 276346044053198.78, 272313724691413.06, 265670799081733.44, 257381208163523.28, 253953518499963.44], [325479235192037.56, 332994738449416.94, 324763106129941.7, 313350686325574.1, 303484239707567.5, 286123697894622.06, 273491142691528.3, 263837648448316.1, 256591254723898.28, 321170961668873.2, 322977095132361.1, 322455577015396.5, 336808675433148.56, 337117357665731.5, 324065443199951.44, 324384787266185.06, 310243294619864.3, 312559719945502.5, 303884937375059.56, 307278665542161.0, 284402917122972.75, 281802545186625.4, 275434794141369.62, 265956773359643.88, 260156374175996.38], [313369985741569.06, 324763106129941.7, 333902322485114.7, 326244543351284.06, 314125602187650.5, 297174195716281.2, 285284680835509.75, 275990030936478.53, 268432132955768.25, 310054120954165.94, 309575266725926.7, 308636588373687.2, 323643310755123.4, 323780905925117.75, 338437999090008.75, 338684599014139.7, 326531159841556.0, 326409520652684.44, 314920946529040.3, 315249237773171.5, 293061097717230.6, 294662163624393.06, 287799086756125.94, 277300152061320.53, 272372976222499.88], [300953251393693.56, 313350686325574.1, 326244543351284.06, 334543679107735.7, 325894100416063.8, 313856480541579.44, 303771798335020.7, 292785685971500.3, 284807474137759.7, 297965998351137.7, 295553867626246.6, 297215220221217.44, 309433179735035.56, 313995311506626.25, 326117304785761.25, 326133443364731.94, 339407180578649.1, 339733161996448.06, 326043884059512.4, 325555048649671.1, 311888794785656.94, 310741604170534.9, 306483803557846.6, 298014674293728.9, 288163347220330.9], [292067036301911.75, 303484239707567.5, 314125602187650.5, 325894100416063.8, 333949132611328.1, 325437171324594.0, 313533981968110.5, 301227796654141.1, 294508865914842.94, 288550732251053.4, 287748588056663.56, 288767972137742.4, 301110174417834.8, 303761992654529.06, 310737304970066.56, 313120518680589.56, 325454994213304.6, 326129215113782.3, 339289801131289.56, 338667878742087.3, 325334653047581.8, 324205474389216.3, 313582541480811.44, 309644533991155.4, 294392993135114.56], [276694984494733.12, 286123697894622.06, 297174195716281.2, 313856480541579.44, 325437171324594.0, 332937953247355.94, 324443428657103.25, 312834975840366.25, 303625332834430.75, 273690551315281.47, 273991219659840.66, 273096542415173.56, 283269175045358.75, 285201369975528.7, 291140369321337.75, 296089608353947.6, 316414129034008.0, 313172397312989.2, 325938929141468.9, 325470319577978.8, 337787250956685.0, 336565658896149.3, 323350587948471.5, 323323219936080.44, 308672113750791.06], [264581113999156.47, 273491142691528.3, 285284680835509.75, 303771798335020.7, 313533981968110.5, 324443428657103.25, 333109797082815.2, 325217796164201.8, 316301168310738.6, 260933112853340.6, 263088281763884.1, 261022355240441.66, 268952425085955.56, 273409914574804.66, 278236820000697.56, 284817654356253.8, 308777386500332.94, 303787645604986.94, 311838012631601.1, 311923407959050.3, 324123377305240.75, 322993698046788.56, 337496997211101.75, 337057435074086.7, 321881575996684.9], [256324524179735.72, 263837648448316.1, 275990030936478.53, 292785685971500.3, 301227796654141.1, 312834975840366.25, 325217796164201.8, 334696177932686.2, 332229817813462.0, 252746946226798.53, 256193892050159.84, 252616717871571.8, 259632044361870.4, 262258147696011.88, 268609537489237.12, 277534963018836.44, 298966980669061.3, 291339505011340.7, 297044778868411.2, 300793762997684.6, 310780812179907.06, 311541639721653.5, 324917400791314.5, 324082617622911.0, 336966186094285.25], [249260872834245.12, 256591254723898.28, 268432132955768.25, 284807474137759.7, 294508865914842.94, 303625332834430.75, 316301168310738.6, 332229817813462.0, 343634160563836.5, 245974907718729.9, 249394619309001.78, 245275035084761.38, 253017653124263.12, 254642022712315.38, 261363626253133.3, 269722004979090.66, 290112702096933.06, 283178325615602.25, 291560906605600.0, 295980525212272.2, 301881731099073.0, 299913570016725.2, 313666134391589.7, 313059380027188.4, 326903179309398.44], [336460840280231.6, 321170961668873.2, 310054120954165.94, 297965998351137.7, 288550732251053.4, 273690551315281.47, 260933112853340.6, 252746946226798.53, 245974907718729.9, 350721742612289.3, 333694142468184.75, 333334510841200.0, 317611020905737.56, 317457061722582.7, 307295374295023.06, 310528989018442.1, 295611089144160.7, 296036057597587.2, 285978845348266.6, 293963626248670.2, 274407529359001.94, 269225023424870.88, 260704971184298.88, 254683822236634.66, 250366064238272.53], [338201709616189.3, 322977095132361.1, 309575266725926.7, 295553867626246.6, 287748588056663.56, 273991219659840.66, 263088281763884.1, 256193892050159.84, 249394619309001.78, 333694142468184.75, 354427287366191.94, 334679193979659.06, 322475208802807.7, 318063665739765.75, 305470774684290.6, 311511542472796.6, 291393179048672.1, 292485469167301.0, 287426533696014.9, 291093728556363.75, 273436223044926.84, 270234597712085.44, 264363379706915.12, 255329705689406.84, 254559248142396.72], [337636091808396.9, 322455577015396.5, 308636588373687.2, 297215220221217.44, 288767972137742.4, 273096542415173.56, 261022355240441.66, 252616717871571.8, 245275035084761.38, 333334510841200.0, 334679193979659.06, 352986877843702.5, 317532636196493.44, 322373792247624.1, 302284309351208.8, 310236958677318.56, 294523646059297.25, 295136167114994.2, 287115680987271.0, 294449598737114.75, 273044366845947.28, 268088869854755.25, 262529861868586.78, 253771695822785.0, 250572117959044.2], [323946856330790.75, 336808675433148.56, 323643310755123.4, 309433179735035.56, 301110174417834.8, 283269175045358.75, 268952425085955.56, 259632044361870.4, 253017653124263.12, 317611020905737.56, 322475208802807.7, 317532636196493.44, 353832684177229.6, 336153038083394.06, 324263296292028.9, 320448227171160.75, 303546720969683.7, 308245050472373.8, 301601381201407.6, 306391472014000.6, 282336723867773.4, 279262610320940.94, 270145998421455.16, 260682443013452.25, 255645234424301.72], [324089940315631.1, 337117357665731.5, 323780905925117.75, 313995311506626.25, 303761992654529.06, 285201369975528.7, 273409914574804.66, 262258147696011.88, 254642022712315.38, 317457061722582.7, 318063665739765.75, 322373792247624.1, 336153038083394.06, 354819636543271.3, 320078217451838.94, 320774409639762.25, 311404441869927.3, 314022349762566.9, 305079332443114.94, 307364748186856.1, 283292563278575.94, 279434778931581.12, 276295046667317.0, 266765886888697.5, 257820380576594.4], [309636398478017.44, 324065443199951.44, 338437999090008.75, 326117304785761.25, 310737304970066.56, 291140369321337.75, 278236820000697.56, 268609537489237.12, 261363626253133.3, 307295374295023.06, 305470774684290.6, 302284309351208.8, 324263296292028.9, 320078217451838.94, 356046261861162.7, 338346980572493.2, 323239858402272.9, 328375268569124.0, 313291437296133.94, 310098992776902.2, 285288193055554.94, 289448418466849.5, 281625777921161.5, 269097840146509.38, 264538096503918.8], [314363767290122.2, 324384787266185.06, 338684599014139.7, 326133443364731.94, 313120518680589.56, 296089608353947.6, 284817654356253.8, 277534963018836.44, 269722004979090.66, 310528989018442.1, 311511542472796.6, 310236958677318.56, 320448227171160.75, 320774409639762.25, 338346980572493.2, 356804167313086.0, 328743541736651.75, 320738098850338.5, 312906852166753.1, 314723410451771.94, 290151117672102.6, 295010973277402.75, 286770722147697.7, 276146243395865.88, 275408626875483.84], [297843719298545.4, 310243294619864.3, 326531159841556.0, 339407180578649.1, 325454994213304.6, 316414129034008.0, 308777386500332.94, 298966980669061.3, 290112702096933.06, 295611089144160.7, 291393179048672.1, 294523646059297.25, 303546720969683.7, 311404441869927.3, 323239858402272.9, 328743541736651.75, 357064249568049.0, 340090035809156.4, 321344830735948.56, 322425818988266.2, 314211173714476.5, 313588870689719.3, 311266204063442.75, 304377417098837.5, 296094593570347.9], [298866583157716.1, 312559719945502.5, 326409520652684.44, 339733161996448.06, 326129215113782.3, 313172397312989.2, 303787645604986.94, 291339505011340.7, 283178325615602.25, 296036057597587.2, 292485469167301.0, 295136167114994.2, 308245050472373.8, 314022349762566.9, 328375268569124.0, 320738098850338.5, 340090035809156.4, 357697049262585.6, 325670813181976.1, 323008539917412.1, 311992726718632.75, 307994648437937.4, 308940102559372.06, 297293633991880.1, 285808898250549.06], [290920588986937.25, 303884937375059.56, 314920946529040.3, 326043884059512.4, 339289801131289.56, 325938929141468.9, 311838012631601.1, 297044778868411.2, 291560906605600.0, 285978845348266.6, 287426533696014.9, 287115680987271.0, 301601381201407.6, 305079332443114.94, 313291437296133.94, 312906852166753.1, 321344830735948.56, 325670813181976.1, 357547507387271.6, 339394833094801.25, 325428676267374.25, 322806997757162.94, 312122142707785.06, 307992585548091.2, 287485729148160.6], [296711571293197.3, 307278665542161.0, 315249237773171.5, 325555048649671.1, 338667878742087.3, 325470319577978.8, 311923407959050.3, 300793762997684.6, 295980525212272.2, 293963626248670.2, 291093728556363.75, 294449598737114.75, 306391472014000.6, 307364748186856.1, 310098992776902.2, 314723410451771.94, 322425818988266.2, 323008539917412.1, 339394833094801.25, 356107747985124.2, 323323388366768.0, 323916625297220.8, 310153829637606.06, 307645550746085.8, 292832851924289.6], [276346044053198.78, 284402917122972.75, 293061097717230.6, 311888794785656.94, 325334653047581.8, 337787250956685.0, 324123377305240.75, 310780812179907.06, 301881731099073.0, 274407529359001.94, 273436223044926.84, 273044366845947.28, 282336723867773.4, 283292563278575.94, 285288193055554.94, 290151117672102.6, 314211173714476.5, 311992726718632.75, 325428676267374.25, 323323388366768.0, 355446198780933.2, 336790491568340.56, 320382705399696.44, 322687268737767.06, 305032263075805.3], [272313724691413.06, 281802545186625.4, 294662163624393.06, 310741604170534.9, 324205474389216.3, 336565658896149.3, 322993698046788.56, 311541639721653.5, 299913570016725.2, 269225023424870.88, 270234597712085.44, 268088869854755.25, 279262610320940.94, 279434778931581.12, 289448418466849.5, 295010973277402.75, 313588870689719.3, 307994648437937.4, 322806997757162.94, 323916625297220.8, 336790491568340.56, 353125732817650.3, 319287893409758.75, 320454814664754.6, 310790289498119.8], [265670799081733.44, 275434794141369.62, 287799086756125.94, 306483803557846.6, 313582541480811.44, 323350587948471.5, 337496997211101.75, 324917400791314.5, 313666134391589.7, 260704971184298.88, 264363379706915.12, 262529861868586.78, 270145998421455.16, 276295046667317.0, 281625777921161.5, 286770722147697.7, 311266204063442.75, 308940102559372.06, 312122142707785.06, 310153829637606.06, 320382705399696.44, 319287893409758.75, 355275651186850.6, 336457613270731.94, 320506725847604.94], [257381208163523.28, 265956773359643.88, 277300152061320.53, 298014674293728.9, 309644533991155.4, 323323219936080.44, 337057435074086.7, 324082617622911.0, 313059380027188.4, 254683822236634.66, 255329705689406.84, 253771695822785.0, 260682443013452.25, 266765886888697.5, 269097840146509.38, 276146243395865.88, 304377417098837.5, 297293633991880.1, 307992585548091.2, 307645550746085.8, 322687268737767.06, 320454814664754.6, 336457613270731.94, 354305660538924.7, 319030618595291.75], [253953518499963.44, 260156374175996.38, 272372976222499.88, 288163347220330.9, 294392993135114.56, 308672113750791.06, 321881575996684.9, 336966186094285.25, 326903179309398.44, 250366064238272.53, 254559248142396.72, 250572117959044.2, 255645234424301.72, 257820380576594.4, 264538096503918.8, 275408626875483.84, 296094593570347.9, 285808898250549.06, 287485729148160.6, 292832851924289.6, 305032263075805.3, 310790289498119.8, 320506725847604.94, 319030618595291.75, 353200466482243.6], [4798728834419.98, 5252324681061.445, 5313894574335.759, 5548208735005.7, 4963526569174.529, 5683792655831.096, 4828263570626.049, 140411535978.10095, -6854489224793.816, 4614836642278.334, 4428025908929.817, 4958379826209.372, 5039369072583.311, 5630792582281.043, 5293910992563.82, 5185268367931.6875, 5733738302421.842, 5871165464829.75, 4617899547893.265, 4175500198815.7637, 5741171521737.11, 6770751500388.69, 6331493814526.23, 6124756963838.158, 3040986297114.5845]]}}