{"resp_b": 0.1, "restrained_fit": true, "exclude_hydrogens": true, "convergence_tolerance": 1e-06, "max_iter": 500, "resp_a": 0.0005, "charge_constraints": {"charge_sum_constraints": [], "charge_equivalence_constraints": [], "molecules": [{"qcmol": {"schema_name": "qcschema_molecule", "schema_version": 2, "validated": true, "symbols": ["C", "C", "C", "C", "C", "C", "C", "C", "O", "H", "H", "H", "H", "H", "H", "H", "H", "H", "H", "H", "H", "H", "H", "H", "H"], "geometry": [[0.0, 0.0, 0.0], [2.8886939207229623, -5.451186811383522e-16, -5.074578282552231e-16], [4.000030825375198, 2.671659901248975, 2.220446049250313e-16], [6.888563792224213, 2.791148399214042, 0.18605724668862367], [8.292935761086675, 1.7240901285275307, -2.1074554661501943], [11.158260751989413, 2.0561020644703087, -1.9127431259953127], [12.566696779127565, 0.9690237271052855, -4.202656815908627], [15.375193992714301, 1.40370936477933, -4.027173054927617], [16.926384040215783, -0.21816072208130777, -4.109086439020701], [-0.7416762547168316, 0.9564158333169793, 1.6580886762996487], [-0.74317967406882, -1.912043321744381, -0.0036460799103433805], [-0.740360262129634, 0.9609246226293082, -1.6563641608446142], [3.5700645584558863, -1.0170188905080906, 1.6524732339970538], [3.5563379170653437, -1.0432888632258188, -1.6372433404960762], [3.206286835910599, 3.7103166356742205, 1.5869550329305095], [3.3859648167702914, 3.663754722270321, -1.6951052022706494], [7.443011524138686, 4.754740552320057, 0.440759639325621], [7.501393334469314, 1.7988152757179832, 1.8807159035132153], [7.869412970817081, -0.27223877101415017, -2.33038300563976], [7.618006465090714, 2.6561231803156833, -3.8132382187268923], [11.839267584133918, 1.1407235548145305, -0.20328955416336514], [11.601683896828158, 4.055131614018802, -1.7200182637182166], [12.239609454527635, -1.043443156534551, -4.39456343368546], [11.894835388679407, 1.889923941408975, -5.91685806664292], [15.94957834383585, 3.382277524596572, -3.803726116358855]], "name": "C8H16O", "identifiers": {"molecule_hash": "dea79a527dbbd1b1571af8d5b032576871894946", "molecular_formula": "C8H16O"}, "molecular_charge": 0.0, "molecular_multiplicity": 1, "connectivity": [[0, 1, 1.0], [0, 9, 1.0], [0, 10, 1.0], [0, 11, 1.0], [1, 2, 1.0], [1, 12, 1.0], [1, 13, 1.0], [2, 3, 1.0], [2, 14, 1.0], [2, 15, 1.0], [3, 4, 1.0], [3, 16, 1.0], [3, 17, 1.0], [4, 5, 1.0], [4, 18, 1.0], [4, 19, 1.0], [5, 6, 1.0], [5, 20, 1.0], [5, 21, 1.0], [6, 7, 1.0], [6, 22, 1.0], [6, 23, 1.0], [7, 8, 2.0], [7, 24, 1.0]], "fix_com": true, "fix_orientation": true, "provenance": {"creator": "QCElemental", "version": "v0.22.0", "routine": "qcelemental.molparse.from_schema"}, "id": "122474"}, "charge": 0, "optimize_geometry": false, "conformers": [], "conformer_generation_options": {"n_conformer_pool": 4000, "n_max_conformers": 0, "rms_tolerance": 0.05, "energy_window": 15, "keep_original_conformer": true}, "stage_1_unrestrained_charges": null, "stage_1_restrained_charges": null, "stage_2_unrestrained_charges": null, "stage_2_restrained_charges": null, "keep_original_orientation": false, "reorientations": [], "translations": [], "rotations": []}], "unconstrained_atoms": [{"index": 0, "molecule": {"qcmol": {"schema_name": "qcschema_molecule", "schema_version": 2, "validated": true, "symbols": ["C", "C", "C", "C", "C", "C", "C", "C", "O", "H", "H", "H", "H", "H", "H", "H", "H", "H", "H", "H", "H", "H", "H", "H", "H"], "geometry": [[0.0, 0.0, 0.0], [2.8886939207229623, -5.451186811383522e-16, -5.074578282552231e-16], [4.000030825375198, 2.671659901248975, 2.220446049250313e-16], [6.888563792224213, 2.791148399214042, 0.18605724668862367], [8.292935761086675, 1.7240901285275307, -2.1074554661501943], [11.158260751989413, 2.0561020644703087, -1.9127431259953127], [12.566696779127565, 0.9690237271052855, -4.202656815908627], [15.375193992714301, 1.40370936477933, -4.027173054927617], [16.926384040215783, -0.21816072208130777, -4.109086439020701], [-0.7416762547168316, 0.9564158333169793, 1.6580886762996487], [-0.74317967406882, -1.912043321744381, -0.0036460799103433805], [-0.740360262129634, 0.9609246226293082, -1.6563641608446142], [3.5700645584558863, -1.0170188905080906, 1.6524732339970538], [3.5563379170653437, -1.0432888632258188, -1.6372433404960762], [3.206286835910599, 3.7103166356742205, 1.5869550329305095], [3.3859648167702914, 3.663754722270321, -1.6951052022706494], [7.443011524138686, 4.754740552320057, 0.440759639325621], [7.501393334469314, 1.7988152757179832, 1.8807159035132153], [7.869412970817081, -0.27223877101415017, -2.33038300563976], [7.618006465090714, 2.6561231803156833, -3.8132382187268923], [11.839267584133918, 1.1407235548145305, -0.20328955416336514], [11.601683896828158, 4.055131614018802, -1.7200182637182166], [12.239609454527635, -1.043443156534551, -4.39456343368546], [11.894835388679407, 1.889923941408975, -5.91685806664292], [15.94957834383585, 3.382277524596572, -3.803726116358855]], "name": "C8H16O", "identifiers": {"molecule_hash": "dea79a527dbbd1b1571af8d5b032576871894946", "molecular_formula": "C8H16O"}, "molecular_charge": 0.0, "molecular_multiplicity": 1, "connectivity": [[0, 1, 1.0], [0, 9, 1.0], [0, 10, 1.0], [0, 11, 1.0], [1, 2, 1.0], [1, 12, 1.0], [1, 13, 1.0], [2, 3, 1.0], [2, 14, 1.0], [2, 15, 1.0], [3, 4, 1.0], [3, 16, 1.0], [3, 17, 1.0], [4, 5, 1.0], [4, 18, 1.0], [4, 19, 1.0], [5, 6, 1.0], [5, 20, 1.0], [5, 21, 1.0], [6, 7, 1.0], [6, 22, 1.0], [6, 23, 1.0], [7, 8, 2.0], [7, 24, 1.0]], "fix_com": true, "fix_orientation": true, "provenance": {"creator": "QCElemental", "version": "v0.22.0", "routine": "qcelemental.molparse.from_schema"}, "id": "122474"}, "charge": 0, "optimize_geometry": false, "conformers": [], "conformer_generation_options": {"n_conformer_pool": 4000, "n_max_conformers": 0, "rms_tolerance": 0.05, "energy_window": 15, "keep_original_conformer": true}, "stage_1_unrestrained_charges": null, "stage_1_restrained_charges": null, "stage_2_unrestrained_charges": null, "stage_2_restrained_charges": null, "keep_original_orientation": false, "reorientations": [], "translations": [], "rotations": []}}, {"index": 1, "molecule": {"qcmol": {"schema_name": "qcschema_molecule", "schema_version": 2, "validated": true, "symbols": ["C", "C", "C", "C", "C", "C", "C", "C", "O", "H", "H", "H", "H", "H", "H", "H", "H", "H", "H", "H", "H", "H", "H", "H", "H"], "geometry": [[0.0, 0.0, 0.0], [2.8886939207229623, -5.451186811383522e-16, -5.074578282552231e-16], [4.000030825375198, 2.671659901248975, 2.220446049250313e-16], [6.888563792224213, 2.791148399214042, 0.18605724668862367], [8.292935761086675, 1.7240901285275307, -2.1074554661501943], [11.158260751989413, 2.0561020644703087, -1.9127431259953127], [12.566696779127565, 0.9690237271052855, -4.202656815908627], [15.375193992714301, 1.40370936477933, -4.027173054927617], [16.926384040215783, -0.21816072208130777, -4.109086439020701], [-0.7416762547168316, 0.9564158333169793, 1.6580886762996487], [-0.74317967406882, -1.912043321744381, -0.0036460799103433805], [-0.740360262129634, 0.9609246226293082, -1.6563641608446142], [3.5700645584558863, -1.0170188905080906, 1.6524732339970538], [3.5563379170653437, -1.0432888632258188, -1.6372433404960762], [3.206286835910599, 3.7103166356742205, 1.5869550329305095], [3.3859648167702914, 3.663754722270321, -1.6951052022706494], [7.443011524138686, 4.754740552320057, 0.440759639325621], [7.501393334469314, 1.7988152757179832, 1.8807159035132153], [7.869412970817081, -0.27223877101415017, -2.33038300563976], [7.618006465090714, 2.6561231803156833, -3.8132382187268923], [11.839267584133918, 1.1407235548145305, -0.20328955416336514], [11.601683896828158, 4.055131614018802, -1.7200182637182166], [12.239609454527635, -1.043443156534551, -4.39456343368546], [11.894835388679407, 1.889923941408975, -5.91685806664292], [15.94957834383585, 3.382277524596572, -3.803726116358855]], "name": "C8H16O", "identifiers": {"molecule_hash": "dea79a527dbbd1b1571af8d5b032576871894946", "molecular_formula": "C8H16O"}, "molecular_charge": 0.0, "molecular_multiplicity": 1, "connectivity": [[0, 1, 1.0], [0, 9, 1.0], [0, 10, 1.0], [0, 11, 1.0], [1, 2, 1.0], [1, 12, 1.0], [1, 13, 1.0], [2, 3, 1.0], [2, 14, 1.0], [2, 15, 1.0], [3, 4, 1.0], [3, 16, 1.0], [3, 17, 1.0], [4, 5, 1.0], [4, 18, 1.0], [4, 19, 1.0], [5, 6, 1.0], [5, 20, 1.0], [5, 21, 1.0], [6, 7, 1.0], [6, 22, 1.0], [6, 23, 1.0], [7, 8, 2.0], [7, 24, 1.0]], "fix_com": true, "fix_orientation": true, "provenance": {"creator": "QCElemental", "version": "v0.22.0", "routine": "qcelemental.molparse.from_schema"}, "id": "122474"}, "charge": 0, "optimize_geometry": false, "conformers": [], "conformer_generation_options": {"n_conformer_pool": 4000, "n_max_conformers": 0, "rms_tolerance": 0.05, "energy_window": 15, "keep_original_conformer": true}, "stage_1_unrestrained_charges": null, "stage_1_restrained_charges": null, "stage_2_unrestrained_charges": null, "stage_2_restrained_charges": null, "keep_original_orientation": false, "reorientations": [], "translations": [], "rotations": []}}, {"index": 2, "molecule": {"qcmol": {"schema_name": "qcschema_molecule", "schema_version": 2, "validated": true, "symbols": ["C", "C", "C", "C", "C", "C", "C", "C", "O", "H", "H", "H", "H", "H", "H", "H", "H", "H", "H", "H", "H", "H", "H", "H", "H"], "geometry": [[0.0, 0.0, 0.0], [2.8886939207229623, -5.451186811383522e-16, -5.074578282552231e-16], [4.000030825375198, 2.671659901248975, 2.220446049250313e-16], [6.888563792224213, 2.791148399214042, 0.18605724668862367], [8.292935761086675, 1.7240901285275307, -2.1074554661501943], [11.158260751989413, 2.0561020644703087, -1.9127431259953127], [12.566696779127565, 0.9690237271052855, -4.202656815908627], [15.375193992714301, 1.40370936477933, -4.027173054927617], [16.926384040215783, -0.21816072208130777, -4.109086439020701], [-0.7416762547168316, 0.9564158333169793, 1.6580886762996487], [-0.74317967406882, -1.912043321744381, -0.0036460799103433805], [-0.740360262129634, 0.9609246226293082, -1.6563641608446142], [3.5700645584558863, -1.0170188905080906, 1.6524732339970538], [3.5563379170653437, -1.0432888632258188, -1.6372433404960762], [3.206286835910599, 3.7103166356742205, 1.5869550329305095], [3.3859648167702914, 3.663754722270321, -1.6951052022706494], [7.443011524138686, 4.754740552320057, 0.440759639325621], [7.501393334469314, 1.7988152757179832, 1.8807159035132153], [7.869412970817081, -0.27223877101415017, -2.33038300563976], [7.618006465090714, 2.6561231803156833, -3.8132382187268923], [11.839267584133918, 1.1407235548145305, -0.20328955416336514], [11.601683896828158, 4.055131614018802, -1.7200182637182166], [12.239609454527635, -1.043443156534551, -4.39456343368546], [11.894835388679407, 1.889923941408975, -5.91685806664292], [15.94957834383585, 3.382277524596572, -3.803726116358855]], "name": "C8H16O", "identifiers": {"molecule_hash": "dea79a527dbbd1b1571af8d5b032576871894946", "molecular_formula": "C8H16O"}, "molecular_charge": 0.0, "molecular_multiplicity": 1, "connectivity": [[0, 1, 1.0], [0, 9, 1.0], [0, 10, 1.0], [0, 11, 1.0], [1, 2, 1.0], [1, 12, 1.0], [1, 13, 1.0], [2, 3, 1.0], [2, 14, 1.0], [2, 15, 1.0], [3, 4, 1.0], [3, 16, 1.0], [3, 17, 1.0], [4, 5, 1.0], [4, 18, 1.0], [4, 19, 1.0], [5, 6, 1.0], [5, 20, 1.0], [5, 21, 1.0], [6, 7, 1.0], [6, 22, 1.0], [6, 23, 1.0], [7, 8, 2.0], [7, 24, 1.0]], "fix_com": true, "fix_orientation": true, "provenance": {"creator": "QCElemental", "version": "v0.22.0", "routine": "qcelemental.molparse.from_schema"}, "id": "122474"}, "charge": 0, "optimize_geometry": false, "conformers": [], "conformer_generation_options": {"n_conformer_pool": 4000, "n_max_conformers": 0, "rms_tolerance": 0.05, "energy_window": 15, "keep_original_conformer": true}, "stage_1_unrestrained_charges": null, "stage_1_restrained_charges": null, "stage_2_unrestrained_charges": null, "stage_2_restrained_charges": null, "keep_original_orientation": false, "reorientations": [], "translations": [], "rotations": []}}, {"index": 3, "molecule": {"qcmol": {"schema_name": "qcschema_molecule", "schema_version": 2, "validated": true, "symbols": ["C", "C", "C", "C", "C", "C", "C", "C", "O", "H", "H", "H", "H", "H", "H", "H", "H", "H", "H", "H", "H", "H", "H", "H", "H"], "geometry": [[0.0, 0.0, 0.0], [2.8886939207229623, -5.451186811383522e-16, -5.074578282552231e-16], [4.000030825375198, 2.671659901248975, 2.220446049250313e-16], [6.888563792224213, 2.791148399214042, 0.18605724668862367], [8.292935761086675, 1.7240901285275307, -2.1074554661501943], [11.158260751989413, 2.0561020644703087, -1.9127431259953127], [12.566696779127565, 0.9690237271052855, -4.202656815908627], [15.375193992714301, 1.40370936477933, -4.027173054927617], [16.926384040215783, -0.21816072208130777, -4.109086439020701], [-0.7416762547168316, 0.9564158333169793, 1.6580886762996487], [-0.74317967406882, -1.912043321744381, -0.0036460799103433805], [-0.740360262129634, 0.9609246226293082, -1.6563641608446142], [3.5700645584558863, -1.0170188905080906, 1.6524732339970538], [3.5563379170653437, -1.0432888632258188, -1.6372433404960762], [3.206286835910599, 3.7103166356742205, 1.5869550329305095], [3.3859648167702914, 3.663754722270321, -1.6951052022706494], [7.443011524138686, 4.754740552320057, 0.440759639325621], [7.501393334469314, 1.7988152757179832, 1.8807159035132153], [7.869412970817081, -0.27223877101415017, -2.33038300563976], [7.618006465090714, 2.6561231803156833, -3.8132382187268923], [11.839267584133918, 1.1407235548145305, -0.20328955416336514], [11.601683896828158, 4.055131614018802, -1.7200182637182166], [12.239609454527635, -1.043443156534551, -4.39456343368546], [11.894835388679407, 1.889923941408975, -5.91685806664292], [15.94957834383585, 3.382277524596572, -3.803726116358855]], "name": "C8H16O", "identifiers": {"molecule_hash": "dea79a527dbbd1b1571af8d5b032576871894946", "molecular_formula": "C8H16O"}, "molecular_charge": 0.0, "molecular_multiplicity": 1, "connectivity": [[0, 1, 1.0], [0, 9, 1.0], [0, 10, 1.0], [0, 11, 1.0], [1, 2, 1.0], [1, 12, 1.0], [1, 13, 1.0], [2, 3, 1.0], [2, 14, 1.0], [2, 15, 1.0], [3, 4, 1.0], [3, 16, 1.0], [3, 17, 1.0], [4, 5, 1.0], [4, 18, 1.0], [4, 19, 1.0], [5, 6, 1.0], [5, 20, 1.0], [5, 21, 1.0], [6, 7, 1.0], [6, 22, 1.0], [6, 23, 1.0], [7, 8, 2.0], [7, 24, 1.0]], "fix_com": true, "fix_orientation": true, "provenance": {"creator": "QCElemental", "version": "v0.22.0", "routine": "qcelemental.molparse.from_schema"}, "id": "122474"}, "charge": 0, "optimize_geometry": false, "conformers": [], "conformer_generation_options": {"n_conformer_pool": 4000, "n_max_conformers": 0, "rms_tolerance": 0.05, "energy_window": 15, "keep_original_conformer": true}, "stage_1_unrestrained_charges": null, "stage_1_restrained_charges": null, "stage_2_unrestrained_charges": null, "stage_2_restrained_charges": null, "keep_original_orientation": false, "reorientations": [], "translations": [], "rotations": []}}, {"index": 4, "molecule": {"qcmol": {"schema_name": "qcschema_molecule", "schema_version": 2, "validated": true, "symbols": ["C", "C", "C", "C", "C", "C", "C", "C", "O", "H", "H", "H", "H", "H", "H", "H", "H", "H", "H", "H", "H", "H", "H", "H", "H"], "geometry": [[0.0, 0.0, 0.0], [2.8886939207229623, -5.451186811383522e-16, -5.074578282552231e-16], [4.000030825375198, 2.671659901248975, 2.220446049250313e-16], [6.888563792224213, 2.791148399214042, 0.18605724668862367], [8.292935761086675, 1.7240901285275307, -2.1074554661501943], [11.158260751989413, 2.0561020644703087, -1.9127431259953127], [12.566696779127565, 0.9690237271052855, -4.202656815908627], [15.375193992714301, 1.40370936477933, -4.027173054927617], [16.926384040215783, -0.21816072208130777, -4.109086439020701], [-0.7416762547168316, 0.9564158333169793, 1.6580886762996487], [-0.74317967406882, -1.912043321744381, -0.0036460799103433805], [-0.740360262129634, 0.9609246226293082, -1.6563641608446142], [3.5700645584558863, -1.0170188905080906, 1.6524732339970538], [3.5563379170653437, -1.0432888632258188, -1.6372433404960762], [3.206286835910599, 3.7103166356742205, 1.5869550329305095], [3.3859648167702914, 3.663754722270321, -1.6951052022706494], [7.443011524138686, 4.754740552320057, 0.440759639325621], [7.501393334469314, 1.7988152757179832, 1.8807159035132153], [7.869412970817081, -0.27223877101415017, -2.33038300563976], [7.618006465090714, 2.6561231803156833, -3.8132382187268923], [11.839267584133918, 1.1407235548145305, -0.20328955416336514], [11.601683896828158, 4.055131614018802, -1.7200182637182166], [12.239609454527635, -1.043443156534551, -4.39456343368546], [11.894835388679407, 1.889923941408975, -5.91685806664292], [15.94957834383585, 3.382277524596572, -3.803726116358855]], "name": "C8H16O", "identifiers": {"molecule_hash": "dea79a527dbbd1b1571af8d5b032576871894946", "molecular_formula": "C8H16O"}, "molecular_charge": 0.0, "molecular_multiplicity": 1, "connectivity": [[0, 1, 1.0], [0, 9, 1.0], [0, 10, 1.0], [0, 11, 1.0], [1, 2, 1.0], [1, 12, 1.0], [1, 13, 1.0], [2, 3, 1.0], [2, 14, 1.0], [2, 15, 1.0], [3, 4, 1.0], [3, 16, 1.0], [3, 17, 1.0], [4, 5, 1.0], [4, 18, 1.0], [4, 19, 1.0], [5, 6, 1.0], [5, 20, 1.0], [5, 21, 1.0], [6, 7, 1.0], [6, 22, 1.0], [6, 23, 1.0], [7, 8, 2.0], [7, 24, 1.0]], "fix_com": true, "fix_orientation": true, "provenance": {"creator": "QCElemental", "version": "v0.22.0", "routine": "qcelemental.molparse.from_schema"}, "id": "122474"}, "charge": 0, "optimize_geometry": false, "conformers": [], "conformer_generation_options": {"n_conformer_pool": 4000, "n_max_conformers": 0, "rms_tolerance": 0.05, "energy_window": 15, "keep_original_conformer": true}, "stage_1_unrestrained_charges": null, "stage_1_restrained_charges": null, "stage_2_unrestrained_charges": null, "stage_2_restrained_charges": null, "keep_original_orientation": false, "reorientations": [], "translations": [], "rotations": []}}, {"index": 5, "molecule": {"qcmol": {"schema_name": "qcschema_molecule", "schema_version": 2, "validated": true, "symbols": ["C", "C", "C", "C", "C", "C", "C", "C", "O", "H", "H", "H", "H", "H", "H", "H", "H", "H", "H", "H", "H", "H", "H", "H", "H"], "geometry": [[0.0, 0.0, 0.0], [2.8886939207229623, -5.451186811383522e-16, -5.074578282552231e-16], [4.000030825375198, 2.671659901248975, 2.220446049250313e-16], [6.888563792224213, 2.791148399214042, 0.18605724668862367], [8.292935761086675, 1.7240901285275307, -2.1074554661501943], [11.158260751989413, 2.0561020644703087, -1.9127431259953127], [12.566696779127565, 0.9690237271052855, -4.202656815908627], [15.375193992714301, 1.40370936477933, -4.027173054927617], [16.926384040215783, -0.21816072208130777, -4.109086439020701], [-0.7416762547168316, 0.9564158333169793, 1.6580886762996487], [-0.74317967406882, -1.912043321744381, -0.0036460799103433805], [-0.740360262129634, 0.9609246226293082, -1.6563641608446142], [3.5700645584558863, -1.0170188905080906, 1.6524732339970538], [3.5563379170653437, -1.0432888632258188, -1.6372433404960762], [3.206286835910599, 3.7103166356742205, 1.5869550329305095], [3.3859648167702914, 3.663754722270321, -1.6951052022706494], [7.443011524138686, 4.754740552320057, 0.440759639325621], [7.501393334469314, 1.7988152757179832, 1.8807159035132153], [7.869412970817081, -0.27223877101415017, -2.33038300563976], [7.618006465090714, 2.6561231803156833, -3.8132382187268923], [11.839267584133918, 1.1407235548145305, -0.20328955416336514], [11.601683896828158, 4.055131614018802, -1.7200182637182166], [12.239609454527635, -1.043443156534551, -4.39456343368546], [11.894835388679407, 1.889923941408975, -5.91685806664292], [15.94957834383585, 3.382277524596572, -3.803726116358855]], "name": "C8H16O", "identifiers": {"molecule_hash": "dea79a527dbbd1b1571af8d5b032576871894946", "molecular_formula": "C8H16O"}, "molecular_charge": 0.0, "molecular_multiplicity": 1, "connectivity": [[0, 1, 1.0], [0, 9, 1.0], [0, 10, 1.0], [0, 11, 1.0], [1, 2, 1.0], [1, 12, 1.0], [1, 13, 1.0], [2, 3, 1.0], [2, 14, 1.0], [2, 15, 1.0], [3, 4, 1.0], [3, 16, 1.0], [3, 17, 1.0], [4, 5, 1.0], [4, 18, 1.0], [4, 19, 1.0], [5, 6, 1.0], [5, 20, 1.0], [5, 21, 1.0], [6, 7, 1.0], [6, 22, 1.0], [6, 23, 1.0], [7, 8, 2.0], [7, 24, 1.0]], "fix_com": true, "fix_orientation": true, "provenance": {"creator": "QCElemental", "version": "v0.22.0", "routine": "qcelemental.molparse.from_schema"}, "id": "122474"}, "charge": 0, "optimize_geometry": false, "conformers": [], "conformer_generation_options": {"n_conformer_pool": 4000, "n_max_conformers": 0, "rms_tolerance": 0.05, "energy_window": 15, "keep_original_conformer": true}, "stage_1_unrestrained_charges": null, "stage_1_restrained_charges": null, "stage_2_unrestrained_charges": null, "stage_2_restrained_charges": null, "keep_original_orientation": false, "reorientations": [], "translations": [], "rotations": []}}, {"index": 6, "molecule": {"qcmol": {"schema_name": "qcschema_molecule", "schema_version": 2, "validated": true, "symbols": ["C", "C", "C", "C", "C", "C", "C", "C", "O", "H", "H", "H", "H", "H", "H", "H", "H", "H", "H", "H", "H", "H", "H", "H", "H"], "geometry": [[0.0, 0.0, 0.0], [2.8886939207229623, -5.451186811383522e-16, -5.074578282552231e-16], [4.000030825375198, 2.671659901248975, 2.220446049250313e-16], [6.888563792224213, 2.791148399214042, 0.18605724668862367], [8.292935761086675, 1.7240901285275307, -2.1074554661501943], [11.158260751989413, 2.0561020644703087, -1.9127431259953127], [12.566696779127565, 0.9690237271052855, -4.202656815908627], [15.375193992714301, 1.40370936477933, -4.027173054927617], [16.926384040215783, -0.21816072208130777, -4.109086439020701], [-0.7416762547168316, 0.9564158333169793, 1.6580886762996487], [-0.74317967406882, -1.912043321744381, -0.0036460799103433805], [-0.740360262129634, 0.9609246226293082, -1.6563641608446142], [3.5700645584558863, -1.0170188905080906, 1.6524732339970538], [3.5563379170653437, -1.0432888632258188, -1.6372433404960762], [3.206286835910599, 3.7103166356742205, 1.5869550329305095], [3.3859648167702914, 3.663754722270321, -1.6951052022706494], [7.443011524138686, 4.754740552320057, 0.440759639325621], [7.501393334469314, 1.7988152757179832, 1.8807159035132153], [7.869412970817081, -0.27223877101415017, -2.33038300563976], [7.618006465090714, 2.6561231803156833, -3.8132382187268923], [11.839267584133918, 1.1407235548145305, -0.20328955416336514], [11.601683896828158, 4.055131614018802, -1.7200182637182166], [12.239609454527635, -1.043443156534551, -4.39456343368546], [11.894835388679407, 1.889923941408975, -5.91685806664292], [15.94957834383585, 3.382277524596572, -3.803726116358855]], "name": "C8H16O", "identifiers": {"molecule_hash": "dea79a527dbbd1b1571af8d5b032576871894946", "molecular_formula": "C8H16O"}, "molecular_charge": 0.0, "molecular_multiplicity": 1, "connectivity": [[0, 1, 1.0], [0, 9, 1.0], [0, 10, 1.0], [0, 11, 1.0], [1, 2, 1.0], [1, 12, 1.0], [1, 13, 1.0], [2, 3, 1.0], [2, 14, 1.0], [2, 15, 1.0], [3, 4, 1.0], [3, 16, 1.0], [3, 17, 1.0], [4, 5, 1.0], [4, 18, 1.0], [4, 19, 1.0], [5, 6, 1.0], [5, 20, 1.0], [5, 21, 1.0], [6, 7, 1.0], [6, 22, 1.0], [6, 23, 1.0], [7, 8, 2.0], [7, 24, 1.0]], "fix_com": true, "fix_orientation": true, "provenance": {"creator": "QCElemental", "version": "v0.22.0", "routine": "qcelemental.molparse.from_schema"}, "id": "122474"}, "charge": 0, "optimize_geometry": false, "conformers": [], "conformer_generation_options": {"n_conformer_pool": 4000, "n_max_conformers": 0, "rms_tolerance": 0.05, "energy_window": 15, "keep_original_conformer": true}, "stage_1_unrestrained_charges": null, "stage_1_restrained_charges": null, "stage_2_unrestrained_charges": null, "stage_2_restrained_charges": null, "keep_original_orientation": false, "reorientations": [], "translations": [], "rotations": []}}]}, "surface_constraints": {"matrix": [[1967.5569260797865, 1905.6503617548121, 1834.7517799630464, 1762.0530352481662, 1710.0255367376162, 1620.0242251834125, 1549.0984772007314, 1500.757377333795, 1459.4000079309178, 1969.946767030827, 1980.139518325214, 1976.8277586329334, 1896.6784556953805, 1897.51615070648, 1812.891505012809, 1840.5706642364064, 1743.8470331932037, 1749.8354497822254, 1703.313289573747, 1737.2186533455804, 1617.9815705535154, 1594.3726045945796, 1555.4780395577195, 1506.9436630931189, 1486.8761472526423], [1905.6503617548121, 1949.6528097555183, 1901.4573392366992, 1834.638609559295, 1776.8717179635282, 1675.2278781571135, 1601.2652522810647, 1544.7452761532702, 1502.3180041035191, 1880.4258211132608, 1891.0006925136195, 1887.9471254936304, 1971.9830915865696, 1973.790322910587, 1897.372616586712, 1899.2423702498254, 1816.444920578734, 1830.0075604260344, 1779.2179125636605, 1799.087388619547, 1665.1531101372632, 1649.9282408320228, 1612.64484672677, 1557.152150085333, 1523.1924094271778], [1834.7517799630464, 1901.4573392366992, 1954.966587761315, 1910.130959621756, 1839.175661312137, 1739.9270843167806, 1670.315043405665, 1615.8961513635995, 1571.6451212224936, 1815.3377477528857, 1812.533967277222, 1807.0383285639189, 1894.901094054352, 1895.706599249158, 1981.5225577007257, 1982.9664405960636, 1911.8090435106035, 1911.0969562584332, 1843.8323210466497, 1845.7542324416208, 1715.845385878221, 1725.2195539625995, 1685.0364890497501, 1623.5662080327334, 1594.719241455435], [1762.0530352481662, 1834.638609559295, 1910.130959621756, 1958.7215988131454, 1908.0791416403158, 1837.6000396751176, 1778.5552349942352, 1714.2330547219237, 1667.5213124683037, 1744.5632579066846, 1730.4400889949573, 1740.1671634587133, 1811.7018130730287, 1838.41284450216, 1909.3860153166922, 1909.480551393415, 1987.196878153413, 1989.1056164083293, 1908.9561131794214, 1906.0940896764687, 1826.0793188962557, 1819.3628408797367, 1794.4336496288124, 1744.8476151299988, 1687.1701572878583], [1710.0255367376162, 1776.8717179635282, 1839.175661312137, 1908.0791416403158, 1955.2406480666673, 1905.4039915628694, 1835.7119841320653, 1763.6604886770733, 1724.321456807798, 1689.4383844169447, 1684.7414699910569, 1690.7096684661826, 1762.9713513664, 1778.4982033303565, 1819.3373873487242, 1833.2909336805983, 1905.5081611619958, 1909.4557967347223, 1986.5097464749574, 1982.8685276471447, 1904.803708340571, 1898.1926068707774, 1835.996354206213, 1812.9395707965575, 1723.6437959686102], [1620.0242251834125, 1675.2278781571135, 1739.9270843167806, 1837.6000396751176, 1905.4039915628694, 1949.3204775848433, 1899.5858798382126, 1831.6195235676992, 1777.697568533516, 1602.434088131559, 1604.1941372248912, 1598.9553681244952, 1658.5144765180557, 1669.8280483690035, 1704.599447211584, 1733.5769413504147, 1852.5748489594469, 1833.59451833341, 1908.3417332401898, 1905.598137256246, 1977.7126203771325, 1970.5604581774714, 1893.18735746725, 1893.027223077801, 1807.246867581613], [1549.0984772007314, 1601.2652522810647, 1670.315043405665, 1778.5552349942352, 1835.7119841320653, 1899.5858798382126, 1950.3266849880997, 1904.119802332265, 1851.913861589066, 1527.7404177705891, 1540.3582488711213, 1528.2619170239207, 1574.6911042234553, 1600.789782884745, 1629.0503822825792, 1667.5806595359102, 1807.862535699136, 1778.6478029029115, 1825.7823245714142, 1826.2821850928417, 1897.7119842472828, 1891.0979379191153, 1976.0132828180363, 1973.4397641688076, 1884.5865913562002], [1500.757377333795, 1544.7452761532702, 1615.8961513635995, 1714.2330547219237, 1763.6604886770733, 1831.6195235676992, 1904.119802332265, 1959.6148919638742, 1945.1746698333543, 1479.8117179550954, 1499.9926198974586, 1479.048272587795, 1520.1214190379012, 1535.4974378302923, 1572.6838818305728, 1624.9416785180279, 1750.4242270525285, 1705.765729932847, 1739.1693787260938, 1761.1188968694723, 1819.592648206421, 1824.047148099258, 1902.360968305873, 1897.4734678622183, 1972.9056409543095], [1459.4000079309178, 1502.3180041035191, 1571.6451212224936, 1667.5213124683037, 1724.321456807798, 1777.697568533516, 1851.913861589066, 1945.1746698333543, 2011.9460849010118, 1440.161691557249, 1460.1830724697707, 1436.0631464203138, 1481.3943940445106, 1490.905458719901, 1530.259467757683, 1579.1972542935052, 1698.5832885813768, 1657.9829951853494, 1707.061398716908, 1732.9374005528146, 1767.4888491742906, 1755.965341371856, 1836.4862220564908, 1832.9336144279657, 1913.987760154744], [1969.946767030827, 1880.4258211132608, 1815.3377477528857, 1744.5632579066846, 1689.4383844169447, 1602.434088131559, 1527.7404177705891, 1479.8117179550954, 1440.161691557249, 2053.442940986934, 1953.7481674152893, 1951.6424483770645, 1859.582542637095, 1858.6814239152864, 1799.1848688904663, 1818.1184499231993, 1730.775617071241, 1733.2632291188995, 1674.380190686871, 1721.130383292404, 1606.6323050884464, 1576.2890227482874, 1526.404200832929, 1491.1514014950958, 1465.8727375809879], [1980.139518325214, 1891.0006925136195, 1812.533967277222, 1730.4400889949573, 1684.7414699910569, 1604.1941372248912, 1540.3582488711213, 1499.9926198974586, 1460.1830724697707, 1953.7481674152893, 2075.1388603275054, 1959.5154988899153, 1888.0622568567155, 1862.2331458858603, 1788.5019512835402, 1823.8710242892134, 1706.079718101495, 1712.4744337727072, 1682.8559984799515, 1704.326656993259, 1600.9451501307713, 1582.1997617181114, 1547.823342652023, 1494.9325458451076, 1490.4227674787103], [1976.8277586329334, 1887.9471254936304, 1807.0383285639189, 1740.1671634587133, 1690.7096684661826, 1598.9553681244952, 1528.2619170239207, 1479.048272587795, 1436.0631464203138, 1951.6424483770645, 1959.5154988899153, 2066.705167310793, 1859.123940214206, 1887.467978121664, 1769.8458550745577, 1816.4089903273994, 1724.408256634971, 1727.9941172612212, 1681.0358179853333, 1723.9748563622397, 1598.6501880399233, 1569.6361254700334, 1537.0877472016687, 1485.8098648441644, 1467.0781030171001], [1896.6784556953805, 1971.9830915865696, 1894.901094054352, 1811.7018130730287, 1762.9713513664, 1658.5144765180557, 1574.6911042234553, 1520.1214190379012, 1481.3943940445106, 1859.582542637095, 1888.0622568567155, 1859.123940214206, 2071.6570684986295, 1968.1443768600752, 1898.5311536014265, 1876.1943492010748, 1777.2369945979256, 1804.7454484865016, 1765.8473869264901, 1793.8923741563842, 1653.0552643756782, 1635.056710365784, 1581.6791161850379, 1526.2711020310612, 1496.7796951344153], [1897.51615070648, 1973.790322910587, 1895.706599249158, 1838.41284450216, 1778.4982033303565, 1669.8280483690035, 1600.789782884745, 1535.4974378302923, 1490.905458719901, 1858.6814239152864, 1862.2331458858603, 1887.467978121664, 1968.1443768600752, 2077.435461815496, 1874.028111377381, 1878.103461888351, 1823.2429959406893, 1838.5713080766077, 1786.2114819803428, 1799.5915839512656, 1658.6524642765514, 1636.065649955432, 1617.681620047813, 1561.8895415750446, 1509.5152774034734], [1812.891505012809, 1897.372616586712, 1981.5225577007257, 1909.3860153166922, 1819.3373873487242, 1704.599447211584, 1629.0503822825792, 1572.6838818305728, 1530.259467757683, 1799.1848688904663, 1788.5019512835402, 1769.8458550745577, 1898.5311536014265, 1874.028111377381, 2084.617250411665, 1980.989730483092, 1892.5389700210953, 1922.6062225402861, 1834.2915458610642, 1815.5998858312512, 1670.335536961851, 1694.6934099978018, 1648.8923221492162, 1575.5423716482283, 1548.8465497342493], [1840.5706642364064, 1899.2423702498254, 1982.9664405960636, 1909.480551393415, 1833.2909336805983, 1733.5769413504147, 1667.5806595359102, 1624.9416785180279, 1579.1972542935052, 1818.1184499231993, 1823.8710242892134, 1816.4089903273994, 1876.1943492010748, 1878.103461888351, 1980.989730483092, 2089.054895280424, 1924.76242855191, 1877.8914706346702, 1832.0398268921738, 1842.6754440724314, 1698.8078503375573, 1727.2617524689167, 1679.015548333163, 1616.8101047726134, 1612.4928719798866], [1743.8470331932037, 1816.444920578734, 1911.8090435106035, 1987.196878153413, 1905.5081611619958, 1852.5748489594469, 1807.862535699136, 1750.4242270525285, 1698.5832885813768, 1730.775617071241, 1706.079718101495, 1724.408256634971, 1777.2369945979256, 1823.2429959406893, 1892.5389700210953, 1924.76242855191, 2090.5772340977264, 1991.1950333587486, 1881.4436067661632, 1887.772578301806, 1839.6766141000255, 1836.0333941136557, 1822.4341200138797, 1782.1008740795337, 1733.6072159222883], [1749.8354497822254, 1830.0075604260344, 1911.0969562584332, 1989.1056164083293, 1909.4557967347223, 1833.59451833341, 1778.6478029029115, 1705.765729932847, 1657.9829951853494, 1733.2632291188995, 1712.4744337727072, 1727.9941172612212, 1804.7454484865016, 1838.5713080766077, 1922.6062225402861, 1877.8914706346702, 1991.1950333587486, 2094.282558392375, 1906.7718604547647, 1891.1849401343165, 1826.6873607623904, 1803.2792854795255, 1808.8148180437556, 1740.6256978487208, 1673.384816438888], [1703.313289573747, 1779.2179125636605, 1843.8323210466497, 1908.9561131794214, 1986.5097464749574, 1908.3417332401898, 1825.7823245714142, 1739.1693787260938, 1707.061398716908, 1674.380190686871, 1682.8559984799515, 1681.0358179853333, 1765.8473869264901, 1786.2114819803428, 1834.2915458610642, 1832.0398268921738, 1881.4436067661632, 1906.7718604547647, 2093.406876512937, 1987.1247526270006, 1905.354188157476, 1890.0046061275698, 1827.4459178026846, 1803.2677423392117, 1683.2025400959387], [1737.2186533455804, 1799.087388619547, 1845.7542324416208, 1906.0940896764687, 1982.8685276471447, 1905.598137256246, 1826.2821850928417, 1761.1188968694723, 1732.9374005528146, 1721.130383292404, 1704.326656993259, 1723.9748563622397, 1793.8923741563842, 1799.5915839512656, 1815.5998858312512, 1842.6754440724314, 1887.772578301806, 1891.1849401343165, 1987.1247526270006, 2084.977379228449, 1893.028080911226, 1896.5014889702384, 1815.92177130811, 1801.2356110074436, 1714.5088302165066], [1617.9815705535154, 1665.1531101372632, 1715.845385878221, 1826.0793188962557, 1904.803708340571, 1977.7126203771325, 1897.7119842472828, 1819.592648206421, 1767.4888491742906, 1606.6323050884464, 1600.9451501307713, 1598.6501880399233, 1653.0552643756782, 1658.6524642765514, 1670.335536961851, 1698.8078503375573, 1839.6766141000255, 1826.6873607623904, 1905.354188157476, 1893.028080911226, 2081.104021931558, 1971.876829052885, 1875.8104152780966, 1889.3039628861084, 1785.9361747504151], [1594.3726045945796, 1649.9282408320228, 1725.2195539625995, 1819.3628408797367, 1898.1926068707774, 1970.5604581774714, 1891.0979379191153, 1824.047148099258, 1755.965341371856, 1576.2890227482874, 1582.1997617181114, 1569.6361254700334, 1635.056710365784, 1636.065649955432, 1694.6934099978018, 1727.2617524689167, 1836.0333941136557, 1803.2792854795255, 1890.0046061275698, 1896.5014889702384, 1971.876829052885, 2067.518229587615, 1869.400917868685, 1876.233005166807, 1819.648713853503], [1555.4780395577195, 1612.64484672677, 1685.0364890497501, 1794.4336496288124, 1835.996354206213, 1893.18735746725, 1976.0132828180363, 1902.360968305873, 1836.4862220564908, 1526.404200832929, 1547.823342652023, 1537.0877472016687, 1581.6791161850379, 1617.681620047813, 1648.8923221492162, 1679.015548333163, 1822.4341200138797, 1808.8148180437556, 1827.4459178026846, 1815.92177130811, 1875.8104152780966, 1869.400917868685, 2080.105601390891, 1969.927775542109, 1876.5366174822545], [1506.9436630931189, 1557.152150085333, 1623.5662080327334, 1744.8476151299988, 1812.9395707965575, 1893.027223077801, 1973.4397641688076, 1897.4734678622183, 1832.9336144279657, 1491.1514014950958, 1494.9325458451076, 1485.8098648441644, 1526.2711020310612, 1561.8895415750446, 1575.5423716482283, 1616.8101047726134, 1782.1008740795337, 1740.6256978487208, 1803.2677423392117, 1801.2356110074436, 1889.3039628861084, 1876.233005166807, 1969.927775542109, 2074.426540810785, 1867.8944120572], [1486.8761472526423, 1523.1924094271778, 1594.719241455435, 1687.1701572878583, 1723.6437959686102, 1807.246867581613, 1884.5865913562002, 1972.9056409543095, 1913.987760154744, 1465.8727375809879, 1490.4227674787103, 1467.0781030171001, 1496.7796951344153, 1509.5152774034734, 1548.8465497342493, 1612.4928719798866, 1733.6072159222883, 1673.384816438888, 1683.2025400959387, 1714.5088302165066, 1785.9361747504151, 1819.648713853503, 1876.5366174822545, 1867.8944120572, 2067.955925705586], [25.45126190985738, 27.69444264442297, 27.720821572675543, 28.21218568201841, 25.786433812689488, 28.20225651067642, 23.362332774824118, 0.8370104220858604, -32.26890176714731, 24.632234791157614, 23.796206036005618, 26.002696059097712, 27.02498853025539, 29.404320982839238, 27.92397281369169, 27.04652728942879, 28.51327984111092, 29.547861268239952, 24.910046099446095, 22.41155121426752, 28.689406057850626, 32.97585720263192, 29.955346112431016, 29.484319250431717, 13.75684846408931]]}}