{"resp_b": 0.1, "restrained_fit": true, "exclude_hydrogens": true, "convergence_tolerance": 1e-06, "max_iter": 500, "resp_a": 0.0005, "charge_constraints": {"charge_sum_constraints": [], "charge_equivalence_constraints": [], "molecules": [{"qcmol": {"schema_name": "qcschema_molecule", "schema_version": 2, "validated": true, "symbols": ["C", "C", "C", "C", "C", "O", "O", "H", "H", "H", "H", "H", "H", "H", "H", "H", "H"], "geometry": [[0.0, 0.0, -0.0], [2.890342301712331, -1.7082202492203314e-17, -9.153539807939552e-16], [4.091339131093413, 2.6346845276723263, 5.551115123125783e-16], [3.5637460069841387, 4.146424019848749, 2.424571303494015], [4.963492283867556, 6.623166720677463, 2.4499154712255473], [6.67732896218688, 7.145836433884362, 3.802940344955293], [4.082686233475572, 8.235211447556498, 0.7253650644431227], [-0.7713155414719427, 0.8091626718910606, 1.7192267802976333], [-0.7385620150539349, 1.0748078629598457, -1.585733781798361], [-0.7232871863043895, -1.9131181769787005, -0.1518000468558372], [3.552585604203566, -1.0005784275615612, -1.6665256740383985], [3.578962801892649, -1.0626896115075892, 1.6189151232221577], [3.425130903636651, 3.699462802997417, -1.6218230198668633], [6.123626615330645, 2.431562228817597, -0.21669245351759703], [4.1618037063770625, 3.0958672789828574, 4.0744479670207205], [1.5621503687172111, 4.548842753820534, 2.595076033165646], [5.062442730347053, 9.741774504337366, 0.8183055729529185]], "name": "C5H10O2", "identifiers": {"molecule_hash": "d2d54f20891999e96ed9528d00b9ee9a5f4066b9", "molecular_formula": "C5H10O2"}, "molecular_charge": 0.0, "molecular_multiplicity": 1, "connectivity": [[0, 1, 1.0], [0, 7, 1.0], [0, 8, 1.0], [0, 9, 1.0], [1, 2, 1.0], [1, 10, 1.0], [1, 11, 1.0], [2, 3, 1.0], [2, 12, 1.0], [2, 13, 1.0], [3, 4, 1.0], [3, 14, 1.0], [3, 15, 1.0], [4, 5, 2.0], [4, 6, 1.0], [6, 16, 1.0]], "fix_com": true, "fix_orientation": true, "provenance": {"creator": "QCElemental", "version": "v0.22.0", "routine": "qcelemental.molparse.from_schema"}, "id": "120816"}, "charge": 0, "optimize_geometry": false, "conformers": [], "conformer_generation_options": {"n_conformer_pool": 4000, "n_max_conformers": 0, "rms_tolerance": 0.05, "energy_window": 15, "keep_original_conformer": true}, "stage_1_unrestrained_charges": null, "stage_1_restrained_charges": null, "stage_2_unrestrained_charges": null, "stage_2_restrained_charges": null, "keep_original_orientation": false, "reorientations": [], "translations": [], "rotations": []}], "unconstrained_atoms": [{"index": 0, "molecule": {"qcmol": {"schema_name": "qcschema_molecule", "schema_version": 2, "validated": true, "symbols": ["C", "C", "C", "C", "C", "O", "O", "H", "H", "H", "H", "H", "H", "H", "H", "H", "H"], "geometry": [[0.0, 0.0, -0.0], [2.890342301712331, -1.7082202492203314e-17, -9.153539807939552e-16], [4.091339131093413, 2.6346845276723263, 5.551115123125783e-16], [3.5637460069841387, 4.146424019848749, 2.424571303494015], [4.963492283867556, 6.623166720677463, 2.4499154712255473], [6.67732896218688, 7.145836433884362, 3.802940344955293], [4.082686233475572, 8.235211447556498, 0.7253650644431227], [-0.7713155414719427, 0.8091626718910606, 1.7192267802976333], [-0.7385620150539349, 1.0748078629598457, -1.585733781798361], [-0.7232871863043895, -1.9131181769787005, -0.1518000468558372], [3.552585604203566, -1.0005784275615612, -1.6665256740383985], [3.578962801892649, -1.0626896115075892, 1.6189151232221577], [3.425130903636651, 3.699462802997417, -1.6218230198668633], [6.123626615330645, 2.431562228817597, -0.21669245351759703], [4.1618037063770625, 3.0958672789828574, 4.0744479670207205], [1.5621503687172111, 4.548842753820534, 2.595076033165646], [5.062442730347053, 9.741774504337366, 0.8183055729529185]], "name": "C5H10O2", "identifiers": {"molecule_hash": "d2d54f20891999e96ed9528d00b9ee9a5f4066b9", "molecular_formula": "C5H10O2"}, "molecular_charge": 0.0, "molecular_multiplicity": 1, "connectivity": [[0, 1, 1.0], [0, 7, 1.0], [0, 8, 1.0], [0, 9, 1.0], [1, 2, 1.0], [1, 10, 1.0], [1, 11, 1.0], [2, 3, 1.0], [2, 12, 1.0], [2, 13, 1.0], [3, 4, 1.0], [3, 14, 1.0], [3, 15, 1.0], [4, 5, 2.0], [4, 6, 1.0], [6, 16, 1.0]], "fix_com": true, "fix_orientation": true, "provenance": {"creator": "QCElemental", "version": "v0.22.0", "routine": "qcelemental.molparse.from_schema"}, "id": "120816"}, "charge": 0, "optimize_geometry": false, "conformers": [], "conformer_generation_options": {"n_conformer_pool": 4000, "n_max_conformers": 0, "rms_tolerance": 0.05, "energy_window": 15, "keep_original_conformer": true}, "stage_1_unrestrained_charges": null, "stage_1_restrained_charges": null, "stage_2_unrestrained_charges": null, "stage_2_restrained_charges": null, "keep_original_orientation": false, "reorientations": [], "translations": [], "rotations": []}}, {"index": 1, "molecule": {"qcmol": {"schema_name": "qcschema_molecule", "schema_version": 2, "validated": true, "symbols": ["C", "C", "C", "C", "C", "O", "O", "H", "H", "H", "H", "H", "H", "H", "H", "H", "H"], "geometry": [[0.0, 0.0, -0.0], [2.890342301712331, -1.7082202492203314e-17, -9.153539807939552e-16], [4.091339131093413, 2.6346845276723263, 5.551115123125783e-16], [3.5637460069841387, 4.146424019848749, 2.424571303494015], [4.963492283867556, 6.623166720677463, 2.4499154712255473], [6.67732896218688, 7.145836433884362, 3.802940344955293], [4.082686233475572, 8.235211447556498, 0.7253650644431227], [-0.7713155414719427, 0.8091626718910606, 1.7192267802976333], [-0.7385620150539349, 1.0748078629598457, -1.585733781798361], [-0.7232871863043895, -1.9131181769787005, -0.1518000468558372], [3.552585604203566, -1.0005784275615612, -1.6665256740383985], [3.578962801892649, -1.0626896115075892, 1.6189151232221577], [3.425130903636651, 3.699462802997417, -1.6218230198668633], [6.123626615330645, 2.431562228817597, -0.21669245351759703], [4.1618037063770625, 3.0958672789828574, 4.0744479670207205], [1.5621503687172111, 4.548842753820534, 2.595076033165646], [5.062442730347053, 9.741774504337366, 0.8183055729529185]], "name": "C5H10O2", "identifiers": {"molecule_hash": "d2d54f20891999e96ed9528d00b9ee9a5f4066b9", "molecular_formula": "C5H10O2"}, "molecular_charge": 0.0, "molecular_multiplicity": 1, "connectivity": [[0, 1, 1.0], [0, 7, 1.0], [0, 8, 1.0], [0, 9, 1.0], [1, 2, 1.0], [1, 10, 1.0], [1, 11, 1.0], [2, 3, 1.0], [2, 12, 1.0], [2, 13, 1.0], [3, 4, 1.0], [3, 14, 1.0], [3, 15, 1.0], [4, 5, 2.0], [4, 6, 1.0], [6, 16, 1.0]], "fix_com": true, "fix_orientation": true, "provenance": {"creator": "QCElemental", "version": "v0.22.0", "routine": "qcelemental.molparse.from_schema"}, "id": "120816"}, "charge": 0, "optimize_geometry": false, "conformers": [], "conformer_generation_options": {"n_conformer_pool": 4000, "n_max_conformers": 0, "rms_tolerance": 0.05, "energy_window": 15, "keep_original_conformer": true}, "stage_1_unrestrained_charges": null, "stage_1_restrained_charges": null, "stage_2_unrestrained_charges": null, "stage_2_restrained_charges": null, "keep_original_orientation": false, "reorientations": [], "translations": [], "rotations": []}}, {"index": 2, "molecule": {"qcmol": {"schema_name": "qcschema_molecule", "schema_version": 2, "validated": true, "symbols": ["C", "C", "C", "C", "C", "O", "O", "H", "H", "H", "H", "H", "H", "H", "H", "H", "H"], "geometry": [[0.0, 0.0, -0.0], [2.890342301712331, -1.7082202492203314e-17, -9.153539807939552e-16], [4.091339131093413, 2.6346845276723263, 5.551115123125783e-16], [3.5637460069841387, 4.146424019848749, 2.424571303494015], [4.963492283867556, 6.623166720677463, 2.4499154712255473], [6.67732896218688, 7.145836433884362, 3.802940344955293], [4.082686233475572, 8.235211447556498, 0.7253650644431227], [-0.7713155414719427, 0.8091626718910606, 1.7192267802976333], [-0.7385620150539349, 1.0748078629598457, -1.585733781798361], [-0.7232871863043895, -1.9131181769787005, -0.1518000468558372], [3.552585604203566, -1.0005784275615612, -1.6665256740383985], [3.578962801892649, -1.0626896115075892, 1.6189151232221577], [3.425130903636651, 3.699462802997417, -1.6218230198668633], [6.123626615330645, 2.431562228817597, -0.21669245351759703], [4.1618037063770625, 3.0958672789828574, 4.0744479670207205], [1.5621503687172111, 4.548842753820534, 2.595076033165646], [5.062442730347053, 9.741774504337366, 0.8183055729529185]], "name": "C5H10O2", "identifiers": {"molecule_hash": "d2d54f20891999e96ed9528d00b9ee9a5f4066b9", "molecular_formula": "C5H10O2"}, "molecular_charge": 0.0, "molecular_multiplicity": 1, "connectivity": [[0, 1, 1.0], [0, 7, 1.0], [0, 8, 1.0], [0, 9, 1.0], [1, 2, 1.0], [1, 10, 1.0], [1, 11, 1.0], [2, 3, 1.0], [2, 12, 1.0], [2, 13, 1.0], [3, 4, 1.0], [3, 14, 1.0], [3, 15, 1.0], [4, 5, 2.0], [4, 6, 1.0], [6, 16, 1.0]], "fix_com": true, "fix_orientation": true, "provenance": {"creator": "QCElemental", "version": "v0.22.0", "routine": "qcelemental.molparse.from_schema"}, "id": "120816"}, "charge": 0, "optimize_geometry": false, "conformers": [], "conformer_generation_options": {"n_conformer_pool": 4000, "n_max_conformers": 0, "rms_tolerance": 0.05, "energy_window": 15, "keep_original_conformer": true}, "stage_1_unrestrained_charges": null, "stage_1_restrained_charges": null, "stage_2_unrestrained_charges": null, "stage_2_restrained_charges": null, "keep_original_orientation": false, "reorientations": [], "translations": [], "rotations": []}}, {"index": 3, "molecule": {"qcmol": {"schema_name": "qcschema_molecule", "schema_version": 2, "validated": true, "symbols": ["C", "C", "C", "C", "C", "O", "O", "H", "H", "H", "H", "H", "H", "H", "H", "H", "H"], "geometry": [[0.0, 0.0, -0.0], [2.890342301712331, -1.7082202492203314e-17, -9.153539807939552e-16], [4.091339131093413, 2.6346845276723263, 5.551115123125783e-16], [3.5637460069841387, 4.146424019848749, 2.424571303494015], [4.963492283867556, 6.623166720677463, 2.4499154712255473], [6.67732896218688, 7.145836433884362, 3.802940344955293], [4.082686233475572, 8.235211447556498, 0.7253650644431227], [-0.7713155414719427, 0.8091626718910606, 1.7192267802976333], [-0.7385620150539349, 1.0748078629598457, -1.585733781798361], [-0.7232871863043895, -1.9131181769787005, -0.1518000468558372], [3.552585604203566, -1.0005784275615612, -1.6665256740383985], [3.578962801892649, -1.0626896115075892, 1.6189151232221577], [3.425130903636651, 3.699462802997417, -1.6218230198668633], [6.123626615330645, 2.431562228817597, -0.21669245351759703], [4.1618037063770625, 3.0958672789828574, 4.0744479670207205], [1.5621503687172111, 4.548842753820534, 2.595076033165646], [5.062442730347053, 9.741774504337366, 0.8183055729529185]], "name": "C5H10O2", "identifiers": {"molecule_hash": "d2d54f20891999e96ed9528d00b9ee9a5f4066b9", "molecular_formula": "C5H10O2"}, "molecular_charge": 0.0, "molecular_multiplicity": 1, "connectivity": [[0, 1, 1.0], [0, 7, 1.0], [0, 8, 1.0], [0, 9, 1.0], [1, 2, 1.0], [1, 10, 1.0], [1, 11, 1.0], [2, 3, 1.0], [2, 12, 1.0], [2, 13, 1.0], [3, 4, 1.0], [3, 14, 1.0], [3, 15, 1.0], [4, 5, 2.0], [4, 6, 1.0], [6, 16, 1.0]], "fix_com": true, "fix_orientation": true, "provenance": {"creator": "QCElemental", "version": "v0.22.0", "routine": "qcelemental.molparse.from_schema"}, "id": "120816"}, "charge": 0, "optimize_geometry": false, "conformers": [], "conformer_generation_options": {"n_conformer_pool": 4000, "n_max_conformers": 0, "rms_tolerance": 0.05, "energy_window": 15, "keep_original_conformer": true}, "stage_1_unrestrained_charges": null, "stage_1_restrained_charges": null, "stage_2_unrestrained_charges": null, "stage_2_restrained_charges": null, "keep_original_orientation": false, "reorientations": [], "translations": [], "rotations": []}}]}, "surface_constraints": {"matrix": [[252888538373507.78, 244613689869530.66, 234044542925048.6, 224325180623119.8, 215284144570788.47, 210468937996779.5, 208745127627238.06, 253931394972457.06, 254274505330531.56, 253658792043960.9, 243788796986352.72, 243665577778734.44, 233133636236564.25, 231882880486143.94, 221093680505216.25, 224560973477869.28, 199788136037815.66], [244613689869530.66, 251033958212343.66, 243567493075986.1, 233418823919805.97, 222793288071018.44, 217447724493845.1, 215221568575903.6, 242025708542198.44, 242162273262121.78, 241728989812652.8, 254538448237989.25, 254389558714208.84, 243096736004714.22, 243232154020222.62, 231282293422827.28, 233210979070824.1, 205411880894107.38], [234044542925048.6, 243567493075986.1, 249843294881207.06, 242492799431513.75, 233073960420736.97, 227549869533260.16, 226437864102458.72, 229184371764876.0, 233306320335296.62, 230135869614877.8, 243192894910557.66, 243083113794925.38, 253405227973675.38, 253709435258138.8, 241781642537179.9, 241667451435415.78, 216303890034771.47], [224325180623119.8, 233418823919805.97, 242492799431513.75, 248877384942318.34, 242136564448103.4, 236483549884793.34, 236702799717169.6, 219792865405705.53, 224968441065090.25, 219387520916055.78, 232635621542499.44, 231412904785518.75, 242011711494329.7, 242470913648834.75, 252284295461539.16, 252272515633934.0, 227031123749489.0], [215284144570788.47, 222793288071018.44, 233073960420736.97, 242136564448103.4, 248474120656816.62, 248587829847351.62, 246454318772423.44, 210586627878901.44, 217565336961794.47, 210324639450298.2, 220448948415191.5, 220670095003460.88, 233232874771253.2, 231896064186389.84, 241770934780163.97, 241882817877110.97, 243633561398774.8], [210468937996779.5, 217447724493845.1, 227549869533260.16, 236483549884793.34, 248587829847351.62, 259416056142637.44, 240170217810563.9, 206446252787330.44, 212987808189362.25, 205132268705686.97, 214132221706308.1, 216182907715855.3, 226689592930727.88, 227433151950216.22, 234222719031156.06, 233999371829569.78, 241974064564606.6], [208745127627238.06, 215221568575903.6, 226437864102458.72, 236702799717169.6, 246454318772423.44, 240170217810563.9, 257354534783108.47, 203042017852063.34, 212071665816408.1, 204660570153939.12, 212777847211048.62, 211795762532004.72, 228738590769161.12, 223140131825249.2, 235400889165640.72, 236141729058248.0, 255987418216160.97], [253931394972457.06, 242025708542198.44, 229184371764876.0, 219792865405705.53, 210586627878901.44, 206446252787330.44, 203042017852063.34, 265785627037077.03, 251566319668015.72, 250673781799026.5, 239355138534571.6, 242063787801707.1, 227038104313048.06, 226572547261683.3, 215470448868780.53, 221461597737323.06, 194346813476079.6], [254274505330531.56, 242162273262121.78, 233306320335296.62, 224968441065090.25, 217565336961794.47, 212987808189362.25, 212071665816408.1, 251566319668015.72, 266668494509010.84, 251193956556396.6, 240590178121120.22, 237736667674190.44, 234960761011991.97, 228580344707012.88, 220925705949436.47, 225881628418242.47, 203303851176757.34], [253658792043960.9, 241728989812652.8, 230135869614877.8, 219387520916055.78, 210324639450298.2, 205132268705686.97, 204660570153939.12, 250673781799026.5, 251193956556396.6, 265444144009822.3, 240026093304991.06, 239801524502072.97, 227621224294075.4, 229795663185640.25, 217287801433805.47, 217914902618683.1, 196058771581896.53], [243788796986352.72, 254538448237989.25, 243192894910557.66, 232635621542499.44, 220448948415191.5, 214132221706308.1, 212777847211048.62, 239355138534571.6, 240590178121120.22, 240026093304991.06, 268781852688289.66, 253769030816536.6, 240831741624715.75, 241913501205266.78, 230799960813658.88, 233023284266205.62, 202336900635592.78], [243665577778734.44, 254389558714208.84, 243083113794925.38, 231412904785518.75, 220670095003460.88, 216182907715855.3, 211795762532004.72, 242063787801707.1, 237736667674190.44, 239801524502072.97, 253769030816536.6, 268452706354038.84, 241668269899117.88, 241904519371345.84, 228924523680160.06, 230599893259285.5, 202567023471708.7], [233133636236564.25, 243096736004714.22, 253405227973675.38, 242011711494329.7, 233232874771253.2, 226689592930727.88, 228738590769161.12, 227038104313048.06, 234960761011991.97, 227621224294075.4, 240831741624715.75, 241668269899117.88, 267436222043525.84, 253312587267992.38, 238383505422938.3, 240460955573350.75, 218047877900511.66], [231882880486143.94, 243232154020222.62, 253709435258138.8, 242470913648834.75, 231896064186389.84, 227433151950216.22, 223140131825249.2, 226572547261683.3, 228580344707012.88, 229795663185640.25, 241913501205266.78, 241904519371345.84, 253312587267992.38, 267984251089900.5, 242651914375898.47, 238560464519708.8, 212997608886520.56], [221093680505216.25, 231282293422827.28, 241781642537179.9, 252284295461539.16, 241770934780163.97, 234222719031156.06, 235400889165640.72, 215470448868780.53, 220925705949436.47, 217287801433805.47, 230799960813658.88, 228924523680160.06, 238383505422938.3, 242651914375898.47, 266053822837243.7, 251648616210199.1, 223889667418493.56], [224560973477869.28, 233210979070824.1, 241667451435415.78, 252272515633934.0, 241882817877110.97, 233999371829569.78, 236141729058248.0, 221461597737323.06, 225881628418242.47, 217914902618683.1, 233023284266205.62, 230599893259285.5, 240460955573350.75, 238560464519708.8, 251648616210199.1, 265950925576009.22, 224466161504733.1], [199788136037815.66, 205411880894107.38, 216303890034771.47, 227031123749489.0, 243633561398774.8, 241974064564606.6, 255987418216160.97, 194346813476079.6, 203303851176757.34, 196058771581896.53, 202336900635592.78, 202567023471708.7, 218047877900511.66, 212997608886520.56, 223889667418493.56, 224466161504733.1, 263792398816473.56], [1342619077246.7913, 1618986101616.32, 1095319046783.4297, 368774390244.8437, -1773973515646.819, -5054239773085.453, -209087979022.36774, 1278783244901.076, 927569622845.8448, 1592300660855.111, 2097585838246.5361, 1707278700383.0618, 1126986965356.121, 1084501749271.1624, 1019114938999.2515, 984276504840.7582, 328356027141.06415]]}}