{"resp_b": 0.1, "restrained_fit": true, "exclude_hydrogens": true, "convergence_tolerance": 1e-06, "max_iter": 500, "resp_a": 0.0005, "charge_constraints": {"charge_sum_constraints": [], "charge_equivalence_constraints": [], "molecules": [{"qcmol": {"schema_name": "qcschema_molecule", "schema_version": 2, "validated": true, "symbols": ["C", "C", "C", "C", "C", "O", "O", "H", "H", "H", "H", "H", "H", "H", "H", "H", "H"], "geometry": [[0.0, 0.0, -0.0], [2.890342301712331, -1.7082202492203314e-17, -9.153539807939552e-16], [4.091339131093413, 2.6346845276723263, 5.551115123125783e-16], [3.5637460069841387, 4.146424019848749, 2.424571303494015], [4.963492283867556, 6.623166720677463, 2.4499154712255473], [6.67732896218688, 7.145836433884362, 3.802940344955293], [4.082686233475572, 8.235211447556498, 0.7253650644431227], [-0.7713155414719427, 0.8091626718910606, 1.7192267802976333], [-0.7385620150539349, 1.0748078629598457, -1.585733781798361], [-0.7232871863043895, -1.9131181769787005, -0.1518000468558372], [3.552585604203566, -1.0005784275615612, -1.6665256740383985], [3.578962801892649, -1.0626896115075892, 1.6189151232221577], [3.425130903636651, 3.699462802997417, -1.6218230198668633], [6.123626615330645, 2.431562228817597, -0.21669245351759703], [4.1618037063770625, 3.0958672789828574, 4.0744479670207205], [1.5621503687172111, 4.548842753820534, 2.595076033165646], [5.062442730347053, 9.741774504337366, 0.8183055729529185]], "name": "C5H10O2", "identifiers": {"molecule_hash": "d2d54f20891999e96ed9528d00b9ee9a5f4066b9", "molecular_formula": "C5H10O2"}, "molecular_charge": 0.0, "molecular_multiplicity": 1, "connectivity": [[0, 1, 1.0], [0, 7, 1.0], [0, 8, 1.0], [0, 9, 1.0], [1, 2, 1.0], [1, 10, 1.0], [1, 11, 1.0], [2, 3, 1.0], [2, 12, 1.0], [2, 13, 1.0], [3, 4, 1.0], [3, 14, 1.0], [3, 15, 1.0], [4, 5, 2.0], [4, 6, 1.0], [6, 16, 1.0]], "fix_com": true, "fix_orientation": true, "provenance": {"creator": "QCElemental", "version": "v0.22.0", "routine": "qcelemental.molparse.from_schema"}, "id": "120816"}, "charge": 0, "optimize_geometry": false, "conformers": [], "conformer_generation_options": {"n_conformer_pool": 4000, "n_max_conformers": 0, "rms_tolerance": 0.05, "energy_window": 15, "keep_original_conformer": true}, "stage_1_unrestrained_charges": null, "stage_1_restrained_charges": null, "stage_2_unrestrained_charges": null, "stage_2_restrained_charges": null, "keep_original_orientation": false, "reorientations": [], "translations": [], "rotations": []}], "unconstrained_atoms": [{"index": 0, "molecule": {"qcmol": {"schema_name": "qcschema_molecule", "schema_version": 2, "validated": true, "symbols": ["C", "C", "C", "C", "C", "O", "O", "H", "H", "H", "H", "H", "H", "H", "H", "H", "H"], "geometry": [[0.0, 0.0, -0.0], [2.890342301712331, -1.7082202492203314e-17, -9.153539807939552e-16], [4.091339131093413, 2.6346845276723263, 5.551115123125783e-16], [3.5637460069841387, 4.146424019848749, 2.424571303494015], [4.963492283867556, 6.623166720677463, 2.4499154712255473], [6.67732896218688, 7.145836433884362, 3.802940344955293], [4.082686233475572, 8.235211447556498, 0.7253650644431227], [-0.7713155414719427, 0.8091626718910606, 1.7192267802976333], [-0.7385620150539349, 1.0748078629598457, -1.585733781798361], [-0.7232871863043895, -1.9131181769787005, -0.1518000468558372], [3.552585604203566, -1.0005784275615612, -1.6665256740383985], [3.578962801892649, -1.0626896115075892, 1.6189151232221577], [3.425130903636651, 3.699462802997417, -1.6218230198668633], [6.123626615330645, 2.431562228817597, -0.21669245351759703], [4.1618037063770625, 3.0958672789828574, 4.0744479670207205], [1.5621503687172111, 4.548842753820534, 2.595076033165646], [5.062442730347053, 9.741774504337366, 0.8183055729529185]], "name": "C5H10O2", "identifiers": {"molecule_hash": "d2d54f20891999e96ed9528d00b9ee9a5f4066b9", "molecular_formula": "C5H10O2"}, "molecular_charge": 0.0, "molecular_multiplicity": 1, "connectivity": [[0, 1, 1.0], [0, 7, 1.0], [0, 8, 1.0], [0, 9, 1.0], [1, 2, 1.0], [1, 10, 1.0], [1, 11, 1.0], [2, 3, 1.0], [2, 12, 1.0], [2, 13, 1.0], [3, 4, 1.0], [3, 14, 1.0], [3, 15, 1.0], [4, 5, 2.0], [4, 6, 1.0], [6, 16, 1.0]], "fix_com": true, "fix_orientation": true, "provenance": {"creator": "QCElemental", "version": "v0.22.0", "routine": "qcelemental.molparse.from_schema"}, "id": "120816"}, "charge": 0, "optimize_geometry": false, "conformers": [], "conformer_generation_options": {"n_conformer_pool": 4000, "n_max_conformers": 0, "rms_tolerance": 0.05, "energy_window": 15, "keep_original_conformer": true}, "stage_1_unrestrained_charges": null, "stage_1_restrained_charges": null, "stage_2_unrestrained_charges": null, "stage_2_restrained_charges": null, "keep_original_orientation": false, "reorientations": [], "translations": [], "rotations": []}}, {"index": 1, "molecule": {"qcmol": {"schema_name": "qcschema_molecule", "schema_version": 2, "validated": true, "symbols": ["C", "C", "C", "C", "C", "O", "O", "H", "H", "H", "H", "H", "H", "H", "H", "H", "H"], "geometry": [[0.0, 0.0, -0.0], [2.890342301712331, -1.7082202492203314e-17, -9.153539807939552e-16], [4.091339131093413, 2.6346845276723263, 5.551115123125783e-16], [3.5637460069841387, 4.146424019848749, 2.424571303494015], [4.963492283867556, 6.623166720677463, 2.4499154712255473], [6.67732896218688, 7.145836433884362, 3.802940344955293], [4.082686233475572, 8.235211447556498, 0.7253650644431227], [-0.7713155414719427, 0.8091626718910606, 1.7192267802976333], [-0.7385620150539349, 1.0748078629598457, -1.585733781798361], [-0.7232871863043895, -1.9131181769787005, -0.1518000468558372], [3.552585604203566, -1.0005784275615612, -1.6665256740383985], [3.578962801892649, -1.0626896115075892, 1.6189151232221577], [3.425130903636651, 3.699462802997417, -1.6218230198668633], [6.123626615330645, 2.431562228817597, -0.21669245351759703], [4.1618037063770625, 3.0958672789828574, 4.0744479670207205], [1.5621503687172111, 4.548842753820534, 2.595076033165646], [5.062442730347053, 9.741774504337366, 0.8183055729529185]], "name": "C5H10O2", "identifiers": {"molecule_hash": "d2d54f20891999e96ed9528d00b9ee9a5f4066b9", "molecular_formula": "C5H10O2"}, "molecular_charge": 0.0, "molecular_multiplicity": 1, "connectivity": [[0, 1, 1.0], [0, 7, 1.0], [0, 8, 1.0], [0, 9, 1.0], [1, 2, 1.0], [1, 10, 1.0], [1, 11, 1.0], [2, 3, 1.0], [2, 12, 1.0], [2, 13, 1.0], [3, 4, 1.0], [3, 14, 1.0], [3, 15, 1.0], [4, 5, 2.0], [4, 6, 1.0], [6, 16, 1.0]], "fix_com": true, "fix_orientation": true, "provenance": {"creator": "QCElemental", "version": "v0.22.0", "routine": "qcelemental.molparse.from_schema"}, "id": "120816"}, "charge": 0, "optimize_geometry": false, "conformers": [], "conformer_generation_options": {"n_conformer_pool": 4000, "n_max_conformers": 0, "rms_tolerance": 0.05, "energy_window": 15, "keep_original_conformer": true}, "stage_1_unrestrained_charges": null, "stage_1_restrained_charges": null, "stage_2_unrestrained_charges": null, "stage_2_restrained_charges": null, "keep_original_orientation": false, "reorientations": [], "translations": [], "rotations": []}}, {"index": 2, "molecule": {"qcmol": {"schema_name": "qcschema_molecule", "schema_version": 2, "validated": true, "symbols": ["C", "C", "C", "C", "C", "O", "O", "H", "H", "H", "H", "H", "H", "H", "H", "H", "H"], "geometry": [[0.0, 0.0, -0.0], [2.890342301712331, -1.7082202492203314e-17, -9.153539807939552e-16], [4.091339131093413, 2.6346845276723263, 5.551115123125783e-16], [3.5637460069841387, 4.146424019848749, 2.424571303494015], [4.963492283867556, 6.623166720677463, 2.4499154712255473], [6.67732896218688, 7.145836433884362, 3.802940344955293], [4.082686233475572, 8.235211447556498, 0.7253650644431227], [-0.7713155414719427, 0.8091626718910606, 1.7192267802976333], [-0.7385620150539349, 1.0748078629598457, -1.585733781798361], [-0.7232871863043895, -1.9131181769787005, -0.1518000468558372], [3.552585604203566, -1.0005784275615612, -1.6665256740383985], [3.578962801892649, -1.0626896115075892, 1.6189151232221577], [3.425130903636651, 3.699462802997417, -1.6218230198668633], [6.123626615330645, 2.431562228817597, -0.21669245351759703], [4.1618037063770625, 3.0958672789828574, 4.0744479670207205], [1.5621503687172111, 4.548842753820534, 2.595076033165646], [5.062442730347053, 9.741774504337366, 0.8183055729529185]], "name": "C5H10O2", "identifiers": {"molecule_hash": "d2d54f20891999e96ed9528d00b9ee9a5f4066b9", "molecular_formula": "C5H10O2"}, "molecular_charge": 0.0, "molecular_multiplicity": 1, "connectivity": [[0, 1, 1.0], [0, 7, 1.0], [0, 8, 1.0], [0, 9, 1.0], [1, 2, 1.0], [1, 10, 1.0], [1, 11, 1.0], [2, 3, 1.0], [2, 12, 1.0], [2, 13, 1.0], [3, 4, 1.0], [3, 14, 1.0], [3, 15, 1.0], [4, 5, 2.0], [4, 6, 1.0], [6, 16, 1.0]], "fix_com": true, "fix_orientation": true, "provenance": {"creator": "QCElemental", "version": "v0.22.0", "routine": "qcelemental.molparse.from_schema"}, "id": "120816"}, "charge": 0, "optimize_geometry": false, "conformers": [], "conformer_generation_options": {"n_conformer_pool": 4000, "n_max_conformers": 0, "rms_tolerance": 0.05, "energy_window": 15, "keep_original_conformer": true}, "stage_1_unrestrained_charges": null, "stage_1_restrained_charges": null, "stage_2_unrestrained_charges": null, "stage_2_restrained_charges": null, "keep_original_orientation": false, "reorientations": [], "translations": [], "rotations": []}}, {"index": 3, "molecule": {"qcmol": {"schema_name": "qcschema_molecule", "schema_version": 2, "validated": true, "symbols": ["C", "C", "C", "C", "C", "O", "O", "H", "H", "H", "H", "H", "H", "H", "H", "H", "H"], "geometry": [[0.0, 0.0, -0.0], [2.890342301712331, -1.7082202492203314e-17, -9.153539807939552e-16], [4.091339131093413, 2.6346845276723263, 5.551115123125783e-16], [3.5637460069841387, 4.146424019848749, 2.424571303494015], [4.963492283867556, 6.623166720677463, 2.4499154712255473], [6.67732896218688, 7.145836433884362, 3.802940344955293], [4.082686233475572, 8.235211447556498, 0.7253650644431227], [-0.7713155414719427, 0.8091626718910606, 1.7192267802976333], [-0.7385620150539349, 1.0748078629598457, -1.585733781798361], [-0.7232871863043895, -1.9131181769787005, -0.1518000468558372], [3.552585604203566, -1.0005784275615612, -1.6665256740383985], [3.578962801892649, -1.0626896115075892, 1.6189151232221577], [3.425130903636651, 3.699462802997417, -1.6218230198668633], [6.123626615330645, 2.431562228817597, -0.21669245351759703], [4.1618037063770625, 3.0958672789828574, 4.0744479670207205], [1.5621503687172111, 4.548842753820534, 2.595076033165646], [5.062442730347053, 9.741774504337366, 0.8183055729529185]], "name": "C5H10O2", "identifiers": {"molecule_hash": "d2d54f20891999e96ed9528d00b9ee9a5f4066b9", "molecular_formula": "C5H10O2"}, "molecular_charge": 0.0, "molecular_multiplicity": 1, "connectivity": [[0, 1, 1.0], [0, 7, 1.0], [0, 8, 1.0], [0, 9, 1.0], [1, 2, 1.0], [1, 10, 1.0], [1, 11, 1.0], [2, 3, 1.0], [2, 12, 1.0], [2, 13, 1.0], [3, 4, 1.0], [3, 14, 1.0], [3, 15, 1.0], [4, 5, 2.0], [4, 6, 1.0], [6, 16, 1.0]], "fix_com": true, "fix_orientation": true, "provenance": {"creator": "QCElemental", "version": "v0.22.0", "routine": "qcelemental.molparse.from_schema"}, "id": "120816"}, "charge": 0, "optimize_geometry": false, "conformers": [], "conformer_generation_options": {"n_conformer_pool": 4000, "n_max_conformers": 0, "rms_tolerance": 0.05, "energy_window": 15, "keep_original_conformer": true}, "stage_1_unrestrained_charges": null, "stage_1_restrained_charges": null, "stage_2_unrestrained_charges": null, "stage_2_restrained_charges": null, "keep_original_orientation": false, "reorientations": [], "translations": [], "rotations": []}}]}, "surface_constraints": {"matrix": [[252900217067637.47, 244624985661254.72, 234055349214131.7, 224335553610276.47, 215294090506726.75, 210478667721864.72, 208754759026864.38, 253943124526972.66, 254286249320410.6, 253670504346533.72, 243800055127671.75, 243676830167573.47, 233144386972899.44, 231893587693259.22, 221103920387462.94, 224571360721033.97, 199797349717578.75], [244624985661254.72, 251045550704923.16, 243578740056288.8, 233429601913482.75, 222803575596395.88, 217457771142455.5, 215231499418111.03, 242036887032367.94, 242173457057694.34, 241740150464165.7, 254550203373328.3, 254401306418554.44, 243107961545418.4, 243243385657963.84, 231292983284946.88, 233221738820513.78, 205421358920448.78], [234055349214131.7, 243578740056288.8, 249854830778348.1, 242503996336718.6, 233084723543174.44, 227560385480895.6, 226448311324094.1, 229194958214369.97, 233317094017682.6, 230146490549614.12, 243204126897863.78, 243094337965330.1, 253416927705833.84, 253721149839652.0, 241792808154549.22, 241678610200295.6, 216313871291476.16], [224335553610276.47, 233429601913482.75, 242503996336718.6, 248888878213072.03, 242147746968861.78, 236494471289449.9, 236713731882027.56, 219803049960631.3, 224978839323498.06, 219397661255836.3, 232646339693073.94, 231423601656299.12, 242022885801325.1, 242482109554418.1, 252295948836656.84, 252284165063577.28, 227041608369519.03], [215294090506726.75, 222803575596395.88, 233084723543174.44, 242147746968861.78, 248485596229861.84, 248599310873740.9, 246465701198232.12, 210596382894869.94, 217575383451248.84, 210334339654333.06, 220459115266825.3, 220680292079910.84, 233243636300916.72, 231906782835098.12, 241782103531399.47, 241893987236519.97, 243644812823681.7], [210478667721864.72, 217457771142455.5, 227560385480895.6, 236494471289449.9, 248599310873740.9, 259428038128248.6, 240181310196082.72, 206455822313458.97, 212997643624422.0, 205141740673285.9, 214142099472971.78, 216192905040129.16, 226700053073797.62, 227443686555529.84, 234233561931707.6, 234010147262929.94, 241985240052835.7], [208754759026864.38, 215231499418111.03, 226448311324094.1, 236713731882027.56, 246465701198232.12, 240181310196082.72, 257366419826839.28, 203051414848334.28, 212081454467041.8, 204669981428506.25, 212787665033151.56, 211805537223058.06, 228749138986332.62, 223150424116600.84, 235411736301809.3, 236152670710385.06, 255999239250061.3], [253943124526972.66, 242036887032367.94, 229194958214369.97, 219803049960631.3, 210596382894869.94, 206455822313458.97, 203051414848334.28, 265797906640474.6, 251577941424194.1, 250685359511314.84, 239366183052567.84, 242074977329249.97, 227048574889115.8, 226583005417961.75, 215480453141205.6, 221471866981050.03, 194355805368565.22], [254286249320410.6, 242173457057694.34, 233317094017682.6, 224978839323498.06, 217575383451248.84, 212997643624422.0, 212081454467041.8, 251577941424194.1, 266680812580374.78, 251205555811615.12, 240601300136234.94, 237747636601163.12, 234971603366563.06, 228590900022039.5, 220935930425161.75, 225892070558783.8, 203313227297645.3], [253670504346533.72, 241740150464165.7, 230146490549614.12, 219397661255836.3, 210334339654333.06, 205141740673285.9, 204669981428506.25, 250685359511314.84, 251205555811615.12, 265456398107950.75, 240037176157813.12, 239812598485154.62, 227631703959425.2, 229806278785551.34, 217297864443984.34, 217924984383470.44, 196067780937782.1], [243800055127671.75, 254550203373328.3, 243204126897863.78, 232646339693073.94, 220459115266825.3, 214142099472971.78, 212787665033151.56, 239366183052567.84, 240601300136234.94, 240037176157813.12, 268794265044066.7, 253780750660399.38, 240842898766854.22, 241924662981000.9, 230810591062051.3, 233033999976049.75, 202346238506738.1], [243676830167573.47, 254401306418554.44, 243094337965330.1, 231423601656299.12, 220680292079910.84, 216192905040129.16, 211805537223058.06, 242074977329249.97, 237747636601163.12, 239812598485154.62, 253780750660399.38, 268465104505280.88, 241679407597101.72, 241915699935254.66, 228935130697257.78, 230610540011727.9, 202576372228562.6], [233144386972899.44, 243107961545418.4, 253416927705833.84, 242022885801325.1, 233243636300916.72, 226700053073797.62, 228749138986332.62, 227048574889115.8, 234971603366563.06, 227631703959425.2, 240842898766854.22, 241679407597101.72, 267448568009205.88, 253324282552138.4, 238394508266176.38, 240472070900419.72, 218057931073020.78], [231893587693259.22, 243243385657963.84, 253721149839652.0, 242482109554418.1, 231906782835098.12, 227443686555529.84, 223150424116600.84, 226583005417961.75, 228590900022039.5, 229806278785551.34, 241924662981000.9, 241915699935254.66, 253324282552138.4, 267996625426939.03, 242663116867928.4, 238571475203706.5, 213007441882090.9], [221103920387462.94, 231292983284946.88, 241792808154549.22, 252295948836656.84, 241782103531399.47, 234233561931707.6, 235411736301809.3, 215480453141205.6, 220935930425161.75, 217297864443984.34, 230810591062051.3, 228935130697257.78, 238394508266176.38, 242663116867928.4, 266066114608124.56, 251660240274954.06, 223899990284340.78], [224571360721033.97, 233221738820513.78, 241678610200295.6, 252284165063577.28, 241893987236519.97, 234010147262929.94, 236152670710385.06, 221471866981050.03, 225892070558783.8, 217924984383470.44, 233033999976049.75, 230610540011727.9, 240472070900419.72, 238571475203706.5, 251660240274954.06, 265963205113865.3, 224476552230823.9], [199797349717578.75, 205421358920448.78, 216313871291476.16, 227041608369519.03, 243644812823681.7, 241985240052835.7, 255999239250061.3, 194355805368565.22, 203313227297645.3, 196067780937782.1, 202346238506738.1, 202576372228562.6, 218057931073020.78, 213007441882090.9, 223899990284340.78, 224476552230823.9, 263804580080966.25], [1472345729773.5063, 1885168992875.5332, 1339282014229.725, 558366420181.6345, -2164068909745.5974, -6252548962148.625, -136779146848.03897, 1349390082899.9495, 956750268883.3423, 1768315512415.71, 2520952482947.8447, 1930416591498.1633, 1419105231893.792, 1284363649071.0852, 1396390319719.8335, 1400338843198.0212, 181178478606.80695]]}}