{"resp_b": 0.1, "restrained_fit": true, "exclude_hydrogens": true, "convergence_tolerance": 1e-06, "max_iter": 500, "resp_a": 0.0005, "charge_constraints": {"charge_sum_constraints": [], "charge_equivalence_constraints": [], "molecules": [{"qcmol": {"schema_name": "qcschema_molecule", "schema_version": 2, "validated": true, "symbols": ["C", "C", "C", "C", "C", "O", "O", "H", "H", "H", "H", "H", "H", "H", "H", "H", "H"], "geometry": [[0.0, 0.0, -0.0], [2.890342301712331, -1.7082202492203314e-17, -9.153539807939552e-16], [4.091339131093413, 2.6346845276723263, 5.551115123125783e-16], [3.5637460069841387, 4.146424019848749, 2.424571303494015], [4.963492283867556, 6.623166720677463, 2.4499154712255473], [6.67732896218688, 7.145836433884362, 3.802940344955293], [4.082686233475572, 8.235211447556498, 0.7253650644431227], [-0.7713155414719427, 0.8091626718910606, 1.7192267802976333], [-0.7385620150539349, 1.0748078629598457, -1.585733781798361], [-0.7232871863043895, -1.9131181769787005, -0.1518000468558372], [3.552585604203566, -1.0005784275615612, -1.6665256740383985], [3.578962801892649, -1.0626896115075892, 1.6189151232221577], [3.425130903636651, 3.699462802997417, -1.6218230198668633], [6.123626615330645, 2.431562228817597, -0.21669245351759703], [4.1618037063770625, 3.0958672789828574, 4.0744479670207205], [1.5621503687172111, 4.548842753820534, 2.595076033165646], [5.062442730347053, 9.741774504337366, 0.8183055729529185]], "name": "C5H10O2", "identifiers": {"molecule_hash": "d2d54f20891999e96ed9528d00b9ee9a5f4066b9", "molecular_formula": "C5H10O2"}, "molecular_charge": 0.0, "molecular_multiplicity": 1, "connectivity": [[0, 1, 1.0], [0, 7, 1.0], [0, 8, 1.0], [0, 9, 1.0], [1, 2, 1.0], [1, 10, 1.0], [1, 11, 1.0], [2, 3, 1.0], [2, 12, 1.0], [2, 13, 1.0], [3, 4, 1.0], [3, 14, 1.0], [3, 15, 1.0], [4, 5, 2.0], [4, 6, 1.0], [6, 16, 1.0]], "fix_com": true, "fix_orientation": true, "provenance": {"creator": "QCElemental", "version": "v0.22.0", "routine": "qcelemental.molparse.from_schema"}, "id": "120816"}, "charge": 0, "optimize_geometry": false, "conformers": [], "conformer_generation_options": {"n_conformer_pool": 4000, "n_max_conformers": 0, "rms_tolerance": 0.05, "energy_window": 15, "keep_original_conformer": true}, "stage_1_unrestrained_charges": null, "stage_1_restrained_charges": null, "stage_2_unrestrained_charges": null, "stage_2_restrained_charges": null, "keep_original_orientation": false, "reorientations": [], "translations": [], "rotations": []}], "unconstrained_atoms": [{"index": 0, "molecule": {"qcmol": {"schema_name": "qcschema_molecule", "schema_version": 2, "validated": true, "symbols": ["C", "C", "C", "C", "C", "O", "O", "H", "H", "H", "H", "H", "H", "H", "H", "H", "H"], "geometry": [[0.0, 0.0, -0.0], [2.890342301712331, -1.7082202492203314e-17, -9.153539807939552e-16], [4.091339131093413, 2.6346845276723263, 5.551115123125783e-16], [3.5637460069841387, 4.146424019848749, 2.424571303494015], [4.963492283867556, 6.623166720677463, 2.4499154712255473], [6.67732896218688, 7.145836433884362, 3.802940344955293], [4.082686233475572, 8.235211447556498, 0.7253650644431227], [-0.7713155414719427, 0.8091626718910606, 1.7192267802976333], [-0.7385620150539349, 1.0748078629598457, -1.585733781798361], [-0.7232871863043895, -1.9131181769787005, -0.1518000468558372], [3.552585604203566, -1.0005784275615612, -1.6665256740383985], [3.578962801892649, -1.0626896115075892, 1.6189151232221577], [3.425130903636651, 3.699462802997417, -1.6218230198668633], [6.123626615330645, 2.431562228817597, -0.21669245351759703], [4.1618037063770625, 3.0958672789828574, 4.0744479670207205], [1.5621503687172111, 4.548842753820534, 2.595076033165646], [5.062442730347053, 9.741774504337366, 0.8183055729529185]], "name": "C5H10O2", "identifiers": {"molecule_hash": "d2d54f20891999e96ed9528d00b9ee9a5f4066b9", "molecular_formula": "C5H10O2"}, "molecular_charge": 0.0, "molecular_multiplicity": 1, "connectivity": [[0, 1, 1.0], [0, 7, 1.0], [0, 8, 1.0], [0, 9, 1.0], [1, 2, 1.0], [1, 10, 1.0], [1, 11, 1.0], [2, 3, 1.0], [2, 12, 1.0], [2, 13, 1.0], [3, 4, 1.0], [3, 14, 1.0], [3, 15, 1.0], [4, 5, 2.0], [4, 6, 1.0], [6, 16, 1.0]], "fix_com": true, "fix_orientation": true, "provenance": {"creator": "QCElemental", "version": "v0.22.0", "routine": "qcelemental.molparse.from_schema"}, "id": "120816"}, "charge": 0, "optimize_geometry": false, "conformers": [], "conformer_generation_options": {"n_conformer_pool": 4000, "n_max_conformers": 0, "rms_tolerance": 0.05, "energy_window": 15, "keep_original_conformer": true}, "stage_1_unrestrained_charges": null, "stage_1_restrained_charges": null, "stage_2_unrestrained_charges": null, "stage_2_restrained_charges": null, "keep_original_orientation": false, "reorientations": [], "translations": [], "rotations": []}}, {"index": 1, "molecule": {"qcmol": {"schema_name": "qcschema_molecule", "schema_version": 2, "validated": true, "symbols": ["C", "C", "C", "C", "C", "O", "O", "H", "H", "H", "H", "H", "H", "H", "H", "H", "H"], "geometry": [[0.0, 0.0, -0.0], [2.890342301712331, -1.7082202492203314e-17, -9.153539807939552e-16], [4.091339131093413, 2.6346845276723263, 5.551115123125783e-16], [3.5637460069841387, 4.146424019848749, 2.424571303494015], [4.963492283867556, 6.623166720677463, 2.4499154712255473], [6.67732896218688, 7.145836433884362, 3.802940344955293], [4.082686233475572, 8.235211447556498, 0.7253650644431227], [-0.7713155414719427, 0.8091626718910606, 1.7192267802976333], [-0.7385620150539349, 1.0748078629598457, -1.585733781798361], [-0.7232871863043895, -1.9131181769787005, -0.1518000468558372], [3.552585604203566, -1.0005784275615612, -1.6665256740383985], [3.578962801892649, -1.0626896115075892, 1.6189151232221577], [3.425130903636651, 3.699462802997417, -1.6218230198668633], [6.123626615330645, 2.431562228817597, -0.21669245351759703], [4.1618037063770625, 3.0958672789828574, 4.0744479670207205], [1.5621503687172111, 4.548842753820534, 2.595076033165646], [5.062442730347053, 9.741774504337366, 0.8183055729529185]], "name": "C5H10O2", "identifiers": {"molecule_hash": "d2d54f20891999e96ed9528d00b9ee9a5f4066b9", "molecular_formula": "C5H10O2"}, "molecular_charge": 0.0, "molecular_multiplicity": 1, "connectivity": [[0, 1, 1.0], [0, 7, 1.0], [0, 8, 1.0], [0, 9, 1.0], [1, 2, 1.0], [1, 10, 1.0], [1, 11, 1.0], [2, 3, 1.0], [2, 12, 1.0], [2, 13, 1.0], [3, 4, 1.0], [3, 14, 1.0], [3, 15, 1.0], [4, 5, 2.0], [4, 6, 1.0], [6, 16, 1.0]], "fix_com": true, "fix_orientation": true, "provenance": {"creator": "QCElemental", "version": "v0.22.0", "routine": "qcelemental.molparse.from_schema"}, "id": "120816"}, "charge": 0, "optimize_geometry": false, "conformers": [], "conformer_generation_options": {"n_conformer_pool": 4000, "n_max_conformers": 0, "rms_tolerance": 0.05, "energy_window": 15, "keep_original_conformer": true}, "stage_1_unrestrained_charges": null, "stage_1_restrained_charges": null, "stage_2_unrestrained_charges": null, "stage_2_restrained_charges": null, "keep_original_orientation": false, "reorientations": [], "translations": [], "rotations": []}}, {"index": 2, "molecule": {"qcmol": {"schema_name": "qcschema_molecule", "schema_version": 2, "validated": true, "symbols": ["C", "C", "C", "C", "C", "O", "O", "H", "H", "H", "H", "H", "H", "H", "H", "H", "H"], "geometry": [[0.0, 0.0, -0.0], [2.890342301712331, -1.7082202492203314e-17, -9.153539807939552e-16], [4.091339131093413, 2.6346845276723263, 5.551115123125783e-16], [3.5637460069841387, 4.146424019848749, 2.424571303494015], [4.963492283867556, 6.623166720677463, 2.4499154712255473], [6.67732896218688, 7.145836433884362, 3.802940344955293], [4.082686233475572, 8.235211447556498, 0.7253650644431227], [-0.7713155414719427, 0.8091626718910606, 1.7192267802976333], [-0.7385620150539349, 1.0748078629598457, -1.585733781798361], [-0.7232871863043895, -1.9131181769787005, -0.1518000468558372], [3.552585604203566, -1.0005784275615612, -1.6665256740383985], [3.578962801892649, -1.0626896115075892, 1.6189151232221577], [3.425130903636651, 3.699462802997417, -1.6218230198668633], [6.123626615330645, 2.431562228817597, -0.21669245351759703], [4.1618037063770625, 3.0958672789828574, 4.0744479670207205], [1.5621503687172111, 4.548842753820534, 2.595076033165646], [5.062442730347053, 9.741774504337366, 0.8183055729529185]], "name": "C5H10O2", "identifiers": {"molecule_hash": "d2d54f20891999e96ed9528d00b9ee9a5f4066b9", "molecular_formula": "C5H10O2"}, "molecular_charge": 0.0, "molecular_multiplicity": 1, "connectivity": [[0, 1, 1.0], [0, 7, 1.0], [0, 8, 1.0], [0, 9, 1.0], [1, 2, 1.0], [1, 10, 1.0], [1, 11, 1.0], [2, 3, 1.0], [2, 12, 1.0], [2, 13, 1.0], [3, 4, 1.0], [3, 14, 1.0], [3, 15, 1.0], [4, 5, 2.0], [4, 6, 1.0], [6, 16, 1.0]], "fix_com": true, "fix_orientation": true, "provenance": {"creator": "QCElemental", "version": "v0.22.0", "routine": "qcelemental.molparse.from_schema"}, "id": "120816"}, "charge": 0, "optimize_geometry": false, "conformers": [], "conformer_generation_options": {"n_conformer_pool": 4000, "n_max_conformers": 0, "rms_tolerance": 0.05, "energy_window": 15, "keep_original_conformer": true}, "stage_1_unrestrained_charges": null, "stage_1_restrained_charges": null, "stage_2_unrestrained_charges": null, "stage_2_restrained_charges": null, "keep_original_orientation": false, "reorientations": [], "translations": [], "rotations": []}}, {"index": 3, "molecule": {"qcmol": {"schema_name": "qcschema_molecule", "schema_version": 2, "validated": true, "symbols": ["C", "C", "C", "C", "C", "O", "O", "H", "H", "H", "H", "H", "H", "H", "H", "H", "H"], "geometry": [[0.0, 0.0, -0.0], [2.890342301712331, -1.7082202492203314e-17, -9.153539807939552e-16], [4.091339131093413, 2.6346845276723263, 5.551115123125783e-16], [3.5637460069841387, 4.146424019848749, 2.424571303494015], [4.963492283867556, 6.623166720677463, 2.4499154712255473], [6.67732896218688, 7.145836433884362, 3.802940344955293], [4.082686233475572, 8.235211447556498, 0.7253650644431227], [-0.7713155414719427, 0.8091626718910606, 1.7192267802976333], [-0.7385620150539349, 1.0748078629598457, -1.585733781798361], [-0.7232871863043895, -1.9131181769787005, -0.1518000468558372], [3.552585604203566, -1.0005784275615612, -1.6665256740383985], [3.578962801892649, -1.0626896115075892, 1.6189151232221577], [3.425130903636651, 3.699462802997417, -1.6218230198668633], [6.123626615330645, 2.431562228817597, -0.21669245351759703], [4.1618037063770625, 3.0958672789828574, 4.0744479670207205], [1.5621503687172111, 4.548842753820534, 2.595076033165646], [5.062442730347053, 9.741774504337366, 0.8183055729529185]], "name": "C5H10O2", "identifiers": {"molecule_hash": "d2d54f20891999e96ed9528d00b9ee9a5f4066b9", "molecular_formula": "C5H10O2"}, "molecular_charge": 0.0, "molecular_multiplicity": 1, "connectivity": [[0, 1, 1.0], [0, 7, 1.0], [0, 8, 1.0], [0, 9, 1.0], [1, 2, 1.0], [1, 10, 1.0], [1, 11, 1.0], [2, 3, 1.0], [2, 12, 1.0], [2, 13, 1.0], [3, 4, 1.0], [3, 14, 1.0], [3, 15, 1.0], [4, 5, 2.0], [4, 6, 1.0], [6, 16, 1.0]], "fix_com": true, "fix_orientation": true, "provenance": {"creator": "QCElemental", "version": "v0.22.0", "routine": "qcelemental.molparse.from_schema"}, "id": "120816"}, "charge": 0, "optimize_geometry": false, "conformers": [], "conformer_generation_options": {"n_conformer_pool": 4000, "n_max_conformers": 0, "rms_tolerance": 0.05, "energy_window": 15, "keep_original_conformer": true}, "stage_1_unrestrained_charges": null, "stage_1_restrained_charges": null, "stage_2_unrestrained_charges": null, "stage_2_restrained_charges": null, "keep_original_orientation": false, "reorientations": [], "translations": [], "rotations": []}}]}, "surface_constraints": {"matrix": [[610094008702562.2, 591300108267371.0, 568676212399164.6, 547590790677642.0, 526747005579713.94, 516879446643262.7, 512747396664196.0, 613719700636414.1, 614964506482818.5, 612743581022583.0, 589694054901438.4, 589656731755533.1, 567525123067012.8, 564322857396156.9, 541227629782980.3, 549290986378895.1, 493570389473731.6], [591300108267371.0, 604805609915171.4, 589371312092836.5, 567958655577103.1, 543954491978437.8, 533114005095565.6, 528063036491471.1, 586641955087992.9, 587415547881423.8, 585748668705416.4, 612881739419834.1, 612762304702420.5, 589210389174074.6, 589271105007399.5, 564402307862951.1, 568832531808367.9, 507379551519628.7], [568676212399164.6, 589371312092836.5, 604081918852623.4, 589066708916778.4, 568475003619124.1, 556907139510330.4, 555933773681271.8, 558695739018358.06, 568282437619550.8, 560476695388689.44, 588727650661571.6, 588714859106876.5, 613073985259491.5, 613179754493941.2, 588694191592161.5, 588596620356802.6, 535115902575650.2], [547590790677642.0, 567958655577103.1, 589066708916778.4, 604449825821743.2, 589922191775845.5, 578819173794763.0, 579978174367130.1, 538055609266574.44, 550047985601126.2, 536744764237417.1, 566379547843130.2, 563818923380204.8, 588866854281537.1, 589301604975764.2, 613496572135460.4, 613737679232671.4, 561072990713741.75], [526747005579713.94, 543954491978437.8, 568475003619124.1, 589922191775845.5, 604409206458441.9, 606151267549244.2, 602615959669427.2, 516578879684180.44, 532780696850594.9, 515665054736064.6, 538612971562472.56, 539279953514563.3, 569728728809758.2, 566210058148697.0, 590574224301277.2, 591017425828319.5, 599913005831635.2], [516879446643262.7, 533114005095565.6, 556907139510330.4, 578819173794763.0, 606151267549244.2, 630566384600960.9, 590500277823369.6, 508300805391807.6, 523217079324867.44, 504861239840399.56, 525672122191162.06, 530588108534237.06, 555181796314572.9, 556785109881005.9, 575295278241086.6, 575095091581071.9, 597242651186461.0], [512747396664196.0, 528063036491471.1, 555933773681271.8, 579978174367130.1, 602615959669427.2, 590500277823369.6, 628429364260564.2, 499961554956107.25, 521158366559609.2, 503398870417781.3, 522282898355781.3, 519943168264740.94, 562520718617298.44, 549312673612484.25, 578365575947141.1, 579969159587440.9, 630466732228530.2], [613719700636414.1, 586641955087992.9, 558695739018358.06, 538055609266574.44, 516578879684180.44, 508300805391807.6, 499961554956107.25, 641840028596889.0, 610130785556759.0, 607328249654959.5, 580838844092831.5, 587218493830818.5, 554741505788179.0, 553214439026764.44, 528979732227149.25, 543143966711180.25, 481119092274274.3], [614964506482818.5, 587415547881423.8, 568282437619550.8, 550047985601126.2, 532780696850594.9, 523217079324867.44, 521158366559609.2, 610130785556759.0, 644677260275744.8, 608833741966347.5, 584063392499579.0, 577852990194251.0, 573013575523984.5, 557932188179937.2, 541790418077569.2, 553157589644949.2, 502388401309914.06], [612743581022583.0, 585748668705416.4, 560476695388689.44, 536744764237417.1, 515665054736064.6, 504861239840399.56, 503398870417781.3, 607328249654959.5, 608833741966347.5, 640285269919457.2, 582215585236270.9, 581948127416094.2, 555508815232267.0, 560323058344166.0, 532884130404963.94, 534384541015157.8, 484815113126151.4], [589694054901438.4, 612881739419834.1, 588727650661571.6, 566379547843130.2, 538612971562472.56, 525672122191162.06, 522282898355781.3, 580838844092831.5, 584063392499579.0, 582215585236270.9, 645211063205291.9, 611667132707869.1, 584170348329491.4, 586640399195181.9, 563621779588276.9, 568648984282702.2, 500050460213268.2], [589656731755533.1, 612762304702420.5, 588714859106876.5, 563818923380204.8, 539279953514563.3, 530588108534237.06, 519943168264740.94, 587218493830818.5, 577852990194251.0, 581948127416094.2, 611667132707869.1, 644853236519289.2, 586403948062897.6, 586759642165334.9, 559513747836955.06, 563325090774904.1, 500396652367742.06], [567525123067012.8, 589210389174074.6, 613073985259491.5, 588866854281537.1, 569728728809758.2, 555181796314572.9, 562520718617298.44, 554741505788179.0, 573013575523984.5, 555508815232267.0, 584170348329491.4, 586403948062897.6, 645858703247611.6, 613330891473136.0, 581672971874059.8, 586687508837943.0, 540472172734726.25], [564322857396156.9, 589271105007399.5, 613179754493941.2, 589301604975764.2, 566210058148697.0, 556785109881005.9, 549312673612484.25, 553214439026764.44, 557932188179937.2, 560323058344166.0, 586640399195181.9, 586759642165334.9, 613330891473136.0, 645781447779504.2, 590960047898965.1, 581626880709682.2, 528115026582250.0], [541227629782980.3, 564402307862951.1, 588694191592161.5, 613496572135460.4, 590574224301277.2, 575295278241086.6, 578365575947141.1, 528979732227149.25, 541790418077569.2, 532884130404963.94, 563621779588276.9, 559513747836955.06, 581672971874059.8, 590960047898965.1, 646220300292335.8, 613543250494852.5, 555126119679362.06], [549290986378895.1, 568832531808367.9, 588596620356802.6, 613737679232671.4, 591017425828319.5, 575095091581071.9, 579969159587440.9, 543143966711180.25, 553157589644949.2, 534384541015157.8, 568648984282702.2, 563325090774904.1, 586687508837943.0, 581626880709682.2, 613543250494852.5, 646652289545052.8, 556415914908153.44], [493570389473731.6, 507379551519628.7, 535115902575650.2, 561072990713741.75, 599913005831635.2, 597242651186461.0, 630466732228530.2, 481119092274274.3, 502388401309914.06, 484815113126151.4, 500050460213268.2, 500396652367742.06, 540472172734726.25, 528115026582250.0, 555126119679362.06, 556415914908153.44, 652793895505835.8], [2855771400334.2573, 3353935203579.0474, 2426589914851.486, 1016075595287.2303, -3511221064455.2427, -11127104522418.059, 733968299819.4215, 2661195143607.126, 2043858761128.122, 3463148485532.5063, 4385990232733.973, 3395092221874.878, 2739332813484.284, 2253320167171.003, 2459661171411.773, 2403054106289.1387, 2008981915477.7263]]}}