{"resp_b": 0.1, "restrained_fit": true, "exclude_hydrogens": true, "convergence_tolerance": 1e-06, "max_iter": 500, "resp_a": 0.0005, "charge_constraints": {"charge_sum_constraints": [], "charge_equivalence_constraints": [], "molecules": [{"qcmol": {"schema_name": "qcschema_molecule", "schema_version": 2, "validated": true, "symbols": ["C", "C", "C", "C", "C", "O", "O", "H", "H", "H", "H", "H", "H", "H", "H", "H", "H"], "geometry": [[0.0, 0.0, -0.0], [2.890342301712331, -1.7082202492203314e-17, -9.153539807939552e-16], [4.091339131093413, 2.6346845276723263, 5.551115123125783e-16], [3.5637460069841387, 4.146424019848749, 2.424571303494015], [4.963492283867556, 6.623166720677463, 2.4499154712255473], [6.67732896218688, 7.145836433884362, 3.802940344955293], [4.082686233475572, 8.235211447556498, 0.7253650644431227], [-0.7713155414719427, 0.8091626718910606, 1.7192267802976333], [-0.7385620150539349, 1.0748078629598457, -1.585733781798361], [-0.7232871863043895, -1.9131181769787005, -0.1518000468558372], [3.552585604203566, -1.0005784275615612, -1.6665256740383985], [3.578962801892649, -1.0626896115075892, 1.6189151232221577], [3.425130903636651, 3.699462802997417, -1.6218230198668633], [6.123626615330645, 2.431562228817597, -0.21669245351759703], [4.1618037063770625, 3.0958672789828574, 4.0744479670207205], [1.5621503687172111, 4.548842753820534, 2.595076033165646], [5.062442730347053, 9.741774504337366, 0.8183055729529185]], "name": "C5H10O2", "identifiers": {"molecule_hash": "d2d54f20891999e96ed9528d00b9ee9a5f4066b9", "molecular_formula": "C5H10O2"}, "molecular_charge": 0.0, "molecular_multiplicity": 1, "connectivity": [[0, 1, 1.0], [0, 7, 1.0], [0, 8, 1.0], [0, 9, 1.0], [1, 2, 1.0], [1, 10, 1.0], [1, 11, 1.0], [2, 3, 1.0], [2, 12, 1.0], [2, 13, 1.0], [3, 4, 1.0], [3, 14, 1.0], [3, 15, 1.0], [4, 5, 2.0], [4, 6, 1.0], [6, 16, 1.0]], "fix_com": true, "fix_orientation": true, "provenance": {"creator": "QCElemental", "version": "v0.22.0", "routine": "qcelemental.molparse.from_schema"}, "id": "120816"}, "charge": 0, "optimize_geometry": false, "conformers": [], "conformer_generation_options": {"n_conformer_pool": 4000, "n_max_conformers": 0, "rms_tolerance": 0.05, "energy_window": 15, "keep_original_conformer": true}, "stage_1_unrestrained_charges": null, "stage_1_restrained_charges": null, "stage_2_unrestrained_charges": null, "stage_2_restrained_charges": null, "keep_original_orientation": false, "reorientations": [], "translations": [], "rotations": []}], "unconstrained_atoms": [{"index": 0, "molecule": {"qcmol": {"schema_name": "qcschema_molecule", "schema_version": 2, "validated": true, "symbols": ["C", "C", "C", "C", "C", "O", "O", "H", "H", "H", "H", "H", "H", "H", "H", "H", "H"], "geometry": [[0.0, 0.0, -0.0], [2.890342301712331, -1.7082202492203314e-17, -9.153539807939552e-16], [4.091339131093413, 2.6346845276723263, 5.551115123125783e-16], [3.5637460069841387, 4.146424019848749, 2.424571303494015], [4.963492283867556, 6.623166720677463, 2.4499154712255473], [6.67732896218688, 7.145836433884362, 3.802940344955293], [4.082686233475572, 8.235211447556498, 0.7253650644431227], [-0.7713155414719427, 0.8091626718910606, 1.7192267802976333], [-0.7385620150539349, 1.0748078629598457, -1.585733781798361], [-0.7232871863043895, -1.9131181769787005, -0.1518000468558372], [3.552585604203566, -1.0005784275615612, -1.6665256740383985], [3.578962801892649, -1.0626896115075892, 1.6189151232221577], [3.425130903636651, 3.699462802997417, -1.6218230198668633], [6.123626615330645, 2.431562228817597, -0.21669245351759703], [4.1618037063770625, 3.0958672789828574, 4.0744479670207205], [1.5621503687172111, 4.548842753820534, 2.595076033165646], [5.062442730347053, 9.741774504337366, 0.8183055729529185]], "name": "C5H10O2", "identifiers": {"molecule_hash": "d2d54f20891999e96ed9528d00b9ee9a5f4066b9", "molecular_formula": "C5H10O2"}, "molecular_charge": 0.0, "molecular_multiplicity": 1, "connectivity": [[0, 1, 1.0], [0, 7, 1.0], [0, 8, 1.0], [0, 9, 1.0], [1, 2, 1.0], [1, 10, 1.0], [1, 11, 1.0], [2, 3, 1.0], [2, 12, 1.0], [2, 13, 1.0], [3, 4, 1.0], [3, 14, 1.0], [3, 15, 1.0], [4, 5, 2.0], [4, 6, 1.0], [6, 16, 1.0]], "fix_com": true, "fix_orientation": true, "provenance": {"creator": "QCElemental", "version": "v0.22.0", "routine": "qcelemental.molparse.from_schema"}, "id": "120816"}, "charge": 0, "optimize_geometry": false, "conformers": [], "conformer_generation_options": {"n_conformer_pool": 4000, "n_max_conformers": 0, "rms_tolerance": 0.05, "energy_window": 15, "keep_original_conformer": true}, "stage_1_unrestrained_charges": null, "stage_1_restrained_charges": null, "stage_2_unrestrained_charges": null, "stage_2_restrained_charges": null, "keep_original_orientation": false, "reorientations": [], "translations": [], "rotations": []}}, {"index": 1, "molecule": {"qcmol": {"schema_name": "qcschema_molecule", "schema_version": 2, "validated": true, "symbols": ["C", "C", "C", "C", "C", "O", "O", "H", "H", "H", "H", "H", "H", "H", "H", "H", "H"], "geometry": [[0.0, 0.0, -0.0], [2.890342301712331, -1.7082202492203314e-17, -9.153539807939552e-16], [4.091339131093413, 2.6346845276723263, 5.551115123125783e-16], [3.5637460069841387, 4.146424019848749, 2.424571303494015], [4.963492283867556, 6.623166720677463, 2.4499154712255473], [6.67732896218688, 7.145836433884362, 3.802940344955293], [4.082686233475572, 8.235211447556498, 0.7253650644431227], [-0.7713155414719427, 0.8091626718910606, 1.7192267802976333], [-0.7385620150539349, 1.0748078629598457, -1.585733781798361], [-0.7232871863043895, -1.9131181769787005, -0.1518000468558372], [3.552585604203566, -1.0005784275615612, -1.6665256740383985], [3.578962801892649, -1.0626896115075892, 1.6189151232221577], [3.425130903636651, 3.699462802997417, -1.6218230198668633], [6.123626615330645, 2.431562228817597, -0.21669245351759703], [4.1618037063770625, 3.0958672789828574, 4.0744479670207205], [1.5621503687172111, 4.548842753820534, 2.595076033165646], [5.062442730347053, 9.741774504337366, 0.8183055729529185]], "name": "C5H10O2", "identifiers": {"molecule_hash": "d2d54f20891999e96ed9528d00b9ee9a5f4066b9", "molecular_formula": "C5H10O2"}, "molecular_charge": 0.0, "molecular_multiplicity": 1, "connectivity": [[0, 1, 1.0], [0, 7, 1.0], [0, 8, 1.0], [0, 9, 1.0], [1, 2, 1.0], [1, 10, 1.0], [1, 11, 1.0], [2, 3, 1.0], [2, 12, 1.0], [2, 13, 1.0], [3, 4, 1.0], [3, 14, 1.0], [3, 15, 1.0], [4, 5, 2.0], [4, 6, 1.0], [6, 16, 1.0]], "fix_com": true, "fix_orientation": true, "provenance": {"creator": "QCElemental", "version": "v0.22.0", "routine": "qcelemental.molparse.from_schema"}, "id": "120816"}, "charge": 0, "optimize_geometry": false, "conformers": [], "conformer_generation_options": {"n_conformer_pool": 4000, "n_max_conformers": 0, "rms_tolerance": 0.05, "energy_window": 15, "keep_original_conformer": true}, "stage_1_unrestrained_charges": null, "stage_1_restrained_charges": null, "stage_2_unrestrained_charges": null, "stage_2_restrained_charges": null, "keep_original_orientation": false, "reorientations": [], "translations": [], "rotations": []}}, {"index": 2, "molecule": {"qcmol": {"schema_name": "qcschema_molecule", "schema_version": 2, "validated": true, "symbols": ["C", "C", "C", "C", "C", "O", "O", "H", "H", "H", "H", "H", "H", "H", "H", "H", "H"], "geometry": [[0.0, 0.0, -0.0], [2.890342301712331, -1.7082202492203314e-17, -9.153539807939552e-16], [4.091339131093413, 2.6346845276723263, 5.551115123125783e-16], [3.5637460069841387, 4.146424019848749, 2.424571303494015], [4.963492283867556, 6.623166720677463, 2.4499154712255473], [6.67732896218688, 7.145836433884362, 3.802940344955293], [4.082686233475572, 8.235211447556498, 0.7253650644431227], [-0.7713155414719427, 0.8091626718910606, 1.7192267802976333], [-0.7385620150539349, 1.0748078629598457, -1.585733781798361], [-0.7232871863043895, -1.9131181769787005, -0.1518000468558372], [3.552585604203566, -1.0005784275615612, -1.6665256740383985], [3.578962801892649, -1.0626896115075892, 1.6189151232221577], [3.425130903636651, 3.699462802997417, -1.6218230198668633], [6.123626615330645, 2.431562228817597, -0.21669245351759703], [4.1618037063770625, 3.0958672789828574, 4.0744479670207205], [1.5621503687172111, 4.548842753820534, 2.595076033165646], [5.062442730347053, 9.741774504337366, 0.8183055729529185]], "name": "C5H10O2", "identifiers": {"molecule_hash": "d2d54f20891999e96ed9528d00b9ee9a5f4066b9", "molecular_formula": "C5H10O2"}, "molecular_charge": 0.0, "molecular_multiplicity": 1, "connectivity": [[0, 1, 1.0], [0, 7, 1.0], [0, 8, 1.0], [0, 9, 1.0], [1, 2, 1.0], [1, 10, 1.0], [1, 11, 1.0], [2, 3, 1.0], [2, 12, 1.0], [2, 13, 1.0], [3, 4, 1.0], [3, 14, 1.0], [3, 15, 1.0], [4, 5, 2.0], [4, 6, 1.0], [6, 16, 1.0]], "fix_com": true, "fix_orientation": true, "provenance": {"creator": "QCElemental", "version": "v0.22.0", "routine": "qcelemental.molparse.from_schema"}, "id": "120816"}, "charge": 0, "optimize_geometry": false, "conformers": [], "conformer_generation_options": {"n_conformer_pool": 4000, "n_max_conformers": 0, "rms_tolerance": 0.05, "energy_window": 15, "keep_original_conformer": true}, "stage_1_unrestrained_charges": null, "stage_1_restrained_charges": null, "stage_2_unrestrained_charges": null, "stage_2_restrained_charges": null, "keep_original_orientation": false, "reorientations": [], "translations": [], "rotations": []}}, {"index": 3, "molecule": {"qcmol": {"schema_name": "qcschema_molecule", "schema_version": 2, "validated": true, "symbols": ["C", "C", "C", "C", "C", "O", "O", "H", "H", "H", "H", "H", "H", "H", "H", "H", "H"], "geometry": [[0.0, 0.0, -0.0], [2.890342301712331, -1.7082202492203314e-17, -9.153539807939552e-16], [4.091339131093413, 2.6346845276723263, 5.551115123125783e-16], [3.5637460069841387, 4.146424019848749, 2.424571303494015], [4.963492283867556, 6.623166720677463, 2.4499154712255473], [6.67732896218688, 7.145836433884362, 3.802940344955293], [4.082686233475572, 8.235211447556498, 0.7253650644431227], [-0.7713155414719427, 0.8091626718910606, 1.7192267802976333], [-0.7385620150539349, 1.0748078629598457, -1.585733781798361], [-0.7232871863043895, -1.9131181769787005, -0.1518000468558372], [3.552585604203566, -1.0005784275615612, -1.6665256740383985], [3.578962801892649, -1.0626896115075892, 1.6189151232221577], [3.425130903636651, 3.699462802997417, -1.6218230198668633], [6.123626615330645, 2.431562228817597, -0.21669245351759703], [4.1618037063770625, 3.0958672789828574, 4.0744479670207205], [1.5621503687172111, 4.548842753820534, 2.595076033165646], [5.062442730347053, 9.741774504337366, 0.8183055729529185]], "name": "C5H10O2", "identifiers": {"molecule_hash": "d2d54f20891999e96ed9528d00b9ee9a5f4066b9", "molecular_formula": "C5H10O2"}, "molecular_charge": 0.0, "molecular_multiplicity": 1, "connectivity": [[0, 1, 1.0], [0, 7, 1.0], [0, 8, 1.0], [0, 9, 1.0], [1, 2, 1.0], [1, 10, 1.0], [1, 11, 1.0], [2, 3, 1.0], [2, 12, 1.0], [2, 13, 1.0], [3, 4, 1.0], [3, 14, 1.0], [3, 15, 1.0], [4, 5, 2.0], [4, 6, 1.0], [6, 16, 1.0]], "fix_com": true, "fix_orientation": true, "provenance": {"creator": "QCElemental", "version": "v0.22.0", "routine": "qcelemental.molparse.from_schema"}, "id": "120816"}, "charge": 0, "optimize_geometry": false, "conformers": [], "conformer_generation_options": {"n_conformer_pool": 4000, "n_max_conformers": 0, "rms_tolerance": 0.05, "energy_window": 15, "keep_original_conformer": true}, "stage_1_unrestrained_charges": null, "stage_1_restrained_charges": null, "stage_2_unrestrained_charges": null, "stage_2_restrained_charges": null, "keep_original_orientation": false, "reorientations": [], "translations": [], "rotations": []}}]}, "surface_constraints": {"matrix": [[4571.840078771342, 4431.004776814489, 4261.468822821362, 4103.462155116635, 3947.2662698215754, 3873.3221760858332, 3842.3581509565684, 4599.009878734417, 4608.337950674182, 4591.695153946809, 4418.969547316107, 4418.68986608421, 4252.842709578219, 4228.846084678062, 4055.778787395483, 4116.2027905406685, 3698.652273067453], [4431.004776814489, 4532.210410009405, 4416.550937568906, 4256.09164334476, 4076.212587005358, 3994.9775713084005, 3957.1275335710056, 4396.098208243172, 4401.895175745902, 4389.404202816542, 4592.730221926513, 4591.835210677569, 4415.3450449869415, 4415.800022708996, 4229.441614780321, 4262.640083848033, 3802.13249341483], [4261.468822821362, 4416.550937568906, 4526.787282244831, 4414.268335019815, 4259.96102010812, 4173.275258926717, 4165.981434259986, 4186.678577710845, 4258.517869020616, 4200.024540366366, 4411.727572512878, 4411.631715103188, 4594.170818309137, 4594.9634078485105, 4411.476838584682, 4410.745665745645, 4009.9793234875824], [4103.462155116635, 4256.09164334476, 4414.268335019815, 4529.544288242103, 4420.679110744341, 4337.476871988647, 4346.162026792416, 4032.0087762659346, 4121.875633773718, 4022.1858982007425, 4244.258256636976, 4225.069598593009, 4412.770701538134, 4416.028558930253, 4597.337596901891, 4599.14436170421, 4204.492991163601], [3947.2662698215754, 4076.212587005358, 4259.96102010812, 4420.679110744341, 4529.239991673554, 4542.294467391642, 4515.802066405678, 3871.069841931556, 3992.480872483179, 3864.2222564971044, 4036.1847111961565, 4041.182870882285, 4269.35582104719, 4242.9883862902, 4425.5652558935035, 4428.886443162513, 4495.547114377642], [3873.3221760858332, 3994.9775713084005, 4173.275258926717, 4337.476871988647, 4542.294467391642, 4725.25322146778, 4425.0112551755265, 3809.0368602241933, 3920.814429201623, 3783.262215285294, 3939.2101479210514, 3976.0491000699485, 4160.345604560602, 4172.361119816935, 4311.070104193888, 4309.569875602816, 4475.536412067045], [3842.3581509565684, 3957.1275335710056, 4165.981434259986, 4346.162026792416, 4515.802066405678, 4425.0112551755265, 4709.2391413035875, 3746.5453852184583, 3905.387291395261, 3772.3039327923657, 3913.8127793355466, 3896.279633076457, 4215.341869603098, 4116.365056717896, 4334.077667521205, 4346.094461359731, 4724.50657395313], [4599.009878734417, 4396.098208243172, 4186.678577710845, 4032.0087762659346, 3871.069841931556, 3809.0368602241933, 3746.5453852184583, 4809.7342481576125, 4572.115770792492, 4551.114557169061, 4352.611544118886, 4400.418671619123, 4157.046585071664, 4145.603459050791, 3963.9972017322334, 4070.1391520088514, 3605.3464732512657], [4608.337950674182, 4401.895175745902, 4258.517869020616, 4121.875633773718, 3992.480872483179, 3920.814429201623, 3905.387291395261, 4572.115770792492, 4830.995321864631, 4562.396135677838, 4376.775390916153, 4330.236540264885, 4293.970907006417, 4180.956429589324, 4059.9961828568617, 4145.178038659837, 3764.731682546563], [4591.695153946809, 4389.404202816542, 4200.024540366366, 4022.1858982007425, 3864.2222564971044, 3783.262215285294, 3772.3039327923657, 4551.114557169061, 4562.396135677838, 4798.083409472613, 4362.928392577226, 4360.924184500111, 4162.7968552612165, 4198.8728931822825, 3993.25566032047, 4004.498991997396, 3633.0437296332643], [4418.969547316107, 4592.730221926513, 4411.727572512878, 4244.258256636976, 4036.1847111961565, 3939.2101479210514, 3913.8127793355466, 4352.611544118886, 4376.775390916153, 4362.928392577226, 4834.99535095343, 4583.628351601664, 4377.576779019136, 4396.086408363879, 4223.5924306974985, 4261.264748617713, 3747.2103236795065], [4418.68986608421, 4591.835210677569, 4411.631715103188, 4225.069598593009, 4041.182870882285, 3976.0491000699485, 3896.279633076457, 4400.418671619123, 4330.236540264885, 4360.924184500111, 4583.628351601664, 4832.313883279593, 4394.314651882496, 4396.980123886357, 4192.80821817766, 4221.368583630011, 3749.804653740645], [4252.842709578219, 4415.3450449869415, 4594.170818309137, 4412.770701538134, 4269.35582104719, 4160.345604560602, 4215.341869603098, 4157.046585071664, 4293.970907006417, 4162.7968552612165, 4377.576779019136, 4394.314651882496, 4839.848487935608, 4596.095989105325, 4358.862269851702, 4396.439519508901, 4050.1173754204397], [4228.846084678062, 4415.800022708996, 4594.9634078485105, 4416.028558930253, 4242.9883862902, 4172.361119816935, 4116.365056717896, 4145.603459050791, 4180.956429589324, 4198.8728931822825, 4396.086408363879, 4396.980123886357, 4596.095989105325, 4839.269557996716, 4428.456291286269, 4358.516778011492, 3957.517094636277], [4055.778787395483, 4229.441614780321, 4411.476838584682, 4597.337596901891, 4425.5652558935035, 4311.070104193888, 4334.077667521205, 3963.9972017322334, 4059.9961828568617, 3993.25566032047, 4223.5924306974985, 4192.80821817766, 4358.862269851702, 4428.456291286269, 4842.558261596324, 4597.687399711824, 4159.929068238329], [4116.2027905406685, 4262.640083848033, 4410.745665745645, 4599.14436170421, 4428.886443162513, 4309.569875602816, 4346.094461359731, 4070.1391520088514, 4145.178038659837, 4004.498991997396, 4261.264748617713, 4221.368583630011, 4396.439519508901, 4358.516778011492, 4597.687399711824, 4845.795424920499, 4169.594414716125], [3698.652273067453, 3802.13249341483, 4009.9793234875824, 4204.492991163601, 4495.547114377642, 4475.536412067045, 4724.50657395313, 3605.3464732512657, 3764.731682546563, 3633.0437296332643, 3747.2103236795065, 3749.804653740645, 4050.1173754204397, 3957.517094636277, 4159.929068238329, 4169.594414716125, 4891.818928785054], [22.477315106491044, 28.03892180954018, 21.429028295873664, 10.728562448798115, -31.544447223196496, -101.38126422121317, 8.288618517381607, 20.125189249244265, 15.028287421156595, 27.810467088034663, 37.88884153810905, 27.40741937253994, 24.83871229776338, 19.23328654690356, 24.66778619331373, 24.58338966484827, 14.808852842023873]]}}