{"resp_b": 0.1, "restrained_fit": true, "exclude_hydrogens": true, "convergence_tolerance": 1e-06, "max_iter": 500, "resp_a": 0.0005, "charge_constraints": {"charge_sum_constraints": [], "charge_equivalence_constraints": [], "molecules": [{"qcmol": {"schema_name": "qcschema_molecule", "schema_version": 2, "validated": true, "symbols": ["C", "C", "C", "C", "C", "O", "O", "H", "H", "H", "H", "H", "H", "H", "H", "H", "H"], "geometry": [[0.0, 0.0, -0.0], [2.890342301712331, -1.7082202492203314e-17, -9.153539807939552e-16], [4.091339131093413, 2.6346845276723263, 5.551115123125783e-16], [3.5637460069841387, 4.146424019848749, 2.424571303494015], [4.963492283867556, 6.623166720677463, 2.4499154712255473], [6.67732896218688, 7.145836433884362, 3.802940344955293], [4.082686233475572, 8.235211447556498, 0.7253650644431227], [-0.7713155414719427, 0.8091626718910606, 1.7192267802976333], [-0.7385620150539349, 1.0748078629598457, -1.585733781798361], [-0.7232871863043895, -1.9131181769787005, -0.1518000468558372], [3.552585604203566, -1.0005784275615612, -1.6665256740383985], [3.578962801892649, -1.0626896115075892, 1.6189151232221577], [3.425130903636651, 3.699462802997417, -1.6218230198668633], [6.123626615330645, 2.431562228817597, -0.21669245351759703], [4.1618037063770625, 3.0958672789828574, 4.0744479670207205], [1.5621503687172111, 4.548842753820534, 2.595076033165646], [5.062442730347053, 9.741774504337366, 0.8183055729529185]], "name": "C5H10O2", "identifiers": {"molecule_hash": "d2d54f20891999e96ed9528d00b9ee9a5f4066b9", "molecular_formula": "C5H10O2"}, "molecular_charge": 0.0, "molecular_multiplicity": 1, "connectivity": [[0, 1, 1.0], [0, 7, 1.0], [0, 8, 1.0], [0, 9, 1.0], [1, 2, 1.0], [1, 10, 1.0], [1, 11, 1.0], [2, 3, 1.0], [2, 12, 1.0], [2, 13, 1.0], [3, 4, 1.0], [3, 14, 1.0], [3, 15, 1.0], [4, 5, 2.0], [4, 6, 1.0], [6, 16, 1.0]], "fix_com": true, "fix_orientation": true, "provenance": {"creator": "QCElemental", "version": "v0.22.0", "routine": "qcelemental.molparse.from_schema"}, "id": "120816"}, "charge": 0, "optimize_geometry": false, "conformers": [], "conformer_generation_options": {"n_conformer_pool": 4000, "n_max_conformers": 0, "rms_tolerance": 0.05, "energy_window": 15, "keep_original_conformer": true}, "stage_1_unrestrained_charges": null, "stage_1_restrained_charges": null, "stage_2_unrestrained_charges": null, "stage_2_restrained_charges": null, "keep_original_orientation": false, "reorientations": [], "translations": [], "rotations": []}], "unconstrained_atoms": [{"index": 0, "molecule": {"qcmol": {"schema_name": "qcschema_molecule", "schema_version": 2, "validated": true, "symbols": ["C", "C", "C", "C", "C", "O", "O", "H", "H", "H", "H", "H", "H", "H", "H", "H", "H"], "geometry": [[0.0, 0.0, -0.0], [2.890342301712331, -1.7082202492203314e-17, -9.153539807939552e-16], [4.091339131093413, 2.6346845276723263, 5.551115123125783e-16], [3.5637460069841387, 4.146424019848749, 2.424571303494015], [4.963492283867556, 6.623166720677463, 2.4499154712255473], [6.67732896218688, 7.145836433884362, 3.802940344955293], [4.082686233475572, 8.235211447556498, 0.7253650644431227], [-0.7713155414719427, 0.8091626718910606, 1.7192267802976333], [-0.7385620150539349, 1.0748078629598457, -1.585733781798361], [-0.7232871863043895, -1.9131181769787005, -0.1518000468558372], [3.552585604203566, -1.0005784275615612, -1.6665256740383985], [3.578962801892649, -1.0626896115075892, 1.6189151232221577], [3.425130903636651, 3.699462802997417, -1.6218230198668633], [6.123626615330645, 2.431562228817597, -0.21669245351759703], [4.1618037063770625, 3.0958672789828574, 4.0744479670207205], [1.5621503687172111, 4.548842753820534, 2.595076033165646], [5.062442730347053, 9.741774504337366, 0.8183055729529185]], "name": "C5H10O2", "identifiers": {"molecule_hash": "d2d54f20891999e96ed9528d00b9ee9a5f4066b9", "molecular_formula": "C5H10O2"}, "molecular_charge": 0.0, "molecular_multiplicity": 1, "connectivity": [[0, 1, 1.0], [0, 7, 1.0], [0, 8, 1.0], [0, 9, 1.0], [1, 2, 1.0], [1, 10, 1.0], [1, 11, 1.0], [2, 3, 1.0], [2, 12, 1.0], [2, 13, 1.0], [3, 4, 1.0], [3, 14, 1.0], [3, 15, 1.0], [4, 5, 2.0], [4, 6, 1.0], [6, 16, 1.0]], "fix_com": true, "fix_orientation": true, "provenance": {"creator": "QCElemental", "version": "v0.22.0", "routine": "qcelemental.molparse.from_schema"}, "id": "120816"}, "charge": 0, "optimize_geometry": false, "conformers": [], "conformer_generation_options": {"n_conformer_pool": 4000, "n_max_conformers": 0, "rms_tolerance": 0.05, "energy_window": 15, "keep_original_conformer": true}, "stage_1_unrestrained_charges": null, "stage_1_restrained_charges": null, "stage_2_unrestrained_charges": null, "stage_2_restrained_charges": null, "keep_original_orientation": false, "reorientations": [], "translations": [], "rotations": []}}, {"index": 1, "molecule": {"qcmol": {"schema_name": "qcschema_molecule", "schema_version": 2, "validated": true, "symbols": ["C", "C", "C", "C", "C", "O", "O", "H", "H", "H", "H", "H", "H", "H", "H", "H", "H"], "geometry": [[0.0, 0.0, -0.0], [2.890342301712331, -1.7082202492203314e-17, -9.153539807939552e-16], [4.091339131093413, 2.6346845276723263, 5.551115123125783e-16], [3.5637460069841387, 4.146424019848749, 2.424571303494015], [4.963492283867556, 6.623166720677463, 2.4499154712255473], [6.67732896218688, 7.145836433884362, 3.802940344955293], [4.082686233475572, 8.235211447556498, 0.7253650644431227], [-0.7713155414719427, 0.8091626718910606, 1.7192267802976333], [-0.7385620150539349, 1.0748078629598457, -1.585733781798361], [-0.7232871863043895, -1.9131181769787005, -0.1518000468558372], [3.552585604203566, -1.0005784275615612, -1.6665256740383985], [3.578962801892649, -1.0626896115075892, 1.6189151232221577], [3.425130903636651, 3.699462802997417, -1.6218230198668633], [6.123626615330645, 2.431562228817597, -0.21669245351759703], [4.1618037063770625, 3.0958672789828574, 4.0744479670207205], [1.5621503687172111, 4.548842753820534, 2.595076033165646], [5.062442730347053, 9.741774504337366, 0.8183055729529185]], "name": "C5H10O2", "identifiers": {"molecule_hash": "d2d54f20891999e96ed9528d00b9ee9a5f4066b9", "molecular_formula": "C5H10O2"}, "molecular_charge": 0.0, "molecular_multiplicity": 1, "connectivity": [[0, 1, 1.0], [0, 7, 1.0], [0, 8, 1.0], [0, 9, 1.0], [1, 2, 1.0], [1, 10, 1.0], [1, 11, 1.0], [2, 3, 1.0], [2, 12, 1.0], [2, 13, 1.0], [3, 4, 1.0], [3, 14, 1.0], [3, 15, 1.0], [4, 5, 2.0], [4, 6, 1.0], [6, 16, 1.0]], "fix_com": true, "fix_orientation": true, "provenance": {"creator": "QCElemental", "version": "v0.22.0", "routine": "qcelemental.molparse.from_schema"}, "id": "120816"}, "charge": 0, "optimize_geometry": false, "conformers": [], "conformer_generation_options": {"n_conformer_pool": 4000, "n_max_conformers": 0, "rms_tolerance": 0.05, "energy_window": 15, "keep_original_conformer": true}, "stage_1_unrestrained_charges": null, "stage_1_restrained_charges": null, "stage_2_unrestrained_charges": null, "stage_2_restrained_charges": null, "keep_original_orientation": false, "reorientations": [], "translations": [], "rotations": []}}, {"index": 2, "molecule": {"qcmol": {"schema_name": "qcschema_molecule", "schema_version": 2, "validated": true, "symbols": ["C", "C", "C", "C", "C", "O", "O", "H", "H", "H", "H", "H", "H", "H", "H", "H", "H"], "geometry": [[0.0, 0.0, -0.0], [2.890342301712331, -1.7082202492203314e-17, -9.153539807939552e-16], [4.091339131093413, 2.6346845276723263, 5.551115123125783e-16], [3.5637460069841387, 4.146424019848749, 2.424571303494015], [4.963492283867556, 6.623166720677463, 2.4499154712255473], [6.67732896218688, 7.145836433884362, 3.802940344955293], [4.082686233475572, 8.235211447556498, 0.7253650644431227], [-0.7713155414719427, 0.8091626718910606, 1.7192267802976333], [-0.7385620150539349, 1.0748078629598457, -1.585733781798361], [-0.7232871863043895, -1.9131181769787005, -0.1518000468558372], [3.552585604203566, -1.0005784275615612, -1.6665256740383985], [3.578962801892649, -1.0626896115075892, 1.6189151232221577], [3.425130903636651, 3.699462802997417, -1.6218230198668633], [6.123626615330645, 2.431562228817597, -0.21669245351759703], [4.1618037063770625, 3.0958672789828574, 4.0744479670207205], [1.5621503687172111, 4.548842753820534, 2.595076033165646], [5.062442730347053, 9.741774504337366, 0.8183055729529185]], "name": "C5H10O2", "identifiers": {"molecule_hash": "d2d54f20891999e96ed9528d00b9ee9a5f4066b9", "molecular_formula": "C5H10O2"}, "molecular_charge": 0.0, "molecular_multiplicity": 1, "connectivity": [[0, 1, 1.0], [0, 7, 1.0], [0, 8, 1.0], [0, 9, 1.0], [1, 2, 1.0], [1, 10, 1.0], [1, 11, 1.0], [2, 3, 1.0], [2, 12, 1.0], [2, 13, 1.0], [3, 4, 1.0], [3, 14, 1.0], [3, 15, 1.0], [4, 5, 2.0], [4, 6, 1.0], [6, 16, 1.0]], "fix_com": true, "fix_orientation": true, "provenance": {"creator": "QCElemental", "version": "v0.22.0", "routine": "qcelemental.molparse.from_schema"}, "id": "120816"}, "charge": 0, "optimize_geometry": false, "conformers": [], "conformer_generation_options": {"n_conformer_pool": 4000, "n_max_conformers": 0, "rms_tolerance": 0.05, "energy_window": 15, "keep_original_conformer": true}, "stage_1_unrestrained_charges": null, "stage_1_restrained_charges": null, "stage_2_unrestrained_charges": null, "stage_2_restrained_charges": null, "keep_original_orientation": false, "reorientations": [], "translations": [], "rotations": []}}, {"index": 3, "molecule": {"qcmol": {"schema_name": "qcschema_molecule", "schema_version": 2, "validated": true, "symbols": ["C", "C", "C", "C", "C", "O", "O", "H", "H", "H", "H", "H", "H", "H", "H", "H", "H"], "geometry": [[0.0, 0.0, -0.0], [2.890342301712331, -1.7082202492203314e-17, -9.153539807939552e-16], [4.091339131093413, 2.6346845276723263, 5.551115123125783e-16], [3.5637460069841387, 4.146424019848749, 2.424571303494015], [4.963492283867556, 6.623166720677463, 2.4499154712255473], [6.67732896218688, 7.145836433884362, 3.802940344955293], [4.082686233475572, 8.235211447556498, 0.7253650644431227], [-0.7713155414719427, 0.8091626718910606, 1.7192267802976333], [-0.7385620150539349, 1.0748078629598457, -1.585733781798361], [-0.7232871863043895, -1.9131181769787005, -0.1518000468558372], [3.552585604203566, -1.0005784275615612, -1.6665256740383985], [3.578962801892649, -1.0626896115075892, 1.6189151232221577], [3.425130903636651, 3.699462802997417, -1.6218230198668633], [6.123626615330645, 2.431562228817597, -0.21669245351759703], [4.1618037063770625, 3.0958672789828574, 4.0744479670207205], [1.5621503687172111, 4.548842753820534, 2.595076033165646], [5.062442730347053, 9.741774504337366, 0.8183055729529185]], "name": "C5H10O2", "identifiers": {"molecule_hash": "d2d54f20891999e96ed9528d00b9ee9a5f4066b9", "molecular_formula": "C5H10O2"}, "molecular_charge": 0.0, "molecular_multiplicity": 1, "connectivity": [[0, 1, 1.0], [0, 7, 1.0], [0, 8, 1.0], [0, 9, 1.0], [1, 2, 1.0], [1, 10, 1.0], [1, 11, 1.0], [2, 3, 1.0], [2, 12, 1.0], [2, 13, 1.0], [3, 4, 1.0], [3, 14, 1.0], [3, 15, 1.0], [4, 5, 2.0], [4, 6, 1.0], [6, 16, 1.0]], "fix_com": true, "fix_orientation": true, "provenance": {"creator": "QCElemental", "version": "v0.22.0", "routine": "qcelemental.molparse.from_schema"}, "id": "120816"}, "charge": 0, "optimize_geometry": false, "conformers": [], "conformer_generation_options": {"n_conformer_pool": 4000, "n_max_conformers": 0, "rms_tolerance": 0.05, "energy_window": 15, "keep_original_conformer": true}, "stage_1_unrestrained_charges": null, "stage_1_restrained_charges": null, "stage_2_unrestrained_charges": null, "stage_2_restrained_charges": null, "keep_original_orientation": false, "reorientations": [], "translations": [], "rotations": []}}]}, "surface_constraints": {"matrix": [[248979560072485.16, 240677406764513.5, 230211493078465.47, 220496986362739.97, 211302732624320.56, 206735579874250.2, 204675812951505.28, 249964144544466.44, 250478329740511.03, 249779920672159.6, 239817625003660.25, 239729286423047.38, 229411919567060.84, 228033092024474.72, 217245803796950.84, 220794240810618.1, 195762080887591.4], [240677406764513.5, 246767903391718.06, 239379027448810.8, 229458152660417.72, 218834724796727.78, 213783369349449.7, 211316910020156.16, 238150276903348.34, 238418977418934.3, 237915301900907.97, 250100228895460.7, 250016152928663.44, 238986478796985.72, 238939861157945.44, 227307664836684.3, 229379968075580.28, 201661173294658.2], [230211493078465.47, 239379027448810.8, 245447258651318.3, 238347294664894.72, 229098094573362.97, 223648541353434.78, 222883229358679.34, 225456097063122.78, 229576674681908.75, 226433693633945.62, 238922532480063.06, 238892248955773.66, 248978329814968.88, 249046529149949.47, 237530984435702.7, 237660743839954.3, 212938569202817.1], [220496986362739.97, 229458152660417.72, 238347294664894.72, 244676152348551.3, 238128084493726.84, 232801483208201.62, 232862315112196.0, 216004421927402.5, 221124638198093.53, 215692091680097.38, 228650156555728.88, 227505397584258.66, 237935527197040.3, 238160870349715.7, 247851831547482.34, 248139734403611.16, 223506573725644.3], [211302732624320.56, 218834724796727.78, 229098094573362.97, 238128084493726.84, 244446206861655.1, 244673736286969.84, 242513862393511.78, 206587926948081.7, 213497178038143.28, 206473148819119.88, 216461308097530.22, 216742428427712.28, 229318412148586.0, 227806841634391.56, 237656356471531.44, 238038270334047.06, 239760003413347.47], [206735579874250.2, 213783369349449.7, 223648541353434.78, 232801483208201.62, 244673736286969.84, 255048518683692.06, 236645479469379.66, 202713215352382.2, 209097896548537.38, 201546972709977.03, 210584723898299.34, 212581610265540.16, 222628136986818.97, 223263999739857.75, 230552111921413.53, 230684262749789.4, 238059666496401.8], [204675812951505.28, 211316910020156.16, 222883229358679.34, 232862315112196.0, 242513862393511.78, 236645479469379.66, 252827797650167.47, 198944773940605.2, 207836586705238.66, 200658389426640.7, 208755734162063.03, 207864497063919.75, 225407921477579.2, 219793749257929.56, 231525135573670.84, 232336714465593.84, 251788153375285.56], [249964144544466.44, 238150276903348.34, 225456097063122.78, 216004421927402.5, 206587926948081.7, 202713215352382.2, 198944773940605.2, 261481696518973.78, 247788265457755.6, 246825641377707.5, 235537706439777.0, 238168720564361.53, 223486085374933.22, 222837052422732.44, 211688402122082.1, 217712926036544.9, 190268977330256.1], [250478329740511.03, 238418977418934.3, 229576674681908.75, 221124638198093.53, 213497178038143.28, 209097896548537.38, 207836586705238.66, 247788265457755.6, 262715902324832.03, 247496296766588.1, 236847305428815.78, 234079066277129.88, 231258951842434.5, 224909380960749.53, 217064413538683.4, 222031237359817.97, 199086607221110.8], [249779920672159.6, 237915301900907.97, 226433693633945.62, 215692091680097.38, 206473148819119.88, 201546972709977.03, 200658389426640.7, 246825641377707.5, 247496296766588.1, 261348768116002.75, 236200336980729.2, 236045394875654.66, 224051931697811.7, 226052987497528.0, 213547883721801.2, 214306750637249.4, 192054768278056.5], [239817625003660.25, 250100228895460.7, 238922532480063.06, 228650156555728.88, 216461308097530.22, 210584723898299.34, 208755734162063.03, 235537706439777.0, 236847305428815.78, 236200336980729.2, 263859228846054.16, 249332193908615.2, 236679253560016.38, 237588869494026.84, 226834570997615.0, 229186187101261.3, 198528324247545.38], [239729286423047.38, 250016152928663.44, 238892248955773.66, 227505397584258.66, 216742428427712.28, 212581610265540.16, 207864497063919.75, 238168720564361.53, 234079066277129.88, 236045394875654.66, 249332193908615.2, 263665784224921.7, 237592786622373.62, 237641177040927.66, 225038373208249.38, 226837267053181.06, 198754393863222.0], [229411919567060.84, 238986478796985.72, 248978329814968.88, 237935527197040.3, 229318412148586.0, 222628136986818.97, 225407921477579.2, 223486085374933.22, 231258951842434.5, 224051931697811.7, 236679253560016.38, 237592786622373.62, 262633339268438.88, 248761530716082.06, 234253909064798.62, 236536162181569.44, 214917365405540.97], [228033092024474.72, 238939861157945.44, 249046529149949.47, 238160870349715.7, 227806841634391.56, 223263999739857.75, 219793749257929.56, 222837052422732.44, 224909380960749.53, 226052987497528.0, 237588869494026.84, 237641177040927.66, 248761530716082.06, 262717216773150.75, 238246099991429.3, 234451224267914.2, 209764185945790.1], [217245803796950.84, 227307664836684.3, 237530984435702.7, 247851831547482.34, 237656356471531.44, 230552111921413.53, 231525135573670.84, 211688402122082.1, 217064413538683.4, 213547883721801.2, 226834570997615.0, 225038373208249.38, 234253909064798.62, 238246099991429.3, 261062745776320.2, 247431124244312.06, 220454173569456.72], [220794240810618.1, 229379968075580.28, 237660743839954.3, 248139734403611.16, 238038270334047.06, 230684262749789.4, 232336714465593.84, 217712926036544.9, 222031237359817.97, 214306750637249.4, 229186187101261.3, 226837267053181.06, 236536162181569.44, 234451224267914.2, 247431124244312.06, 261590767633452.12, 221114490144002.16], [195762080887591.4, 201661173294658.2, 212938569202817.1, 223506573725644.3, 239760003413347.47, 238059666496401.8, 251788153375285.56, 190268977330256.1, 199086607221110.8, 192054768278056.5, 198528324247545.38, 198754393863222.0, 214917365405540.97, 209764185945790.1, 220454173569456.72, 221114490144002.16, 259311969201056.22], [1138175280221.36, 1486170143103.6428, 1083616734784.9855, 429326341550.0813, -2156063865710.0195, -6328097103679.237, 25807050284.78762, 1017345000556.3877, 687993515752.179, 1419634107233.1797, 2041675770244.5696, 1470581833184.5332, 1241101226912.0632, 993505689325.5948, 1272648721133.1882, 1244815545993.8806, 385849355318.3828]]}}