{"resp_b": 0.1, "restrained_fit": true, "exclude_hydrogens": true, "convergence_tolerance": 1e-06, "max_iter": 500, "resp_a": 0.0005, "charge_constraints": {"charge_sum_constraints": [], "charge_equivalence_constraints": [], "molecules": [{"qcmol": {"schema_name": "qcschema_molecule", "schema_version": 2, "validated": true, "symbols": ["C", "C", "C", "C", "C", "O", "O", "H", "H", "H", "H", "H", "H", "H", "H", "H", "H"], "geometry": [[0.0, 0.0, -0.0], [2.890342301712331, -1.7082202492203314e-17, -9.153539807939552e-16], [4.091339131093413, 2.6346845276723263, 5.551115123125783e-16], [3.5637460069841387, 4.146424019848749, 2.424571303494015], [4.963492283867556, 6.623166720677463, 2.4499154712255473], [6.67732896218688, 7.145836433884362, 3.802940344955293], [4.082686233475572, 8.235211447556498, 0.7253650644431227], [-0.7713155414719427, 0.8091626718910606, 1.7192267802976333], [-0.7385620150539349, 1.0748078629598457, -1.585733781798361], [-0.7232871863043895, -1.9131181769787005, -0.1518000468558372], [3.552585604203566, -1.0005784275615612, -1.6665256740383985], [3.578962801892649, -1.0626896115075892, 1.6189151232221577], [3.425130903636651, 3.699462802997417, -1.6218230198668633], [6.123626615330645, 2.431562228817597, -0.21669245351759703], [4.1618037063770625, 3.0958672789828574, 4.0744479670207205], [1.5621503687172111, 4.548842753820534, 2.595076033165646], [5.062442730347053, 9.741774504337366, 0.8183055729529185]], "name": "C5H10O2", "identifiers": {"molecule_hash": "d2d54f20891999e96ed9528d00b9ee9a5f4066b9", "molecular_formula": "C5H10O2"}, "molecular_charge": 0.0, "molecular_multiplicity": 1, "connectivity": [[0, 1, 1.0], [0, 7, 1.0], [0, 8, 1.0], [0, 9, 1.0], [1, 2, 1.0], [1, 10, 1.0], [1, 11, 1.0], [2, 3, 1.0], [2, 12, 1.0], [2, 13, 1.0], [3, 4, 1.0], [3, 14, 1.0], [3, 15, 1.0], [4, 5, 2.0], [4, 6, 1.0], [6, 16, 1.0]], "fix_com": true, "fix_orientation": true, "provenance": {"creator": "QCElemental", "version": "v0.22.0", "routine": "qcelemental.molparse.from_schema"}, "id": "120816"}, "charge": 0, "optimize_geometry": false, "conformers": [], "conformer_generation_options": {"n_conformer_pool": 4000, "n_max_conformers": 0, "rms_tolerance": 0.05, "energy_window": 15, "keep_original_conformer": true}, "stage_1_unrestrained_charges": null, "stage_1_restrained_charges": null, "stage_2_unrestrained_charges": null, "stage_2_restrained_charges": null, "keep_original_orientation": false, "reorientations": [], "translations": [], "rotations": []}], "unconstrained_atoms": [{"index": 0, "molecule": {"qcmol": {"schema_name": "qcschema_molecule", "schema_version": 2, "validated": true, "symbols": ["C", "C", "C", "C", "C", "O", "O", "H", "H", "H", "H", "H", "H", "H", "H", "H", "H"], "geometry": [[0.0, 0.0, -0.0], [2.890342301712331, -1.7082202492203314e-17, -9.153539807939552e-16], [4.091339131093413, 2.6346845276723263, 5.551115123125783e-16], [3.5637460069841387, 4.146424019848749, 2.424571303494015], [4.963492283867556, 6.623166720677463, 2.4499154712255473], [6.67732896218688, 7.145836433884362, 3.802940344955293], [4.082686233475572, 8.235211447556498, 0.7253650644431227], [-0.7713155414719427, 0.8091626718910606, 1.7192267802976333], [-0.7385620150539349, 1.0748078629598457, -1.585733781798361], [-0.7232871863043895, -1.9131181769787005, -0.1518000468558372], [3.552585604203566, -1.0005784275615612, -1.6665256740383985], [3.578962801892649, -1.0626896115075892, 1.6189151232221577], [3.425130903636651, 3.699462802997417, -1.6218230198668633], [6.123626615330645, 2.431562228817597, -0.21669245351759703], [4.1618037063770625, 3.0958672789828574, 4.0744479670207205], [1.5621503687172111, 4.548842753820534, 2.595076033165646], [5.062442730347053, 9.741774504337366, 0.8183055729529185]], "name": "C5H10O2", "identifiers": {"molecule_hash": "d2d54f20891999e96ed9528d00b9ee9a5f4066b9", "molecular_formula": "C5H10O2"}, "molecular_charge": 0.0, "molecular_multiplicity": 1, "connectivity": [[0, 1, 1.0], [0, 7, 1.0], [0, 8, 1.0], [0, 9, 1.0], [1, 2, 1.0], [1, 10, 1.0], [1, 11, 1.0], [2, 3, 1.0], [2, 12, 1.0], [2, 13, 1.0], [3, 4, 1.0], [3, 14, 1.0], [3, 15, 1.0], [4, 5, 2.0], [4, 6, 1.0], [6, 16, 1.0]], "fix_com": true, "fix_orientation": true, "provenance": {"creator": "QCElemental", "version": "v0.22.0", "routine": "qcelemental.molparse.from_schema"}, "id": "120816"}, "charge": 0, "optimize_geometry": false, "conformers": [], "conformer_generation_options": {"n_conformer_pool": 4000, "n_max_conformers": 0, "rms_tolerance": 0.05, "energy_window": 15, "keep_original_conformer": true}, "stage_1_unrestrained_charges": null, "stage_1_restrained_charges": null, "stage_2_unrestrained_charges": null, "stage_2_restrained_charges": null, "keep_original_orientation": false, "reorientations": [], "translations": [], "rotations": []}}, {"index": 1, "molecule": {"qcmol": {"schema_name": "qcschema_molecule", "schema_version": 2, "validated": true, "symbols": ["C", "C", "C", "C", "C", "O", "O", "H", "H", "H", "H", "H", "H", "H", "H", "H", "H"], "geometry": [[0.0, 0.0, -0.0], [2.890342301712331, -1.7082202492203314e-17, -9.153539807939552e-16], [4.091339131093413, 2.6346845276723263, 5.551115123125783e-16], [3.5637460069841387, 4.146424019848749, 2.424571303494015], [4.963492283867556, 6.623166720677463, 2.4499154712255473], [6.67732896218688, 7.145836433884362, 3.802940344955293], [4.082686233475572, 8.235211447556498, 0.7253650644431227], [-0.7713155414719427, 0.8091626718910606, 1.7192267802976333], [-0.7385620150539349, 1.0748078629598457, -1.585733781798361], [-0.7232871863043895, -1.9131181769787005, -0.1518000468558372], [3.552585604203566, -1.0005784275615612, -1.6665256740383985], [3.578962801892649, -1.0626896115075892, 1.6189151232221577], [3.425130903636651, 3.699462802997417, -1.6218230198668633], [6.123626615330645, 2.431562228817597, -0.21669245351759703], [4.1618037063770625, 3.0958672789828574, 4.0744479670207205], [1.5621503687172111, 4.548842753820534, 2.595076033165646], [5.062442730347053, 9.741774504337366, 0.8183055729529185]], "name": "C5H10O2", "identifiers": {"molecule_hash": "d2d54f20891999e96ed9528d00b9ee9a5f4066b9", "molecular_formula": "C5H10O2"}, "molecular_charge": 0.0, "molecular_multiplicity": 1, "connectivity": [[0, 1, 1.0], [0, 7, 1.0], [0, 8, 1.0], [0, 9, 1.0], [1, 2, 1.0], [1, 10, 1.0], [1, 11, 1.0], [2, 3, 1.0], [2, 12, 1.0], [2, 13, 1.0], [3, 4, 1.0], [3, 14, 1.0], [3, 15, 1.0], [4, 5, 2.0], [4, 6, 1.0], [6, 16, 1.0]], "fix_com": true, "fix_orientation": true, "provenance": {"creator": "QCElemental", "version": "v0.22.0", "routine": "qcelemental.molparse.from_schema"}, "id": "120816"}, "charge": 0, "optimize_geometry": false, "conformers": [], "conformer_generation_options": {"n_conformer_pool": 4000, "n_max_conformers": 0, "rms_tolerance": 0.05, "energy_window": 15, "keep_original_conformer": true}, "stage_1_unrestrained_charges": null, "stage_1_restrained_charges": null, "stage_2_unrestrained_charges": null, "stage_2_restrained_charges": null, "keep_original_orientation": false, "reorientations": [], "translations": [], "rotations": []}}, {"index": 2, "molecule": {"qcmol": {"schema_name": "qcschema_molecule", "schema_version": 2, "validated": true, "symbols": ["C", "C", "C", "C", "C", "O", "O", "H", "H", "H", "H", "H", "H", "H", "H", "H", "H"], "geometry": [[0.0, 0.0, -0.0], [2.890342301712331, -1.7082202492203314e-17, -9.153539807939552e-16], [4.091339131093413, 2.6346845276723263, 5.551115123125783e-16], [3.5637460069841387, 4.146424019848749, 2.424571303494015], [4.963492283867556, 6.623166720677463, 2.4499154712255473], [6.67732896218688, 7.145836433884362, 3.802940344955293], [4.082686233475572, 8.235211447556498, 0.7253650644431227], [-0.7713155414719427, 0.8091626718910606, 1.7192267802976333], [-0.7385620150539349, 1.0748078629598457, -1.585733781798361], [-0.7232871863043895, -1.9131181769787005, -0.1518000468558372], [3.552585604203566, -1.0005784275615612, -1.6665256740383985], [3.578962801892649, -1.0626896115075892, 1.6189151232221577], [3.425130903636651, 3.699462802997417, -1.6218230198668633], [6.123626615330645, 2.431562228817597, -0.21669245351759703], [4.1618037063770625, 3.0958672789828574, 4.0744479670207205], [1.5621503687172111, 4.548842753820534, 2.595076033165646], [5.062442730347053, 9.741774504337366, 0.8183055729529185]], "name": "C5H10O2", "identifiers": {"molecule_hash": "d2d54f20891999e96ed9528d00b9ee9a5f4066b9", "molecular_formula": "C5H10O2"}, "molecular_charge": 0.0, "molecular_multiplicity": 1, "connectivity": [[0, 1, 1.0], [0, 7, 1.0], [0, 8, 1.0], [0, 9, 1.0], [1, 2, 1.0], [1, 10, 1.0], [1, 11, 1.0], [2, 3, 1.0], [2, 12, 1.0], [2, 13, 1.0], [3, 4, 1.0], [3, 14, 1.0], [3, 15, 1.0], [4, 5, 2.0], [4, 6, 1.0], [6, 16, 1.0]], "fix_com": true, "fix_orientation": true, "provenance": {"creator": "QCElemental", "version": "v0.22.0", "routine": "qcelemental.molparse.from_schema"}, "id": "120816"}, "charge": 0, "optimize_geometry": false, "conformers": [], "conformer_generation_options": {"n_conformer_pool": 4000, "n_max_conformers": 0, "rms_tolerance": 0.05, "energy_window": 15, "keep_original_conformer": true}, "stage_1_unrestrained_charges": null, "stage_1_restrained_charges": null, "stage_2_unrestrained_charges": null, "stage_2_restrained_charges": null, "keep_original_orientation": false, "reorientations": [], "translations": [], "rotations": []}}, {"index": 3, "molecule": {"qcmol": {"schema_name": "qcschema_molecule", "schema_version": 2, "validated": true, "symbols": ["C", "C", "C", "C", "C", "O", "O", "H", "H", "H", "H", "H", "H", "H", "H", "H", "H"], "geometry": [[0.0, 0.0, -0.0], [2.890342301712331, -1.7082202492203314e-17, -9.153539807939552e-16], [4.091339131093413, 2.6346845276723263, 5.551115123125783e-16], [3.5637460069841387, 4.146424019848749, 2.424571303494015], [4.963492283867556, 6.623166720677463, 2.4499154712255473], [6.67732896218688, 7.145836433884362, 3.802940344955293], [4.082686233475572, 8.235211447556498, 0.7253650644431227], [-0.7713155414719427, 0.8091626718910606, 1.7192267802976333], [-0.7385620150539349, 1.0748078629598457, -1.585733781798361], [-0.7232871863043895, -1.9131181769787005, -0.1518000468558372], [3.552585604203566, -1.0005784275615612, -1.6665256740383985], [3.578962801892649, -1.0626896115075892, 1.6189151232221577], [3.425130903636651, 3.699462802997417, -1.6218230198668633], [6.123626615330645, 2.431562228817597, -0.21669245351759703], [4.1618037063770625, 3.0958672789828574, 4.0744479670207205], [1.5621503687172111, 4.548842753820534, 2.595076033165646], [5.062442730347053, 9.741774504337366, 0.8183055729529185]], "name": "C5H10O2", "identifiers": {"molecule_hash": "d2d54f20891999e96ed9528d00b9ee9a5f4066b9", "molecular_formula": "C5H10O2"}, "molecular_charge": 0.0, "molecular_multiplicity": 1, "connectivity": [[0, 1, 1.0], [0, 7, 1.0], [0, 8, 1.0], [0, 9, 1.0], [1, 2, 1.0], [1, 10, 1.0], [1, 11, 1.0], [2, 3, 1.0], [2, 12, 1.0], [2, 13, 1.0], [3, 4, 1.0], [3, 14, 1.0], [3, 15, 1.0], [4, 5, 2.0], [4, 6, 1.0], [6, 16, 1.0]], "fix_com": true, "fix_orientation": true, "provenance": {"creator": "QCElemental", "version": "v0.22.0", "routine": "qcelemental.molparse.from_schema"}, "id": "120816"}, "charge": 0, "optimize_geometry": false, "conformers": [], "conformer_generation_options": {"n_conformer_pool": 4000, "n_max_conformers": 0, "rms_tolerance": 0.05, "energy_window": 15, "keep_original_conformer": true}, "stage_1_unrestrained_charges": null, "stage_1_restrained_charges": null, "stage_2_unrestrained_charges": null, "stage_2_restrained_charges": null, "keep_original_orientation": false, "reorientations": [], "translations": [], "rotations": []}}]}, "surface_constraints": {"matrix": [[248965764173160.25, 240664067982979.16, 230198732783374.88, 220484773762787.12, 211291040354412.53, 206724146938692.34, 204664487603553.16, 249950296244905.88, 250464451242697.97, 249766081634925.03, 239804334004871.53, 239715999349667.47, 229399208986633.28, 228020437848253.88, 217233762038654.28, 220782019405807.3, 195751255886538.56], [240664067982979.16, 246754224886447.7, 239365758046761.28, 229445432959591.94, 218822595421283.06, 213771523466480.3, 211305194926124.9, 238137080483959.94, 238405763722649.62, 237902117226585.94, 250086365211504.03, 250002293953007.2, 238973230930112.34, 238926616009774.4, 227295059125448.62, 229367257450142.6, 201649995763975.44], [230198732783374.88, 239365758046761.28, 245433652096560.44, 238334082209524.97, 229085395613078.7, 223636148827953.03, 222870871558645.34, 225443600797286.94, 229563948069621.0, 226421146304194.4, 238909287248523.0, 238879007874495.53, 248964527536851.06, 249032722252081.47, 237517817697983.53, 237647569616769.2, 212926764568533.66], [220484773762787.12, 229445432959591.94, 238334082209524.97, 244662589915951.25, 238114887013595.47, 232788582515419.6, 232849410240415.28, 215992449032174.47, 221112407910479.03, 215680146066851.66, 228637492319457.0, 227492767065172.8, 237922337334828.25, 238147667734114.78, 247838093115109.66, 248125980682659.97, 223494189010707.9], [211291040354412.53, 218822595421283.06, 229085395613078.7, 238114887013595.47, 244432661052534.78, 244660179629404.7, 242500424525981.72, 206576489385505.7, 213485381917167.38, 206461728264197.47, 216449316653455.12, 216730392959824.72, 229305704515483.72, 227794208357611.6, 237643185395006.0, 238025078888630.75, 239746720090036.38], [206724146938692.34, 213771523466480.3, 223636148827953.03, 232788582515419.6, 244660179629404.7, 255034389028899.25, 236632368439905.4, 202702000140972.62, 209086355256594.25, 201535827301588.6, 210573063457453.03, 212569804297633.3, 222615807533654.8, 223251622404276.6, 230539328286448.75, 230671485551215.2, 238046478920083.62], [204664487603553.16, 211305194926124.9, 222870871558645.34, 232849410240415.28, 242500424525981.72, 236632368439905.4, 252813789301389.44, 198933758084101.66, 207825098444670.03, 200647299460861.56, 208744161553082.8, 207852956083882.97, 225395426801718.66, 219781553969359.4, 231512314147577.12, 232323834119678.94, 251774204738931.28], [249950296244905.88, 238137080483959.94, 225443600797286.94, 215992449032174.47, 206576489385505.7, 202702000140972.62, 198933758084101.66, 261467211672693.2, 247774538899164.4, 246811967553428.25, 235524653584359.2, 238155525063080.6, 223473712397422.28, 222824684514409.72, 211676651185974.88, 217700864135683.56, 190258449132128.47], [250464451242697.97, 238405763722649.62, 229563948069621.0, 221112407910479.03, 213485381917167.38, 209086355256594.25, 207825098444670.03, 247774538899164.4, 262701345317528.8, 247482585230490.3, 236834189898495.6, 234066082306800.66, 231246120638818.16, 224896898984615.88, 217052403525060.3, 222018972934784.84, 199075612121221.38], [249766081634925.03, 237902117226585.94, 226421146304194.4, 215680146066851.66, 206461728264197.47, 201535827301588.6, 200647299460861.56, 246811967553428.25, 247482585230490.3, 261334289635896.16, 236187238197892.03, 236032319836934.72, 224039533479369.8, 226040438826881.75, 213536047751585.47, 214294884590330.84, 192044162022604.22], [239804334004871.53, 250086365211504.03, 238909287248523.0, 228637492319457.0, 216449316653455.12, 210573063457453.03, 208744161553082.8, 235524653584359.2, 236834189898495.6, 236187238197892.03, 263844602981865.03, 249318371797982.0, 236666119206948.0, 237575700953967.5, 226822006718633.5, 229173504309472.78, 198517320496366.56], [239715999349667.47, 250002293953007.2, 238879007874495.53, 227492767065172.8, 216730392959824.72, 212569804297633.3, 207852956083882.97, 238155525063080.6, 234066082306800.66, 236032319836934.72, 249318371797982.0, 263651167497184.1, 237579625387344.72, 237628015432297.0, 225025869456273.25, 226824672168425.03, 198743357612377.94], [229399208986633.28, 238973230930112.34, 248964527536851.06, 237922337334828.25, 229305704515483.72, 222615807533654.8, 225395426801718.66, 223473712397422.28, 231246120638818.16, 224039533479369.8, 236666119206948.0, 237579625387344.72, 262618780626284.5, 248747739762718.0, 234240926567998.06, 236523043691357.66, 214905455334904.2], [228020437848253.88, 238926616009774.4, 249032722252081.47, 238147667734114.78, 227794208357611.6, 223251622404276.6, 219781553969359.4, 222824684514409.72, 224896898984615.88, 226040438826881.75, 237575700953967.5, 237628015432297.0, 248747739762718.0, 262702650424129.03, 238232895506634.0, 234438229399119.84, 209752547032018.1], [217233762038654.28, 227295059125448.62, 237517817697983.53, 247838093115109.66, 237643185395006.0, 230539328286448.75, 231512314147577.12, 211676651185974.88, 217052403525060.3, 213536047751585.47, 226822006718633.5, 225025869456273.25, 234240926567998.06, 238232895506634.0, 261048275161699.5, 247417409829456.34, 220441964962984.2], [220782019405807.3, 229367257450142.6, 237647569616769.2, 248125980682659.97, 238025078888630.75, 230671485551215.2, 232323834119678.94, 217700864135683.56, 222018972934784.84, 214294884590330.84, 229173504309472.78, 226824672168425.03, 236523043691357.66, 234438229399119.84, 247417409829456.34, 261576269535895.03, 221102234957517.12], [195751255886538.56, 201649995763975.44, 212926764568533.66, 223494189010707.9, 239746720090036.38, 238046478920083.62, 251774204738931.28, 190258449132128.47, 199075612121221.38, 192044162022604.22, 198517320496366.56, 198743357612377.94, 214905455334904.2, 209752547032018.1, 220441964962984.2, 221102234957517.12, 259297605747352.06], [1075753000137.5844, 1315922140878.0544, 894046345395.7388, 253238733216.18893, -1838199684096.112, -5260766430598.688, -121331598489.34921, 1004143472285.9344, 707097672561.1531, 1313508992756.5483, 1753187306965.58, 1352547379800.024, 994677682867.5729, 849434401991.3754, 913277834686.2589, 871739589978.5957, 411466451043.71014]]}}