{"resp_b": 0.1, "restrained_fit": true, "exclude_hydrogens": true, "convergence_tolerance": 1e-06, "max_iter": 500, "resp_a": 0.0005, "charge_constraints": {"charge_sum_constraints": [], "charge_equivalence_constraints": [], "molecules": [{"qcmol": {"schema_name": "qcschema_molecule", "schema_version": 2, "validated": true, "symbols": ["C", "C", "C", "C", "C", "O", "O", "H", "H", "H", "H", "H", "H", "H", "H", "H", "H"], "geometry": [[0.0, 0.0, -0.0], [2.890342301712331, -1.7082202492203314e-17, -9.153539807939552e-16], [4.091339131093413, 2.6346845276723263, 5.551115123125783e-16], [3.5637460069841387, 4.146424019848749, 2.424571303494015], [4.963492283867556, 6.623166720677463, 2.4499154712255473], [6.67732896218688, 7.145836433884362, 3.802940344955293], [4.082686233475572, 8.235211447556498, 0.7253650644431227], [-0.7713155414719427, 0.8091626718910606, 1.7192267802976333], [-0.7385620150539349, 1.0748078629598457, -1.585733781798361], [-0.7232871863043895, -1.9131181769787005, -0.1518000468558372], [3.552585604203566, -1.0005784275615612, -1.6665256740383985], [3.578962801892649, -1.0626896115075892, 1.6189151232221577], [3.425130903636651, 3.699462802997417, -1.6218230198668633], [6.123626615330645, 2.431562228817597, -0.21669245351759703], [4.1618037063770625, 3.0958672789828574, 4.0744479670207205], [1.5621503687172111, 4.548842753820534, 2.595076033165646], [5.062442730347053, 9.741774504337366, 0.8183055729529185]], "name": "C5H10O2", "identifiers": {"molecule_hash": "d2d54f20891999e96ed9528d00b9ee9a5f4066b9", "molecular_formula": "C5H10O2"}, "molecular_charge": 0.0, "molecular_multiplicity": 1, "connectivity": [[0, 1, 1.0], [0, 7, 1.0], [0, 8, 1.0], [0, 9, 1.0], [1, 2, 1.0], [1, 10, 1.0], [1, 11, 1.0], [2, 3, 1.0], [2, 12, 1.0], [2, 13, 1.0], [3, 4, 1.0], [3, 14, 1.0], [3, 15, 1.0], [4, 5, 2.0], [4, 6, 1.0], [6, 16, 1.0]], "fix_com": true, "fix_orientation": true, "provenance": {"creator": "QCElemental", "version": "v0.22.0", "routine": "qcelemental.molparse.from_schema"}, "id": "120816"}, "charge": 0, "optimize_geometry": false, "conformers": [], "conformer_generation_options": {"n_conformer_pool": 4000, "n_max_conformers": 0, "rms_tolerance": 0.05, "energy_window": 15, "keep_original_conformer": true}, "stage_1_unrestrained_charges": null, "stage_1_restrained_charges": null, "stage_2_unrestrained_charges": null, "stage_2_restrained_charges": null, "keep_original_orientation": false, "reorientations": [], "translations": [], "rotations": []}], "unconstrained_atoms": [{"index": 0, "molecule": {"qcmol": {"schema_name": "qcschema_molecule", "schema_version": 2, "validated": true, "symbols": ["C", "C", "C", "C", "C", "O", "O", "H", "H", "H", "H", "H", "H", "H", "H", "H", "H"], "geometry": [[0.0, 0.0, -0.0], [2.890342301712331, -1.7082202492203314e-17, -9.153539807939552e-16], [4.091339131093413, 2.6346845276723263, 5.551115123125783e-16], [3.5637460069841387, 4.146424019848749, 2.424571303494015], [4.963492283867556, 6.623166720677463, 2.4499154712255473], [6.67732896218688, 7.145836433884362, 3.802940344955293], [4.082686233475572, 8.235211447556498, 0.7253650644431227], [-0.7713155414719427, 0.8091626718910606, 1.7192267802976333], [-0.7385620150539349, 1.0748078629598457, -1.585733781798361], [-0.7232871863043895, -1.9131181769787005, -0.1518000468558372], [3.552585604203566, -1.0005784275615612, -1.6665256740383985], [3.578962801892649, -1.0626896115075892, 1.6189151232221577], [3.425130903636651, 3.699462802997417, -1.6218230198668633], [6.123626615330645, 2.431562228817597, -0.21669245351759703], [4.1618037063770625, 3.0958672789828574, 4.0744479670207205], [1.5621503687172111, 4.548842753820534, 2.595076033165646], [5.062442730347053, 9.741774504337366, 0.8183055729529185]], "name": "C5H10O2", "identifiers": {"molecule_hash": "d2d54f20891999e96ed9528d00b9ee9a5f4066b9", "molecular_formula": "C5H10O2"}, "molecular_charge": 0.0, "molecular_multiplicity": 1, "connectivity": [[0, 1, 1.0], [0, 7, 1.0], [0, 8, 1.0], [0, 9, 1.0], [1, 2, 1.0], [1, 10, 1.0], [1, 11, 1.0], [2, 3, 1.0], [2, 12, 1.0], [2, 13, 1.0], [3, 4, 1.0], [3, 14, 1.0], [3, 15, 1.0], [4, 5, 2.0], [4, 6, 1.0], [6, 16, 1.0]], "fix_com": true, "fix_orientation": true, "provenance": {"creator": "QCElemental", "version": "v0.22.0", "routine": "qcelemental.molparse.from_schema"}, "id": "120816"}, "charge": 0, "optimize_geometry": false, "conformers": [], "conformer_generation_options": {"n_conformer_pool": 4000, "n_max_conformers": 0, "rms_tolerance": 0.05, "energy_window": 15, "keep_original_conformer": true}, "stage_1_unrestrained_charges": null, "stage_1_restrained_charges": null, "stage_2_unrestrained_charges": null, "stage_2_restrained_charges": null, "keep_original_orientation": false, "reorientations": [], "translations": [], "rotations": []}}, {"index": 1, "molecule": {"qcmol": {"schema_name": "qcschema_molecule", "schema_version": 2, "validated": true, "symbols": ["C", "C", "C", "C", "C", "O", "O", "H", "H", "H", "H", "H", "H", "H", "H", "H", "H"], "geometry": [[0.0, 0.0, -0.0], [2.890342301712331, -1.7082202492203314e-17, -9.153539807939552e-16], [4.091339131093413, 2.6346845276723263, 5.551115123125783e-16], [3.5637460069841387, 4.146424019848749, 2.424571303494015], [4.963492283867556, 6.623166720677463, 2.4499154712255473], [6.67732896218688, 7.145836433884362, 3.802940344955293], [4.082686233475572, 8.235211447556498, 0.7253650644431227], [-0.7713155414719427, 0.8091626718910606, 1.7192267802976333], [-0.7385620150539349, 1.0748078629598457, -1.585733781798361], [-0.7232871863043895, -1.9131181769787005, -0.1518000468558372], [3.552585604203566, -1.0005784275615612, -1.6665256740383985], [3.578962801892649, -1.0626896115075892, 1.6189151232221577], [3.425130903636651, 3.699462802997417, -1.6218230198668633], [6.123626615330645, 2.431562228817597, -0.21669245351759703], [4.1618037063770625, 3.0958672789828574, 4.0744479670207205], [1.5621503687172111, 4.548842753820534, 2.595076033165646], [5.062442730347053, 9.741774504337366, 0.8183055729529185]], "name": "C5H10O2", "identifiers": {"molecule_hash": "d2d54f20891999e96ed9528d00b9ee9a5f4066b9", "molecular_formula": "C5H10O2"}, "molecular_charge": 0.0, "molecular_multiplicity": 1, "connectivity": [[0, 1, 1.0], [0, 7, 1.0], [0, 8, 1.0], [0, 9, 1.0], [1, 2, 1.0], [1, 10, 1.0], [1, 11, 1.0], [2, 3, 1.0], [2, 12, 1.0], [2, 13, 1.0], [3, 4, 1.0], [3, 14, 1.0], [3, 15, 1.0], [4, 5, 2.0], [4, 6, 1.0], [6, 16, 1.0]], "fix_com": true, "fix_orientation": true, "provenance": {"creator": "QCElemental", "version": "v0.22.0", "routine": "qcelemental.molparse.from_schema"}, "id": "120816"}, "charge": 0, "optimize_geometry": false, "conformers": [], "conformer_generation_options": {"n_conformer_pool": 4000, "n_max_conformers": 0, "rms_tolerance": 0.05, "energy_window": 15, "keep_original_conformer": true}, "stage_1_unrestrained_charges": null, "stage_1_restrained_charges": null, "stage_2_unrestrained_charges": null, "stage_2_restrained_charges": null, "keep_original_orientation": false, "reorientations": [], "translations": [], "rotations": []}}, {"index": 2, "molecule": {"qcmol": {"schema_name": "qcschema_molecule", "schema_version": 2, "validated": true, "symbols": ["C", "C", "C", "C", "C", "O", "O", "H", "H", "H", "H", "H", "H", "H", "H", "H", "H"], "geometry": [[0.0, 0.0, -0.0], [2.890342301712331, -1.7082202492203314e-17, -9.153539807939552e-16], [4.091339131093413, 2.6346845276723263, 5.551115123125783e-16], [3.5637460069841387, 4.146424019848749, 2.424571303494015], [4.963492283867556, 6.623166720677463, 2.4499154712255473], [6.67732896218688, 7.145836433884362, 3.802940344955293], [4.082686233475572, 8.235211447556498, 0.7253650644431227], [-0.7713155414719427, 0.8091626718910606, 1.7192267802976333], [-0.7385620150539349, 1.0748078629598457, -1.585733781798361], [-0.7232871863043895, -1.9131181769787005, -0.1518000468558372], [3.552585604203566, -1.0005784275615612, -1.6665256740383985], [3.578962801892649, -1.0626896115075892, 1.6189151232221577], [3.425130903636651, 3.699462802997417, -1.6218230198668633], [6.123626615330645, 2.431562228817597, -0.21669245351759703], [4.1618037063770625, 3.0958672789828574, 4.0744479670207205], [1.5621503687172111, 4.548842753820534, 2.595076033165646], [5.062442730347053, 9.741774504337366, 0.8183055729529185]], "name": "C5H10O2", "identifiers": {"molecule_hash": "d2d54f20891999e96ed9528d00b9ee9a5f4066b9", "molecular_formula": "C5H10O2"}, "molecular_charge": 0.0, "molecular_multiplicity": 1, "connectivity": [[0, 1, 1.0], [0, 7, 1.0], [0, 8, 1.0], [0, 9, 1.0], [1, 2, 1.0], [1, 10, 1.0], [1, 11, 1.0], [2, 3, 1.0], [2, 12, 1.0], [2, 13, 1.0], [3, 4, 1.0], [3, 14, 1.0], [3, 15, 1.0], [4, 5, 2.0], [4, 6, 1.0], [6, 16, 1.0]], "fix_com": true, "fix_orientation": true, "provenance": {"creator": "QCElemental", "version": "v0.22.0", "routine": "qcelemental.molparse.from_schema"}, "id": "120816"}, "charge": 0, "optimize_geometry": false, "conformers": [], "conformer_generation_options": {"n_conformer_pool": 4000, "n_max_conformers": 0, "rms_tolerance": 0.05, "energy_window": 15, "keep_original_conformer": true}, "stage_1_unrestrained_charges": null, "stage_1_restrained_charges": null, "stage_2_unrestrained_charges": null, "stage_2_restrained_charges": null, "keep_original_orientation": false, "reorientations": [], "translations": [], "rotations": []}}, {"index": 3, "molecule": {"qcmol": {"schema_name": "qcschema_molecule", "schema_version": 2, "validated": true, "symbols": ["C", "C", "C", "C", "C", "O", "O", "H", "H", "H", "H", "H", "H", "H", "H", "H", "H"], "geometry": [[0.0, 0.0, -0.0], [2.890342301712331, -1.7082202492203314e-17, -9.153539807939552e-16], [4.091339131093413, 2.6346845276723263, 5.551115123125783e-16], [3.5637460069841387, 4.146424019848749, 2.424571303494015], [4.963492283867556, 6.623166720677463, 2.4499154712255473], [6.67732896218688, 7.145836433884362, 3.802940344955293], [4.082686233475572, 8.235211447556498, 0.7253650644431227], [-0.7713155414719427, 0.8091626718910606, 1.7192267802976333], [-0.7385620150539349, 1.0748078629598457, -1.585733781798361], [-0.7232871863043895, -1.9131181769787005, -0.1518000468558372], [3.552585604203566, -1.0005784275615612, -1.6665256740383985], [3.578962801892649, -1.0626896115075892, 1.6189151232221577], [3.425130903636651, 3.699462802997417, -1.6218230198668633], [6.123626615330645, 2.431562228817597, -0.21669245351759703], [4.1618037063770625, 3.0958672789828574, 4.0744479670207205], [1.5621503687172111, 4.548842753820534, 2.595076033165646], [5.062442730347053, 9.741774504337366, 0.8183055729529185]], "name": "C5H10O2", "identifiers": {"molecule_hash": "d2d54f20891999e96ed9528d00b9ee9a5f4066b9", "molecular_formula": "C5H10O2"}, "molecular_charge": 0.0, "molecular_multiplicity": 1, "connectivity": [[0, 1, 1.0], [0, 7, 1.0], [0, 8, 1.0], [0, 9, 1.0], [1, 2, 1.0], [1, 10, 1.0], [1, 11, 1.0], [2, 3, 1.0], [2, 12, 1.0], [2, 13, 1.0], [3, 4, 1.0], [3, 14, 1.0], [3, 15, 1.0], [4, 5, 2.0], [4, 6, 1.0], [6, 16, 1.0]], "fix_com": true, "fix_orientation": true, "provenance": {"creator": "QCElemental", "version": "v0.22.0", "routine": "qcelemental.molparse.from_schema"}, "id": "120816"}, "charge": 0, "optimize_geometry": false, "conformers": [], "conformer_generation_options": {"n_conformer_pool": 4000, "n_max_conformers": 0, "rms_tolerance": 0.05, "energy_window": 15, "keep_original_conformer": true}, "stage_1_unrestrained_charges": null, "stage_1_restrained_charges": null, "stage_2_unrestrained_charges": null, "stage_2_restrained_charges": null, "keep_original_orientation": false, "reorientations": [], "translations": [], "rotations": []}}]}, "surface_constraints": {"matrix": [[252502994871012.38, 244192084598037.1, 233683555803254.56, 224210125791549.84, 215219801527164.78, 209865486149575.22, 209755447902524.78, 253616993949978.66, 254017127061008.8, 253177287857479.9, 243393483143585.94, 243184066077874.6, 232817334458336.38, 231384004710511.47, 220849294051104.03, 224537978676283.5, 200788435276627.53], [244192084598037.1, 250372319755671.38, 242963040287525.03, 233048728030389.47, 222354797454066.7, 216303606426489.94, 215836266153530.94, 241664972168205.5, 241848135786486.72, 241242987268869.4, 253903538102649.1, 253651121900666.2, 242481264269665.28, 242543229665614.5, 230832322702805.16, 232929001084675.38, 206002264743601.16], [233683555803254.56, 242963040287525.03, 249123402106449.44, 242068196693058.53, 232624328787082.88, 226247258840560.94, 227094694071335.9, 228929595103052.44, 232991817790948.12, 229724447407858.4, 242631028584958.44, 242425625088220.1, 252624309893792.06, 252876453906384.5, 241345185056576.12, 241256121698347.7, 216929079651980.84], [224210125791549.84, 233048728030389.47, 242068196693058.53, 248519067232438.2, 241860702973004.03, 236156105877688.75, 236425315624294.88, 219705178848175.47, 224857960274849.34, 219375913035876.44, 232270458286391.72, 230971873503505.0, 241566830130697.44, 241961759446147.66, 251929515479567.84, 251974567765584.4, 227104904991294.25], [215219801527164.78, 222354797454066.7, 232624328787082.88, 241860702973004.03, 248150214102616.47, 248097885712840.47, 246146537505063.25, 210686691694332.78, 217520360616994.6, 210339431179010.84, 219883260755660.94, 220142186567977.38, 232825757824633.56, 231358365144136.2, 241580806050006.4, 241754448103298.88, 243635004914490.84], [209865486149575.22, 216303606426489.94, 226247258840560.94, 236156105877688.75, 248097885712840.47, 258522243079703.25, 239878058119908.7, 206340226960580.28, 212307148729771.7, 204530675130636.2, 212861239861463.66, 214917007712828.12, 225152189513803.0, 225739486548193.78, 234435606898227.47, 234158387805350.1, 241927079581178.2], [209755447902524.78, 215836266153530.94, 227094694071335.9, 236425315624294.88, 246146537505063.25, 239878058119908.7, 256843156180953.2, 203875630199926.97, 213256048324007.9, 205916696313086.1, 213146359095716.53, 212347409979560.4, 229885284265520.1, 224168481036685.62, 234670193706826.97, 235627195391782.53, 255786103703735.9], [253616993949978.66, 241664972168205.5, 228929595103052.44, 219705178848175.47, 210686691694332.78, 206340226960580.28, 203875630199926.97, 265529376227584.66, 251423289577193.8, 250269856561077.7, 238986990740307.06, 241606929173059.12, 226890939354250.28, 226173852993393.44, 215160945026507.3, 221480406271859.5, 195323077591568.97], [254017127061008.8, 241848135786486.72, 232991817790948.12, 224857960274849.34, 217520360616994.6, 212307148729771.7, 213256048324007.9, 251423289577193.8, 266549614637261.78, 250848892388786.53, 240310363991105.38, 237345822145900.53, 234734368163539.9, 228125646393333.06, 220606306277485.9, 225868020764926.53, 204403301007089.78], [253177287857479.9, 241242987268869.4, 229724447407858.4, 219375913035876.44, 210339431179010.84, 204530675130636.2, 205916696313086.1, 250269856561077.7, 250848892388786.53, 264880964073599.7, 239539760733936.8, 239255474957425.1, 227188998358969.03, 229200785164158.0, 217274952549965.56, 217995132313991.97, 197266305617314.1], [243393483143585.94, 253903538102649.1, 242631028584958.44, 232270458286391.72, 219883260755660.94, 212861239861463.66, 213146359095716.53, 238986990740307.06, 240310363991105.38, 239539760733936.8, 268181626256143.03, 253113722594318.47, 240162102801096.03, 241335111216054.78, 230438614382536.1, 232744783774315.0, 202656656047509.7], [243184066077874.6, 253651121900666.2, 242425625088220.1, 230971873503505.0, 220142186567977.38, 214917007712828.12, 212347409979560.4, 241606929173059.12, 237345822145900.53, 239255474957425.1, 253113722594318.47, 267632415797068.06, 241047306972125.25, 241118601001095.44, 228340304927032.8, 230285103571414.28, 203119754797080.9], [232817334458336.38, 242481264269665.28, 252624309893792.06, 241566830130697.44, 232825757824633.56, 225152189513803.0, 229885284265520.1, 226890939354250.28, 234734368163539.9, 227188998358969.03, 240162102801096.03, 241047306972125.25, 266584447324332.72, 252464817119404.44, 237840014441534.6, 239960484669682.88, 219043880817649.56], [231384004710511.47, 242543229665614.5, 252876453906384.5, 241961759446147.66, 231358365144136.2, 225739486548193.78, 224168481036685.62, 226173852993393.44, 228125646393333.06, 229200785164158.0, 241335111216054.78, 241118601001095.44, 252464817119404.44, 267028548328712.2, 242184701835310.34, 237943383411303.72, 213838971038831.03], [220849294051104.03, 230832322702805.16, 241345185056576.12, 251929515479567.84, 241580806050006.4, 234435606898227.47, 234670193706826.97, 215160945026507.3, 220606306277485.9, 217274952549965.56, 230438614382536.1, 228340304927032.8, 237840014441534.6, 242184701835310.34, 265774690534544.12, 251378580178105.44, 223684899501904.2], [224537978676283.5, 232929001084675.38, 241256121698347.7, 251974567765584.4, 241754448103298.88, 234158387805350.1, 235627195391782.53, 221480406271859.5, 225868020764926.53, 217995132313991.97, 232744783774315.0, 230285103571414.28, 239960484669682.88, 237943383411303.72, 251378580178105.44, 265814888213955.9, 224429152067734.72], [200788435276627.53, 206002264743601.16, 216929079651980.84, 227104904991294.25, 243635004914490.84, 241927079581178.2, 255786103703735.9, 195323077591568.97, 204403301007089.78, 197266305617314.1, 202656656047509.7, 203119754797080.9, 219043880817649.56, 213838971038831.03, 223684899501904.2, 224429152067734.72, 263726155042823.53], [1117238411760.2227, 1482020601461.3074, 1094168703829.9579, 418228230354.76904, -1791761714689.556, -5530698016381.618, 313032527724.0557, 911692312012.9285, 703773844543.5715, 1433649288036.427, 2055510157277.8274, 1482882513800.8472, 1217579881425.0667, 994122714199.0184, 1080486173017.5078, 1061405009088.2252, 625464492899.8461]]}}