{"resp_b": 0.1, "restrained_fit": true, "exclude_hydrogens": true, "convergence_tolerance": 1e-06, "max_iter": 500, "resp_a": 0.0005, "charge_constraints": {"charge_sum_constraints": [], "charge_equivalence_constraints": [], "molecules": [{"qcmol": {"schema_name": "qcschema_molecule", "schema_version": 2, "validated": true, "symbols": ["C", "C", "C", "C", "C", "O", "O", "H", "H", "H", "H", "H", "H", "H", "H", "H", "H"], "geometry": [[0.0, 0.0, -0.0], [2.890342301712331, -1.7082202492203314e-17, -9.153539807939552e-16], [4.091339131093413, 2.6346845276723263, 5.551115123125783e-16], [3.5637460069841387, 4.146424019848749, 2.424571303494015], [4.963492283867556, 6.623166720677463, 2.4499154712255473], [6.67732896218688, 7.145836433884362, 3.802940344955293], [4.082686233475572, 8.235211447556498, 0.7253650644431227], [-0.7713155414719427, 0.8091626718910606, 1.7192267802976333], [-0.7385620150539349, 1.0748078629598457, -1.585733781798361], [-0.7232871863043895, -1.9131181769787005, -0.1518000468558372], [3.552585604203566, -1.0005784275615612, -1.6665256740383985], [3.578962801892649, -1.0626896115075892, 1.6189151232221577], [3.425130903636651, 3.699462802997417, -1.6218230198668633], [6.123626615330645, 2.431562228817597, -0.21669245351759703], [4.1618037063770625, 3.0958672789828574, 4.0744479670207205], [1.5621503687172111, 4.548842753820534, 2.595076033165646], [5.062442730347053, 9.741774504337366, 0.8183055729529185]], "name": "C5H10O2", "identifiers": {"molecule_hash": "d2d54f20891999e96ed9528d00b9ee9a5f4066b9", "molecular_formula": "C5H10O2"}, "molecular_charge": 0.0, "molecular_multiplicity": 1, "connectivity": [[0, 1, 1.0], [0, 7, 1.0], [0, 8, 1.0], [0, 9, 1.0], [1, 2, 1.0], [1, 10, 1.0], [1, 11, 1.0], [2, 3, 1.0], [2, 12, 1.0], [2, 13, 1.0], [3, 4, 1.0], [3, 14, 1.0], [3, 15, 1.0], [4, 5, 2.0], [4, 6, 1.0], [6, 16, 1.0]], "fix_com": true, "fix_orientation": true, "provenance": {"creator": "QCElemental", "version": "v0.22.0", "routine": "qcelemental.molparse.from_schema"}, "id": "120816"}, "charge": 0, "optimize_geometry": false, "conformers": [], "conformer_generation_options": {"n_conformer_pool": 4000, "n_max_conformers": 0, "rms_tolerance": 0.05, "energy_window": 15, "keep_original_conformer": true}, "stage_1_unrestrained_charges": null, "stage_1_restrained_charges": null, "stage_2_unrestrained_charges": null, "stage_2_restrained_charges": null, "keep_original_orientation": false, "reorientations": [], "translations": [], "rotations": []}], "unconstrained_atoms": [{"index": 0, "molecule": {"qcmol": {"schema_name": "qcschema_molecule", "schema_version": 2, "validated": true, "symbols": ["C", "C", "C", "C", "C", "O", "O", "H", "H", "H", "H", "H", "H", "H", "H", "H", "H"], "geometry": [[0.0, 0.0, -0.0], [2.890342301712331, -1.7082202492203314e-17, -9.153539807939552e-16], [4.091339131093413, 2.6346845276723263, 5.551115123125783e-16], [3.5637460069841387, 4.146424019848749, 2.424571303494015], [4.963492283867556, 6.623166720677463, 2.4499154712255473], [6.67732896218688, 7.145836433884362, 3.802940344955293], [4.082686233475572, 8.235211447556498, 0.7253650644431227], [-0.7713155414719427, 0.8091626718910606, 1.7192267802976333], [-0.7385620150539349, 1.0748078629598457, -1.585733781798361], [-0.7232871863043895, -1.9131181769787005, -0.1518000468558372], [3.552585604203566, -1.0005784275615612, -1.6665256740383985], [3.578962801892649, -1.0626896115075892, 1.6189151232221577], [3.425130903636651, 3.699462802997417, -1.6218230198668633], [6.123626615330645, 2.431562228817597, -0.21669245351759703], [4.1618037063770625, 3.0958672789828574, 4.0744479670207205], [1.5621503687172111, 4.548842753820534, 2.595076033165646], [5.062442730347053, 9.741774504337366, 0.8183055729529185]], "name": "C5H10O2", "identifiers": {"molecule_hash": "d2d54f20891999e96ed9528d00b9ee9a5f4066b9", "molecular_formula": "C5H10O2"}, "molecular_charge": 0.0, "molecular_multiplicity": 1, "connectivity": [[0, 1, 1.0], [0, 7, 1.0], [0, 8, 1.0], [0, 9, 1.0], [1, 2, 1.0], [1, 10, 1.0], [1, 11, 1.0], [2, 3, 1.0], [2, 12, 1.0], [2, 13, 1.0], [3, 4, 1.0], [3, 14, 1.0], [3, 15, 1.0], [4, 5, 2.0], [4, 6, 1.0], [6, 16, 1.0]], "fix_com": true, "fix_orientation": true, "provenance": {"creator": "QCElemental", "version": "v0.22.0", "routine": "qcelemental.molparse.from_schema"}, "id": "120816"}, "charge": 0, "optimize_geometry": false, "conformers": [], "conformer_generation_options": {"n_conformer_pool": 4000, "n_max_conformers": 0, "rms_tolerance": 0.05, "energy_window": 15, "keep_original_conformer": true}, "stage_1_unrestrained_charges": null, "stage_1_restrained_charges": null, "stage_2_unrestrained_charges": null, "stage_2_restrained_charges": null, "keep_original_orientation": false, "reorientations": [], "translations": [], "rotations": []}}, {"index": 1, "molecule": {"qcmol": {"schema_name": "qcschema_molecule", "schema_version": 2, "validated": true, "symbols": ["C", "C", "C", "C", "C", "O", "O", "H", "H", "H", "H", "H", "H", "H", "H", "H", "H"], "geometry": [[0.0, 0.0, -0.0], [2.890342301712331, -1.7082202492203314e-17, -9.153539807939552e-16], [4.091339131093413, 2.6346845276723263, 5.551115123125783e-16], [3.5637460069841387, 4.146424019848749, 2.424571303494015], [4.963492283867556, 6.623166720677463, 2.4499154712255473], [6.67732896218688, 7.145836433884362, 3.802940344955293], [4.082686233475572, 8.235211447556498, 0.7253650644431227], [-0.7713155414719427, 0.8091626718910606, 1.7192267802976333], [-0.7385620150539349, 1.0748078629598457, -1.585733781798361], [-0.7232871863043895, -1.9131181769787005, -0.1518000468558372], [3.552585604203566, -1.0005784275615612, -1.6665256740383985], [3.578962801892649, -1.0626896115075892, 1.6189151232221577], [3.425130903636651, 3.699462802997417, -1.6218230198668633], [6.123626615330645, 2.431562228817597, -0.21669245351759703], [4.1618037063770625, 3.0958672789828574, 4.0744479670207205], [1.5621503687172111, 4.548842753820534, 2.595076033165646], [5.062442730347053, 9.741774504337366, 0.8183055729529185]], "name": "C5H10O2", "identifiers": {"molecule_hash": "d2d54f20891999e96ed9528d00b9ee9a5f4066b9", "molecular_formula": "C5H10O2"}, "molecular_charge": 0.0, "molecular_multiplicity": 1, "connectivity": [[0, 1, 1.0], [0, 7, 1.0], [0, 8, 1.0], [0, 9, 1.0], [1, 2, 1.0], [1, 10, 1.0], [1, 11, 1.0], [2, 3, 1.0], [2, 12, 1.0], [2, 13, 1.0], [3, 4, 1.0], [3, 14, 1.0], [3, 15, 1.0], [4, 5, 2.0], [4, 6, 1.0], [6, 16, 1.0]], "fix_com": true, "fix_orientation": true, "provenance": {"creator": "QCElemental", "version": "v0.22.0", "routine": "qcelemental.molparse.from_schema"}, "id": "120816"}, "charge": 0, "optimize_geometry": false, "conformers": [], "conformer_generation_options": {"n_conformer_pool": 4000, "n_max_conformers": 0, "rms_tolerance": 0.05, "energy_window": 15, "keep_original_conformer": true}, "stage_1_unrestrained_charges": null, "stage_1_restrained_charges": null, "stage_2_unrestrained_charges": null, "stage_2_restrained_charges": null, "keep_original_orientation": false, "reorientations": [], "translations": [], "rotations": []}}, {"index": 2, "molecule": {"qcmol": {"schema_name": "qcschema_molecule", "schema_version": 2, "validated": true, "symbols": ["C", "C", "C", "C", "C", "O", "O", "H", "H", "H", "H", "H", "H", "H", "H", "H", "H"], "geometry": [[0.0, 0.0, -0.0], [2.890342301712331, -1.7082202492203314e-17, -9.153539807939552e-16], [4.091339131093413, 2.6346845276723263, 5.551115123125783e-16], [3.5637460069841387, 4.146424019848749, 2.424571303494015], [4.963492283867556, 6.623166720677463, 2.4499154712255473], [6.67732896218688, 7.145836433884362, 3.802940344955293], [4.082686233475572, 8.235211447556498, 0.7253650644431227], [-0.7713155414719427, 0.8091626718910606, 1.7192267802976333], [-0.7385620150539349, 1.0748078629598457, -1.585733781798361], [-0.7232871863043895, -1.9131181769787005, -0.1518000468558372], [3.552585604203566, -1.0005784275615612, -1.6665256740383985], [3.578962801892649, -1.0626896115075892, 1.6189151232221577], [3.425130903636651, 3.699462802997417, -1.6218230198668633], [6.123626615330645, 2.431562228817597, -0.21669245351759703], [4.1618037063770625, 3.0958672789828574, 4.0744479670207205], [1.5621503687172111, 4.548842753820534, 2.595076033165646], [5.062442730347053, 9.741774504337366, 0.8183055729529185]], "name": "C5H10O2", "identifiers": {"molecule_hash": "d2d54f20891999e96ed9528d00b9ee9a5f4066b9", "molecular_formula": "C5H10O2"}, "molecular_charge": 0.0, "molecular_multiplicity": 1, "connectivity": [[0, 1, 1.0], [0, 7, 1.0], [0, 8, 1.0], [0, 9, 1.0], [1, 2, 1.0], [1, 10, 1.0], [1, 11, 1.0], [2, 3, 1.0], [2, 12, 1.0], [2, 13, 1.0], [3, 4, 1.0], [3, 14, 1.0], [3, 15, 1.0], [4, 5, 2.0], [4, 6, 1.0], [6, 16, 1.0]], "fix_com": true, "fix_orientation": true, "provenance": {"creator": "QCElemental", "version": "v0.22.0", "routine": "qcelemental.molparse.from_schema"}, "id": "120816"}, "charge": 0, "optimize_geometry": false, "conformers": [], "conformer_generation_options": {"n_conformer_pool": 4000, "n_max_conformers": 0, "rms_tolerance": 0.05, "energy_window": 15, "keep_original_conformer": true}, "stage_1_unrestrained_charges": null, "stage_1_restrained_charges": null, "stage_2_unrestrained_charges": null, "stage_2_restrained_charges": null, "keep_original_orientation": false, "reorientations": [], "translations": [], "rotations": []}}, {"index": 3, "molecule": {"qcmol": {"schema_name": "qcschema_molecule", "schema_version": 2, "validated": true, "symbols": ["C", "C", "C", "C", "C", "O", "O", "H", "H", "H", "H", "H", "H", "H", "H", "H", "H"], "geometry": [[0.0, 0.0, -0.0], [2.890342301712331, -1.7082202492203314e-17, -9.153539807939552e-16], [4.091339131093413, 2.6346845276723263, 5.551115123125783e-16], [3.5637460069841387, 4.146424019848749, 2.424571303494015], [4.963492283867556, 6.623166720677463, 2.4499154712255473], [6.67732896218688, 7.145836433884362, 3.802940344955293], [4.082686233475572, 8.235211447556498, 0.7253650644431227], [-0.7713155414719427, 0.8091626718910606, 1.7192267802976333], [-0.7385620150539349, 1.0748078629598457, -1.585733781798361], [-0.7232871863043895, -1.9131181769787005, -0.1518000468558372], [3.552585604203566, -1.0005784275615612, -1.6665256740383985], [3.578962801892649, -1.0626896115075892, 1.6189151232221577], [3.425130903636651, 3.699462802997417, -1.6218230198668633], [6.123626615330645, 2.431562228817597, -0.21669245351759703], [4.1618037063770625, 3.0958672789828574, 4.0744479670207205], [1.5621503687172111, 4.548842753820534, 2.595076033165646], [5.062442730347053, 9.741774504337366, 0.8183055729529185]], "name": "C5H10O2", "identifiers": {"molecule_hash": "d2d54f20891999e96ed9528d00b9ee9a5f4066b9", "molecular_formula": "C5H10O2"}, "molecular_charge": 0.0, "molecular_multiplicity": 1, "connectivity": [[0, 1, 1.0], [0, 7, 1.0], [0, 8, 1.0], [0, 9, 1.0], [1, 2, 1.0], [1, 10, 1.0], [1, 11, 1.0], [2, 3, 1.0], [2, 12, 1.0], [2, 13, 1.0], [3, 4, 1.0], [3, 14, 1.0], [3, 15, 1.0], [4, 5, 2.0], [4, 6, 1.0], [6, 16, 1.0]], "fix_com": true, "fix_orientation": true, "provenance": {"creator": "QCElemental", "version": "v0.22.0", "routine": "qcelemental.molparse.from_schema"}, "id": "120816"}, "charge": 0, "optimize_geometry": false, "conformers": [], "conformer_generation_options": {"n_conformer_pool": 4000, "n_max_conformers": 0, "rms_tolerance": 0.05, "energy_window": 15, "keep_original_conformer": true}, "stage_1_unrestrained_charges": null, "stage_1_restrained_charges": null, "stage_2_unrestrained_charges": null, "stage_2_restrained_charges": null, "keep_original_orientation": false, "reorientations": [], "translations": [], "rotations": []}}]}, "surface_constraints": {"matrix": [[252494026528845.2, 244183409731283.22, 233675252728827.28, 224202173781829.97, 215212169679073.12, 209858045154894.3, 209748010103210.4, 253607989667571.8, 254008105548513.9, 253168294140948.53, 243384837150298.56, 243175427475983.0, 232809050356237.0, 231375782513490.03, 220841473802535.47, 224530014027638.88, 200781315665224.1], [244183409731283.22, 250363424556938.84, 242954407679018.44, 233040447217432.88, 222346900593520.66, 216295927097847.25, 215828601176402.2, 241656389688342.06, 241839544714510.16, 241234416281072.62, 253894518656628.78, 253642110051654.16, 242472649698405.9, 242534611427381.75, 230824128459432.06, 232920715268682.38, 205994951274247.97], [233675252728827.28, 242954407679018.44, 249114550169210.7, 242059595911159.8, 232616065062664.1, 226239226585729.8, 227086623010221.44, 228921480724698.0, 232983535370285.97, 229716270888645.1, 242622409630983.66, 242417011258570.03, 252615333822648.3, 252867468213973.62, 241336610286372.62, 241247550334180.4, 216921371910661.75], [224202173781829.97, 233040447217432.88, 242059595911159.8, 248510238559353.12, 241852112111311.0, 236147717548949.94, 236416920233940.7, 219697406377370.88, 224849984438647.78, 219368125921766.66, 232262197527340.2, 230963662176863.4, 241558247507076.75, 241953162392407.0, 251920566871299.97, 251965616330879.1, 227096840989629.25], [215212169679073.12, 222346900593520.66, 232616065062664.1, 241852112111311.0, 248141401349853.34, 248089074784649.0, 246137798314599.3, 210679242135259.12, 217512642966796.53, 210331964876681.84, 219875437568088.12, 220134375061140.8, 232817477244905.5, 231350154603745.25, 241572225982562.75, 241745860988586.5, 243626355505976.97], [209858045154894.3, 216295927097847.25, 226239226585729.8, 236147717548949.94, 248089074784649.0, 258513062056320.9, 239869541408769.03, 206332935377070.94, 212299606364910.8, 204523422128347.1, 212853660335124.5, 214909392785932.03, 225144177893226.75, 225731494732826.94, 234427287233346.94, 234150059473051.5, 241918490957902.53], [209748010103210.4, 215828601176402.2, 227086623010221.44, 236416920233940.7, 246137798314599.3, 239869541408769.03, 256834039095657.5, 203868420012125.4, 213248493692198.34, 205909377516675.4, 213138780171433.44, 212339874011041.12, 229877109978737.2, 224160508559322.78, 234661853831632.7, 235618840936797.97, 255777024402365.03], [253607989667571.8, 241656389688342.06, 228921480724698.0, 219697406377370.88, 210679242135259.12, 206332935377070.94, 203868420012125.4, 265519953458799.03, 251414364178909.16, 250260969822588.84, 238978492541759.53, 241598345031211.25, 226882889793795.9, 226165842871819.1, 215153344203906.88, 221472570367869.44, 195316171455818.28], [254008105548513.9, 241839544714510.16, 232983535370285.97, 224849984438647.78, 217512642966796.53, 212299606364910.8, 213248493692198.34, 251414364178909.16, 266540147771722.8, 250839982136461.94, 240301828481874.06, 237337394718732.53, 234726006760081.28, 228117535725727.22, 220598498452689.97, 225860008145385.94, 204396055987673.4], [253168294140948.53, 241234416281072.62, 229716270888645.1, 219368125921766.66, 210331964876681.84, 204523422128347.1, 205909377516675.4, 250260969822588.84, 250839982136461.94, 264871552027137.6, 239531261036025.47, 239246976356524.0, 227180892654571.84, 229192619289533.12, 217267252866388.84, 217987398379753.16, 197259295621619.3], [243384837150298.56, 253894518656628.78, 242622409630983.66, 232262197527340.2, 219875437568088.12, 212853660335124.5, 213138780171433.44, 238978492541759.53, 240301828481874.06, 239531261036025.47, 268172100555583.53, 253104730935906.03, 240153582044055.88, 241326535992583.47, 230430424526438.06, 232736497353299.06, 202649448724761.3], [243175427475983.0, 253642110051654.16, 242417011258570.03, 230963662176863.4, 220134375061140.8, 214909392785932.03, 212339874011041.12, 241598345031211.25, 237337394718732.53, 239246976356524.0, 253104730935906.03, 267622907070255.06, 241038744828895.53, 241110034788701.22, 228332197672688.3, 230276893342841.9, 203112554059067.56], [232809050356237.0, 242472649698405.9, 252615333822648.3, 241558247507076.75, 232817477244905.5, 225144177893226.75, 229877109978737.2, 226882889793795.9, 234726006760081.28, 227180892654571.84, 240153582044055.88, 241038744828895.53, 266574974662813.78, 252455845914555.0, 237831563489354.5, 239951969247243.75, 219036089240300.5], [231375782513490.03, 242534611427381.75, 252867468213973.62, 241953162392407.0, 231350154603745.25, 225731494732826.94, 224160508559322.78, 226165842871819.1, 228117535725727.22, 229192619289533.12, 241326535992583.47, 241110034788701.22, 252455845914555.0, 267019060000234.4, 242176090895147.88, 237934929170761.53, 213831373649259.84], [220841473802535.47, 230824128459432.06, 241336610286372.62, 251920566871299.97, 241572225982562.75, 234427287233346.94, 234661853831632.7, 215153344203906.88, 220598498452689.97, 217267252866388.84, 230430424526438.06, 228332197672688.3, 237831563489354.5, 242176090895147.88, 265765251234579.94, 251369651614131.34, 223676952169462.2], [224530014027638.88, 232920715268682.38, 241247550334180.4, 251965616330879.1, 241745860988586.5, 234150059473051.5, 235618840936797.97, 221472570367869.44, 225860008145385.94, 217987398379753.16, 232736497353299.06, 230276893342841.9, 239951969247243.75, 237934929170761.53, 251369651614131.34, 265805444234969.53, 224421191900661.38], [200781315665224.1, 205994951274247.97, 216921371910661.75, 227096840989629.25, 243626355505976.97, 241918490957902.53, 255777024402365.03, 195316171455818.28, 204396055987673.4, 197259295621619.3, 202649448724761.3, 203112554059067.56, 219036089240300.5, 213831373649259.84, 223676952169462.2, 224421191900661.38, 263716794446341.6], [958171662780.4165, 1208004605028.8853, 854724859734.2198, 270576959801.5957, -1431462419256.371, -4466216142448.257, 265897182342.55145, 833423182741.1575, 631584271527.9276, 1204544645701.624, 1625848428511.5208, 1253027145611.303, 929609223587.9657, 789111198595.0287, 770096054184.3269, 754788020359.7733, 792033201962.2183]]}}