{"resp_b": 0.1, "restrained_fit": true, "exclude_hydrogens": true, "convergence_tolerance": 1e-06, "max_iter": 500, "resp_a": 0.0005, "charge_constraints": {"charge_sum_constraints": [], "charge_equivalence_constraints": [], "molecules": [{"qcmol": {"schema_name": "qcschema_molecule", "schema_version": 2, "validated": true, "symbols": ["C", "C", "C", "C", "C", "O", "O", "H", "H", "H", "H", "H", "H", "H", "H", "H", "H"], "geometry": [[0.0, 0.0, -0.0], [2.890342301712331, -1.7082202492203314e-17, -9.153539807939552e-16], [4.091339131093413, 2.6346845276723263, 5.551115123125783e-16], [3.5637460069841387, 4.146424019848749, 2.424571303494015], [4.963492283867556, 6.623166720677463, 2.4499154712255473], [6.67732896218688, 7.145836433884362, 3.802940344955293], [4.082686233475572, 8.235211447556498, 0.7253650644431227], [-0.7713155414719427, 0.8091626718910606, 1.7192267802976333], [-0.7385620150539349, 1.0748078629598457, -1.585733781798361], [-0.7232871863043895, -1.9131181769787005, -0.1518000468558372], [3.552585604203566, -1.0005784275615612, -1.6665256740383985], [3.578962801892649, -1.0626896115075892, 1.6189151232221577], [3.425130903636651, 3.699462802997417, -1.6218230198668633], [6.123626615330645, 2.431562228817597, -0.21669245351759703], [4.1618037063770625, 3.0958672789828574, 4.0744479670207205], [1.5621503687172111, 4.548842753820534, 2.595076033165646], [5.062442730347053, 9.741774504337366, 0.8183055729529185]], "name": "C5H10O2", "identifiers": {"molecule_hash": "d2d54f20891999e96ed9528d00b9ee9a5f4066b9", "molecular_formula": "C5H10O2"}, "molecular_charge": 0.0, "molecular_multiplicity": 1, "connectivity": [[0, 1, 1.0], [0, 7, 1.0], [0, 8, 1.0], [0, 9, 1.0], [1, 2, 1.0], [1, 10, 1.0], [1, 11, 1.0], [2, 3, 1.0], [2, 12, 1.0], [2, 13, 1.0], [3, 4, 1.0], [3, 14, 1.0], [3, 15, 1.0], [4, 5, 2.0], [4, 6, 1.0], [6, 16, 1.0]], "fix_com": true, "fix_orientation": true, "provenance": {"creator": "QCElemental", "version": "v0.22.0", "routine": "qcelemental.molparse.from_schema"}, "id": "120816"}, "charge": 0, "optimize_geometry": false, "conformers": [], "conformer_generation_options": {"n_conformer_pool": 4000, "n_max_conformers": 0, "rms_tolerance": 0.05, "energy_window": 15, "keep_original_conformer": true}, "stage_1_unrestrained_charges": null, "stage_1_restrained_charges": null, "stage_2_unrestrained_charges": null, "stage_2_restrained_charges": null, "keep_original_orientation": false, "reorientations": [], "translations": [], "rotations": []}], "unconstrained_atoms": [{"index": 0, "molecule": {"qcmol": {"schema_name": "qcschema_molecule", "schema_version": 2, "validated": true, "symbols": ["C", "C", "C", "C", "C", "O", "O", "H", "H", "H", "H", "H", "H", "H", "H", "H", "H"], "geometry": [[0.0, 0.0, -0.0], [2.890342301712331, -1.7082202492203314e-17, -9.153539807939552e-16], [4.091339131093413, 2.6346845276723263, 5.551115123125783e-16], [3.5637460069841387, 4.146424019848749, 2.424571303494015], [4.963492283867556, 6.623166720677463, 2.4499154712255473], [6.67732896218688, 7.145836433884362, 3.802940344955293], [4.082686233475572, 8.235211447556498, 0.7253650644431227], [-0.7713155414719427, 0.8091626718910606, 1.7192267802976333], [-0.7385620150539349, 1.0748078629598457, -1.585733781798361], [-0.7232871863043895, -1.9131181769787005, -0.1518000468558372], [3.552585604203566, -1.0005784275615612, -1.6665256740383985], [3.578962801892649, -1.0626896115075892, 1.6189151232221577], [3.425130903636651, 3.699462802997417, -1.6218230198668633], [6.123626615330645, 2.431562228817597, -0.21669245351759703], [4.1618037063770625, 3.0958672789828574, 4.0744479670207205], [1.5621503687172111, 4.548842753820534, 2.595076033165646], [5.062442730347053, 9.741774504337366, 0.8183055729529185]], "name": "C5H10O2", "identifiers": {"molecule_hash": "d2d54f20891999e96ed9528d00b9ee9a5f4066b9", "molecular_formula": "C5H10O2"}, "molecular_charge": 0.0, "molecular_multiplicity": 1, "connectivity": [[0, 1, 1.0], [0, 7, 1.0], [0, 8, 1.0], [0, 9, 1.0], [1, 2, 1.0], [1, 10, 1.0], [1, 11, 1.0], [2, 3, 1.0], [2, 12, 1.0], [2, 13, 1.0], [3, 4, 1.0], [3, 14, 1.0], [3, 15, 1.0], [4, 5, 2.0], [4, 6, 1.0], [6, 16, 1.0]], "fix_com": true, "fix_orientation": true, "provenance": {"creator": "QCElemental", "version": "v0.22.0", "routine": "qcelemental.molparse.from_schema"}, "id": "120816"}, "charge": 0, "optimize_geometry": false, "conformers": [], "conformer_generation_options": {"n_conformer_pool": 4000, "n_max_conformers": 0, "rms_tolerance": 0.05, "energy_window": 15, "keep_original_conformer": true}, "stage_1_unrestrained_charges": null, "stage_1_restrained_charges": null, "stage_2_unrestrained_charges": null, "stage_2_restrained_charges": null, "keep_original_orientation": false, "reorientations": [], "translations": [], "rotations": []}}, {"index": 1, "molecule": {"qcmol": {"schema_name": "qcschema_molecule", "schema_version": 2, "validated": true, "symbols": ["C", "C", "C", "C", "C", "O", "O", "H", "H", "H", "H", "H", "H", "H", "H", "H", "H"], "geometry": [[0.0, 0.0, -0.0], [2.890342301712331, -1.7082202492203314e-17, -9.153539807939552e-16], [4.091339131093413, 2.6346845276723263, 5.551115123125783e-16], [3.5637460069841387, 4.146424019848749, 2.424571303494015], [4.963492283867556, 6.623166720677463, 2.4499154712255473], [6.67732896218688, 7.145836433884362, 3.802940344955293], [4.082686233475572, 8.235211447556498, 0.7253650644431227], [-0.7713155414719427, 0.8091626718910606, 1.7192267802976333], [-0.7385620150539349, 1.0748078629598457, -1.585733781798361], [-0.7232871863043895, -1.9131181769787005, -0.1518000468558372], [3.552585604203566, -1.0005784275615612, -1.6665256740383985], [3.578962801892649, -1.0626896115075892, 1.6189151232221577], [3.425130903636651, 3.699462802997417, -1.6218230198668633], [6.123626615330645, 2.431562228817597, -0.21669245351759703], [4.1618037063770625, 3.0958672789828574, 4.0744479670207205], [1.5621503687172111, 4.548842753820534, 2.595076033165646], [5.062442730347053, 9.741774504337366, 0.8183055729529185]], "name": "C5H10O2", "identifiers": {"molecule_hash": "d2d54f20891999e96ed9528d00b9ee9a5f4066b9", "molecular_formula": "C5H10O2"}, "molecular_charge": 0.0, "molecular_multiplicity": 1, "connectivity": [[0, 1, 1.0], [0, 7, 1.0], [0, 8, 1.0], [0, 9, 1.0], [1, 2, 1.0], [1, 10, 1.0], [1, 11, 1.0], [2, 3, 1.0], [2, 12, 1.0], [2, 13, 1.0], [3, 4, 1.0], [3, 14, 1.0], [3, 15, 1.0], [4, 5, 2.0], [4, 6, 1.0], [6, 16, 1.0]], "fix_com": true, "fix_orientation": true, "provenance": {"creator": "QCElemental", "version": "v0.22.0", "routine": "qcelemental.molparse.from_schema"}, "id": "120816"}, "charge": 0, "optimize_geometry": false, "conformers": [], "conformer_generation_options": {"n_conformer_pool": 4000, "n_max_conformers": 0, "rms_tolerance": 0.05, "energy_window": 15, "keep_original_conformer": true}, "stage_1_unrestrained_charges": null, "stage_1_restrained_charges": null, "stage_2_unrestrained_charges": null, "stage_2_restrained_charges": null, "keep_original_orientation": false, "reorientations": [], "translations": [], "rotations": []}}, {"index": 2, "molecule": {"qcmol": {"schema_name": "qcschema_molecule", "schema_version": 2, "validated": true, "symbols": ["C", "C", "C", "C", "C", "O", "O", "H", "H", "H", "H", "H", "H", "H", "H", "H", "H"], "geometry": [[0.0, 0.0, -0.0], [2.890342301712331, -1.7082202492203314e-17, -9.153539807939552e-16], [4.091339131093413, 2.6346845276723263, 5.551115123125783e-16], [3.5637460069841387, 4.146424019848749, 2.424571303494015], [4.963492283867556, 6.623166720677463, 2.4499154712255473], [6.67732896218688, 7.145836433884362, 3.802940344955293], [4.082686233475572, 8.235211447556498, 0.7253650644431227], [-0.7713155414719427, 0.8091626718910606, 1.7192267802976333], [-0.7385620150539349, 1.0748078629598457, -1.585733781798361], [-0.7232871863043895, -1.9131181769787005, -0.1518000468558372], [3.552585604203566, -1.0005784275615612, -1.6665256740383985], [3.578962801892649, -1.0626896115075892, 1.6189151232221577], [3.425130903636651, 3.699462802997417, -1.6218230198668633], [6.123626615330645, 2.431562228817597, -0.21669245351759703], [4.1618037063770625, 3.0958672789828574, 4.0744479670207205], [1.5621503687172111, 4.548842753820534, 2.595076033165646], [5.062442730347053, 9.741774504337366, 0.8183055729529185]], "name": "C5H10O2", "identifiers": {"molecule_hash": "d2d54f20891999e96ed9528d00b9ee9a5f4066b9", "molecular_formula": "C5H10O2"}, "molecular_charge": 0.0, "molecular_multiplicity": 1, "connectivity": [[0, 1, 1.0], [0, 7, 1.0], [0, 8, 1.0], [0, 9, 1.0], [1, 2, 1.0], [1, 10, 1.0], [1, 11, 1.0], [2, 3, 1.0], [2, 12, 1.0], [2, 13, 1.0], [3, 4, 1.0], [3, 14, 1.0], [3, 15, 1.0], [4, 5, 2.0], [4, 6, 1.0], [6, 16, 1.0]], "fix_com": true, "fix_orientation": true, "provenance": {"creator": "QCElemental", "version": "v0.22.0", "routine": "qcelemental.molparse.from_schema"}, "id": "120816"}, "charge": 0, "optimize_geometry": false, "conformers": [], "conformer_generation_options": {"n_conformer_pool": 4000, "n_max_conformers": 0, "rms_tolerance": 0.05, "energy_window": 15, "keep_original_conformer": true}, "stage_1_unrestrained_charges": null, "stage_1_restrained_charges": null, "stage_2_unrestrained_charges": null, "stage_2_restrained_charges": null, "keep_original_orientation": false, "reorientations": [], "translations": [], "rotations": []}}, {"index": 3, "molecule": {"qcmol": {"schema_name": "qcschema_molecule", "schema_version": 2, "validated": true, "symbols": ["C", "C", "C", "C", "C", "O", "O", "H", "H", "H", "H", "H", "H", "H", "H", "H", "H"], "geometry": [[0.0, 0.0, -0.0], [2.890342301712331, -1.7082202492203314e-17, -9.153539807939552e-16], [4.091339131093413, 2.6346845276723263, 5.551115123125783e-16], [3.5637460069841387, 4.146424019848749, 2.424571303494015], [4.963492283867556, 6.623166720677463, 2.4499154712255473], [6.67732896218688, 7.145836433884362, 3.802940344955293], [4.082686233475572, 8.235211447556498, 0.7253650644431227], [-0.7713155414719427, 0.8091626718910606, 1.7192267802976333], [-0.7385620150539349, 1.0748078629598457, -1.585733781798361], [-0.7232871863043895, -1.9131181769787005, -0.1518000468558372], [3.552585604203566, -1.0005784275615612, -1.6665256740383985], [3.578962801892649, -1.0626896115075892, 1.6189151232221577], [3.425130903636651, 3.699462802997417, -1.6218230198668633], [6.123626615330645, 2.431562228817597, -0.21669245351759703], [4.1618037063770625, 3.0958672789828574, 4.0744479670207205], [1.5621503687172111, 4.548842753820534, 2.595076033165646], [5.062442730347053, 9.741774504337366, 0.8183055729529185]], "name": "C5H10O2", "identifiers": {"molecule_hash": "d2d54f20891999e96ed9528d00b9ee9a5f4066b9", "molecular_formula": "C5H10O2"}, "molecular_charge": 0.0, "molecular_multiplicity": 1, "connectivity": [[0, 1, 1.0], [0, 7, 1.0], [0, 8, 1.0], [0, 9, 1.0], [1, 2, 1.0], [1, 10, 1.0], [1, 11, 1.0], [2, 3, 1.0], [2, 12, 1.0], [2, 13, 1.0], [3, 4, 1.0], [3, 14, 1.0], [3, 15, 1.0], [4, 5, 2.0], [4, 6, 1.0], [6, 16, 1.0]], "fix_com": true, "fix_orientation": true, "provenance": {"creator": "QCElemental", "version": "v0.22.0", "routine": "qcelemental.molparse.from_schema"}, "id": "120816"}, "charge": 0, "optimize_geometry": false, "conformers": [], "conformer_generation_options": {"n_conformer_pool": 4000, "n_max_conformers": 0, "rms_tolerance": 0.05, "energy_window": 15, "keep_original_conformer": true}, "stage_1_unrestrained_charges": null, "stage_1_restrained_charges": null, "stage_2_unrestrained_charges": null, "stage_2_restrained_charges": null, "keep_original_orientation": false, "reorientations": [], "translations": [], "rotations": []}}]}, "surface_constraints": {"matrix": [[616149289292230.2, 597212087407212.0, 574656380538930.2, 554100275259836.25, 533884170000126.25, 522409835539012.75, 522606856698790.1, 620177407954831.9, 620834448989070.5, 618801694610581.1, 595458743805408.8, 595406079828610.2, 573515286101400.1, 570088466991396.5, 547320538789314.94, 555981705803692.44, 503461894427769.5], [597212087407212.0, 610506489439929.0, 595200448048389.9, 573824637976459.5, 549846659339741.8, 536964855372904.3, 536289729317748.6, 592685727566633.4, 593084310772105.9, 591518713139405.9, 618561974127321.9, 618492961319666.5, 595011854947494.8, 595175934958088.5, 569961723220637.4, 574723543455190.2, 515384538145899.7], [574656380538930.2, 595200448048389.9, 610095347469969.4, 595181027668809.5, 574246845024328.5, 560867276307270.06, 563274786306325.1, 564798555644870.8, 574099983803601.4, 566312579919908.2, 594449099958277.2, 594460161737179.8, 619192932657310.6, 619473234343541.2, 594806015029471.6, 594683560670543.6, 542145264870732.44], [554100275259836.25, 573824637976459.5, 595181027668809.5, 610688562845796.0, 595999587225265.6, 584352765968063.5, 585733245647984.1, 544668347202804.5, 556563785420203.94, 543419848691596.0, 571968233733436.9, 569450778098173.2, 595011717752266.8, 595559661172818.2, 619968642056549.0, 620221712804384.0, 567068849852193.9], [533884170000126.25, 549846659339741.8, 574246845024328.5, 595999587225265.6, 610413135596871.5, 611806708422081.1, 608502875897369.9, 524262092069800.6, 540143416516444.94, 522883373863696.2, 543995808337476.8, 544942345323895.4, 575663232715453.5, 571946545709487.9, 596808133138104.8, 597346608553057.5, 606381388924153.8], [522409835539012.75, 536964855372904.3, 560867276307270.06, 584352765968063.5, 611806708422081.1, 636549351489027.0, 595740705896142.5, 515123092260037.94, 528879455275592.6, 510203703026709.75, 528683265138344.7, 534029857488891.25, 559197522195006.7, 560331343628118.5, 581811805202518.1, 581120604008714.0, 603865363210489.5], [522606856698790.1, 536289729317748.6, 563274786306325.1, 585733245647984.1, 608502875897369.9, 595740705896142.5, 635184315593604.5, 509593127805319.75, 531805112758405.56, 513898092100534.56, 529987333857584.75, 528127740853873.44, 570580516292503.4, 556988779479479.44, 582891614394780.0, 585416786753777.0, 637257108721667.9], [620177407954831.9, 592685727566633.4, 564798555644870.8, 544668347202804.5, 524262092069800.6, 515123092260037.94, 509593127805319.75, 649344502013688.4, 616316408899932.2, 613583163463883.0, 586489711972294.1, 593044200765748.1, 560811990015869.94, 559081996517264.5, 534956410275696.6, 550001955685683.7, 491203036017937.6], [620834448989070.5, 593084310772105.9, 574099983803601.4, 556563785420203.94, 540143416516444.94, 528879455275592.6, 531805112758405.56, 616316408899932.2, 650931340601822.8, 614538194512801.5, 589631103901939.5, 583124554796757.0, 579184274042771.2, 563336001747360.8, 547633455632991.0, 560048311650379.8, 512948257928772.5], [618801694610581.1, 591518713139405.9, 566312579919908.2, 543419848691596.0, 522883373863696.2, 510203703026709.75, 513898092100534.56, 613583163463883.0, 614538194512801.5, 646960337544062.5, 587690253537816.0, 587429266958981.0, 561147591049534.75, 565900618419014.1, 539477677439137.2, 541173333408566.8, 495305187977086.3], [595458743805408.8, 618561974127321.9, 594449099958277.2, 571968233733436.9, 543995808337476.8, 528683265138344.7, 529987333857584.75, 586489711972294.1, 589631103901939.5, 587690253537816.0, 651495447930326.8, 617191372751768.0, 589604600928932.4, 592488594158586.1, 569058682513430.4, 574152756895409.1, 507351193575349.4], [595406079828610.2, 618492961319666.5, 594460161737179.8, 569450778098173.2, 544942345323895.4, 534029857488891.25, 528127740853873.44, 593044200765748.1, 583124554796757.0, 587429266958981.0, 617191372751768.0, 651321274582946.8, 592088548823105.6, 592444909953423.8, 564635409915982.0, 569023967640196.1, 508495028982160.6], [573515286101400.1, 595011854947494.8, 619192932657310.6, 595011717752266.8, 575663232715453.5, 559197522195006.7, 570580516292503.4, 560811990015869.94, 579184274042771.2, 561147591049534.75, 589604600928932.4, 592088548823105.6, 652830230769446.6, 619480287172595.0, 587503291184107.0, 592639238446364.5, 547936300850566.75], [570088466991396.5, 595175934958088.5, 619473234343541.2, 595559661172818.2, 571946545709487.9, 560331343628118.5, 556988779479479.44, 559081996517264.5, 563336001747360.8, 565900618419014.1, 592488594158586.1, 592444909953423.8, 619480287172595.0, 653060160035092.2, 597337228972125.2, 587507878141862.0, 535308203295574.44], [547320538789314.94, 569961723220637.4, 594806015029471.6, 619968642056549.0, 596808133138104.8, 581811805202518.1, 582891614394780.0, 534956410275696.6, 547633455632991.0, 539477677439137.2, 569058682513430.4, 564635409915982.0, 587503291184107.0, 597337228972125.2, 653694621551771.2, 620114637445914.1, 560085608605314.25], [555981705803692.44, 574723543455190.2, 594683560670543.6, 620221712804384.0, 597346608553057.5, 581120604008714.0, 585416786753777.0, 550001955685683.7, 560048311650379.8, 541173333408566.8, 574152756895409.1, 569023967640196.1, 592639238446364.5, 587507878141862.0, 620114637445914.1, 654100530607173.5, 562034814711202.1], [503461894427769.5, 515384538145899.7, 542145264870732.44, 567068849852193.9, 606381388924153.8, 603865363210489.5, 637257108721667.9, 491203036017937.6, 512948257928772.5, 495305187977086.3, 507351193575349.4, 508495028982160.6, 547936300850566.75, 535308203295574.44, 560085608605314.25, 562034814711202.1, 660464613970669.1], [2896688207094.4604, 3686257569888.9375, 2839349147860.505, 1359522733448.171, -3453546215497.5366, -11830995133841.87, 1649712838074.4146, 2380408424872.0127, 1996681988542.5154, 3677345241972.179, 5023073214988.111, 3657013745973.8154, 3205361609674.565, 2551055253072.197, 2807770154371.829, 2820109498724.13, 2413655351253.901]]}}