{"resp_b": 0.1, "restrained_fit": true, "exclude_hydrogens": true, "convergence_tolerance": 1e-06, "max_iter": 500, "resp_a": 0.0005, "charge_constraints": {"charge_sum_constraints": [], "charge_equivalence_constraints": [], "molecules": [{"qcmol": {"schema_name": "qcschema_molecule", "schema_version": 2, "validated": true, "symbols": ["C", "C", "C", "C", "C", "O", "O", "H", "H", "H", "H", "H", "H", "H", "H", "H", "H"], "geometry": [[0.0, 0.0, -0.0], [2.890342301712331, -1.7082202492203314e-17, -9.153539807939552e-16], [4.091339131093413, 2.6346845276723263, 5.551115123125783e-16], [3.5637460069841387, 4.146424019848749, 2.424571303494015], [4.963492283867556, 6.623166720677463, 2.4499154712255473], [6.67732896218688, 7.145836433884362, 3.802940344955293], [4.082686233475572, 8.235211447556498, 0.7253650644431227], [-0.7713155414719427, 0.8091626718910606, 1.7192267802976333], [-0.7385620150539349, 1.0748078629598457, -1.585733781798361], [-0.7232871863043895, -1.9131181769787005, -0.1518000468558372], [3.552585604203566, -1.0005784275615612, -1.6665256740383985], [3.578962801892649, -1.0626896115075892, 1.6189151232221577], [3.425130903636651, 3.699462802997417, -1.6218230198668633], [6.123626615330645, 2.431562228817597, -0.21669245351759703], [4.1618037063770625, 3.0958672789828574, 4.0744479670207205], [1.5621503687172111, 4.548842753820534, 2.595076033165646], [5.062442730347053, 9.741774504337366, 0.8183055729529185]], "name": "C5H10O2", "identifiers": {"molecule_hash": "d2d54f20891999e96ed9528d00b9ee9a5f4066b9", "molecular_formula": "C5H10O2"}, "molecular_charge": 0.0, "molecular_multiplicity": 1, "connectivity": [[0, 1, 1.0], [0, 7, 1.0], [0, 8, 1.0], [0, 9, 1.0], [1, 2, 1.0], [1, 10, 1.0], [1, 11, 1.0], [2, 3, 1.0], [2, 12, 1.0], [2, 13, 1.0], [3, 4, 1.0], [3, 14, 1.0], [3, 15, 1.0], [4, 5, 2.0], [4, 6, 1.0], [6, 16, 1.0]], "fix_com": true, "fix_orientation": true, "provenance": {"creator": "QCElemental", "version": "v0.22.0", "routine": "qcelemental.molparse.from_schema"}, "id": "120816"}, "charge": 0, "optimize_geometry": false, "conformers": [], "conformer_generation_options": {"n_conformer_pool": 4000, "n_max_conformers": 0, "rms_tolerance": 0.05, "energy_window": 15, "keep_original_conformer": true}, "stage_1_unrestrained_charges": null, "stage_1_restrained_charges": null, "stage_2_unrestrained_charges": null, "stage_2_restrained_charges": null, "keep_original_orientation": false, "reorientations": [], "translations": [], "rotations": []}], "unconstrained_atoms": [{"index": 0, "molecule": {"qcmol": {"schema_name": "qcschema_molecule", "schema_version": 2, "validated": true, "symbols": ["C", "C", "C", "C", "C", "O", "O", "H", "H", "H", "H", "H", "H", "H", "H", "H", "H"], "geometry": [[0.0, 0.0, -0.0], [2.890342301712331, -1.7082202492203314e-17, -9.153539807939552e-16], [4.091339131093413, 2.6346845276723263, 5.551115123125783e-16], [3.5637460069841387, 4.146424019848749, 2.424571303494015], [4.963492283867556, 6.623166720677463, 2.4499154712255473], [6.67732896218688, 7.145836433884362, 3.802940344955293], [4.082686233475572, 8.235211447556498, 0.7253650644431227], [-0.7713155414719427, 0.8091626718910606, 1.7192267802976333], [-0.7385620150539349, 1.0748078629598457, -1.585733781798361], [-0.7232871863043895, -1.9131181769787005, -0.1518000468558372], [3.552585604203566, -1.0005784275615612, -1.6665256740383985], [3.578962801892649, -1.0626896115075892, 1.6189151232221577], [3.425130903636651, 3.699462802997417, -1.6218230198668633], [6.123626615330645, 2.431562228817597, -0.21669245351759703], [4.1618037063770625, 3.0958672789828574, 4.0744479670207205], [1.5621503687172111, 4.548842753820534, 2.595076033165646], [5.062442730347053, 9.741774504337366, 0.8183055729529185]], "name": "C5H10O2", "identifiers": {"molecule_hash": "d2d54f20891999e96ed9528d00b9ee9a5f4066b9", "molecular_formula": "C5H10O2"}, "molecular_charge": 0.0, "molecular_multiplicity": 1, "connectivity": [[0, 1, 1.0], [0, 7, 1.0], [0, 8, 1.0], [0, 9, 1.0], [1, 2, 1.0], [1, 10, 1.0], [1, 11, 1.0], [2, 3, 1.0], [2, 12, 1.0], [2, 13, 1.0], [3, 4, 1.0], [3, 14, 1.0], [3, 15, 1.0], [4, 5, 2.0], [4, 6, 1.0], [6, 16, 1.0]], "fix_com": true, "fix_orientation": true, "provenance": {"creator": "QCElemental", "version": "v0.22.0", "routine": "qcelemental.molparse.from_schema"}, "id": "120816"}, "charge": 0, "optimize_geometry": false, "conformers": [], "conformer_generation_options": {"n_conformer_pool": 4000, "n_max_conformers": 0, "rms_tolerance": 0.05, "energy_window": 15, "keep_original_conformer": true}, "stage_1_unrestrained_charges": null, "stage_1_restrained_charges": null, "stage_2_unrestrained_charges": null, "stage_2_restrained_charges": null, "keep_original_orientation": false, "reorientations": [], "translations": [], "rotations": []}}, {"index": 1, "molecule": {"qcmol": {"schema_name": "qcschema_molecule", "schema_version": 2, "validated": true, "symbols": ["C", "C", "C", "C", "C", "O", "O", "H", "H", "H", "H", "H", "H", "H", "H", "H", "H"], "geometry": [[0.0, 0.0, -0.0], [2.890342301712331, -1.7082202492203314e-17, -9.153539807939552e-16], [4.091339131093413, 2.6346845276723263, 5.551115123125783e-16], [3.5637460069841387, 4.146424019848749, 2.424571303494015], [4.963492283867556, 6.623166720677463, 2.4499154712255473], [6.67732896218688, 7.145836433884362, 3.802940344955293], [4.082686233475572, 8.235211447556498, 0.7253650644431227], [-0.7713155414719427, 0.8091626718910606, 1.7192267802976333], [-0.7385620150539349, 1.0748078629598457, -1.585733781798361], [-0.7232871863043895, -1.9131181769787005, -0.1518000468558372], [3.552585604203566, -1.0005784275615612, -1.6665256740383985], [3.578962801892649, -1.0626896115075892, 1.6189151232221577], [3.425130903636651, 3.699462802997417, -1.6218230198668633], [6.123626615330645, 2.431562228817597, -0.21669245351759703], [4.1618037063770625, 3.0958672789828574, 4.0744479670207205], [1.5621503687172111, 4.548842753820534, 2.595076033165646], [5.062442730347053, 9.741774504337366, 0.8183055729529185]], "name": "C5H10O2", "identifiers": {"molecule_hash": "d2d54f20891999e96ed9528d00b9ee9a5f4066b9", "molecular_formula": "C5H10O2"}, "molecular_charge": 0.0, "molecular_multiplicity": 1, "connectivity": [[0, 1, 1.0], [0, 7, 1.0], [0, 8, 1.0], [0, 9, 1.0], [1, 2, 1.0], [1, 10, 1.0], [1, 11, 1.0], [2, 3, 1.0], [2, 12, 1.0], [2, 13, 1.0], [3, 4, 1.0], [3, 14, 1.0], [3, 15, 1.0], [4, 5, 2.0], [4, 6, 1.0], [6, 16, 1.0]], "fix_com": true, "fix_orientation": true, "provenance": {"creator": "QCElemental", "version": "v0.22.0", "routine": "qcelemental.molparse.from_schema"}, "id": "120816"}, "charge": 0, "optimize_geometry": false, "conformers": [], "conformer_generation_options": {"n_conformer_pool": 4000, "n_max_conformers": 0, "rms_tolerance": 0.05, "energy_window": 15, "keep_original_conformer": true}, "stage_1_unrestrained_charges": null, "stage_1_restrained_charges": null, "stage_2_unrestrained_charges": null, "stage_2_restrained_charges": null, "keep_original_orientation": false, "reorientations": [], "translations": [], "rotations": []}}, {"index": 2, "molecule": {"qcmol": {"schema_name": "qcschema_molecule", "schema_version": 2, "validated": true, "symbols": ["C", "C", "C", "C", "C", "O", "O", "H", "H", "H", "H", "H", "H", "H", "H", "H", "H"], "geometry": [[0.0, 0.0, -0.0], [2.890342301712331, -1.7082202492203314e-17, -9.153539807939552e-16], [4.091339131093413, 2.6346845276723263, 5.551115123125783e-16], [3.5637460069841387, 4.146424019848749, 2.424571303494015], [4.963492283867556, 6.623166720677463, 2.4499154712255473], [6.67732896218688, 7.145836433884362, 3.802940344955293], [4.082686233475572, 8.235211447556498, 0.7253650644431227], [-0.7713155414719427, 0.8091626718910606, 1.7192267802976333], [-0.7385620150539349, 1.0748078629598457, -1.585733781798361], [-0.7232871863043895, -1.9131181769787005, -0.1518000468558372], [3.552585604203566, -1.0005784275615612, -1.6665256740383985], [3.578962801892649, -1.0626896115075892, 1.6189151232221577], [3.425130903636651, 3.699462802997417, -1.6218230198668633], [6.123626615330645, 2.431562228817597, -0.21669245351759703], [4.1618037063770625, 3.0958672789828574, 4.0744479670207205], [1.5621503687172111, 4.548842753820534, 2.595076033165646], [5.062442730347053, 9.741774504337366, 0.8183055729529185]], "name": "C5H10O2", "identifiers": {"molecule_hash": "d2d54f20891999e96ed9528d00b9ee9a5f4066b9", "molecular_formula": "C5H10O2"}, "molecular_charge": 0.0, "molecular_multiplicity": 1, "connectivity": [[0, 1, 1.0], [0, 7, 1.0], [0, 8, 1.0], [0, 9, 1.0], [1, 2, 1.0], [1, 10, 1.0], [1, 11, 1.0], [2, 3, 1.0], [2, 12, 1.0], [2, 13, 1.0], [3, 4, 1.0], [3, 14, 1.0], [3, 15, 1.0], [4, 5, 2.0], [4, 6, 1.0], [6, 16, 1.0]], "fix_com": true, "fix_orientation": true, "provenance": {"creator": "QCElemental", "version": "v0.22.0", "routine": "qcelemental.molparse.from_schema"}, "id": "120816"}, "charge": 0, "optimize_geometry": false, "conformers": [], "conformer_generation_options": {"n_conformer_pool": 4000, "n_max_conformers": 0, "rms_tolerance": 0.05, "energy_window": 15, "keep_original_conformer": true}, "stage_1_unrestrained_charges": null, "stage_1_restrained_charges": null, "stage_2_unrestrained_charges": null, "stage_2_restrained_charges": null, "keep_original_orientation": false, "reorientations": [], "translations": [], "rotations": []}}, {"index": 3, "molecule": {"qcmol": {"schema_name": "qcschema_molecule", "schema_version": 2, "validated": true, "symbols": ["C", "C", "C", "C", "C", "O", "O", "H", "H", "H", "H", "H", "H", "H", "H", "H", "H"], "geometry": [[0.0, 0.0, -0.0], [2.890342301712331, -1.7082202492203314e-17, -9.153539807939552e-16], [4.091339131093413, 2.6346845276723263, 5.551115123125783e-16], [3.5637460069841387, 4.146424019848749, 2.424571303494015], [4.963492283867556, 6.623166720677463, 2.4499154712255473], [6.67732896218688, 7.145836433884362, 3.802940344955293], [4.082686233475572, 8.235211447556498, 0.7253650644431227], [-0.7713155414719427, 0.8091626718910606, 1.7192267802976333], [-0.7385620150539349, 1.0748078629598457, -1.585733781798361], [-0.7232871863043895, -1.9131181769787005, -0.1518000468558372], [3.552585604203566, -1.0005784275615612, -1.6665256740383985], [3.578962801892649, -1.0626896115075892, 1.6189151232221577], [3.425130903636651, 3.699462802997417, -1.6218230198668633], [6.123626615330645, 2.431562228817597, -0.21669245351759703], [4.1618037063770625, 3.0958672789828574, 4.0744479670207205], [1.5621503687172111, 4.548842753820534, 2.595076033165646], [5.062442730347053, 9.741774504337366, 0.8183055729529185]], "name": "C5H10O2", "identifiers": {"molecule_hash": "d2d54f20891999e96ed9528d00b9ee9a5f4066b9", "molecular_formula": "C5H10O2"}, "molecular_charge": 0.0, "molecular_multiplicity": 1, "connectivity": [[0, 1, 1.0], [0, 7, 1.0], [0, 8, 1.0], [0, 9, 1.0], [1, 2, 1.0], [1, 10, 1.0], [1, 11, 1.0], [2, 3, 1.0], [2, 12, 1.0], [2, 13, 1.0], [3, 4, 1.0], [3, 14, 1.0], [3, 15, 1.0], [4, 5, 2.0], [4, 6, 1.0], [6, 16, 1.0]], "fix_com": true, "fix_orientation": true, "provenance": {"creator": "QCElemental", "version": "v0.22.0", "routine": "qcelemental.molparse.from_schema"}, "id": "120816"}, "charge": 0, "optimize_geometry": false, "conformers": [], "conformer_generation_options": {"n_conformer_pool": 4000, "n_max_conformers": 0, "rms_tolerance": 0.05, "energy_window": 15, "keep_original_conformer": true}, "stage_1_unrestrained_charges": null, "stage_1_restrained_charges": null, "stage_2_unrestrained_charges": null, "stage_2_restrained_charges": null, "keep_original_orientation": false, "reorientations": [], "translations": [], "rotations": []}}]}, "surface_constraints": {"matrix": [[1864.4692220452985, 1803.1018634894704, 1725.5074192447946, 1655.5563037558966, 1589.17213971856, 1549.635979309957, 1548.823787447849, 1872.6949710200718, 1875.649509141451, 1869.4481571349197, 1797.205027228951, 1795.6587073254868, 1719.1112248361599, 1708.5275390045292, 1630.7402469277085, 1657.977229002881, 1482.6117626834634], [1803.1018634894704, 1848.7363979803038, 1794.0266658241144, 1720.8198888014344, 1641.856406221086, 1597.1745846909005, 1593.7240426622418, 1784.4418176912086, 1785.7942751859953, 1781.3258761414943, 1874.8107399082078, 1872.9468977256856, 1790.469265195439, 1790.9268088270553, 1704.4542063635274, 1719.9357567262628, 1521.1102421073178], [1725.5074192447946, 1794.0266658241144, 1839.5144647431416, 1787.4191953062743, 1717.686178767808, 1670.598110450197, 1676.8557865481826, 1690.404609553144, 1720.3996569371197, 1696.2733984785157, 1791.5751282012989, 1790.05840968402, 1865.364992340478, 1867.2268063984209, 1782.0805219561103, 1781.4228802345913, 1601.7933864659058], [1655.5563037558966, 1720.8198888014344, 1787.4191953062743, 1835.0521155331476, 1785.8871139517198, 1743.7646527246302, 1745.7525117637786, 1622.2922750451246, 1660.3399002713402, 1619.8605974724262, 1715.073018437102, 1705.484488998098, 1783.7171328365064, 1786.63326849362, 1860.2347078355945, 1860.5673538081887, 1676.931083642918], [1589.17213971856, 1641.856406221086, 1717.686178767808, 1785.8871139517198, 1832.3285549594686, 1831.942151277914, 1817.5335332001437, 1555.7001372772718, 1606.1593591150515, 1553.1356207338035, 1623.6064333971724, 1625.5186681329708, 1719.1734715273699, 1708.3384758640666, 1783.82038451118, 1785.102535505432, 1798.9885100488439], [1549.635979309957, 1597.1745846909005, 1670.598110450197, 1743.7646527246302, 1831.942151277914, 1908.915055433299, 1771.2473846185032, 1523.6059061872777, 1567.6650126414374, 1510.243951972703, 1571.7559632238783, 1586.9361830271864, 1662.5119667234646, 1666.848962092893, 1731.060727766081, 1729.0135624935665, 1786.3772560002471], [1548.823787447849, 1593.7240426622418, 1676.8557865481826, 1745.7525117637786, 1817.5335332001437, 1771.2473846185032, 1896.5168554315005, 1505.4077237183988, 1574.6721535094637, 1520.478467384017, 1573.8616674535826, 1567.9625170172344, 1697.4615036296584, 1655.248790647748, 1732.7926320531305, 1739.859280045623, 1888.711639930356], [1872.6949710200718, 1784.4418176912086, 1690.404609553144, 1622.2922750451246, 1555.7001372772718, 1523.6059061872777, 1505.4077237183988, 1960.6554346642624, 1856.4967895982268, 1847.9798746415784, 1764.6675961980925, 1784.0132182196162, 1675.3512313800518, 1670.05627312418, 1588.7380725531532, 1635.4005789315424, 1442.2560435358223], [1875.649509141451, 1785.7942751859953, 1720.3996569371197, 1660.3399002713402, 1606.1593591150515, 1567.6650126414374, 1574.6721535094637, 1856.4967895982268, 1968.188765296534, 1852.2554127661253, 1774.4394338219684, 1752.5494399470874, 1733.2664646042506, 1684.4679860270876, 1628.9460245375872, 1667.798266987585, 1509.3038218593408], [1869.4481571349197, 1781.3258761414943, 1696.2733984785157, 1619.8605974724262, 1553.1356207338035, 1510.243951972703, 1520.478467384017, 1847.9798746415784, 1852.2554127661253, 1955.8674799394014, 1768.7494739290782, 1766.650190475142, 1677.5516875392577, 1692.4064753110233, 1604.3473664060507, 1609.6650715133144, 1456.604387031464], [1797.205027228951, 1874.8107399082078, 1791.5751282012989, 1715.073018437102, 1623.6064333971724, 1571.7559632238783, 1573.8616674535826, 1764.6675961980925, 1774.4394338219684, 1768.7494739290782, 1980.2394160458139, 1868.9787709024542, 1773.3447694555246, 1782.00624841917, 1701.5468769144748, 1718.5753378052214, 1496.4061601436938], [1795.6587073254868, 1872.9468977256856, 1790.05840968402, 1705.484488998098, 1625.5186681329708, 1586.9361830271864, 1567.9625170172344, 1784.0132182196162, 1752.5494399470874, 1766.650190475142, 1868.9787709024542, 1976.1840530918616, 1779.8809937084036, 1780.4074126975424, 1686.0533775519216, 1700.413160874065, 1499.8259992331139], [1719.1112248361599, 1790.469265195439, 1865.364992340478, 1783.7171328365064, 1719.1734715273699, 1662.5119667234646, 1697.4615036296584, 1675.3512313800518, 1733.2664646042506, 1677.5516875392577, 1773.3447694555246, 1779.8809937084036, 1968.4459327465624, 1864.1873012062456, 1756.1984357774254, 1771.856100776866, 1617.40904835523], [1708.5275390045292, 1790.9268088270553, 1867.2268063984209, 1786.63326849362, 1708.3384758640666, 1666.848962092893, 1655.248790647748, 1670.05627312418, 1684.4679860270876, 1692.4064753110233, 1782.00624841917, 1780.4074126975424, 1864.1873012062456, 1971.7251486107562, 1788.279436700045, 1756.9617321454311, 1578.9762468300355], [1630.7402469277085, 1704.4542063635274, 1782.0805219561103, 1860.2347078355945, 1783.82038451118, 1731.060727766081, 1732.7926320531305, 1588.7380725531532, 1628.9460245375872, 1604.3473664060507, 1701.5468769144748, 1686.0533775519216, 1756.1984357774254, 1788.279436700045, 1962.4667895836053, 1856.1666289252983, 1651.677831038081], [1657.977229002881, 1719.9357567262628, 1781.4228802345913, 1860.5673538081887, 1785.102535505432, 1729.0135624935665, 1739.859280045623, 1635.4005789315424, 1667.798266987585, 1609.6650715133144, 1718.5753378052214, 1700.413160874065, 1771.856100776866, 1756.9617321454311, 1856.1666289252983, 1962.7635643624014, 1657.173493487365], [1482.6117626834634, 1521.1102421073178, 1601.7933864659058, 1676.931083642918, 1798.9885100488439, 1786.3772560002471, 1888.711639930356, 1442.2560435358223, 1509.3038218593408, 1456.604387031464, 1496.4061601436938, 1499.8259992331139, 1617.40904835523, 1578.9762468300355, 1651.677831038081, 1657.173493487365, 1947.3405776737732], [8.249697227940143, 10.943221922192995, 8.079320681006363, 3.088175433648629, -13.230280513780489, -40.83839641860292, 2.3114126704603644, 6.731949754663339, 5.196718432258096, 10.586045210773348, 15.177885023710825, 10.949548358648194, 8.990628189726248, 7.340547758725407, 7.9782120713807725, 7.837375570975101, 4.61839149338041]]}}