{"resp_b": 0.1, "restrained_fit": true, "exclude_hydrogens": true, "convergence_tolerance": 1e-06, "max_iter": 500, "resp_a": 0.0005, "charge_constraints": {"charge_sum_constraints": [], "charge_equivalence_constraints": [], "molecules": [{"qcmol": {"schema_name": "qcschema_molecule", "schema_version": 2, "validated": true, "symbols": ["C", "C", "C", "C", "C", "C", "C", "O", "H", "H", "H", "H", "H", "H", "H", "H", "H", "H", "H", "H", "H", "H"], "geometry": [[-0.0, -0.0, 0.0], [2.8920104662576747, 2.594215318144582e-16, 2.4298451222833675e-16], [4.123634410409263, 2.6360802139497546, 1.2490009027033011e-15], [4.675651227041394, 3.8593030176822545, 2.5752159293777614], [2.3969720059748294, 4.605533176863526, 4.200502205758236], [1.4236950450483015, 2.5779971811325897, 5.986808892878544], [-1.0509568135377432, 3.1492371927998226, 7.308015405850385], [2.5489930343645546, 0.6658126939441991, 6.386388693599914], [-0.7864914758933779, 0.8821018944355635, 1.6731353870579428], [-0.725040641212575, -1.9176949230258564, -0.0693622839035429], [-0.7335701820891058, 1.0043327910846251, -1.634237545703655], [3.5098564528063703, -0.9926947329788056, -1.6889363136428186], [3.583544213526419, -1.0851862154444951, 1.5955579868096659], [2.986539218465974, 3.9235033783565942, -1.1350810955111748], [5.93092270337962, 2.4938803359963315, -0.9656958898075458], [5.758648081148953, 5.564913401171726, 2.208116358767959], [5.886988621103475, 2.6253320583431856, 3.6734930310268084], [0.8390524962269366, 5.289605398503406, 3.0481355081608106], [2.908133355561684, 6.191570715348113, 5.410639101463589], [-2.5849872140406673, 3.159748974149743, 5.943717647771572], [-1.4211758035021753, 1.7266871747793908, 8.726805579197183], [-1.001622901458516, 5.0050287579250705, 8.181659731448088]], "name": "C7H14O", "identifiers": {"molecule_hash": "dc7892443eb1a33cbbdf15414bd98565f3776794", "molecular_formula": "C7H14O"}, "molecular_charge": 0.0, "molecular_multiplicity": 1, "connectivity": [[0, 1, 1.0], [0, 8, 1.0], [0, 9, 1.0], [0, 10, 1.0], [1, 2, 1.0], [1, 11, 1.0], [1, 12, 1.0], [2, 3, 1.0], [2, 13, 1.0], [2, 14, 1.0], [3, 4, 1.0], [3, 15, 1.0], [3, 16, 1.0], [4, 5, 1.0], [4, 17, 1.0], [4, 18, 1.0], [5, 6, 1.0], [5, 7, 2.0], [6, 19, 1.0], [6, 20, 1.0], [6, 21, 1.0]], "fix_com": true, "fix_orientation": true, "provenance": {"creator": "QCElemental", "version": "v0.22.0", "routine": "qcelemental.molparse.from_schema"}, "id": "146116"}, "charge": 0, "optimize_geometry": false, "conformers": [], "conformer_generation_options": {"n_conformer_pool": 4000, "n_max_conformers": 0, "rms_tolerance": 0.05, "energy_window": 15, "keep_original_conformer": true}, "stage_1_unrestrained_charges": null, "stage_1_restrained_charges": null, "stage_2_unrestrained_charges": null, "stage_2_restrained_charges": null, "keep_original_orientation": false, "reorientations": [], "translations": [], "rotations": []}], "unconstrained_atoms": [{"index": 0, "molecule": {"qcmol": {"schema_name": "qcschema_molecule", "schema_version": 2, "validated": true, "symbols": ["C", "C", "C", "C", "C", "C", "C", "O", "H", "H", "H", "H", "H", "H", "H", "H", "H", "H", "H", "H", "H", "H"], "geometry": [[-0.0, -0.0, 0.0], [2.8920104662576747, 2.594215318144582e-16, 2.4298451222833675e-16], [4.123634410409263, 2.6360802139497546, 1.2490009027033011e-15], [4.675651227041394, 3.8593030176822545, 2.5752159293777614], [2.3969720059748294, 4.605533176863526, 4.200502205758236], [1.4236950450483015, 2.5779971811325897, 5.986808892878544], [-1.0509568135377432, 3.1492371927998226, 7.308015405850385], [2.5489930343645546, 0.6658126939441991, 6.386388693599914], [-0.7864914758933779, 0.8821018944355635, 1.6731353870579428], [-0.725040641212575, -1.9176949230258564, -0.0693622839035429], [-0.7335701820891058, 1.0043327910846251, -1.634237545703655], [3.5098564528063703, -0.9926947329788056, -1.6889363136428186], [3.583544213526419, -1.0851862154444951, 1.5955579868096659], [2.986539218465974, 3.9235033783565942, -1.1350810955111748], [5.93092270337962, 2.4938803359963315, -0.9656958898075458], [5.758648081148953, 5.564913401171726, 2.208116358767959], [5.886988621103475, 2.6253320583431856, 3.6734930310268084], [0.8390524962269366, 5.289605398503406, 3.0481355081608106], [2.908133355561684, 6.191570715348113, 5.410639101463589], [-2.5849872140406673, 3.159748974149743, 5.943717647771572], [-1.4211758035021753, 1.7266871747793908, 8.726805579197183], [-1.001622901458516, 5.0050287579250705, 8.181659731448088]], "name": "C7H14O", "identifiers": {"molecule_hash": "dc7892443eb1a33cbbdf15414bd98565f3776794", "molecular_formula": "C7H14O"}, "molecular_charge": 0.0, "molecular_multiplicity": 1, "connectivity": [[0, 1, 1.0], [0, 8, 1.0], [0, 9, 1.0], [0, 10, 1.0], [1, 2, 1.0], [1, 11, 1.0], [1, 12, 1.0], [2, 3, 1.0], [2, 13, 1.0], [2, 14, 1.0], [3, 4, 1.0], [3, 15, 1.0], [3, 16, 1.0], [4, 5, 1.0], [4, 17, 1.0], [4, 18, 1.0], [5, 6, 1.0], [5, 7, 2.0], [6, 19, 1.0], [6, 20, 1.0], [6, 21, 1.0]], "fix_com": true, "fix_orientation": true, "provenance": {"creator": "QCElemental", "version": "v0.22.0", "routine": "qcelemental.molparse.from_schema"}, "id": "146116"}, "charge": 0, "optimize_geometry": false, "conformers": [], "conformer_generation_options": {"n_conformer_pool": 4000, "n_max_conformers": 0, "rms_tolerance": 0.05, "energy_window": 15, "keep_original_conformer": true}, "stage_1_unrestrained_charges": null, "stage_1_restrained_charges": null, "stage_2_unrestrained_charges": null, "stage_2_restrained_charges": null, "keep_original_orientation": false, "reorientations": [], "translations": [], "rotations": []}}, {"index": 1, "molecule": {"qcmol": {"schema_name": "qcschema_molecule", "schema_version": 2, "validated": true, "symbols": ["C", "C", "C", "C", "C", "C", "C", "O", "H", "H", "H", "H", "H", "H", "H", "H", "H", "H", "H", "H", "H", "H"], "geometry": [[-0.0, -0.0, 0.0], [2.8920104662576747, 2.594215318144582e-16, 2.4298451222833675e-16], [4.123634410409263, 2.6360802139497546, 1.2490009027033011e-15], [4.675651227041394, 3.8593030176822545, 2.5752159293777614], [2.3969720059748294, 4.605533176863526, 4.200502205758236], [1.4236950450483015, 2.5779971811325897, 5.986808892878544], [-1.0509568135377432, 3.1492371927998226, 7.308015405850385], [2.5489930343645546, 0.6658126939441991, 6.386388693599914], [-0.7864914758933779, 0.8821018944355635, 1.6731353870579428], [-0.725040641212575, -1.9176949230258564, -0.0693622839035429], [-0.7335701820891058, 1.0043327910846251, -1.634237545703655], [3.5098564528063703, -0.9926947329788056, -1.6889363136428186], [3.583544213526419, -1.0851862154444951, 1.5955579868096659], [2.986539218465974, 3.9235033783565942, -1.1350810955111748], [5.93092270337962, 2.4938803359963315, -0.9656958898075458], [5.758648081148953, 5.564913401171726, 2.208116358767959], [5.886988621103475, 2.6253320583431856, 3.6734930310268084], [0.8390524962269366, 5.289605398503406, 3.0481355081608106], [2.908133355561684, 6.191570715348113, 5.410639101463589], [-2.5849872140406673, 3.159748974149743, 5.943717647771572], [-1.4211758035021753, 1.7266871747793908, 8.726805579197183], [-1.001622901458516, 5.0050287579250705, 8.181659731448088]], "name": "C7H14O", "identifiers": {"molecule_hash": "dc7892443eb1a33cbbdf15414bd98565f3776794", "molecular_formula": "C7H14O"}, "molecular_charge": 0.0, "molecular_multiplicity": 1, "connectivity": [[0, 1, 1.0], [0, 8, 1.0], [0, 9, 1.0], [0, 10, 1.0], [1, 2, 1.0], [1, 11, 1.0], [1, 12, 1.0], [2, 3, 1.0], [2, 13, 1.0], [2, 14, 1.0], [3, 4, 1.0], [3, 15, 1.0], [3, 16, 1.0], [4, 5, 1.0], [4, 17, 1.0], [4, 18, 1.0], [5, 6, 1.0], [5, 7, 2.0], [6, 19, 1.0], [6, 20, 1.0], [6, 21, 1.0]], "fix_com": true, "fix_orientation": true, "provenance": {"creator": "QCElemental", "version": "v0.22.0", "routine": "qcelemental.molparse.from_schema"}, "id": "146116"}, "charge": 0, "optimize_geometry": false, "conformers": [], "conformer_generation_options": {"n_conformer_pool": 4000, "n_max_conformers": 0, "rms_tolerance": 0.05, "energy_window": 15, "keep_original_conformer": true}, "stage_1_unrestrained_charges": null, "stage_1_restrained_charges": null, "stage_2_unrestrained_charges": null, "stage_2_restrained_charges": null, "keep_original_orientation": false, "reorientations": [], "translations": [], "rotations": []}}, {"index": 2, "molecule": {"qcmol": {"schema_name": "qcschema_molecule", "schema_version": 2, "validated": true, "symbols": ["C", "C", "C", "C", "C", "C", "C", "O", "H", "H", "H", "H", "H", "H", "H", "H", "H", "H", "H", "H", "H", "H"], "geometry": [[-0.0, -0.0, 0.0], [2.8920104662576747, 2.594215318144582e-16, 2.4298451222833675e-16], [4.123634410409263, 2.6360802139497546, 1.2490009027033011e-15], [4.675651227041394, 3.8593030176822545, 2.5752159293777614], [2.3969720059748294, 4.605533176863526, 4.200502205758236], [1.4236950450483015, 2.5779971811325897, 5.986808892878544], [-1.0509568135377432, 3.1492371927998226, 7.308015405850385], [2.5489930343645546, 0.6658126939441991, 6.386388693599914], [-0.7864914758933779, 0.8821018944355635, 1.6731353870579428], [-0.725040641212575, -1.9176949230258564, -0.0693622839035429], [-0.7335701820891058, 1.0043327910846251, -1.634237545703655], [3.5098564528063703, -0.9926947329788056, -1.6889363136428186], [3.583544213526419, -1.0851862154444951, 1.5955579868096659], [2.986539218465974, 3.9235033783565942, -1.1350810955111748], [5.93092270337962, 2.4938803359963315, -0.9656958898075458], [5.758648081148953, 5.564913401171726, 2.208116358767959], [5.886988621103475, 2.6253320583431856, 3.6734930310268084], [0.8390524962269366, 5.289605398503406, 3.0481355081608106], [2.908133355561684, 6.191570715348113, 5.410639101463589], [-2.5849872140406673, 3.159748974149743, 5.943717647771572], [-1.4211758035021753, 1.7266871747793908, 8.726805579197183], [-1.001622901458516, 5.0050287579250705, 8.181659731448088]], "name": "C7H14O", "identifiers": {"molecule_hash": "dc7892443eb1a33cbbdf15414bd98565f3776794", "molecular_formula": "C7H14O"}, "molecular_charge": 0.0, "molecular_multiplicity": 1, "connectivity": [[0, 1, 1.0], [0, 8, 1.0], [0, 9, 1.0], [0, 10, 1.0], [1, 2, 1.0], [1, 11, 1.0], [1, 12, 1.0], [2, 3, 1.0], [2, 13, 1.0], [2, 14, 1.0], [3, 4, 1.0], [3, 15, 1.0], [3, 16, 1.0], [4, 5, 1.0], [4, 17, 1.0], [4, 18, 1.0], [5, 6, 1.0], [5, 7, 2.0], [6, 19, 1.0], [6, 20, 1.0], [6, 21, 1.0]], "fix_com": true, "fix_orientation": true, "provenance": {"creator": "QCElemental", "version": "v0.22.0", "routine": "qcelemental.molparse.from_schema"}, "id": "146116"}, "charge": 0, "optimize_geometry": false, "conformers": [], "conformer_generation_options": {"n_conformer_pool": 4000, "n_max_conformers": 0, "rms_tolerance": 0.05, "energy_window": 15, "keep_original_conformer": true}, "stage_1_unrestrained_charges": null, "stage_1_restrained_charges": null, "stage_2_unrestrained_charges": null, "stage_2_restrained_charges": null, "keep_original_orientation": false, "reorientations": [], "translations": [], "rotations": []}}, {"index": 3, "molecule": {"qcmol": {"schema_name": "qcschema_molecule", "schema_version": 2, "validated": true, "symbols": ["C", "C", "C", "C", "C", "C", "C", "O", "H", "H", "H", "H", "H", "H", "H", "H", "H", "H", "H", "H", "H", "H"], "geometry": [[-0.0, -0.0, 0.0], [2.8920104662576747, 2.594215318144582e-16, 2.4298451222833675e-16], [4.123634410409263, 2.6360802139497546, 1.2490009027033011e-15], [4.675651227041394, 3.8593030176822545, 2.5752159293777614], [2.3969720059748294, 4.605533176863526, 4.200502205758236], [1.4236950450483015, 2.5779971811325897, 5.986808892878544], [-1.0509568135377432, 3.1492371927998226, 7.308015405850385], [2.5489930343645546, 0.6658126939441991, 6.386388693599914], [-0.7864914758933779, 0.8821018944355635, 1.6731353870579428], [-0.725040641212575, -1.9176949230258564, -0.0693622839035429], [-0.7335701820891058, 1.0043327910846251, -1.634237545703655], [3.5098564528063703, -0.9926947329788056, -1.6889363136428186], [3.583544213526419, -1.0851862154444951, 1.5955579868096659], [2.986539218465974, 3.9235033783565942, -1.1350810955111748], [5.93092270337962, 2.4938803359963315, -0.9656958898075458], [5.758648081148953, 5.564913401171726, 2.208116358767959], [5.886988621103475, 2.6253320583431856, 3.6734930310268084], [0.8390524962269366, 5.289605398503406, 3.0481355081608106], [2.908133355561684, 6.191570715348113, 5.410639101463589], [-2.5849872140406673, 3.159748974149743, 5.943717647771572], [-1.4211758035021753, 1.7266871747793908, 8.726805579197183], [-1.001622901458516, 5.0050287579250705, 8.181659731448088]], "name": "C7H14O", "identifiers": {"molecule_hash": "dc7892443eb1a33cbbdf15414bd98565f3776794", "molecular_formula": "C7H14O"}, "molecular_charge": 0.0, "molecular_multiplicity": 1, "connectivity": [[0, 1, 1.0], [0, 8, 1.0], [0, 9, 1.0], [0, 10, 1.0], [1, 2, 1.0], [1, 11, 1.0], [1, 12, 1.0], [2, 3, 1.0], [2, 13, 1.0], [2, 14, 1.0], [3, 4, 1.0], [3, 15, 1.0], [3, 16, 1.0], [4, 5, 1.0], [4, 17, 1.0], [4, 18, 1.0], [5, 6, 1.0], [5, 7, 2.0], [6, 19, 1.0], [6, 20, 1.0], [6, 21, 1.0]], "fix_com": true, "fix_orientation": true, "provenance": {"creator": "QCElemental", "version": "v0.22.0", "routine": "qcelemental.molparse.from_schema"}, "id": "146116"}, "charge": 0, "optimize_geometry": false, "conformers": [], "conformer_generation_options": {"n_conformer_pool": 4000, "n_max_conformers": 0, "rms_tolerance": 0.05, "energy_window": 15, "keep_original_conformer": true}, "stage_1_unrestrained_charges": null, "stage_1_restrained_charges": null, "stage_2_unrestrained_charges": null, "stage_2_restrained_charges": null, "keep_original_orientation": false, "reorientations": [], "translations": [], "rotations": []}}, {"index": 4, "molecule": {"qcmol": {"schema_name": "qcschema_molecule", "schema_version": 2, "validated": true, "symbols": ["C", "C", "C", "C", "C", "C", "C", "O", "H", "H", "H", "H", "H", "H", "H", "H", "H", "H", "H", "H", "H", "H"], "geometry": [[-0.0, -0.0, 0.0], [2.8920104662576747, 2.594215318144582e-16, 2.4298451222833675e-16], [4.123634410409263, 2.6360802139497546, 1.2490009027033011e-15], [4.675651227041394, 3.8593030176822545, 2.5752159293777614], [2.3969720059748294, 4.605533176863526, 4.200502205758236], [1.4236950450483015, 2.5779971811325897, 5.986808892878544], [-1.0509568135377432, 3.1492371927998226, 7.308015405850385], [2.5489930343645546, 0.6658126939441991, 6.386388693599914], [-0.7864914758933779, 0.8821018944355635, 1.6731353870579428], [-0.725040641212575, -1.9176949230258564, -0.0693622839035429], [-0.7335701820891058, 1.0043327910846251, -1.634237545703655], [3.5098564528063703, -0.9926947329788056, -1.6889363136428186], [3.583544213526419, -1.0851862154444951, 1.5955579868096659], [2.986539218465974, 3.9235033783565942, -1.1350810955111748], [5.93092270337962, 2.4938803359963315, -0.9656958898075458], [5.758648081148953, 5.564913401171726, 2.208116358767959], [5.886988621103475, 2.6253320583431856, 3.6734930310268084], [0.8390524962269366, 5.289605398503406, 3.0481355081608106], [2.908133355561684, 6.191570715348113, 5.410639101463589], [-2.5849872140406673, 3.159748974149743, 5.943717647771572], [-1.4211758035021753, 1.7266871747793908, 8.726805579197183], [-1.001622901458516, 5.0050287579250705, 8.181659731448088]], "name": "C7H14O", "identifiers": {"molecule_hash": "dc7892443eb1a33cbbdf15414bd98565f3776794", "molecular_formula": "C7H14O"}, "molecular_charge": 0.0, "molecular_multiplicity": 1, "connectivity": [[0, 1, 1.0], [0, 8, 1.0], [0, 9, 1.0], [0, 10, 1.0], [1, 2, 1.0], [1, 11, 1.0], [1, 12, 1.0], [2, 3, 1.0], [2, 13, 1.0], [2, 14, 1.0], [3, 4, 1.0], [3, 15, 1.0], [3, 16, 1.0], [4, 5, 1.0], [4, 17, 1.0], [4, 18, 1.0], [5, 6, 1.0], [5, 7, 2.0], [6, 19, 1.0], [6, 20, 1.0], [6, 21, 1.0]], "fix_com": true, "fix_orientation": true, "provenance": {"creator": "QCElemental", "version": "v0.22.0", "routine": "qcelemental.molparse.from_schema"}, "id": "146116"}, "charge": 0, "optimize_geometry": false, "conformers": [], "conformer_generation_options": {"n_conformer_pool": 4000, "n_max_conformers": 0, "rms_tolerance": 0.05, "energy_window": 15, "keep_original_conformer": true}, "stage_1_unrestrained_charges": null, "stage_1_restrained_charges": null, "stage_2_unrestrained_charges": null, "stage_2_restrained_charges": null, "keep_original_orientation": false, "reorientations": [], "translations": [], "rotations": []}}, {"index": 6, "molecule": {"qcmol": {"schema_name": "qcschema_molecule", "schema_version": 2, "validated": true, "symbols": ["C", "C", "C", "C", "C", "C", "C", "O", "H", "H", "H", "H", "H", "H", "H", "H", "H", "H", "H", "H", "H", "H"], "geometry": [[-0.0, -0.0, 0.0], [2.8920104662576747, 2.594215318144582e-16, 2.4298451222833675e-16], [4.123634410409263, 2.6360802139497546, 1.2490009027033011e-15], [4.675651227041394, 3.8593030176822545, 2.5752159293777614], [2.3969720059748294, 4.605533176863526, 4.200502205758236], [1.4236950450483015, 2.5779971811325897, 5.986808892878544], [-1.0509568135377432, 3.1492371927998226, 7.308015405850385], [2.5489930343645546, 0.6658126939441991, 6.386388693599914], [-0.7864914758933779, 0.8821018944355635, 1.6731353870579428], [-0.725040641212575, -1.9176949230258564, -0.0693622839035429], [-0.7335701820891058, 1.0043327910846251, -1.634237545703655], [3.5098564528063703, -0.9926947329788056, -1.6889363136428186], [3.583544213526419, -1.0851862154444951, 1.5955579868096659], [2.986539218465974, 3.9235033783565942, -1.1350810955111748], [5.93092270337962, 2.4938803359963315, -0.9656958898075458], [5.758648081148953, 5.564913401171726, 2.208116358767959], [5.886988621103475, 2.6253320583431856, 3.6734930310268084], [0.8390524962269366, 5.289605398503406, 3.0481355081608106], [2.908133355561684, 6.191570715348113, 5.410639101463589], [-2.5849872140406673, 3.159748974149743, 5.943717647771572], [-1.4211758035021753, 1.7266871747793908, 8.726805579197183], [-1.001622901458516, 5.0050287579250705, 8.181659731448088]], "name": "C7H14O", "identifiers": {"molecule_hash": "dc7892443eb1a33cbbdf15414bd98565f3776794", "molecular_formula": "C7H14O"}, "molecular_charge": 0.0, "molecular_multiplicity": 1, "connectivity": [[0, 1, 1.0], [0, 8, 1.0], [0, 9, 1.0], [0, 10, 1.0], [1, 2, 1.0], [1, 11, 1.0], [1, 12, 1.0], [2, 3, 1.0], [2, 13, 1.0], [2, 14, 1.0], [3, 4, 1.0], [3, 15, 1.0], [3, 16, 1.0], [4, 5, 1.0], [4, 17, 1.0], [4, 18, 1.0], [5, 6, 1.0], [5, 7, 2.0], [6, 19, 1.0], [6, 20, 1.0], [6, 21, 1.0]], "fix_com": true, "fix_orientation": true, "provenance": {"creator": "QCElemental", "version": "v0.22.0", "routine": "qcelemental.molparse.from_schema"}, "id": "146116"}, "charge": 0, "optimize_geometry": false, "conformers": [], "conformer_generation_options": {"n_conformer_pool": 4000, "n_max_conformers": 0, "rms_tolerance": 0.05, "energy_window": 15, "keep_original_conformer": true}, "stage_1_unrestrained_charges": null, "stage_1_restrained_charges": null, "stage_2_unrestrained_charges": null, "stage_2_restrained_charges": null, "keep_original_orientation": false, "reorientations": [], "translations": [], "rotations": []}}]}, "surface_constraints": {"matrix": [[4734.670818550633, 4602.763426510278, 4450.654839341128, 4241.756400410218, 4062.2167470565214, 3867.7181117334258, 3743.0621765360215, 3764.791592996517, 4768.197189479785, 4757.590066032635, 4747.385554710477, 4588.725429755789, 4582.467861251357, 4446.547756112966, 4467.069672259409, 4191.879672841962, 4244.401258696185, 4097.871053270706, 4014.69452773501, 3679.848454056981, 3712.8653762707922, 3740.1722365850883], [4602.763426510278, 4712.394756432221, 4610.270640911371, 4457.267038555584, 4240.085076825621, 4029.7948558405105, 3882.3386880067715, 3933.4569574229718, 4572.108251743506, 4562.499682279356, 4552.686723435304, 4773.31236144043, 4764.330350010775, 4608.562912988301, 4609.001763808264, 4455.003931174228, 4479.721971727375, 4266.297805007805, 4184.500903637426, 3809.8859805340394, 3848.7082779927487, 3876.2544608070034], [4450.654839341128, 4610.270640911371, 4734.829557881635, 4625.774118038746, 4460.544079969961, 4242.580356654619, 4092.3429075031363, 4136.331821528676, 4432.193677608413, 4408.584679402529, 4359.460062213735, 4603.73948865907, 4593.837134769167, 4807.108460717803, 4802.187154265918, 4631.254161711619, 4625.5580304092, 4500.131684016276, 4430.711946932479, 4009.6763078733643, 4064.1577732753553, 4087.0481325051337], [4241.756400410218, 4457.267038555584, 4625.774118038746, 4733.843379625738, 4610.834366350333, 4442.1973222305605, 4320.923550327255, 4335.8409954679, 4229.377477789424, 4173.490154907364, 4135.041069831398, 4451.431131877763, 4461.630702258306, 4630.4135656395165, 4623.983319008749, 4808.122888923607, 4802.415191236232, 4610.225130829238, 4610.370539314663, 4259.485837518962, 4305.123747267406, 4300.8594837900355], [4062.2167470565214, 4240.085076825621, 4460.544079969961, 4610.834366350333, 4711.240407045991, 4583.057453289267, 4434.378636966591, 4515.929914939491, 4084.8348574070988, 4009.4024732840126, 3934.4051877896977, 4178.455879508987, 4237.866885949288, 4476.231770566009, 4465.257070154016, 4614.880350577096, 4611.466556935564, 4784.005794963214, 4779.2270451429695, 4386.089432216042, 4386.624875394367, 4408.638596233466], [3867.7181117334258, 4029.7948558405105, 4242.580356654619, 4442.1973222305605, 4583.057453289267, 4666.34434837823, 4588.647453539114, 4691.458085462178, 3904.6206970097896, 3808.6688728535382, 3745.1597615924757, 3966.6943284733006, 4024.3604424598075, 4210.207882227794, 4258.948578950062, 4453.778118307893, 4453.682655830658, 4594.1154620123425, 4586.391816096291, 4557.276591565263, 4560.629040403361, 4568.36085700013], [3743.0621765360215, 3882.3386880067715, 4092.3429075031363, 4320.923550327255, 4434.378636966591, 4588.647453539114, 4741.384227658542, 4508.864926968144, 3792.4023500044486, 3670.3668058002545, 3642.0753737909627, 3831.360816699701, 3849.1088732465987, 4034.856188721901, 4111.360263530727, 4346.8014573222235, 4362.694902524552, 4369.911377054252, 4442.123410592, 4766.86155611734, 4772.8654662718345, 4779.905155243942], [3764.791592996517, 3933.4569574229718, 4136.331821528676, 4335.8409954679, 4515.929914939491, 4691.458085462178, 4508.864926968144, 4889.161011982708, 3800.424394043118, 3712.6861252424806, 3629.96201806892, 3859.7949512564496, 3954.0137132150207, 4094.300261281383, 4158.0418745525585, 4336.814461759096, 4330.800159990143, 4547.203971071284, 4463.162934350156, 4451.1186291370095, 4460.440691424181, 4454.849028563174], [4768.197189479785, 4572.108251743506, 4432.193677608413, 4229.377477789424, 4084.8348574070988, 3904.6206970097896, 3792.4023500044486, 3800.424394043118, 4989.002613078145, 4726.008899451228, 4714.484466616449, 4548.230733089535, 4502.24877884334, 4411.387762867545, 4468.29244188712, 4150.755829810044, 4237.988995890796, 4127.678434289407, 4044.287431390631, 3737.8546517694995, 3756.4845691024075, 3796.992513819069], [4757.590066032635, 4562.499682279356, 4408.584679402529, 4173.490154907364, 4009.4024732840126, 3808.6688728535382, 3670.3668058002545, 3712.6861252424806, 4726.008899451228, 4971.057633859682, 4700.009315768755, 4481.633879629897, 4561.491092311065, 4426.526860976961, 4424.0186327913325, 4106.157031446082, 4163.08853003401, 4051.707681014489, 3971.2169026952515, 3608.379057369986, 3644.5972552195767, 3650.985907369921], [4747.385554710477, 4552.686723435304, 4359.460062213735, 4135.041069831398, 3934.4051877896977, 3745.1597615924757, 3642.0753737909627, 3629.96201806892, 4714.484466616449, 4700.009315768755, 4951.027347167707, 4553.932156729796, 4503.361767513033, 4348.637518705449, 4369.506021931239, 4097.679547710291, 4133.642302216818, 3962.46835608655, 3877.2683992145994, 3579.1571211972905, 3616.172080033416, 3649.3849054240036], [4588.725429755789, 4773.31236144043, 4603.73948865907, 4451.431131877763, 4178.455879508987, 3966.6943284733006, 3831.360816699701, 3859.7949512564496, 4548.230733089535, 4481.633879629897, 4553.932156729796, 5019.603156137953, 4756.939296056147, 4575.375781264537, 4571.978739162054, 4463.324195847556, 4506.728031327605, 4198.421522655442, 4090.710898902602, 3765.7627522830553, 3792.5111321838426, 3834.782306761995], [4582.467861251357, 4764.330350010775, 4593.837134769167, 4461.630702258306, 4237.866885949288, 4024.3604424598075, 3849.1088732465987, 3954.0137132150207, 4502.24877884334, 4561.491092311065, 4503.361767513033, 4756.939296056147, 5001.737647828751, 4560.609550464808, 4550.781531225843, 4480.094378955076, 4483.955242026347, 4254.879861498005, 4190.84112866039, 3772.3860002806414, 3815.467268324879, 3827.195635674145], [4446.547756112966, 4608.562912988301, 4807.108460717803, 4630.4135656395165, 4476.231770566009, 4210.207882227794, 4034.856188721901, 4094.300261281383, 4411.387762867545, 4426.526860976961, 4348.637518705449, 4575.375781264537, 4560.609550464808, 5063.5995433175485, 4808.112279407657, 4633.401923996228, 4565.988273566873, 4568.280482891019, 4439.547075600036, 3938.068530964112, 3994.265764497885, 4037.4806585823085], [4467.069672259409, 4609.001763808264, 4802.187154265918, 4623.983319008749, 4465.257070154016, 4258.948578950062, 4111.360263530727, 4158.0418745525585, 4468.29244188712, 4424.0186327913325, 4369.506021931239, 4571.978739162054, 4550.781531225843, 4808.112279407657, 5052.5117903154, 4581.406218437818, 4610.679874926787, 4491.300319270368, 4443.855565159325, 4019.8603810677346, 4091.7572317535264, 4107.371670921742], [4191.879672841962, 4455.003931174228, 4631.254161711619, 4808.122888923607, 4614.880350577096, 4453.778118307893, 4346.8014573222235, 4336.814461759096, 4150.755829810044, 4106.157031446082, 4097.679547710291, 4463.324195847556, 4480.094378955076, 4633.401923996228, 4581.406218437818, 5063.195651981353, 4810.6790924274765, 4547.169302142014, 4619.312716581196, 4291.017969319109, 4341.126426784193, 4322.100430701727], [4244.401258696185, 4479.721971727375, 4625.5580304092, 4802.415191236232, 4611.466556935564, 4453.682655830658, 4362.694902524552, 4330.800159990143, 4237.988995890796, 4163.08853003401, 4133.642302216818, 4506.728031327605, 4483.955242026347, 4565.988273566873, 4610.679874926787, 4810.6790924274765, 5050.016802734937, 4583.28592375831, 4575.317972508522, 4304.817583085004, 4369.869825852216, 4338.652546671034], [4097.871053270706, 4266.297805007805, 4500.131684016276, 4610.225130829238, 4784.005794963214, 4594.1154620123425, 4369.911377054252, 4547.203971071284, 4127.678434289407, 4051.707681014489, 3962.46835608655, 4198.421522655442, 4254.879861498005, 4568.280482891019, 4491.300319270368, 4547.169302142014, 4583.28592375831, 5036.927065734312, 4779.787011961363, 4318.165210776929, 4271.459615014794, 4347.902480630731], [4014.69452773501, 4184.500903637426, 4430.711946932479, 4610.370539314663, 4779.2270451429695, 4586.391816096291, 4442.123410592, 4463.162934350156, 4044.287431390631, 3971.2169026952515, 3877.2683992145994, 4090.710898902602, 4190.84112866039, 4439.547075600036, 4443.855565159325, 4619.312716581196, 4575.317972508522, 4779.787011961363, 5027.11525055828, 4395.063591174184, 4405.427856792563, 4404.8613420586835], [3679.848454056981, 3809.8859805340394, 4009.6763078733643, 4259.485837518962, 4386.089432216042, 4557.276591565263, 4766.86155611734, 4451.1186291370095, 3737.8546517694995, 3608.379057369986, 3579.1571211972905, 3765.7627522830553, 3772.3860002806414, 3938.068530964112, 4019.8603810677346, 4291.017969319109, 4304.817583085004, 4318.165210776929, 4395.063591174184, 4982.16074325393, 4728.275207718948, 4735.329612884956], [3712.8653762707922, 3848.7082779927487, 4064.1577732753553, 4305.123747267406, 4386.624875394367, 4560.629040403361, 4772.8654662718345, 4460.440691424181, 3756.4845691024075, 3644.5972552195767, 3616.172080033416, 3792.5111321838426, 3815.467268324879, 3994.265764497885, 4091.7572317535264, 4341.126426784193, 4369.869825852216, 4271.459615014794, 4405.427856792563, 4728.275207718948, 4993.278923594428, 4740.88235618981], [3740.1722365850883, 3876.2544608070034, 4087.0481325051337, 4300.8594837900355, 4408.638596233466, 4568.36085700013, 4779.905155243942, 4454.849028563174, 3796.992513819069, 3650.985907369921, 3649.3849054240036, 3834.782306761995, 3827.195635674145, 4037.4806585823085, 4107.371670921742, 4322.100430701727, 4338.652546671034, 4347.902480630731, 4404.8613420586835, 4735.329612884956, 4740.88235618981, 5008.500257870069], [72.53752116617557, 73.17398594042868, 73.85154253796533, 66.82903355840655, 36.4310760437007, -17.866880926157762, 34.355319849784266, -107.93447364853921, 71.34788544808748, 69.21360088246348, 77.77037775517088, 81.05158667656471, 62.819731758734264, 79.9169920007093, 71.48982531493584, 73.02225089047072, 76.28221963713165, 26.742467793894008, 62.58435680253686, 46.76349902964845, 45.91931684614026, 52.903366423702316]]}}