{"resp_b": 0.1, "restrained_fit": true, "exclude_hydrogens": true, "convergence_tolerance": 1e-06, "max_iter": 500, "resp_a": 0.0005, "charge_constraints": {"charge_sum_constraints": [], "charge_equivalence_constraints": [], "molecules": [{"qcmol": {"schema_name": "qcschema_molecule", "schema_version": 2, "validated": true, "symbols": ["C", "C", "C", "C", "C", "C", "C", "O", "H", "H", "H", "H", "H", "H", "H", "H", "H", "H", "H", "H", "H", "H"], "geometry": [[-0.0, -0.0, 0.0], [2.8920104662576747, 2.594215318144582e-16, 2.4298451222833675e-16], [4.123634410409263, 2.6360802139497546, 1.2490009027033011e-15], [4.675651227041394, 3.8593030176822545, 2.5752159293777614], [2.3969720059748294, 4.605533176863526, 4.200502205758236], [1.4236950450483015, 2.5779971811325897, 5.986808892878544], [-1.0509568135377432, 3.1492371927998226, 7.308015405850385], [2.5489930343645546, 0.6658126939441991, 6.386388693599914], [-0.7864914758933779, 0.8821018944355635, 1.6731353870579428], [-0.725040641212575, -1.9176949230258564, -0.0693622839035429], [-0.7335701820891058, 1.0043327910846251, -1.634237545703655], [3.5098564528063703, -0.9926947329788056, -1.6889363136428186], [3.583544213526419, -1.0851862154444951, 1.5955579868096659], [2.986539218465974, 3.9235033783565942, -1.1350810955111748], [5.93092270337962, 2.4938803359963315, -0.9656958898075458], [5.758648081148953, 5.564913401171726, 2.208116358767959], [5.886988621103475, 2.6253320583431856, 3.6734930310268084], [0.8390524962269366, 5.289605398503406, 3.0481355081608106], [2.908133355561684, 6.191570715348113, 5.410639101463589], [-2.5849872140406673, 3.159748974149743, 5.943717647771572], [-1.4211758035021753, 1.7266871747793908, 8.726805579197183], [-1.001622901458516, 5.0050287579250705, 8.181659731448088]], "name": "C7H14O", "identifiers": {"molecule_hash": "dc7892443eb1a33cbbdf15414bd98565f3776794", "molecular_formula": "C7H14O"}, "molecular_charge": 0.0, "molecular_multiplicity": 1, "connectivity": [[0, 1, 1.0], [0, 8, 1.0], [0, 9, 1.0], [0, 10, 1.0], [1, 2, 1.0], [1, 11, 1.0], [1, 12, 1.0], [2, 3, 1.0], [2, 13, 1.0], [2, 14, 1.0], [3, 4, 1.0], [3, 15, 1.0], [3, 16, 1.0], [4, 5, 1.0], [4, 17, 1.0], [4, 18, 1.0], [5, 6, 1.0], [5, 7, 2.0], [6, 19, 1.0], [6, 20, 1.0], [6, 21, 1.0]], "fix_com": true, "fix_orientation": true, "provenance": {"creator": "QCElemental", "version": "v0.22.0", "routine": "qcelemental.molparse.from_schema"}, "id": "146116"}, "charge": 0, "optimize_geometry": false, "conformers": [], "conformer_generation_options": {"n_conformer_pool": 4000, "n_max_conformers": 0, "rms_tolerance": 0.05, "energy_window": 15, "keep_original_conformer": true}, "stage_1_unrestrained_charges": null, "stage_1_restrained_charges": null, "stage_2_unrestrained_charges": null, "stage_2_restrained_charges": null, "keep_original_orientation": false, "reorientations": [], "translations": [], "rotations": []}], "unconstrained_atoms": [{"index": 0, "molecule": {"qcmol": {"schema_name": "qcschema_molecule", "schema_version": 2, "validated": true, "symbols": ["C", "C", "C", "C", "C", "C", "C", "O", "H", "H", "H", "H", "H", "H", "H", "H", "H", "H", "H", "H", "H", "H"], "geometry": [[-0.0, -0.0, 0.0], [2.8920104662576747, 2.594215318144582e-16, 2.4298451222833675e-16], [4.123634410409263, 2.6360802139497546, 1.2490009027033011e-15], [4.675651227041394, 3.8593030176822545, 2.5752159293777614], [2.3969720059748294, 4.605533176863526, 4.200502205758236], [1.4236950450483015, 2.5779971811325897, 5.986808892878544], [-1.0509568135377432, 3.1492371927998226, 7.308015405850385], [2.5489930343645546, 0.6658126939441991, 6.386388693599914], [-0.7864914758933779, 0.8821018944355635, 1.6731353870579428], [-0.725040641212575, -1.9176949230258564, -0.0693622839035429], [-0.7335701820891058, 1.0043327910846251, -1.634237545703655], [3.5098564528063703, -0.9926947329788056, -1.6889363136428186], [3.583544213526419, -1.0851862154444951, 1.5955579868096659], [2.986539218465974, 3.9235033783565942, -1.1350810955111748], [5.93092270337962, 2.4938803359963315, -0.9656958898075458], [5.758648081148953, 5.564913401171726, 2.208116358767959], [5.886988621103475, 2.6253320583431856, 3.6734930310268084], [0.8390524962269366, 5.289605398503406, 3.0481355081608106], [2.908133355561684, 6.191570715348113, 5.410639101463589], [-2.5849872140406673, 3.159748974149743, 5.943717647771572], [-1.4211758035021753, 1.7266871747793908, 8.726805579197183], [-1.001622901458516, 5.0050287579250705, 8.181659731448088]], "name": "C7H14O", "identifiers": {"molecule_hash": "dc7892443eb1a33cbbdf15414bd98565f3776794", "molecular_formula": "C7H14O"}, "molecular_charge": 0.0, "molecular_multiplicity": 1, "connectivity": [[0, 1, 1.0], [0, 8, 1.0], [0, 9, 1.0], [0, 10, 1.0], [1, 2, 1.0], [1, 11, 1.0], [1, 12, 1.0], [2, 3, 1.0], [2, 13, 1.0], [2, 14, 1.0], [3, 4, 1.0], [3, 15, 1.0], [3, 16, 1.0], [4, 5, 1.0], [4, 17, 1.0], [4, 18, 1.0], [5, 6, 1.0], [5, 7, 2.0], [6, 19, 1.0], [6, 20, 1.0], [6, 21, 1.0]], "fix_com": true, "fix_orientation": true, "provenance": {"creator": "QCElemental", "version": "v0.22.0", "routine": "qcelemental.molparse.from_schema"}, "id": "146116"}, "charge": 0, "optimize_geometry": false, "conformers": [], "conformer_generation_options": {"n_conformer_pool": 4000, "n_max_conformers": 0, "rms_tolerance": 0.05, "energy_window": 15, "keep_original_conformer": true}, "stage_1_unrestrained_charges": null, "stage_1_restrained_charges": null, "stage_2_unrestrained_charges": null, "stage_2_restrained_charges": null, "keep_original_orientation": false, "reorientations": [], "translations": [], "rotations": []}}, {"index": 1, "molecule": {"qcmol": {"schema_name": "qcschema_molecule", "schema_version": 2, "validated": true, "symbols": ["C", "C", "C", "C", "C", "C", "C", "O", "H", "H", "H", "H", "H", "H", "H", "H", "H", "H", "H", "H", "H", "H"], "geometry": [[-0.0, -0.0, 0.0], [2.8920104662576747, 2.594215318144582e-16, 2.4298451222833675e-16], [4.123634410409263, 2.6360802139497546, 1.2490009027033011e-15], [4.675651227041394, 3.8593030176822545, 2.5752159293777614], [2.3969720059748294, 4.605533176863526, 4.200502205758236], [1.4236950450483015, 2.5779971811325897, 5.986808892878544], [-1.0509568135377432, 3.1492371927998226, 7.308015405850385], [2.5489930343645546, 0.6658126939441991, 6.386388693599914], [-0.7864914758933779, 0.8821018944355635, 1.6731353870579428], [-0.725040641212575, -1.9176949230258564, -0.0693622839035429], [-0.7335701820891058, 1.0043327910846251, -1.634237545703655], [3.5098564528063703, -0.9926947329788056, -1.6889363136428186], [3.583544213526419, -1.0851862154444951, 1.5955579868096659], [2.986539218465974, 3.9235033783565942, -1.1350810955111748], [5.93092270337962, 2.4938803359963315, -0.9656958898075458], [5.758648081148953, 5.564913401171726, 2.208116358767959], [5.886988621103475, 2.6253320583431856, 3.6734930310268084], [0.8390524962269366, 5.289605398503406, 3.0481355081608106], [2.908133355561684, 6.191570715348113, 5.410639101463589], [-2.5849872140406673, 3.159748974149743, 5.943717647771572], [-1.4211758035021753, 1.7266871747793908, 8.726805579197183], [-1.001622901458516, 5.0050287579250705, 8.181659731448088]], "name": "C7H14O", "identifiers": {"molecule_hash": "dc7892443eb1a33cbbdf15414bd98565f3776794", "molecular_formula": "C7H14O"}, "molecular_charge": 0.0, "molecular_multiplicity": 1, "connectivity": [[0, 1, 1.0], [0, 8, 1.0], [0, 9, 1.0], [0, 10, 1.0], [1, 2, 1.0], [1, 11, 1.0], [1, 12, 1.0], [2, 3, 1.0], [2, 13, 1.0], [2, 14, 1.0], [3, 4, 1.0], [3, 15, 1.0], [3, 16, 1.0], [4, 5, 1.0], [4, 17, 1.0], [4, 18, 1.0], [5, 6, 1.0], [5, 7, 2.0], [6, 19, 1.0], [6, 20, 1.0], [6, 21, 1.0]], "fix_com": true, "fix_orientation": true, "provenance": {"creator": "QCElemental", "version": "v0.22.0", "routine": "qcelemental.molparse.from_schema"}, "id": "146116"}, "charge": 0, "optimize_geometry": false, "conformers": [], "conformer_generation_options": {"n_conformer_pool": 4000, "n_max_conformers": 0, "rms_tolerance": 0.05, "energy_window": 15, "keep_original_conformer": true}, "stage_1_unrestrained_charges": null, "stage_1_restrained_charges": null, "stage_2_unrestrained_charges": null, "stage_2_restrained_charges": null, "keep_original_orientation": false, "reorientations": [], "translations": [], "rotations": []}}, {"index": 2, "molecule": {"qcmol": {"schema_name": "qcschema_molecule", "schema_version": 2, "validated": true, "symbols": ["C", "C", "C", "C", "C", "C", "C", "O", "H", "H", "H", "H", "H", "H", "H", "H", "H", "H", "H", "H", "H", "H"], "geometry": [[-0.0, -0.0, 0.0], [2.8920104662576747, 2.594215318144582e-16, 2.4298451222833675e-16], [4.123634410409263, 2.6360802139497546, 1.2490009027033011e-15], [4.675651227041394, 3.8593030176822545, 2.5752159293777614], [2.3969720059748294, 4.605533176863526, 4.200502205758236], [1.4236950450483015, 2.5779971811325897, 5.986808892878544], [-1.0509568135377432, 3.1492371927998226, 7.308015405850385], [2.5489930343645546, 0.6658126939441991, 6.386388693599914], [-0.7864914758933779, 0.8821018944355635, 1.6731353870579428], [-0.725040641212575, -1.9176949230258564, -0.0693622839035429], [-0.7335701820891058, 1.0043327910846251, -1.634237545703655], [3.5098564528063703, -0.9926947329788056, -1.6889363136428186], [3.583544213526419, -1.0851862154444951, 1.5955579868096659], [2.986539218465974, 3.9235033783565942, -1.1350810955111748], [5.93092270337962, 2.4938803359963315, -0.9656958898075458], [5.758648081148953, 5.564913401171726, 2.208116358767959], [5.886988621103475, 2.6253320583431856, 3.6734930310268084], [0.8390524962269366, 5.289605398503406, 3.0481355081608106], [2.908133355561684, 6.191570715348113, 5.410639101463589], [-2.5849872140406673, 3.159748974149743, 5.943717647771572], [-1.4211758035021753, 1.7266871747793908, 8.726805579197183], [-1.001622901458516, 5.0050287579250705, 8.181659731448088]], "name": "C7H14O", "identifiers": {"molecule_hash": "dc7892443eb1a33cbbdf15414bd98565f3776794", "molecular_formula": "C7H14O"}, "molecular_charge": 0.0, "molecular_multiplicity": 1, "connectivity": [[0, 1, 1.0], [0, 8, 1.0], [0, 9, 1.0], [0, 10, 1.0], [1, 2, 1.0], [1, 11, 1.0], [1, 12, 1.0], [2, 3, 1.0], [2, 13, 1.0], [2, 14, 1.0], [3, 4, 1.0], [3, 15, 1.0], [3, 16, 1.0], [4, 5, 1.0], [4, 17, 1.0], [4, 18, 1.0], [5, 6, 1.0], [5, 7, 2.0], [6, 19, 1.0], [6, 20, 1.0], [6, 21, 1.0]], "fix_com": true, "fix_orientation": true, "provenance": {"creator": "QCElemental", "version": "v0.22.0", "routine": "qcelemental.molparse.from_schema"}, "id": "146116"}, "charge": 0, "optimize_geometry": false, "conformers": [], "conformer_generation_options": {"n_conformer_pool": 4000, "n_max_conformers": 0, "rms_tolerance": 0.05, "energy_window": 15, "keep_original_conformer": true}, "stage_1_unrestrained_charges": null, "stage_1_restrained_charges": null, "stage_2_unrestrained_charges": null, "stage_2_restrained_charges": null, "keep_original_orientation": false, "reorientations": [], "translations": [], "rotations": []}}, {"index": 3, "molecule": {"qcmol": {"schema_name": "qcschema_molecule", "schema_version": 2, "validated": true, "symbols": ["C", "C", "C", "C", "C", "C", "C", "O", "H", "H", "H", "H", "H", "H", "H", "H", "H", "H", "H", "H", "H", "H"], "geometry": [[-0.0, -0.0, 0.0], [2.8920104662576747, 2.594215318144582e-16, 2.4298451222833675e-16], [4.123634410409263, 2.6360802139497546, 1.2490009027033011e-15], [4.675651227041394, 3.8593030176822545, 2.5752159293777614], [2.3969720059748294, 4.605533176863526, 4.200502205758236], [1.4236950450483015, 2.5779971811325897, 5.986808892878544], [-1.0509568135377432, 3.1492371927998226, 7.308015405850385], [2.5489930343645546, 0.6658126939441991, 6.386388693599914], [-0.7864914758933779, 0.8821018944355635, 1.6731353870579428], [-0.725040641212575, -1.9176949230258564, -0.0693622839035429], [-0.7335701820891058, 1.0043327910846251, -1.634237545703655], [3.5098564528063703, -0.9926947329788056, -1.6889363136428186], [3.583544213526419, -1.0851862154444951, 1.5955579868096659], [2.986539218465974, 3.9235033783565942, -1.1350810955111748], [5.93092270337962, 2.4938803359963315, -0.9656958898075458], [5.758648081148953, 5.564913401171726, 2.208116358767959], [5.886988621103475, 2.6253320583431856, 3.6734930310268084], [0.8390524962269366, 5.289605398503406, 3.0481355081608106], [2.908133355561684, 6.191570715348113, 5.410639101463589], [-2.5849872140406673, 3.159748974149743, 5.943717647771572], [-1.4211758035021753, 1.7266871747793908, 8.726805579197183], [-1.001622901458516, 5.0050287579250705, 8.181659731448088]], "name": "C7H14O", "identifiers": {"molecule_hash": "dc7892443eb1a33cbbdf15414bd98565f3776794", "molecular_formula": "C7H14O"}, "molecular_charge": 0.0, "molecular_multiplicity": 1, "connectivity": [[0, 1, 1.0], [0, 8, 1.0], [0, 9, 1.0], [0, 10, 1.0], [1, 2, 1.0], [1, 11, 1.0], [1, 12, 1.0], [2, 3, 1.0], [2, 13, 1.0], [2, 14, 1.0], [3, 4, 1.0], [3, 15, 1.0], [3, 16, 1.0], [4, 5, 1.0], [4, 17, 1.0], [4, 18, 1.0], [5, 6, 1.0], [5, 7, 2.0], [6, 19, 1.0], [6, 20, 1.0], [6, 21, 1.0]], "fix_com": true, "fix_orientation": true, "provenance": {"creator": "QCElemental", "version": "v0.22.0", "routine": "qcelemental.molparse.from_schema"}, "id": "146116"}, "charge": 0, "optimize_geometry": false, "conformers": [], "conformer_generation_options": {"n_conformer_pool": 4000, "n_max_conformers": 0, "rms_tolerance": 0.05, "energy_window": 15, "keep_original_conformer": true}, "stage_1_unrestrained_charges": null, "stage_1_restrained_charges": null, "stage_2_unrestrained_charges": null, "stage_2_restrained_charges": null, "keep_original_orientation": false, "reorientations": [], "translations": [], "rotations": []}}, {"index": 4, "molecule": {"qcmol": {"schema_name": "qcschema_molecule", "schema_version": 2, "validated": true, "symbols": ["C", "C", "C", "C", "C", "C", "C", "O", "H", "H", "H", "H", "H", "H", "H", "H", "H", "H", "H", "H", "H", "H"], "geometry": [[-0.0, -0.0, 0.0], [2.8920104662576747, 2.594215318144582e-16, 2.4298451222833675e-16], [4.123634410409263, 2.6360802139497546, 1.2490009027033011e-15], [4.675651227041394, 3.8593030176822545, 2.5752159293777614], [2.3969720059748294, 4.605533176863526, 4.200502205758236], [1.4236950450483015, 2.5779971811325897, 5.986808892878544], [-1.0509568135377432, 3.1492371927998226, 7.308015405850385], [2.5489930343645546, 0.6658126939441991, 6.386388693599914], [-0.7864914758933779, 0.8821018944355635, 1.6731353870579428], [-0.725040641212575, -1.9176949230258564, -0.0693622839035429], [-0.7335701820891058, 1.0043327910846251, -1.634237545703655], [3.5098564528063703, -0.9926947329788056, -1.6889363136428186], [3.583544213526419, -1.0851862154444951, 1.5955579868096659], [2.986539218465974, 3.9235033783565942, -1.1350810955111748], [5.93092270337962, 2.4938803359963315, -0.9656958898075458], [5.758648081148953, 5.564913401171726, 2.208116358767959], [5.886988621103475, 2.6253320583431856, 3.6734930310268084], [0.8390524962269366, 5.289605398503406, 3.0481355081608106], [2.908133355561684, 6.191570715348113, 5.410639101463589], [-2.5849872140406673, 3.159748974149743, 5.943717647771572], [-1.4211758035021753, 1.7266871747793908, 8.726805579197183], [-1.001622901458516, 5.0050287579250705, 8.181659731448088]], "name": "C7H14O", "identifiers": {"molecule_hash": "dc7892443eb1a33cbbdf15414bd98565f3776794", "molecular_formula": "C7H14O"}, "molecular_charge": 0.0, "molecular_multiplicity": 1, "connectivity": [[0, 1, 1.0], [0, 8, 1.0], [0, 9, 1.0], [0, 10, 1.0], [1, 2, 1.0], [1, 11, 1.0], [1, 12, 1.0], [2, 3, 1.0], [2, 13, 1.0], [2, 14, 1.0], [3, 4, 1.0], [3, 15, 1.0], [3, 16, 1.0], [4, 5, 1.0], [4, 17, 1.0], [4, 18, 1.0], [5, 6, 1.0], [5, 7, 2.0], [6, 19, 1.0], [6, 20, 1.0], [6, 21, 1.0]], "fix_com": true, "fix_orientation": true, "provenance": {"creator": "QCElemental", "version": "v0.22.0", "routine": "qcelemental.molparse.from_schema"}, "id": "146116"}, "charge": 0, "optimize_geometry": false, "conformers": [], "conformer_generation_options": {"n_conformer_pool": 4000, "n_max_conformers": 0, "rms_tolerance": 0.05, "energy_window": 15, "keep_original_conformer": true}, "stage_1_unrestrained_charges": null, "stage_1_restrained_charges": null, "stage_2_unrestrained_charges": null, "stage_2_restrained_charges": null, "keep_original_orientation": false, "reorientations": [], "translations": [], "rotations": []}}, {"index": 6, "molecule": {"qcmol": {"schema_name": "qcschema_molecule", "schema_version": 2, "validated": true, "symbols": ["C", "C", "C", "C", "C", "C", "C", "O", "H", "H", "H", "H", "H", "H", "H", "H", "H", "H", "H", "H", "H", "H"], "geometry": [[-0.0, -0.0, 0.0], [2.8920104662576747, 2.594215318144582e-16, 2.4298451222833675e-16], [4.123634410409263, 2.6360802139497546, 1.2490009027033011e-15], [4.675651227041394, 3.8593030176822545, 2.5752159293777614], [2.3969720059748294, 4.605533176863526, 4.200502205758236], [1.4236950450483015, 2.5779971811325897, 5.986808892878544], [-1.0509568135377432, 3.1492371927998226, 7.308015405850385], [2.5489930343645546, 0.6658126939441991, 6.386388693599914], [-0.7864914758933779, 0.8821018944355635, 1.6731353870579428], [-0.725040641212575, -1.9176949230258564, -0.0693622839035429], [-0.7335701820891058, 1.0043327910846251, -1.634237545703655], [3.5098564528063703, -0.9926947329788056, -1.6889363136428186], [3.583544213526419, -1.0851862154444951, 1.5955579868096659], [2.986539218465974, 3.9235033783565942, -1.1350810955111748], [5.93092270337962, 2.4938803359963315, -0.9656958898075458], [5.758648081148953, 5.564913401171726, 2.208116358767959], [5.886988621103475, 2.6253320583431856, 3.6734930310268084], [0.8390524962269366, 5.289605398503406, 3.0481355081608106], [2.908133355561684, 6.191570715348113, 5.410639101463589], [-2.5849872140406673, 3.159748974149743, 5.943717647771572], [-1.4211758035021753, 1.7266871747793908, 8.726805579197183], [-1.001622901458516, 5.0050287579250705, 8.181659731448088]], "name": "C7H14O", "identifiers": {"molecule_hash": "dc7892443eb1a33cbbdf15414bd98565f3776794", "molecular_formula": "C7H14O"}, "molecular_charge": 0.0, "molecular_multiplicity": 1, "connectivity": [[0, 1, 1.0], [0, 8, 1.0], [0, 9, 1.0], [0, 10, 1.0], [1, 2, 1.0], [1, 11, 1.0], [1, 12, 1.0], [2, 3, 1.0], [2, 13, 1.0], [2, 14, 1.0], [3, 4, 1.0], [3, 15, 1.0], [3, 16, 1.0], [4, 5, 1.0], [4, 17, 1.0], [4, 18, 1.0], [5, 6, 1.0], [5, 7, 2.0], [6, 19, 1.0], [6, 20, 1.0], [6, 21, 1.0]], "fix_com": true, "fix_orientation": true, "provenance": {"creator": "QCElemental", "version": "v0.22.0", "routine": "qcelemental.molparse.from_schema"}, "id": "146116"}, "charge": 0, "optimize_geometry": false, "conformers": [], "conformer_generation_options": {"n_conformer_pool": 4000, "n_max_conformers": 0, "rms_tolerance": 0.05, "energy_window": 15, "keep_original_conformer": true}, "stage_1_unrestrained_charges": null, "stage_1_restrained_charges": null, "stage_2_unrestrained_charges": null, "stage_2_restrained_charges": null, "keep_original_orientation": false, "reorientations": [], "translations": [], "rotations": []}}]}, "surface_constraints": {"matrix": [[643015505654753.0, 625277161277664.4, 604637238862779.9, 576126771067999.0, 551318345935716.4, 524084398697933.75, 497822921977999.3, 517191891254626.56, 647604068893765.1, 646135138931668.2, 644622842809421.1, 623272112280620.0, 622859518711485.0, 604099398464477.0, 606811820165305.2, 569189073067504.4, 576526852502693.9, 556572275131866.94, 544887456864543.94, 487627173105660.8, 489608351545121.6, 495340801106913.8], [625277161277664.4, 640318766451895.0, 626518696839816.5, 605924590230840.2, 576096696427961.8, 546924805455039.06, 518178224277683.2, 540296485216878.75, 621149295052738.8, 619886798733884.9, 618485428288571.5, 648407975430385.1, 647571797006094.0, 626131351829583.2, 626379393172318.6, 605504672245047.9, 609119918132370.8, 579805892902552.0, 568651261320473.4, 506841364270315.56, 509560862946635.75, 515494476210378.8], [604637238862779.9, 626518696839816.5, 643501584951021.5, 628983405668263.9, 606471574612500.5, 576412796290258.5, 547611930471994.8, 568385822053839.9, 602113721544199.2, 598867327940920.8, 592309933553780.9, 625573281739307.8, 624451349610310.2, 652938173080644.9, 652661933498064.5, 629578096228000.2, 629131819330801.6, 611988364700486.0, 602445687247530.4, 536158041132886.06, 538962024150337.75, 544712444280764.06], [576126771067999.0, 605924590230840.2, 628983405668263.9, 643994296110860.2, 627241544642390.9, 604275305505107.6, 579080694510877.5, 596555609675149.5, 574310009232742.6, 566750430733351.8, 561630058142693.2, 605193198136610.0, 606583172411498.8, 629301142451717.2, 628838339092803.6, 653782709218121.0, 653625565299721.2, 626878371639544.9, 627145129889298.9, 568148940332344.6, 572342587724527.5, 576051236932464.8], [551318345935716.4, 576096696427961.8, 606471574612500.5, 627241544642390.9, 640558704334930.1, 622911490177414.1, 601804808033751.6, 614272880029854.4, 554186227699216.75, 543966128861305.6, 533986865960226.75, 567709047827009.0, 575846561261476.2, 608412057167503.1, 607133338361532.9, 627687018439277.0, 627703784715931.9, 650154775247563.5, 649825930069473.6, 595716386525336.2, 593880457907063.5, 597634506738278.4], [524084398697933.75, 546924805455039.06, 576412796290258.5, 604275305505107.6, 622911490177414.1, 633964970227038.8, 622211479750224.0, 637863106406628.6, 528924183922423.56, 515770997792414.7, 507400653274109.56, 538487123645788.1, 546152136856854.5, 571771378709769.0, 578489505398966.5, 605757918185994.5, 606513513696605.0, 624039352192792.8, 623362348100457.1, 617328354029516.5, 618051996350213.0, 618776016589246.4], [497822921977999.3, 518178224277683.2, 547611930471994.8, 579080694510877.5, 601804808033751.6, 622211479750224.0, 641140809775694.8, 612263179552184.6, 503822908358168.25, 488509000881839.6, 483337357615192.7, 510472127111559.6, 515130786050789.6, 541439174628683.6, 548792575771029.5, 579655418626307.8, 582474825479615.1, 598426946803836.6, 603904982880047.0, 643901190568552.2, 644623749365524.4, 645617618548785.9], [517191891254626.56, 540296485216878.75, 568385822053839.9, 596555609675149.5, 614272880029854.4, 637863106406628.6, 612263179552184.6, 664542055522686.2, 522419633032752.9, 509188195133608.0, 499398523861086.25, 531011936652899.5, 541687691994666.06, 561117938587868.1, 572245183174483.5, 599608012188946.6, 598333592506530.4, 613459079566187.6, 606630240363684.8, 603256935202032.8, 606240853625051.0, 604411166979567.5], [647604068893765.1, 621149295052738.8, 602113721544199.2, 574310009232742.6, 554186227699216.75, 528924183922423.56, 503822908358168.25, 522419633032752.9, 677375567234503.0, 641956679219576.0, 640287930773353.5, 617761316658924.0, 612122749241220.1, 599380515798817.1, 606832436804220.9, 563408704004585.9, 575495759520595.1, 560606862778426.75, 548462000744782.0, 494363246834131.94, 495336690128754.25, 501712592795807.56], [646135138931668.2, 619886798733884.9, 598867327940920.8, 566750430733351.8, 543966128861305.6, 515770997792414.7, 488509000881839.6, 509188195133608.0, 641956679219576.0, 674806324464115.6, 638309906009544.0, 608968274159771.6, 620144535165223.1, 601278400325978.0, 600875514015468.6, 557572012656488.3, 565290317466227.1, 550123659562949.25, 538886638579193.25, 478689057933915.2, 480338788709936.8, 484892153523987.0], [644622842809421.1, 618485428288571.5, 592309933553780.9, 561630058142693.2, 533986865960226.75, 507400653274109.56, 483337357615192.7, 499398523861086.25, 640287930773353.5, 638309906009544.0, 671787684600153.2, 618630744269434.8, 612145236610029.1, 590933999176876.4, 593658629869913.2, 556335214489646.25, 561507325154485.44, 538217491425388.8, 526333419191128.94, 473154102124138.5, 475857916143670.1, 481680354921273.44], [623272112280620.0, 648407975430385.1, 625573281739307.8, 605193198136610.0, 567709047827009.0, 538487123645788.1, 510472127111559.6, 531011936652899.5, 617761316658924.0, 608968274159771.6, 618630744269434.8, 681329232633899.5, 646469278879598.5, 621525102631744.6, 621471200740769.9, 606752693164735.6, 612930529454846.5, 570338955217213.0, 555965735415930.0, 499619516544320.7, 501526266162554.5, 508359247812059.6], [622859518711485.0, 647571797006094.0, 624451349610310.2, 606583172411498.8, 575846561261476.2, 546152136856854.5, 515130786050789.6, 541687691994666.06, 612122749241220.1, 620144535165223.1, 612145236610029.1, 646469278879598.5, 679708350233842.2, 619948523107118.2, 618649772698146.1, 608960131615900.8, 609635896600939.2, 578336071435489.2, 569608784393288.4, 502848656748097.2, 506785254094861.4, 511632078777474.3], [604099398464477.0, 626131351829583.2, 652938173080644.9, 629301142451717.2, 608412057167503.1, 571771378709769.0, 541439174628683.6, 561117938587868.1, 599380515798817.1, 601278400325978.0, 590933999176876.4, 621525102631744.6, 619948523107118.2, 687037036777912.6, 653162180694278.5, 629535384039566.8, 620874051671300.2, 621104718742600.9, 603629068432651.8, 529463212680436.3, 532861516636421.8, 537921921736745.75], [606811820165305.2, 626379393172318.6, 652661933498064.5, 628838339092803.6, 607133338361532.9, 578489505398966.5, 548792575771029.5, 572245183174483.5, 606832436804220.9, 600875514015468.6, 593658629869913.2, 621471200740769.9, 618649772698146.1, 653162180694278.5, 686326885032402.8, 623155255118865.0, 627096321776668.8, 610996816161828.9, 604059344994900.5, 537439327630853.56, 538876043763333.0, 546227086671152.94], [569189073067504.4, 605504672245047.9, 629578096228000.2, 653782709218121.0, 627687018439277.0, 605757918185994.5, 579655418626307.8, 599608012188946.6, 563408704004585.9, 557572012656488.3, 556335214489646.25, 606752693164735.6, 608960131615900.8, 629535384039566.8, 623155255118865.0, 687817300279091.0, 654481238629801.6, 618271325580388.2, 628411492794204.9, 565143660009003.4, 575629533510011.6, 577076644373223.8], [576526852502693.9, 609119918132370.8, 629131819330801.6, 653625565299721.2, 627703784715931.9, 606513513696605.0, 582474825479615.1, 598333592506530.4, 575495759520595.1, 565290317466227.1, 561507325154485.44, 612930529454846.5, 609635896600939.2, 620874051671300.2, 627096321776668.8, 654481238629801.6, 687559652677701.1, 623260798532974.0, 622615195771035.2, 572159661186119.1, 575601986571194.2, 579766766756170.2], [556572275131866.94, 579805892902552.0, 611988364700486.0, 626878371639544.9, 650154775247563.5, 624039352192792.8, 598426946803836.6, 613459079566187.6, 560606862778426.75, 550123659562949.25, 538217491425388.8, 570338955217213.0, 578336071435489.2, 621104718742600.9, 610996816161828.9, 618271325580388.2, 623260798532974.0, 683892880511161.8, 650121905326208.5, 593617977005067.1, 586242381453825.1, 594448531366402.1], [544887456864543.94, 568651261320473.4, 602445687247530.4, 627145129889298.9, 649825930069473.6, 623362348100457.1, 603904982880047.0, 606630240363684.8, 548462000744782.0, 538886638579193.25, 526333419191128.94, 555965735415930.0, 569608784393288.4, 603629068432651.8, 604059344994900.5, 628411492794204.9, 622615195771035.2, 650121905326208.5, 683122615442668.4, 599572898163604.0, 596841422194523.0, 598169095343262.5], [487627173105660.8, 506841364270315.56, 536158041132886.06, 568148940332344.6, 595716386525336.2, 617328354029516.5, 643901190568552.2, 603256935202032.8, 494363246834131.94, 478689057933915.2, 473154102124138.5, 499619516544320.7, 502848656748097.2, 529463212680436.3, 537439327630853.56, 565143660009003.4, 572159661186119.1, 593617977005067.1, 599572898163604.0, 672124380357856.9, 637871880749244.4, 638932187378103.2], [489608351545121.6, 509560862946635.75, 538962024150337.75, 572342587724527.5, 593880457907063.5, 618051996350213.0, 644623749365524.4, 606240853625051.0, 495336690128754.25, 480338788709936.8, 475857916143670.1, 501526266162554.5, 506785254094861.4, 532861516636421.8, 538876043763333.0, 575629533510011.6, 575601986571194.2, 586242381453825.1, 596841422194523.0, 637871880749244.4, 673378169316975.0, 639676614041560.0], [495340801106913.8, 515494476210378.8, 544712444280764.06, 576051236932464.8, 597634506738278.4, 618776016589246.4, 645617618548785.9, 604411166979567.5, 501712592795807.56, 484892153523987.0, 481680354921273.44, 508359247812059.6, 511632078777474.3, 537921921736745.75, 546227086671152.94, 577076644373223.8, 579766766756170.2, 594448531366402.1, 598169095343262.5, 638932187378103.2, 639676614041560.0, 675529733185282.6], [6275935728210.624, 6492250190863.485, 7066017472867.932, 6181676887897.881, 5589645066387.104, -3668541997102.9897, 5477605662985.016, -19046553307929.367, 5858952811515.195, 6001654572336.713, 6995491857177.626, 7322257649031.201, 5230618899737.678, 9041954308858.92, 5823360350662.995, 5317817566376.309, 6651160138729.585, 6878604939981.001, 10832260225774.162, 8139889914347.201, 6755824853369.396, 8721017921945.305]]}}