{"resp_b": 0.1, "restrained_fit": true, "exclude_hydrogens": true, "convergence_tolerance": 1e-06, "max_iter": 500, "resp_a": 0.0005, "charge_constraints": {"charge_sum_constraints": [], "charge_equivalence_constraints": [], "molecules": [{"qcmol": {"schema_name": "qcschema_molecule", "schema_version": 2, "validated": true, "symbols": ["C", "C", "C", "C", "C", "C", "C", "O", "H", "H", "H", "H", "H", "H", "H", "H", "H", "H", "H", "H", "H", "H"], "geometry": [[-0.0, -0.0, 0.0], [2.8920104662576747, 2.594215318144582e-16, 2.4298451222833675e-16], [4.123634410409263, 2.6360802139497546, 1.2490009027033011e-15], [4.675651227041394, 3.8593030176822545, 2.5752159293777614], [2.3969720059748294, 4.605533176863526, 4.200502205758236], [1.4236950450483015, 2.5779971811325897, 5.986808892878544], [-1.0509568135377432, 3.1492371927998226, 7.308015405850385], [2.5489930343645546, 0.6658126939441991, 6.386388693599914], [-0.7864914758933779, 0.8821018944355635, 1.6731353870579428], [-0.725040641212575, -1.9176949230258564, -0.0693622839035429], [-0.7335701820891058, 1.0043327910846251, -1.634237545703655], [3.5098564528063703, -0.9926947329788056, -1.6889363136428186], [3.583544213526419, -1.0851862154444951, 1.5955579868096659], [2.986539218465974, 3.9235033783565942, -1.1350810955111748], [5.93092270337962, 2.4938803359963315, -0.9656958898075458], [5.758648081148953, 5.564913401171726, 2.208116358767959], [5.886988621103475, 2.6253320583431856, 3.6734930310268084], [0.8390524962269366, 5.289605398503406, 3.0481355081608106], [2.908133355561684, 6.191570715348113, 5.410639101463589], [-2.5849872140406673, 3.159748974149743, 5.943717647771572], [-1.4211758035021753, 1.7266871747793908, 8.726805579197183], [-1.001622901458516, 5.0050287579250705, 8.181659731448088]], "name": "C7H14O", "identifiers": {"molecule_hash": "dc7892443eb1a33cbbdf15414bd98565f3776794", "molecular_formula": "C7H14O"}, "molecular_charge": 0.0, "molecular_multiplicity": 1, "connectivity": [[0, 1, 1.0], [0, 8, 1.0], [0, 9, 1.0], [0, 10, 1.0], [1, 2, 1.0], [1, 11, 1.0], [1, 12, 1.0], [2, 3, 1.0], [2, 13, 1.0], [2, 14, 1.0], [3, 4, 1.0], [3, 15, 1.0], [3, 16, 1.0], [4, 5, 1.0], [4, 17, 1.0], [4, 18, 1.0], [5, 6, 1.0], [5, 7, 2.0], [6, 19, 1.0], [6, 20, 1.0], [6, 21, 1.0]], "fix_com": true, "fix_orientation": true, "provenance": {"creator": "QCElemental", "version": "v0.22.0", "routine": "qcelemental.molparse.from_schema"}, "id": "146116"}, "charge": 0, "optimize_geometry": false, "conformers": [], "conformer_generation_options": {"n_conformer_pool": 4000, "n_max_conformers": 0, "rms_tolerance": 0.05, "energy_window": 15, "keep_original_conformer": true}, "stage_1_unrestrained_charges": null, "stage_1_restrained_charges": null, "stage_2_unrestrained_charges": null, "stage_2_restrained_charges": null, "keep_original_orientation": false, "reorientations": [], "translations": [], "rotations": []}], "unconstrained_atoms": [{"index": 0, "molecule": {"qcmol": {"schema_name": "qcschema_molecule", "schema_version": 2, "validated": true, "symbols": ["C", "C", "C", "C", "C", "C", "C", "O", "H", "H", "H", "H", "H", "H", "H", "H", "H", "H", "H", "H", "H", "H"], "geometry": [[-0.0, -0.0, 0.0], [2.8920104662576747, 2.594215318144582e-16, 2.4298451222833675e-16], [4.123634410409263, 2.6360802139497546, 1.2490009027033011e-15], [4.675651227041394, 3.8593030176822545, 2.5752159293777614], [2.3969720059748294, 4.605533176863526, 4.200502205758236], [1.4236950450483015, 2.5779971811325897, 5.986808892878544], [-1.0509568135377432, 3.1492371927998226, 7.308015405850385], [2.5489930343645546, 0.6658126939441991, 6.386388693599914], [-0.7864914758933779, 0.8821018944355635, 1.6731353870579428], [-0.725040641212575, -1.9176949230258564, -0.0693622839035429], [-0.7335701820891058, 1.0043327910846251, -1.634237545703655], [3.5098564528063703, -0.9926947329788056, -1.6889363136428186], [3.583544213526419, -1.0851862154444951, 1.5955579868096659], [2.986539218465974, 3.9235033783565942, -1.1350810955111748], [5.93092270337962, 2.4938803359963315, -0.9656958898075458], [5.758648081148953, 5.564913401171726, 2.208116358767959], [5.886988621103475, 2.6253320583431856, 3.6734930310268084], [0.8390524962269366, 5.289605398503406, 3.0481355081608106], [2.908133355561684, 6.191570715348113, 5.410639101463589], [-2.5849872140406673, 3.159748974149743, 5.943717647771572], [-1.4211758035021753, 1.7266871747793908, 8.726805579197183], [-1.001622901458516, 5.0050287579250705, 8.181659731448088]], "name": "C7H14O", "identifiers": {"molecule_hash": "dc7892443eb1a33cbbdf15414bd98565f3776794", "molecular_formula": "C7H14O"}, "molecular_charge": 0.0, "molecular_multiplicity": 1, "connectivity": [[0, 1, 1.0], [0, 8, 1.0], [0, 9, 1.0], [0, 10, 1.0], [1, 2, 1.0], [1, 11, 1.0], [1, 12, 1.0], [2, 3, 1.0], [2, 13, 1.0], [2, 14, 1.0], [3, 4, 1.0], [3, 15, 1.0], [3, 16, 1.0], [4, 5, 1.0], [4, 17, 1.0], [4, 18, 1.0], [5, 6, 1.0], [5, 7, 2.0], [6, 19, 1.0], [6, 20, 1.0], [6, 21, 1.0]], "fix_com": true, "fix_orientation": true, "provenance": {"creator": "QCElemental", "version": "v0.22.0", "routine": "qcelemental.molparse.from_schema"}, "id": "146116"}, "charge": 0, "optimize_geometry": false, "conformers": [], "conformer_generation_options": {"n_conformer_pool": 4000, "n_max_conformers": 0, "rms_tolerance": 0.05, "energy_window": 15, "keep_original_conformer": true}, "stage_1_unrestrained_charges": null, "stage_1_restrained_charges": null, "stage_2_unrestrained_charges": null, "stage_2_restrained_charges": null, "keep_original_orientation": false, "reorientations": [], "translations": [], "rotations": []}}, {"index": 1, "molecule": {"qcmol": {"schema_name": "qcschema_molecule", "schema_version": 2, "validated": true, "symbols": ["C", "C", "C", "C", "C", "C", "C", "O", "H", "H", "H", "H", "H", "H", "H", "H", "H", "H", "H", "H", "H", "H"], "geometry": [[-0.0, -0.0, 0.0], [2.8920104662576747, 2.594215318144582e-16, 2.4298451222833675e-16], [4.123634410409263, 2.6360802139497546, 1.2490009027033011e-15], [4.675651227041394, 3.8593030176822545, 2.5752159293777614], [2.3969720059748294, 4.605533176863526, 4.200502205758236], [1.4236950450483015, 2.5779971811325897, 5.986808892878544], [-1.0509568135377432, 3.1492371927998226, 7.308015405850385], [2.5489930343645546, 0.6658126939441991, 6.386388693599914], [-0.7864914758933779, 0.8821018944355635, 1.6731353870579428], [-0.725040641212575, -1.9176949230258564, -0.0693622839035429], [-0.7335701820891058, 1.0043327910846251, -1.634237545703655], [3.5098564528063703, -0.9926947329788056, -1.6889363136428186], [3.583544213526419, -1.0851862154444951, 1.5955579868096659], [2.986539218465974, 3.9235033783565942, -1.1350810955111748], [5.93092270337962, 2.4938803359963315, -0.9656958898075458], [5.758648081148953, 5.564913401171726, 2.208116358767959], [5.886988621103475, 2.6253320583431856, 3.6734930310268084], [0.8390524962269366, 5.289605398503406, 3.0481355081608106], [2.908133355561684, 6.191570715348113, 5.410639101463589], [-2.5849872140406673, 3.159748974149743, 5.943717647771572], [-1.4211758035021753, 1.7266871747793908, 8.726805579197183], [-1.001622901458516, 5.0050287579250705, 8.181659731448088]], "name": "C7H14O", "identifiers": {"molecule_hash": "dc7892443eb1a33cbbdf15414bd98565f3776794", "molecular_formula": "C7H14O"}, "molecular_charge": 0.0, "molecular_multiplicity": 1, "connectivity": [[0, 1, 1.0], [0, 8, 1.0], [0, 9, 1.0], [0, 10, 1.0], [1, 2, 1.0], [1, 11, 1.0], [1, 12, 1.0], [2, 3, 1.0], [2, 13, 1.0], [2, 14, 1.0], [3, 4, 1.0], [3, 15, 1.0], [3, 16, 1.0], [4, 5, 1.0], [4, 17, 1.0], [4, 18, 1.0], [5, 6, 1.0], [5, 7, 2.0], [6, 19, 1.0], [6, 20, 1.0], [6, 21, 1.0]], "fix_com": true, "fix_orientation": true, "provenance": {"creator": "QCElemental", "version": "v0.22.0", "routine": "qcelemental.molparse.from_schema"}, "id": "146116"}, "charge": 0, "optimize_geometry": false, "conformers": [], "conformer_generation_options": {"n_conformer_pool": 4000, "n_max_conformers": 0, "rms_tolerance": 0.05, "energy_window": 15, "keep_original_conformer": true}, "stage_1_unrestrained_charges": null, "stage_1_restrained_charges": null, "stage_2_unrestrained_charges": null, "stage_2_restrained_charges": null, "keep_original_orientation": false, "reorientations": [], "translations": [], "rotations": []}}, {"index": 2, "molecule": {"qcmol": {"schema_name": "qcschema_molecule", "schema_version": 2, "validated": true, "symbols": ["C", "C", "C", "C", "C", "C", "C", "O", "H", "H", "H", "H", "H", "H", "H", "H", "H", "H", "H", "H", "H", "H"], "geometry": [[-0.0, -0.0, 0.0], [2.8920104662576747, 2.594215318144582e-16, 2.4298451222833675e-16], [4.123634410409263, 2.6360802139497546, 1.2490009027033011e-15], [4.675651227041394, 3.8593030176822545, 2.5752159293777614], [2.3969720059748294, 4.605533176863526, 4.200502205758236], [1.4236950450483015, 2.5779971811325897, 5.986808892878544], [-1.0509568135377432, 3.1492371927998226, 7.308015405850385], [2.5489930343645546, 0.6658126939441991, 6.386388693599914], [-0.7864914758933779, 0.8821018944355635, 1.6731353870579428], [-0.725040641212575, -1.9176949230258564, -0.0693622839035429], [-0.7335701820891058, 1.0043327910846251, -1.634237545703655], [3.5098564528063703, -0.9926947329788056, -1.6889363136428186], [3.583544213526419, -1.0851862154444951, 1.5955579868096659], [2.986539218465974, 3.9235033783565942, -1.1350810955111748], [5.93092270337962, 2.4938803359963315, -0.9656958898075458], [5.758648081148953, 5.564913401171726, 2.208116358767959], [5.886988621103475, 2.6253320583431856, 3.6734930310268084], [0.8390524962269366, 5.289605398503406, 3.0481355081608106], [2.908133355561684, 6.191570715348113, 5.410639101463589], [-2.5849872140406673, 3.159748974149743, 5.943717647771572], [-1.4211758035021753, 1.7266871747793908, 8.726805579197183], [-1.001622901458516, 5.0050287579250705, 8.181659731448088]], "name": "C7H14O", "identifiers": {"molecule_hash": "dc7892443eb1a33cbbdf15414bd98565f3776794", "molecular_formula": "C7H14O"}, "molecular_charge": 0.0, "molecular_multiplicity": 1, "connectivity": [[0, 1, 1.0], [0, 8, 1.0], [0, 9, 1.0], [0, 10, 1.0], [1, 2, 1.0], [1, 11, 1.0], [1, 12, 1.0], [2, 3, 1.0], [2, 13, 1.0], [2, 14, 1.0], [3, 4, 1.0], [3, 15, 1.0], [3, 16, 1.0], [4, 5, 1.0], [4, 17, 1.0], [4, 18, 1.0], [5, 6, 1.0], [5, 7, 2.0], [6, 19, 1.0], [6, 20, 1.0], [6, 21, 1.0]], "fix_com": true, "fix_orientation": true, "provenance": {"creator": "QCElemental", "version": "v0.22.0", "routine": "qcelemental.molparse.from_schema"}, "id": "146116"}, "charge": 0, "optimize_geometry": false, "conformers": [], "conformer_generation_options": {"n_conformer_pool": 4000, "n_max_conformers": 0, "rms_tolerance": 0.05, "energy_window": 15, "keep_original_conformer": true}, "stage_1_unrestrained_charges": null, "stage_1_restrained_charges": null, "stage_2_unrestrained_charges": null, "stage_2_restrained_charges": null, "keep_original_orientation": false, "reorientations": [], "translations": [], "rotations": []}}, {"index": 3, "molecule": {"qcmol": {"schema_name": "qcschema_molecule", "schema_version": 2, "validated": true, "symbols": ["C", "C", "C", "C", "C", "C", "C", "O", "H", "H", "H", "H", "H", "H", "H", "H", "H", "H", "H", "H", "H", "H"], "geometry": [[-0.0, -0.0, 0.0], [2.8920104662576747, 2.594215318144582e-16, 2.4298451222833675e-16], [4.123634410409263, 2.6360802139497546, 1.2490009027033011e-15], [4.675651227041394, 3.8593030176822545, 2.5752159293777614], [2.3969720059748294, 4.605533176863526, 4.200502205758236], [1.4236950450483015, 2.5779971811325897, 5.986808892878544], [-1.0509568135377432, 3.1492371927998226, 7.308015405850385], [2.5489930343645546, 0.6658126939441991, 6.386388693599914], [-0.7864914758933779, 0.8821018944355635, 1.6731353870579428], [-0.725040641212575, -1.9176949230258564, -0.0693622839035429], [-0.7335701820891058, 1.0043327910846251, -1.634237545703655], [3.5098564528063703, -0.9926947329788056, -1.6889363136428186], [3.583544213526419, -1.0851862154444951, 1.5955579868096659], [2.986539218465974, 3.9235033783565942, -1.1350810955111748], [5.93092270337962, 2.4938803359963315, -0.9656958898075458], [5.758648081148953, 5.564913401171726, 2.208116358767959], [5.886988621103475, 2.6253320583431856, 3.6734930310268084], [0.8390524962269366, 5.289605398503406, 3.0481355081608106], [2.908133355561684, 6.191570715348113, 5.410639101463589], [-2.5849872140406673, 3.159748974149743, 5.943717647771572], [-1.4211758035021753, 1.7266871747793908, 8.726805579197183], [-1.001622901458516, 5.0050287579250705, 8.181659731448088]], "name": "C7H14O", "identifiers": {"molecule_hash": "dc7892443eb1a33cbbdf15414bd98565f3776794", "molecular_formula": "C7H14O"}, "molecular_charge": 0.0, "molecular_multiplicity": 1, "connectivity": [[0, 1, 1.0], [0, 8, 1.0], [0, 9, 1.0], [0, 10, 1.0], [1, 2, 1.0], [1, 11, 1.0], [1, 12, 1.0], [2, 3, 1.0], [2, 13, 1.0], [2, 14, 1.0], [3, 4, 1.0], [3, 15, 1.0], [3, 16, 1.0], [4, 5, 1.0], [4, 17, 1.0], [4, 18, 1.0], [5, 6, 1.0], [5, 7, 2.0], [6, 19, 1.0], [6, 20, 1.0], [6, 21, 1.0]], "fix_com": true, "fix_orientation": true, "provenance": {"creator": "QCElemental", "version": "v0.22.0", "routine": "qcelemental.molparse.from_schema"}, "id": "146116"}, "charge": 0, "optimize_geometry": false, "conformers": [], "conformer_generation_options": {"n_conformer_pool": 4000, "n_max_conformers": 0, "rms_tolerance": 0.05, "energy_window": 15, "keep_original_conformer": true}, "stage_1_unrestrained_charges": null, "stage_1_restrained_charges": null, "stage_2_unrestrained_charges": null, "stage_2_restrained_charges": null, "keep_original_orientation": false, "reorientations": [], "translations": [], "rotations": []}}, {"index": 4, "molecule": {"qcmol": {"schema_name": "qcschema_molecule", "schema_version": 2, "validated": true, "symbols": ["C", "C", "C", "C", "C", "C", "C", "O", "H", "H", "H", "H", "H", "H", "H", "H", "H", "H", "H", "H", "H", "H"], "geometry": [[-0.0, -0.0, 0.0], [2.8920104662576747, 2.594215318144582e-16, 2.4298451222833675e-16], [4.123634410409263, 2.6360802139497546, 1.2490009027033011e-15], [4.675651227041394, 3.8593030176822545, 2.5752159293777614], [2.3969720059748294, 4.605533176863526, 4.200502205758236], [1.4236950450483015, 2.5779971811325897, 5.986808892878544], [-1.0509568135377432, 3.1492371927998226, 7.308015405850385], [2.5489930343645546, 0.6658126939441991, 6.386388693599914], [-0.7864914758933779, 0.8821018944355635, 1.6731353870579428], [-0.725040641212575, -1.9176949230258564, -0.0693622839035429], [-0.7335701820891058, 1.0043327910846251, -1.634237545703655], [3.5098564528063703, -0.9926947329788056, -1.6889363136428186], [3.583544213526419, -1.0851862154444951, 1.5955579868096659], [2.986539218465974, 3.9235033783565942, -1.1350810955111748], [5.93092270337962, 2.4938803359963315, -0.9656958898075458], [5.758648081148953, 5.564913401171726, 2.208116358767959], [5.886988621103475, 2.6253320583431856, 3.6734930310268084], [0.8390524962269366, 5.289605398503406, 3.0481355081608106], [2.908133355561684, 6.191570715348113, 5.410639101463589], [-2.5849872140406673, 3.159748974149743, 5.943717647771572], [-1.4211758035021753, 1.7266871747793908, 8.726805579197183], [-1.001622901458516, 5.0050287579250705, 8.181659731448088]], "name": "C7H14O", "identifiers": {"molecule_hash": "dc7892443eb1a33cbbdf15414bd98565f3776794", "molecular_formula": "C7H14O"}, "molecular_charge": 0.0, "molecular_multiplicity": 1, "connectivity": [[0, 1, 1.0], [0, 8, 1.0], [0, 9, 1.0], [0, 10, 1.0], [1, 2, 1.0], [1, 11, 1.0], [1, 12, 1.0], [2, 3, 1.0], [2, 13, 1.0], [2, 14, 1.0], [3, 4, 1.0], [3, 15, 1.0], [3, 16, 1.0], [4, 5, 1.0], [4, 17, 1.0], [4, 18, 1.0], [5, 6, 1.0], [5, 7, 2.0], [6, 19, 1.0], [6, 20, 1.0], [6, 21, 1.0]], "fix_com": true, "fix_orientation": true, "provenance": {"creator": "QCElemental", "version": "v0.22.0", "routine": "qcelemental.molparse.from_schema"}, "id": "146116"}, "charge": 0, "optimize_geometry": false, "conformers": [], "conformer_generation_options": {"n_conformer_pool": 4000, "n_max_conformers": 0, "rms_tolerance": 0.05, "energy_window": 15, "keep_original_conformer": true}, "stage_1_unrestrained_charges": null, "stage_1_restrained_charges": null, "stage_2_unrestrained_charges": null, "stage_2_restrained_charges": null, "keep_original_orientation": false, "reorientations": [], "translations": [], "rotations": []}}, {"index": 6, "molecule": {"qcmol": {"schema_name": "qcschema_molecule", "schema_version": 2, "validated": true, "symbols": ["C", "C", "C", "C", "C", "C", "C", "O", "H", "H", "H", "H", "H", "H", "H", "H", "H", "H", "H", "H", "H", "H"], "geometry": [[-0.0, -0.0, 0.0], [2.8920104662576747, 2.594215318144582e-16, 2.4298451222833675e-16], [4.123634410409263, 2.6360802139497546, 1.2490009027033011e-15], [4.675651227041394, 3.8593030176822545, 2.5752159293777614], [2.3969720059748294, 4.605533176863526, 4.200502205758236], [1.4236950450483015, 2.5779971811325897, 5.986808892878544], [-1.0509568135377432, 3.1492371927998226, 7.308015405850385], [2.5489930343645546, 0.6658126939441991, 6.386388693599914], [-0.7864914758933779, 0.8821018944355635, 1.6731353870579428], [-0.725040641212575, -1.9176949230258564, -0.0693622839035429], [-0.7335701820891058, 1.0043327910846251, -1.634237545703655], [3.5098564528063703, -0.9926947329788056, -1.6889363136428186], [3.583544213526419, -1.0851862154444951, 1.5955579868096659], [2.986539218465974, 3.9235033783565942, -1.1350810955111748], [5.93092270337962, 2.4938803359963315, -0.9656958898075458], [5.758648081148953, 5.564913401171726, 2.208116358767959], [5.886988621103475, 2.6253320583431856, 3.6734930310268084], [0.8390524962269366, 5.289605398503406, 3.0481355081608106], [2.908133355561684, 6.191570715348113, 5.410639101463589], [-2.5849872140406673, 3.159748974149743, 5.943717647771572], [-1.4211758035021753, 1.7266871747793908, 8.726805579197183], [-1.001622901458516, 5.0050287579250705, 8.181659731448088]], "name": "C7H14O", "identifiers": {"molecule_hash": "dc7892443eb1a33cbbdf15414bd98565f3776794", "molecular_formula": "C7H14O"}, "molecular_charge": 0.0, "molecular_multiplicity": 1, "connectivity": [[0, 1, 1.0], [0, 8, 1.0], [0, 9, 1.0], [0, 10, 1.0], [1, 2, 1.0], [1, 11, 1.0], [1, 12, 1.0], [2, 3, 1.0], [2, 13, 1.0], [2, 14, 1.0], [3, 4, 1.0], [3, 15, 1.0], [3, 16, 1.0], [4, 5, 1.0], [4, 17, 1.0], [4, 18, 1.0], [5, 6, 1.0], [5, 7, 2.0], [6, 19, 1.0], [6, 20, 1.0], [6, 21, 1.0]], "fix_com": true, "fix_orientation": true, "provenance": {"creator": "QCElemental", "version": "v0.22.0", "routine": "qcelemental.molparse.from_schema"}, "id": "146116"}, "charge": 0, "optimize_geometry": false, "conformers": [], "conformer_generation_options": {"n_conformer_pool": 4000, "n_max_conformers": 0, "rms_tolerance": 0.05, "energy_window": 15, "keep_original_conformer": true}, "stage_1_unrestrained_charges": null, "stage_1_restrained_charges": null, "stage_2_unrestrained_charges": null, "stage_2_restrained_charges": null, "keep_original_orientation": false, "reorientations": [], "translations": [], "rotations": []}}]}, "surface_constraints": {"matrix": [[4730.5616060049315, 4600.063095293785, 4448.218269923542, 4238.471658109823, 4055.9619420692707, 3855.6066041575555, 3662.405309273446, 3804.89965906307, 4764.318831642241, 4753.512386111565, 4742.386804653897, 4585.31219648118, 4582.277044248942, 4444.2616361268765, 4464.215724714269, 4187.431497194963, 4241.414322999183, 4094.6152173689416, 4008.6510714655547, 3587.3972838357204, 3601.9718373948203, 3644.1445643353977], [4600.063095293785, 4710.721421501442, 4609.196356744578, 4457.688734830842, 4238.250869169791, 4023.638419601729, 3812.1542146413935, 3974.8754781055563, 4569.694963699985, 4560.407219566021, 4550.097654632562, 4770.232352366008, 4764.0809295039435, 4606.3467321670405, 4608.171529037002, 4454.598813221477, 4481.1959459537, 4265.539295917307, 4183.476077118326, 3728.7508965689963, 3748.757405506485, 3792.4102585351684], [4448.218269923542, 4609.196356744578, 4734.136640686363, 4627.328754723136, 4461.712873062957, 4240.5755984562065, 4028.692166582364, 4181.522782297738, 4429.652671520969, 4405.769459020362, 4357.529528833434, 4602.241060746079, 4593.987295083487, 4803.560121912885, 4801.5278429960235, 4631.703884576686, 4628.420600250547, 4502.299083733885, 4432.094888775665, 3944.4277847700596, 3965.0559092808803, 4007.361281659659], [4238.471658109823, 4457.688734830842, 4627.328754723136, 4737.761508671021, 4614.5143629899585, 4445.555595880429, 4260.202647499464, 4388.763415075897, 4225.105944116904, 4169.491300767208, 4131.822416251602, 4452.307037194025, 4462.534404795736, 4629.666348526428, 4626.261569349035, 4809.773342346217, 4808.617147305414, 4611.842586862909, 4613.805136894428, 4179.779346190308, 4210.63111977302, 4237.9157216442445], [4055.9619420692707, 4238.250869169791, 4461.712873062957, 4614.5143629899585, 4712.4867367086, 4582.659209905884, 4427.38096648086, 4519.10635686059, 4077.060740047993, 4001.8727996622983, 3928.4578904224454, 4176.543237447601, 4236.411480995059, 4475.988360328613, 4466.580723353614, 4617.791736768243, 4617.914935570608, 4783.083522165741, 4780.664310180874, 4382.589476513823, 4369.082539620138, 4396.70107044943], [3855.6066041575555, 4023.638419601729, 4240.5755984562065, 4445.555595880429, 4582.659209905884, 4663.978029362037, 4577.509675019696, 4692.656018707373, 3891.212409122047, 3794.4464976045247, 3732.867449402679, 3961.5624162248414, 4017.9552299675333, 4206.429161955748, 4255.852901088591, 4456.462716148226, 4462.021818744237, 4590.956737263577, 4585.976233200579, 4541.585357209753, 4546.909067127687, 4552.2355368688495], [3662.405309273446, 3812.1542146413935, 4028.692166582364, 4260.202647499464, 4427.38096648086, 4577.509675019696, 4716.769840173369, 4504.321665852311, 3706.5467702876763, 3593.8846277252455, 3555.83779368723, 3755.460199985328, 3789.735638101038, 3983.2800337188096, 4037.377362082464, 4264.430284840302, 4285.17263033971, 4402.5311852476825, 4442.831605420605, 4737.077557966938, 4742.3932909843215, 4749.70500997896], [3804.89965906307, 3974.8754781055563, 4181.522782297738, 4388.763415075897, 4519.10635686059, 4692.656018707373, 4504.321665852311, 4888.928790836908, 3843.359420763078, 3746.018078275757, 3673.996954761225, 3906.5692326624744, 3985.112041423086, 4128.053746651023, 4209.914676211283, 4411.219243785321, 4401.844112848126, 4513.118926811653, 4462.880937836604, 4438.064221372203, 4460.016693673655, 4446.555422254602], [4764.318831642241, 4569.694963699985, 4429.652671520969, 4225.105944116904, 4077.060740047993, 3891.212409122047, 3706.5467702876763, 3843.359420763078, 4983.342687117089, 4722.772127055725, 4710.495504658663, 4544.769556961038, 4503.289167810285, 4409.545067817841, 4464.3663079384505, 4144.906436148259, 4233.828372307044, 4124.2972848903555, 4034.9489719780345, 3636.954075016971, 3644.1149673681116, 3691.021317044405], [4753.512386111565, 4560.407219566021, 4405.769459020362, 4169.491300767208, 4001.8727996622983, 3794.4464976045247, 3593.8846277252455, 3746.018078275757, 4722.772127055725, 4964.441729994298, 4695.943655568956, 4480.081905840028, 4562.303483129752, 4423.506972639164, 4420.542520136377, 4101.966405069088, 4158.749140000521, 4047.173781144527, 3964.5037044900323, 3521.6414490819975, 3533.777577603892, 3567.275748295131], [4742.386804653897, 4550.097654632562, 4357.529528833434, 4131.822416251602, 3928.4578904224454, 3732.867449402679, 3555.83779368723, 3673.996954761225, 4710.495504658663, 4695.943655568956, 4942.234489144129, 4551.166578528522, 4503.453182669363, 4347.4078283292865, 4367.451531534559, 4092.8683154755427, 4130.918488694915, 3959.5832024840092, 3872.1528595289064, 3480.9217854003077, 3500.8123637429435, 3543.6473728347923], [4585.31219648118, 4770.232352366008, 4602.241060746079, 4452.307037194025, 4176.543237447601, 3961.5624162248414, 3755.460199985328, 3906.5692326624744, 4544.769556961038, 4480.081905840028, 4551.166578528522, 5012.428551585078, 4755.969853538167, 4572.459583562682, 4572.063255010196, 4463.7791592689155, 4509.228648217279, 4195.891436281896, 4090.149858699022, 3675.619369087154, 3689.6466551183303, 3739.9160067200955], [4582.277044248942, 4764.0809295039435, 4593.987295083487, 4462.534404795736, 4236.411480995059, 4017.9552299675333, 3789.735638101038, 3985.112041423086, 4503.289167810285, 4562.303483129752, 4503.453182669363, 4755.969853538167, 5000.504477536153, 4560.860271412051, 4551.3060168167385, 4480.020306406179, 4484.992986509713, 4254.726791250656, 4190.521125460033, 3699.378003552466, 3728.33860436587, 3763.996115951744], [4444.2616361268765, 4606.3467321670405, 4803.560121912885, 4629.666348526428, 4475.988360328613, 4206.429161955748, 3983.2800337188096, 4128.053746651023, 4409.545067817841, 4423.506972639164, 4347.4078283292865, 4572.459583562682, 4560.860271412051, 5054.419953896373, 4805.20812349266, 4631.390080205033, 4567.669561903684, 4569.3659278656505, 4440.800573725448, 3895.174872723559, 3920.1753615590237, 3957.4043260236213], [4464.215724714269, 4608.171529037002, 4801.5278429960235, 4626.261569349035, 4466.580723353614, 4255.852901088591, 4037.377362082464, 4209.914676211283, 4464.3663079384505, 4420.542520136377, 4367.451531534559, 4572.063255010196, 4551.3060168167385, 4805.20812349266, 5049.195389101054, 4584.452433063438, 4613.44613312103, 4495.003823492556, 4443.965188799698, 3953.8533931275424, 3964.4227125716297, 4018.5037377554413], [4187.431497194963, 4454.598813221477, 4631.703884576686, 4809.773342346217, 4617.791736768243, 4456.462716148226, 4264.430284840302, 4411.219243785321, 4144.906436148259, 4101.966405069088, 4092.8683154755427, 4463.7791592689155, 4480.020306406179, 4631.390080205033, 4584.452433063438, 5060.160348368991, 4814.9122478173485, 4548.5219811367315, 4623.121982178834, 4157.669586623622, 4234.811989146615, 4245.458778143465], [4241.414322999183, 4481.1959459537, 4628.420600250547, 4808.617147305414, 4617.914935570608, 4462.021818744237, 4285.17263033971, 4401.844112848126, 4233.828372307044, 4158.749140000521, 4130.918488694915, 4509.228648217279, 4484.992986509713, 4567.669561903684, 4613.44613312103, 4814.9122478173485, 5058.264677057169, 4585.2286199611, 4580.478986389331, 4209.2850724063355, 4234.609903552942, 4265.2504712544915], [4094.6152173689416, 4265.539295917307, 4502.299083733885, 4611.842586862909, 4783.083522165741, 4590.956737263577, 4402.5311852476825, 4513.118926811653, 4124.2972848903555, 4047.173781144527, 3959.5832024840092, 4195.891436281896, 4254.726791250656, 4569.3659278656505, 4495.003823492556, 4548.5219811367315, 4585.2286199611, 5031.289348149108, 4782.841834155511, 4367.152809054067, 4312.890746404529, 4373.263255662242], [4008.6510714655547, 4183.476077118326, 4432.094888775665, 4613.805136894428, 4780.664310180874, 4585.976233200579, 4442.831605420605, 4462.880937836604, 4034.9489719780345, 3964.5037044900323, 3872.1528595289064, 4090.149858699022, 4190.521125460033, 4440.800573725448, 4443.965188799698, 4623.121982178834, 4580.478986389331, 4782.841834155511, 5025.622680835598, 4410.9609456544185, 4390.866042535961, 4400.633931455449], [3587.3972838357204, 3728.7508965689963, 3944.4277847700596, 4179.779346190308, 4382.589476513823, 4541.585357209753, 4737.077557966938, 4438.064221372203, 3636.954075016971, 3521.6414490819975, 3480.9217854003077, 3675.619369087154, 3699.378003552466, 3895.174872723559, 3953.8533931275424, 4157.669586623622, 4209.2850724063355, 4367.152809054067, 4410.9609456544185, 4944.711084576004, 4692.720901770553, 4700.521423794152], [3601.9718373948203, 3748.757405506485, 3965.0559092808803, 4210.63111977302, 4369.082539620138, 4546.909067127687, 4742.3932909843215, 4460.016693673655, 3644.1149673681116, 3533.777577603892, 3500.8123637429435, 3689.6466551183303, 3728.33860436587, 3920.1753615590237, 3964.4227125716297, 4234.811989146615, 4234.609903552942, 4312.890746404529, 4390.866042535961, 4692.720901770553, 4953.934959868796, 4705.9979949116405], [3644.1445643353977, 3792.4102585351684, 4007.361281659659, 4237.9157216442445, 4396.70107044943, 4552.2355368688495, 4749.70500997896, 4446.555422254602, 3691.021317044405, 3567.275748295131, 3543.6473728347923, 3739.9160067200955, 3763.996115951744, 3957.4043260236213, 4018.5037377554413, 4245.458778143465, 4265.2504712544915, 4373.263255662242, 4400.633931455449, 4700.521423794152, 4705.9979949116405, 4969.763648736041], [40.48119164132844, 42.10105413277984, 44.07041920331558, 37.96677275189519, 33.17923521090474, -20.26644294977766, 31.74529763833385, -109.72667017845787, 38.154492627590145, 39.25738619809553, 44.036761998837434, 47.22625078527968, 35.63985113959183, 54.44907602260998, 37.56519432986549, 33.17971115004812, 40.79846803980071, 40.24966191560461, 62.74829558417641, 46.74047461611204, 39.584762277503835, 50.06940365501697]]}}