{"resp_b": 0.1, "restrained_fit": true, "exclude_hydrogens": true, "convergence_tolerance": 1e-06, "max_iter": 500, "resp_a": 0.0005, "charge_constraints": {"charge_sum_constraints": [], "charge_equivalence_constraints": [], "molecules": [{"qcmol": {"schema_name": "qcschema_molecule", "schema_version": 2, "validated": true, "symbols": ["C", "C", "C", "C", "C", "C", "C", "O", "H", "H", "H", "H", "H", "H", "H", "H", "H", "H", "H", "H", "H", "H"], "geometry": [[-0.0, -0.0, 0.0], [2.8920104662576747, 2.594215318144582e-16, 2.4298451222833675e-16], [4.123634410409263, 2.6360802139497546, 1.2490009027033011e-15], [4.675651227041394, 3.8593030176822545, 2.5752159293777614], [2.3969720059748294, 4.605533176863526, 4.200502205758236], [1.4236950450483015, 2.5779971811325897, 5.986808892878544], [-1.0509568135377432, 3.1492371927998226, 7.308015405850385], [2.5489930343645546, 0.6658126939441991, 6.386388693599914], [-0.7864914758933779, 0.8821018944355635, 1.6731353870579428], [-0.725040641212575, -1.9176949230258564, -0.0693622839035429], [-0.7335701820891058, 1.0043327910846251, -1.634237545703655], [3.5098564528063703, -0.9926947329788056, -1.6889363136428186], [3.583544213526419, -1.0851862154444951, 1.5955579868096659], [2.986539218465974, 3.9235033783565942, -1.1350810955111748], [5.93092270337962, 2.4938803359963315, -0.9656958898075458], [5.758648081148953, 5.564913401171726, 2.208116358767959], [5.886988621103475, 2.6253320583431856, 3.6734930310268084], [0.8390524962269366, 5.289605398503406, 3.0481355081608106], [2.908133355561684, 6.191570715348113, 5.410639101463589], [-2.5849872140406673, 3.159748974149743, 5.943717647771572], [-1.4211758035021753, 1.7266871747793908, 8.726805579197183], [-1.001622901458516, 5.0050287579250705, 8.181659731448088]], "name": "C7H14O", "identifiers": {"molecule_hash": "dc7892443eb1a33cbbdf15414bd98565f3776794", "molecular_formula": "C7H14O"}, "molecular_charge": 0.0, "molecular_multiplicity": 1, "connectivity": [[0, 1, 1.0], [0, 8, 1.0], [0, 9, 1.0], [0, 10, 1.0], [1, 2, 1.0], [1, 11, 1.0], [1, 12, 1.0], [2, 3, 1.0], [2, 13, 1.0], [2, 14, 1.0], [3, 4, 1.0], [3, 15, 1.0], [3, 16, 1.0], [4, 5, 1.0], [4, 17, 1.0], [4, 18, 1.0], [5, 6, 1.0], [5, 7, 2.0], [6, 19, 1.0], [6, 20, 1.0], [6, 21, 1.0]], "fix_com": true, "fix_orientation": true, "provenance": {"creator": "QCElemental", "version": "v0.22.0", "routine": "qcelemental.molparse.from_schema"}, "id": "146116"}, "charge": 0, "optimize_geometry": false, "conformers": [], "conformer_generation_options": {"n_conformer_pool": 4000, "n_max_conformers": 0, "rms_tolerance": 0.05, "energy_window": 15, "keep_original_conformer": true}, "stage_1_unrestrained_charges": null, "stage_1_restrained_charges": null, "stage_2_unrestrained_charges": null, "stage_2_restrained_charges": null, "keep_original_orientation": false, "reorientations": [], "translations": [], "rotations": []}], "unconstrained_atoms": [{"index": 0, "molecule": {"qcmol": {"schema_name": "qcschema_molecule", "schema_version": 2, "validated": true, "symbols": ["C", "C", "C", "C", "C", "C", "C", "O", "H", "H", "H", "H", "H", "H", "H", "H", "H", "H", "H", "H", "H", "H"], "geometry": [[-0.0, -0.0, 0.0], [2.8920104662576747, 2.594215318144582e-16, 2.4298451222833675e-16], [4.123634410409263, 2.6360802139497546, 1.2490009027033011e-15], [4.675651227041394, 3.8593030176822545, 2.5752159293777614], [2.3969720059748294, 4.605533176863526, 4.200502205758236], [1.4236950450483015, 2.5779971811325897, 5.986808892878544], [-1.0509568135377432, 3.1492371927998226, 7.308015405850385], [2.5489930343645546, 0.6658126939441991, 6.386388693599914], [-0.7864914758933779, 0.8821018944355635, 1.6731353870579428], [-0.725040641212575, -1.9176949230258564, -0.0693622839035429], [-0.7335701820891058, 1.0043327910846251, -1.634237545703655], [3.5098564528063703, -0.9926947329788056, -1.6889363136428186], [3.583544213526419, -1.0851862154444951, 1.5955579868096659], [2.986539218465974, 3.9235033783565942, -1.1350810955111748], [5.93092270337962, 2.4938803359963315, -0.9656958898075458], [5.758648081148953, 5.564913401171726, 2.208116358767959], [5.886988621103475, 2.6253320583431856, 3.6734930310268084], [0.8390524962269366, 5.289605398503406, 3.0481355081608106], [2.908133355561684, 6.191570715348113, 5.410639101463589], [-2.5849872140406673, 3.159748974149743, 5.943717647771572], [-1.4211758035021753, 1.7266871747793908, 8.726805579197183], [-1.001622901458516, 5.0050287579250705, 8.181659731448088]], "name": "C7H14O", "identifiers": {"molecule_hash": "dc7892443eb1a33cbbdf15414bd98565f3776794", "molecular_formula": "C7H14O"}, "molecular_charge": 0.0, "molecular_multiplicity": 1, "connectivity": [[0, 1, 1.0], [0, 8, 1.0], [0, 9, 1.0], [0, 10, 1.0], [1, 2, 1.0], [1, 11, 1.0], [1, 12, 1.0], [2, 3, 1.0], [2, 13, 1.0], [2, 14, 1.0], [3, 4, 1.0], [3, 15, 1.0], [3, 16, 1.0], [4, 5, 1.0], [4, 17, 1.0], [4, 18, 1.0], [5, 6, 1.0], [5, 7, 2.0], [6, 19, 1.0], [6, 20, 1.0], [6, 21, 1.0]], "fix_com": true, "fix_orientation": true, "provenance": {"creator": "QCElemental", "version": "v0.22.0", "routine": "qcelemental.molparse.from_schema"}, "id": "146116"}, "charge": 0, "optimize_geometry": false, "conformers": [], "conformer_generation_options": {"n_conformer_pool": 4000, "n_max_conformers": 0, "rms_tolerance": 0.05, "energy_window": 15, "keep_original_conformer": true}, "stage_1_unrestrained_charges": null, "stage_1_restrained_charges": null, "stage_2_unrestrained_charges": null, "stage_2_restrained_charges": null, "keep_original_orientation": false, "reorientations": [], "translations": [], "rotations": []}}, {"index": 1, "molecule": {"qcmol": {"schema_name": "qcschema_molecule", "schema_version": 2, "validated": true, "symbols": ["C", "C", "C", "C", "C", "C", "C", "O", "H", "H", "H", "H", "H", "H", "H", "H", "H", "H", "H", "H", "H", "H"], "geometry": [[-0.0, -0.0, 0.0], [2.8920104662576747, 2.594215318144582e-16, 2.4298451222833675e-16], [4.123634410409263, 2.6360802139497546, 1.2490009027033011e-15], [4.675651227041394, 3.8593030176822545, 2.5752159293777614], [2.3969720059748294, 4.605533176863526, 4.200502205758236], [1.4236950450483015, 2.5779971811325897, 5.986808892878544], [-1.0509568135377432, 3.1492371927998226, 7.308015405850385], [2.5489930343645546, 0.6658126939441991, 6.386388693599914], [-0.7864914758933779, 0.8821018944355635, 1.6731353870579428], [-0.725040641212575, -1.9176949230258564, -0.0693622839035429], [-0.7335701820891058, 1.0043327910846251, -1.634237545703655], [3.5098564528063703, -0.9926947329788056, -1.6889363136428186], [3.583544213526419, -1.0851862154444951, 1.5955579868096659], [2.986539218465974, 3.9235033783565942, -1.1350810955111748], [5.93092270337962, 2.4938803359963315, -0.9656958898075458], [5.758648081148953, 5.564913401171726, 2.208116358767959], [5.886988621103475, 2.6253320583431856, 3.6734930310268084], [0.8390524962269366, 5.289605398503406, 3.0481355081608106], [2.908133355561684, 6.191570715348113, 5.410639101463589], [-2.5849872140406673, 3.159748974149743, 5.943717647771572], [-1.4211758035021753, 1.7266871747793908, 8.726805579197183], [-1.001622901458516, 5.0050287579250705, 8.181659731448088]], "name": "C7H14O", "identifiers": {"molecule_hash": "dc7892443eb1a33cbbdf15414bd98565f3776794", "molecular_formula": "C7H14O"}, "molecular_charge": 0.0, "molecular_multiplicity": 1, "connectivity": [[0, 1, 1.0], [0, 8, 1.0], [0, 9, 1.0], [0, 10, 1.0], [1, 2, 1.0], [1, 11, 1.0], [1, 12, 1.0], [2, 3, 1.0], [2, 13, 1.0], [2, 14, 1.0], [3, 4, 1.0], [3, 15, 1.0], [3, 16, 1.0], [4, 5, 1.0], [4, 17, 1.0], [4, 18, 1.0], [5, 6, 1.0], [5, 7, 2.0], [6, 19, 1.0], [6, 20, 1.0], [6, 21, 1.0]], "fix_com": true, "fix_orientation": true, "provenance": {"creator": "QCElemental", "version": "v0.22.0", "routine": "qcelemental.molparse.from_schema"}, "id": "146116"}, "charge": 0, "optimize_geometry": false, "conformers": [], "conformer_generation_options": {"n_conformer_pool": 4000, "n_max_conformers": 0, "rms_tolerance": 0.05, "energy_window": 15, "keep_original_conformer": true}, "stage_1_unrestrained_charges": null, "stage_1_restrained_charges": null, "stage_2_unrestrained_charges": null, "stage_2_restrained_charges": null, "keep_original_orientation": false, "reorientations": [], "translations": [], "rotations": []}}, {"index": 2, "molecule": {"qcmol": {"schema_name": "qcschema_molecule", "schema_version": 2, "validated": true, "symbols": ["C", "C", "C", "C", "C", "C", "C", "O", "H", "H", "H", "H", "H", "H", "H", "H", "H", "H", "H", "H", "H", "H"], "geometry": [[-0.0, -0.0, 0.0], [2.8920104662576747, 2.594215318144582e-16, 2.4298451222833675e-16], [4.123634410409263, 2.6360802139497546, 1.2490009027033011e-15], [4.675651227041394, 3.8593030176822545, 2.5752159293777614], [2.3969720059748294, 4.605533176863526, 4.200502205758236], [1.4236950450483015, 2.5779971811325897, 5.986808892878544], [-1.0509568135377432, 3.1492371927998226, 7.308015405850385], [2.5489930343645546, 0.6658126939441991, 6.386388693599914], [-0.7864914758933779, 0.8821018944355635, 1.6731353870579428], [-0.725040641212575, -1.9176949230258564, -0.0693622839035429], [-0.7335701820891058, 1.0043327910846251, -1.634237545703655], [3.5098564528063703, -0.9926947329788056, -1.6889363136428186], [3.583544213526419, -1.0851862154444951, 1.5955579868096659], [2.986539218465974, 3.9235033783565942, -1.1350810955111748], [5.93092270337962, 2.4938803359963315, -0.9656958898075458], [5.758648081148953, 5.564913401171726, 2.208116358767959], [5.886988621103475, 2.6253320583431856, 3.6734930310268084], [0.8390524962269366, 5.289605398503406, 3.0481355081608106], [2.908133355561684, 6.191570715348113, 5.410639101463589], [-2.5849872140406673, 3.159748974149743, 5.943717647771572], [-1.4211758035021753, 1.7266871747793908, 8.726805579197183], [-1.001622901458516, 5.0050287579250705, 8.181659731448088]], "name": "C7H14O", "identifiers": {"molecule_hash": "dc7892443eb1a33cbbdf15414bd98565f3776794", "molecular_formula": "C7H14O"}, "molecular_charge": 0.0, "molecular_multiplicity": 1, "connectivity": [[0, 1, 1.0], [0, 8, 1.0], [0, 9, 1.0], [0, 10, 1.0], [1, 2, 1.0], [1, 11, 1.0], [1, 12, 1.0], [2, 3, 1.0], [2, 13, 1.0], [2, 14, 1.0], [3, 4, 1.0], [3, 15, 1.0], [3, 16, 1.0], [4, 5, 1.0], [4, 17, 1.0], [4, 18, 1.0], [5, 6, 1.0], [5, 7, 2.0], [6, 19, 1.0], [6, 20, 1.0], [6, 21, 1.0]], "fix_com": true, "fix_orientation": true, "provenance": {"creator": "QCElemental", "version": "v0.22.0", "routine": "qcelemental.molparse.from_schema"}, "id": "146116"}, "charge": 0, "optimize_geometry": false, "conformers": [], "conformer_generation_options": {"n_conformer_pool": 4000, "n_max_conformers": 0, "rms_tolerance": 0.05, "energy_window": 15, "keep_original_conformer": true}, "stage_1_unrestrained_charges": null, "stage_1_restrained_charges": null, "stage_2_unrestrained_charges": null, "stage_2_restrained_charges": null, "keep_original_orientation": false, "reorientations": [], "translations": [], "rotations": []}}, {"index": 3, "molecule": {"qcmol": {"schema_name": "qcschema_molecule", "schema_version": 2, "validated": true, "symbols": ["C", "C", "C", "C", "C", "C", "C", "O", "H", "H", "H", "H", "H", "H", "H", "H", "H", "H", "H", "H", "H", "H"], "geometry": [[-0.0, -0.0, 0.0], [2.8920104662576747, 2.594215318144582e-16, 2.4298451222833675e-16], [4.123634410409263, 2.6360802139497546, 1.2490009027033011e-15], [4.675651227041394, 3.8593030176822545, 2.5752159293777614], [2.3969720059748294, 4.605533176863526, 4.200502205758236], [1.4236950450483015, 2.5779971811325897, 5.986808892878544], [-1.0509568135377432, 3.1492371927998226, 7.308015405850385], [2.5489930343645546, 0.6658126939441991, 6.386388693599914], [-0.7864914758933779, 0.8821018944355635, 1.6731353870579428], [-0.725040641212575, -1.9176949230258564, -0.0693622839035429], [-0.7335701820891058, 1.0043327910846251, -1.634237545703655], [3.5098564528063703, -0.9926947329788056, -1.6889363136428186], [3.583544213526419, -1.0851862154444951, 1.5955579868096659], [2.986539218465974, 3.9235033783565942, -1.1350810955111748], [5.93092270337962, 2.4938803359963315, -0.9656958898075458], [5.758648081148953, 5.564913401171726, 2.208116358767959], [5.886988621103475, 2.6253320583431856, 3.6734930310268084], [0.8390524962269366, 5.289605398503406, 3.0481355081608106], [2.908133355561684, 6.191570715348113, 5.410639101463589], [-2.5849872140406673, 3.159748974149743, 5.943717647771572], [-1.4211758035021753, 1.7266871747793908, 8.726805579197183], [-1.001622901458516, 5.0050287579250705, 8.181659731448088]], "name": "C7H14O", "identifiers": {"molecule_hash": "dc7892443eb1a33cbbdf15414bd98565f3776794", "molecular_formula": "C7H14O"}, "molecular_charge": 0.0, "molecular_multiplicity": 1, "connectivity": [[0, 1, 1.0], [0, 8, 1.0], [0, 9, 1.0], [0, 10, 1.0], [1, 2, 1.0], [1, 11, 1.0], [1, 12, 1.0], [2, 3, 1.0], [2, 13, 1.0], [2, 14, 1.0], [3, 4, 1.0], [3, 15, 1.0], [3, 16, 1.0], [4, 5, 1.0], [4, 17, 1.0], [4, 18, 1.0], [5, 6, 1.0], [5, 7, 2.0], [6, 19, 1.0], [6, 20, 1.0], [6, 21, 1.0]], "fix_com": true, "fix_orientation": true, "provenance": {"creator": "QCElemental", "version": "v0.22.0", "routine": "qcelemental.molparse.from_schema"}, "id": "146116"}, "charge": 0, "optimize_geometry": false, "conformers": [], "conformer_generation_options": {"n_conformer_pool": 4000, "n_max_conformers": 0, "rms_tolerance": 0.05, "energy_window": 15, "keep_original_conformer": true}, "stage_1_unrestrained_charges": null, "stage_1_restrained_charges": null, "stage_2_unrestrained_charges": null, "stage_2_restrained_charges": null, "keep_original_orientation": false, "reorientations": [], "translations": [], "rotations": []}}, {"index": 4, "molecule": {"qcmol": {"schema_name": "qcschema_molecule", "schema_version": 2, "validated": true, "symbols": ["C", "C", "C", "C", "C", "C", "C", "O", "H", "H", "H", "H", "H", "H", "H", "H", "H", "H", "H", "H", "H", "H"], "geometry": [[-0.0, -0.0, 0.0], [2.8920104662576747, 2.594215318144582e-16, 2.4298451222833675e-16], [4.123634410409263, 2.6360802139497546, 1.2490009027033011e-15], [4.675651227041394, 3.8593030176822545, 2.5752159293777614], [2.3969720059748294, 4.605533176863526, 4.200502205758236], [1.4236950450483015, 2.5779971811325897, 5.986808892878544], [-1.0509568135377432, 3.1492371927998226, 7.308015405850385], [2.5489930343645546, 0.6658126939441991, 6.386388693599914], [-0.7864914758933779, 0.8821018944355635, 1.6731353870579428], [-0.725040641212575, -1.9176949230258564, -0.0693622839035429], [-0.7335701820891058, 1.0043327910846251, -1.634237545703655], [3.5098564528063703, -0.9926947329788056, -1.6889363136428186], [3.583544213526419, -1.0851862154444951, 1.5955579868096659], [2.986539218465974, 3.9235033783565942, -1.1350810955111748], [5.93092270337962, 2.4938803359963315, -0.9656958898075458], [5.758648081148953, 5.564913401171726, 2.208116358767959], [5.886988621103475, 2.6253320583431856, 3.6734930310268084], [0.8390524962269366, 5.289605398503406, 3.0481355081608106], [2.908133355561684, 6.191570715348113, 5.410639101463589], [-2.5849872140406673, 3.159748974149743, 5.943717647771572], [-1.4211758035021753, 1.7266871747793908, 8.726805579197183], [-1.001622901458516, 5.0050287579250705, 8.181659731448088]], "name": "C7H14O", "identifiers": {"molecule_hash": "dc7892443eb1a33cbbdf15414bd98565f3776794", "molecular_formula": "C7H14O"}, "molecular_charge": 0.0, "molecular_multiplicity": 1, "connectivity": [[0, 1, 1.0], [0, 8, 1.0], [0, 9, 1.0], [0, 10, 1.0], [1, 2, 1.0], [1, 11, 1.0], [1, 12, 1.0], [2, 3, 1.0], [2, 13, 1.0], [2, 14, 1.0], [3, 4, 1.0], [3, 15, 1.0], [3, 16, 1.0], [4, 5, 1.0], [4, 17, 1.0], [4, 18, 1.0], [5, 6, 1.0], [5, 7, 2.0], [6, 19, 1.0], [6, 20, 1.0], [6, 21, 1.0]], "fix_com": true, "fix_orientation": true, "provenance": {"creator": "QCElemental", "version": "v0.22.0", "routine": "qcelemental.molparse.from_schema"}, "id": "146116"}, "charge": 0, "optimize_geometry": false, "conformers": [], "conformer_generation_options": {"n_conformer_pool": 4000, "n_max_conformers": 0, "rms_tolerance": 0.05, "energy_window": 15, "keep_original_conformer": true}, "stage_1_unrestrained_charges": null, "stage_1_restrained_charges": null, "stage_2_unrestrained_charges": null, "stage_2_restrained_charges": null, "keep_original_orientation": false, "reorientations": [], "translations": [], "rotations": []}}, {"index": 6, "molecule": {"qcmol": {"schema_name": "qcschema_molecule", "schema_version": 2, "validated": true, "symbols": ["C", "C", "C", "C", "C", "C", "C", "O", "H", "H", "H", "H", "H", "H", "H", "H", "H", "H", "H", "H", "H", "H"], "geometry": [[-0.0, -0.0, 0.0], [2.8920104662576747, 2.594215318144582e-16, 2.4298451222833675e-16], [4.123634410409263, 2.6360802139497546, 1.2490009027033011e-15], [4.675651227041394, 3.8593030176822545, 2.5752159293777614], [2.3969720059748294, 4.605533176863526, 4.200502205758236], [1.4236950450483015, 2.5779971811325897, 5.986808892878544], [-1.0509568135377432, 3.1492371927998226, 7.308015405850385], [2.5489930343645546, 0.6658126939441991, 6.386388693599914], [-0.7864914758933779, 0.8821018944355635, 1.6731353870579428], [-0.725040641212575, -1.9176949230258564, -0.0693622839035429], [-0.7335701820891058, 1.0043327910846251, -1.634237545703655], [3.5098564528063703, -0.9926947329788056, -1.6889363136428186], [3.583544213526419, -1.0851862154444951, 1.5955579868096659], [2.986539218465974, 3.9235033783565942, -1.1350810955111748], [5.93092270337962, 2.4938803359963315, -0.9656958898075458], [5.758648081148953, 5.564913401171726, 2.208116358767959], [5.886988621103475, 2.6253320583431856, 3.6734930310268084], [0.8390524962269366, 5.289605398503406, 3.0481355081608106], [2.908133355561684, 6.191570715348113, 5.410639101463589], [-2.5849872140406673, 3.159748974149743, 5.943717647771572], [-1.4211758035021753, 1.7266871747793908, 8.726805579197183], [-1.001622901458516, 5.0050287579250705, 8.181659731448088]], "name": "C7H14O", "identifiers": {"molecule_hash": "dc7892443eb1a33cbbdf15414bd98565f3776794", "molecular_formula": "C7H14O"}, "molecular_charge": 0.0, "molecular_multiplicity": 1, "connectivity": [[0, 1, 1.0], [0, 8, 1.0], [0, 9, 1.0], [0, 10, 1.0], [1, 2, 1.0], [1, 11, 1.0], [1, 12, 1.0], [2, 3, 1.0], [2, 13, 1.0], [2, 14, 1.0], [3, 4, 1.0], [3, 15, 1.0], [3, 16, 1.0], [4, 5, 1.0], [4, 17, 1.0], [4, 18, 1.0], [5, 6, 1.0], [5, 7, 2.0], [6, 19, 1.0], [6, 20, 1.0], [6, 21, 1.0]], "fix_com": true, "fix_orientation": true, "provenance": {"creator": "QCElemental", "version": "v0.22.0", "routine": "qcelemental.molparse.from_schema"}, "id": "146116"}, "charge": 0, "optimize_geometry": false, "conformers": [], "conformer_generation_options": {"n_conformer_pool": 4000, "n_max_conformers": 0, "rms_tolerance": 0.05, "energy_window": 15, "keep_original_conformer": true}, "stage_1_unrestrained_charges": null, "stage_1_restrained_charges": null, "stage_2_unrestrained_charges": null, "stage_2_restrained_charges": null, "keep_original_orientation": false, "reorientations": [], "translations": [], "rotations": []}}]}, "surface_constraints": {"matrix": [[267436919514325.16, 259296282069453.75, 250036051390758.25, 237196808268481.9, 226548025428646.53, 214712621011250.22, 203899471133735.62, 210909743373274.75, 269103675687993.47, 268473889759336.2, 267385570017258.53, 257972503727845.28, 257689305608718.97, 249665396538149.62, 250754904567950.28, 233769577082551.94, 236917614815289.0, 228447316610815.2, 223641613657933.25, 199941125364933.1, 199949540247510.34, 202706648555832.6], [259296282069453.75, 265765766875169.56, 259498990125104.28, 249946161398200.12, 237031730109790.4, 224378195485863.0, 212179227901751.25, 220787897603681.75, 257070030137842.72, 256556036492848.66, 255655979093299.75, 268904719661461.03, 268489085387256.06, 259169991293270.8, 259215571738372.44, 249307795576776.4, 250799780780730.3, 238149293380565.9, 233563454637596.4, 207506881048935.53, 207753432900947.84, 211121964997032.97], [250036051390758.25, 259498990125104.28, 267035717679661.94, 260162534674574.56, 250149920860562.7, 236964104621570.38, 224361059809939.7, 232616654928365.38, 248610236043584.03, 247251189823679.66, 244060082298858.7, 258616682616227.5, 258156394089497.06, 271085950082479.66, 270883795454627.8, 260008276013970.84, 259658666914653.22, 252028109694766.62, 248026401596589.22, 219186006564087.53, 219964909270919.5, 223175576507462.6], [237196808268481.9, 249946161398200.12, 260162534674574.56, 266395173448464.9, 259068063897163.56, 248875265447916.44, 237615230760277.72, 244509280574949.84, 236173700440620.66, 232968937580301.16, 230403961634231.62, 249179425363143.8, 249893913087307.62, 260200296148448.88, 259928665087753.38, 270310897874969.4, 269990126296335.16, 258367912880025.1, 258631854487800.8, 232846219534684.3, 233671113226553.2, 236278222433016.9], [226548025428646.53, 237031730109790.4, 250149920860562.7, 259068063897163.56, 265025092287691.34, 257394629359776.28, 247571171292812.75, 252537443873429.62, 227715121036925.72, 223212141319991.97, 218580060643271.62, 233152154718338.0, 236626445363809.53, 250738933330522.22, 250282895349635.78, 258894506597293.5, 258733959872411.62, 268687491630978.88, 268666052778812.84, 244082847884520.3, 243639181278428.78, 245452071631439.72], [214712621011250.22, 224378195485863.0, 236964104621570.38, 248875265447916.44, 257394629359776.28, 262710280913376.22, 256797687763702.97, 263381404966465.62, 216751791030061.5, 210939588526719.4, 207114530120398.22, 220552104019118.7, 223887394371084.28, 234700677651303.3, 237762577347000.94, 249120127887715.97, 249307567025733.6, 257300005098915.84, 257202089293394.62, 253921687957463.72, 253975019810642.78, 254819582634971.1], [203899471133735.62, 212179227901751.25, 224361059809939.7, 237615230760277.72, 247571171292812.75, 256797687763702.97, 264735781776693.03, 251339433870646.38, 206814672878006.1, 200083184228362.44, 196833420325759.78, 208574183084257.88, 210845395190922.7, 221027715539356.66, 225082261660830.5, 238180821965555.6, 238069018306184.84, 245389877826139.94, 248426830121689.47, 265237666481336.9, 265339690083311.0, 266236407717234.72], [210909743373274.75, 220787897603681.75, 232616654928365.38, 244509280574949.84, 252537443873429.62, 263381404966465.62, 251339433870646.38, 274578066164619.25, 212741789476984.8, 207000778076481.44, 203419207814626.3, 216805111006731.12, 221273522410634.25, 229468058589039.0, 233995151453776.9, 244866427786426.0, 245426806201902.97, 251805761513346.3, 248546088021395.75, 246862070695296.0, 247428837865893.22, 247499333809417.47], [269103675687993.47, 257070030137842.72, 248610236043584.03, 236173700440620.66, 227715121036925.72, 216751791030061.5, 206814672878006.1, 212741789476984.8, 282023642413364.56, 266270450802119.44, 265094740711851.6, 255107429179271.75, 252543504582998.8, 247311786011581.62, 250457631161092.56, 231071198212362.3, 236150840040287.34, 230153551200439.78, 225270468998623.3, 203429363267330.12, 203100360885149.6, 205440128033656.5], [268473889759336.2, 256556036492848.66, 247251189823679.66, 232968937580301.16, 223212141319991.97, 210939588526719.4, 200083184228362.44, 207000778076481.44, 266270450802119.44, 280916683117091.62, 264206048845367.5, 251261815970672.56, 256100314074645.56, 248163007332435.06, 247926718388033.75, 228541058648313.1, 232001368594637.4, 225616199264183.3, 220854752183017.06, 196047173543671.62, 196554429583960.7, 198517343717300.62], [267385570017258.53, 255655979093299.75, 244060082298858.7, 230403961634231.62, 218580060643271.62, 207114530120398.22, 196833420325759.78, 203419207814626.3, 265094740711851.6, 264206048845367.5, 278642481539392.25, 255314797657715.62, 252318136638390.0, 243364063914416.84, 244399337065810.38, 227748634449100.38, 229934754640589.16, 219977266837781.75, 215167409568306.1, 193101702340138.5, 192694495624481.47, 196057784809093.03], [257972503727845.28, 268904719661461.03, 258616682616227.5, 249179425363143.8, 233152154718338.0, 220552104019118.7, 208574183084257.88, 216805111006731.12, 255107429179271.75, 251261815970672.56, 255314797657715.62, 282968191767482.25, 267630859260558.44, 256685696780502.22, 256501790154792.28, 249352072547114.3, 251966431308512.9, 233831433201863.62, 227818067943250.03, 204645863441279.1, 203739101817794.3, 207513788303728.5], [257689305608718.97, 268489085387256.06, 258156394089497.06, 249893913087307.62, 236626445363809.53, 223887394371084.28, 210845395190922.7, 221273522410634.25, 252543504582998.8, 256100314074645.56, 252318136638390.0, 267630859260558.44, 282209200253122.2, 255927794307241.7, 255446123525158.3, 250535742804370.84, 250733561624679.84, 237121973438269.06, 233709190314342.72, 205362663895112.0, 206565402770052.25, 209889404270964.28], [249665396538149.62, 259169991293270.8, 271085950082479.66, 260200296148448.88, 250738933330522.22, 234700677651303.3, 221027715539356.66, 229468058589039.0, 247311786011581.62, 248163007332435.06, 243364063914416.84, 256685696780502.22, 255927794307241.7, 285999787827203.2, 271032734028645.22, 259915434464661.03, 255930936841310.0, 255694669275760.16, 248273122550252.06, 215898294661861.0, 216439325768006.53, 219278086893344.78], [250754904567950.28, 259215571738372.44, 270883795454627.8, 259928665087753.38, 250282895349635.78, 237762577347000.94, 225082261660830.5, 233995151453776.9, 250457631161092.56, 247926718388033.75, 244399337065810.38, 256501790154792.28, 255446123525158.3, 271032734028645.22, 285547487205414.3, 256967562532951.0, 258596753536938.28, 251538763557200.38, 248548758165932.66, 219193896091400.47, 220689795790747.72, 224401203897223.47], [233769577082551.94, 249307795576776.4, 260008276013970.84, 270310897874969.4, 258894506597293.5, 249120127887715.97, 238180821965555.6, 244866427786426.0, 231071198212362.3, 228541058648313.1, 227748634449100.38, 249352072547114.3, 250535742804370.84, 259915434464661.03, 256967562532951.0, 284934392156596.7, 269997154317061.34, 254090242456653.1, 258819310343674.44, 233272428865121.5, 234270692571016.12, 237368198111351.0], [236917614815289.0, 250799780780730.3, 259658666914653.22, 269990126296335.16, 258733959872411.62, 249307567025733.6, 238069018306184.84, 245426806201902.97, 236150840040287.34, 232001368594637.4, 229934754640589.16, 251966431308512.9, 250733561624679.84, 255930936841310.0, 258596753536938.28, 269997154317061.34, 284211037473404.4, 256320108728427.5, 256089998805345.97, 232988931723780.5, 234590400089116.75, 236677203416950.5], [228447316610815.2, 238149293380565.9, 252028109694766.62, 258367912880025.1, 268687491630978.88, 257300005098915.84, 245389877826139.94, 251805761513346.3, 230153551200439.78, 225616199264183.3, 219977266837781.75, 233831433201863.62, 237121973438269.06, 255694669275760.16, 251538763557200.38, 254090242456653.1, 256320108728427.5, 283006751545175.3, 268291826902642.0, 243582627174158.97, 239314948310449.56, 242562808622202.4], [223641613657933.25, 233563454637596.4, 248026401596589.22, 258631854487800.8, 268666052778812.84, 257202089293394.62, 248426830121689.47, 248546088021395.75, 225270468998623.3, 220854752183017.06, 215167409568306.1, 227818067943250.03, 233709190314342.72, 248273122550252.06, 248548758165932.66, 258819310343674.44, 256089998805345.97, 268291826902642.0, 282974727330751.94, 243953537056794.53, 246056130597856.6, 246418758646349.03], [199941125364933.1, 207506881048935.53, 219186006564087.53, 232846219534684.3, 244082847884520.3, 253921687957463.72, 265237666481336.9, 246862070695296.0, 203429363267330.12, 196047173543671.62, 193101702340138.5, 204645863441279.1, 205362663895112.0, 215898294661861.0, 219193896091400.47, 233272428865121.5, 232988931723780.5, 243582627174158.97, 243953537056794.53, 277003362259496.75, 261672750003880.9, 262624483201759.06], [199949540247510.34, 207753432900947.84, 219964909270919.5, 233671113226553.2, 243639181278428.78, 253975019810642.78, 265339690083311.0, 247428837865893.22, 203100360885149.6, 196554429583960.7, 192694495624481.47, 203739101817794.3, 206565402770052.25, 216439325768006.53, 220689795790747.72, 234270692571016.12, 234590400089116.75, 239314948310449.56, 246056130597856.6, 261672750003880.9, 277179354761199.75, 262648160568996.3], [202706648555832.6, 211121964997032.97, 223175576507462.6, 236278222433016.9, 245452071631439.72, 254819582634971.1, 266236407717234.72, 247499333809417.47, 205440128033656.5, 198517343717300.62, 196057784809093.03, 207513788303728.5, 209889404270964.28, 219278086893344.78, 224401203897223.47, 237368198111351.0, 236677203416950.5, 242562808622202.4, 246418758646349.03, 262624483201759.06, 262648160568996.3, 279029091308194.22], [2269721837557.2485, 2289763743188.503, 2419801282274.885, 2165951182836.3586, 1943045486035.3435, -777824663176.744, 1997823622186.291, -5552214690727.667, 2306181653392.019, 2302139337761.856, 2245857614352.884, 2467152216120.0127, 1947747696691.2354, 2833657815927.2344, 2164995092072.5234, 2169011699137.224, 2027626977136.8394, 2183373340024.125, 3579122507237.928, 2728556676715.8555, 2530289579230.577, 2946656065273.8213]]}}