{"resp_b": 0.1, "restrained_fit": true, "exclude_hydrogens": true, "convergence_tolerance": 1e-06, "max_iter": 500, "resp_a": 0.0005, "charge_constraints": {"charge_sum_constraints": [], "charge_equivalence_constraints": [], "molecules": [{"qcmol": {"schema_name": "qcschema_molecule", "schema_version": 2, "validated": true, "symbols": ["C", "C", "C", "C", "C", "C", "C", "O", "H", "H", "H", "H", "H", "H", "H", "H", "H", "H", "H", "H", "H", "H"], "geometry": [[-0.0, -0.0, 0.0], [2.8920104662576747, 2.594215318144582e-16, 2.4298451222833675e-16], [4.123634410409263, 2.6360802139497546, 1.2490009027033011e-15], [4.675651227041394, 3.8593030176822545, 2.5752159293777614], [2.3969720059748294, 4.605533176863526, 4.200502205758236], [1.4236950450483015, 2.5779971811325897, 5.986808892878544], [-1.0509568135377432, 3.1492371927998226, 7.308015405850385], [2.5489930343645546, 0.6658126939441991, 6.386388693599914], [-0.7864914758933779, 0.8821018944355635, 1.6731353870579428], [-0.725040641212575, -1.9176949230258564, -0.0693622839035429], [-0.7335701820891058, 1.0043327910846251, -1.634237545703655], [3.5098564528063703, -0.9926947329788056, -1.6889363136428186], [3.583544213526419, -1.0851862154444951, 1.5955579868096659], [2.986539218465974, 3.9235033783565942, -1.1350810955111748], [5.93092270337962, 2.4938803359963315, -0.9656958898075458], [5.758648081148953, 5.564913401171726, 2.208116358767959], [5.886988621103475, 2.6253320583431856, 3.6734930310268084], [0.8390524962269366, 5.289605398503406, 3.0481355081608106], [2.908133355561684, 6.191570715348113, 5.410639101463589], [-2.5849872140406673, 3.159748974149743, 5.943717647771572], [-1.4211758035021753, 1.7266871747793908, 8.726805579197183], [-1.001622901458516, 5.0050287579250705, 8.181659731448088]], "name": "C7H14O", "identifiers": {"molecule_hash": "dc7892443eb1a33cbbdf15414bd98565f3776794", "molecular_formula": "C7H14O"}, "molecular_charge": 0.0, "molecular_multiplicity": 1, "connectivity": [[0, 1, 1.0], [0, 8, 1.0], [0, 9, 1.0], [0, 10, 1.0], [1, 2, 1.0], [1, 11, 1.0], [1, 12, 1.0], [2, 3, 1.0], [2, 13, 1.0], [2, 14, 1.0], [3, 4, 1.0], [3, 15, 1.0], [3, 16, 1.0], [4, 5, 1.0], [4, 17, 1.0], [4, 18, 1.0], [5, 6, 1.0], [5, 7, 2.0], [6, 19, 1.0], [6, 20, 1.0], [6, 21, 1.0]], "fix_com": true, "fix_orientation": true, "provenance": {"creator": "QCElemental", "version": "v0.22.0", "routine": "qcelemental.molparse.from_schema"}, "id": "146116"}, "charge": 0, "optimize_geometry": false, "conformers": [], "conformer_generation_options": {"n_conformer_pool": 4000, "n_max_conformers": 0, "rms_tolerance": 0.05, "energy_window": 15, "keep_original_conformer": true}, "stage_1_unrestrained_charges": null, "stage_1_restrained_charges": null, "stage_2_unrestrained_charges": null, "stage_2_restrained_charges": null, "keep_original_orientation": false, "reorientations": [], "translations": [], "rotations": []}], "unconstrained_atoms": [{"index": 0, "molecule": {"qcmol": {"schema_name": "qcschema_molecule", "schema_version": 2, "validated": true, "symbols": ["C", "C", "C", "C", "C", "C", "C", "O", "H", "H", "H", "H", "H", "H", "H", "H", "H", "H", "H", "H", "H", "H"], "geometry": [[-0.0, -0.0, 0.0], [2.8920104662576747, 2.594215318144582e-16, 2.4298451222833675e-16], [4.123634410409263, 2.6360802139497546, 1.2490009027033011e-15], [4.675651227041394, 3.8593030176822545, 2.5752159293777614], [2.3969720059748294, 4.605533176863526, 4.200502205758236], [1.4236950450483015, 2.5779971811325897, 5.986808892878544], [-1.0509568135377432, 3.1492371927998226, 7.308015405850385], [2.5489930343645546, 0.6658126939441991, 6.386388693599914], [-0.7864914758933779, 0.8821018944355635, 1.6731353870579428], [-0.725040641212575, -1.9176949230258564, -0.0693622839035429], [-0.7335701820891058, 1.0043327910846251, -1.634237545703655], [3.5098564528063703, -0.9926947329788056, -1.6889363136428186], [3.583544213526419, -1.0851862154444951, 1.5955579868096659], [2.986539218465974, 3.9235033783565942, -1.1350810955111748], [5.93092270337962, 2.4938803359963315, -0.9656958898075458], [5.758648081148953, 5.564913401171726, 2.208116358767959], [5.886988621103475, 2.6253320583431856, 3.6734930310268084], [0.8390524962269366, 5.289605398503406, 3.0481355081608106], [2.908133355561684, 6.191570715348113, 5.410639101463589], [-2.5849872140406673, 3.159748974149743, 5.943717647771572], [-1.4211758035021753, 1.7266871747793908, 8.726805579197183], [-1.001622901458516, 5.0050287579250705, 8.181659731448088]], "name": "C7H14O", "identifiers": {"molecule_hash": "dc7892443eb1a33cbbdf15414bd98565f3776794", "molecular_formula": "C7H14O"}, "molecular_charge": 0.0, "molecular_multiplicity": 1, "connectivity": [[0, 1, 1.0], [0, 8, 1.0], [0, 9, 1.0], [0, 10, 1.0], [1, 2, 1.0], [1, 11, 1.0], [1, 12, 1.0], [2, 3, 1.0], [2, 13, 1.0], [2, 14, 1.0], [3, 4, 1.0], [3, 15, 1.0], [3, 16, 1.0], [4, 5, 1.0], [4, 17, 1.0], [4, 18, 1.0], [5, 6, 1.0], [5, 7, 2.0], [6, 19, 1.0], [6, 20, 1.0], [6, 21, 1.0]], "fix_com": true, "fix_orientation": true, "provenance": {"creator": "QCElemental", "version": "v0.22.0", "routine": "qcelemental.molparse.from_schema"}, "id": "146116"}, "charge": 0, "optimize_geometry": false, "conformers": [], "conformer_generation_options": {"n_conformer_pool": 4000, "n_max_conformers": 0, "rms_tolerance": 0.05, "energy_window": 15, "keep_original_conformer": true}, "stage_1_unrestrained_charges": null, "stage_1_restrained_charges": null, "stage_2_unrestrained_charges": null, "stage_2_restrained_charges": null, "keep_original_orientation": false, "reorientations": [], "translations": [], "rotations": []}}, {"index": 1, "molecule": {"qcmol": {"schema_name": "qcschema_molecule", "schema_version": 2, "validated": true, "symbols": ["C", "C", "C", "C", "C", "C", "C", "O", "H", "H", "H", "H", "H", "H", "H", "H", "H", "H", "H", "H", "H", "H"], "geometry": [[-0.0, -0.0, 0.0], [2.8920104662576747, 2.594215318144582e-16, 2.4298451222833675e-16], [4.123634410409263, 2.6360802139497546, 1.2490009027033011e-15], [4.675651227041394, 3.8593030176822545, 2.5752159293777614], [2.3969720059748294, 4.605533176863526, 4.200502205758236], [1.4236950450483015, 2.5779971811325897, 5.986808892878544], [-1.0509568135377432, 3.1492371927998226, 7.308015405850385], [2.5489930343645546, 0.6658126939441991, 6.386388693599914], [-0.7864914758933779, 0.8821018944355635, 1.6731353870579428], [-0.725040641212575, -1.9176949230258564, -0.0693622839035429], [-0.7335701820891058, 1.0043327910846251, -1.634237545703655], [3.5098564528063703, -0.9926947329788056, -1.6889363136428186], [3.583544213526419, -1.0851862154444951, 1.5955579868096659], [2.986539218465974, 3.9235033783565942, -1.1350810955111748], [5.93092270337962, 2.4938803359963315, -0.9656958898075458], [5.758648081148953, 5.564913401171726, 2.208116358767959], [5.886988621103475, 2.6253320583431856, 3.6734930310268084], [0.8390524962269366, 5.289605398503406, 3.0481355081608106], [2.908133355561684, 6.191570715348113, 5.410639101463589], [-2.5849872140406673, 3.159748974149743, 5.943717647771572], [-1.4211758035021753, 1.7266871747793908, 8.726805579197183], [-1.001622901458516, 5.0050287579250705, 8.181659731448088]], "name": "C7H14O", "identifiers": {"molecule_hash": "dc7892443eb1a33cbbdf15414bd98565f3776794", "molecular_formula": "C7H14O"}, "molecular_charge": 0.0, "molecular_multiplicity": 1, "connectivity": [[0, 1, 1.0], [0, 8, 1.0], [0, 9, 1.0], [0, 10, 1.0], [1, 2, 1.0], [1, 11, 1.0], [1, 12, 1.0], [2, 3, 1.0], [2, 13, 1.0], [2, 14, 1.0], [3, 4, 1.0], [3, 15, 1.0], [3, 16, 1.0], [4, 5, 1.0], [4, 17, 1.0], [4, 18, 1.0], [5, 6, 1.0], [5, 7, 2.0], [6, 19, 1.0], [6, 20, 1.0], [6, 21, 1.0]], "fix_com": true, "fix_orientation": true, "provenance": {"creator": "QCElemental", "version": "v0.22.0", "routine": "qcelemental.molparse.from_schema"}, "id": "146116"}, "charge": 0, "optimize_geometry": false, "conformers": [], "conformer_generation_options": {"n_conformer_pool": 4000, "n_max_conformers": 0, "rms_tolerance": 0.05, "energy_window": 15, "keep_original_conformer": true}, "stage_1_unrestrained_charges": null, "stage_1_restrained_charges": null, "stage_2_unrestrained_charges": null, "stage_2_restrained_charges": null, "keep_original_orientation": false, "reorientations": [], "translations": [], "rotations": []}}, {"index": 2, "molecule": {"qcmol": {"schema_name": "qcschema_molecule", "schema_version": 2, "validated": true, "symbols": ["C", "C", "C", "C", "C", "C", "C", "O", "H", "H", "H", "H", "H", "H", "H", "H", "H", "H", "H", "H", "H", "H"], "geometry": [[-0.0, -0.0, 0.0], [2.8920104662576747, 2.594215318144582e-16, 2.4298451222833675e-16], [4.123634410409263, 2.6360802139497546, 1.2490009027033011e-15], [4.675651227041394, 3.8593030176822545, 2.5752159293777614], [2.3969720059748294, 4.605533176863526, 4.200502205758236], [1.4236950450483015, 2.5779971811325897, 5.986808892878544], [-1.0509568135377432, 3.1492371927998226, 7.308015405850385], [2.5489930343645546, 0.6658126939441991, 6.386388693599914], [-0.7864914758933779, 0.8821018944355635, 1.6731353870579428], [-0.725040641212575, -1.9176949230258564, -0.0693622839035429], [-0.7335701820891058, 1.0043327910846251, -1.634237545703655], [3.5098564528063703, -0.9926947329788056, -1.6889363136428186], [3.583544213526419, -1.0851862154444951, 1.5955579868096659], [2.986539218465974, 3.9235033783565942, -1.1350810955111748], [5.93092270337962, 2.4938803359963315, -0.9656958898075458], [5.758648081148953, 5.564913401171726, 2.208116358767959], [5.886988621103475, 2.6253320583431856, 3.6734930310268084], [0.8390524962269366, 5.289605398503406, 3.0481355081608106], [2.908133355561684, 6.191570715348113, 5.410639101463589], [-2.5849872140406673, 3.159748974149743, 5.943717647771572], [-1.4211758035021753, 1.7266871747793908, 8.726805579197183], [-1.001622901458516, 5.0050287579250705, 8.181659731448088]], "name": "C7H14O", "identifiers": {"molecule_hash": "dc7892443eb1a33cbbdf15414bd98565f3776794", "molecular_formula": "C7H14O"}, "molecular_charge": 0.0, "molecular_multiplicity": 1, "connectivity": [[0, 1, 1.0], [0, 8, 1.0], [0, 9, 1.0], [0, 10, 1.0], [1, 2, 1.0], [1, 11, 1.0], [1, 12, 1.0], [2, 3, 1.0], [2, 13, 1.0], [2, 14, 1.0], [3, 4, 1.0], [3, 15, 1.0], [3, 16, 1.0], [4, 5, 1.0], [4, 17, 1.0], [4, 18, 1.0], [5, 6, 1.0], [5, 7, 2.0], [6, 19, 1.0], [6, 20, 1.0], [6, 21, 1.0]], "fix_com": true, "fix_orientation": true, "provenance": {"creator": "QCElemental", "version": "v0.22.0", "routine": "qcelemental.molparse.from_schema"}, "id": "146116"}, "charge": 0, "optimize_geometry": false, "conformers": [], "conformer_generation_options": {"n_conformer_pool": 4000, "n_max_conformers": 0, "rms_tolerance": 0.05, "energy_window": 15, "keep_original_conformer": true}, "stage_1_unrestrained_charges": null, "stage_1_restrained_charges": null, "stage_2_unrestrained_charges": null, "stage_2_restrained_charges": null, "keep_original_orientation": false, "reorientations": [], "translations": [], "rotations": []}}, {"index": 3, "molecule": {"qcmol": {"schema_name": "qcschema_molecule", "schema_version": 2, "validated": true, "symbols": ["C", "C", "C", "C", "C", "C", "C", "O", "H", "H", "H", "H", "H", "H", "H", "H", "H", "H", "H", "H", "H", "H"], "geometry": [[-0.0, -0.0, 0.0], [2.8920104662576747, 2.594215318144582e-16, 2.4298451222833675e-16], [4.123634410409263, 2.6360802139497546, 1.2490009027033011e-15], [4.675651227041394, 3.8593030176822545, 2.5752159293777614], [2.3969720059748294, 4.605533176863526, 4.200502205758236], [1.4236950450483015, 2.5779971811325897, 5.986808892878544], [-1.0509568135377432, 3.1492371927998226, 7.308015405850385], [2.5489930343645546, 0.6658126939441991, 6.386388693599914], [-0.7864914758933779, 0.8821018944355635, 1.6731353870579428], [-0.725040641212575, -1.9176949230258564, -0.0693622839035429], [-0.7335701820891058, 1.0043327910846251, -1.634237545703655], [3.5098564528063703, -0.9926947329788056, -1.6889363136428186], [3.583544213526419, -1.0851862154444951, 1.5955579868096659], [2.986539218465974, 3.9235033783565942, -1.1350810955111748], [5.93092270337962, 2.4938803359963315, -0.9656958898075458], [5.758648081148953, 5.564913401171726, 2.208116358767959], [5.886988621103475, 2.6253320583431856, 3.6734930310268084], [0.8390524962269366, 5.289605398503406, 3.0481355081608106], [2.908133355561684, 6.191570715348113, 5.410639101463589], [-2.5849872140406673, 3.159748974149743, 5.943717647771572], [-1.4211758035021753, 1.7266871747793908, 8.726805579197183], [-1.001622901458516, 5.0050287579250705, 8.181659731448088]], "name": "C7H14O", "identifiers": {"molecule_hash": "dc7892443eb1a33cbbdf15414bd98565f3776794", "molecular_formula": "C7H14O"}, "molecular_charge": 0.0, "molecular_multiplicity": 1, "connectivity": [[0, 1, 1.0], [0, 8, 1.0], [0, 9, 1.0], [0, 10, 1.0], [1, 2, 1.0], [1, 11, 1.0], [1, 12, 1.0], [2, 3, 1.0], [2, 13, 1.0], [2, 14, 1.0], [3, 4, 1.0], [3, 15, 1.0], [3, 16, 1.0], [4, 5, 1.0], [4, 17, 1.0], [4, 18, 1.0], [5, 6, 1.0], [5, 7, 2.0], [6, 19, 1.0], [6, 20, 1.0], [6, 21, 1.0]], "fix_com": true, "fix_orientation": true, "provenance": {"creator": "QCElemental", "version": "v0.22.0", "routine": "qcelemental.molparse.from_schema"}, "id": "146116"}, "charge": 0, "optimize_geometry": false, "conformers": [], "conformer_generation_options": {"n_conformer_pool": 4000, "n_max_conformers": 0, "rms_tolerance": 0.05, "energy_window": 15, "keep_original_conformer": true}, "stage_1_unrestrained_charges": null, "stage_1_restrained_charges": null, "stage_2_unrestrained_charges": null, "stage_2_restrained_charges": null, "keep_original_orientation": false, "reorientations": [], "translations": [], "rotations": []}}, {"index": 4, "molecule": {"qcmol": {"schema_name": "qcschema_molecule", "schema_version": 2, "validated": true, "symbols": ["C", "C", "C", "C", "C", "C", "C", "O", "H", "H", "H", "H", "H", "H", "H", "H", "H", "H", "H", "H", "H", "H"], "geometry": [[-0.0, -0.0, 0.0], [2.8920104662576747, 2.594215318144582e-16, 2.4298451222833675e-16], [4.123634410409263, 2.6360802139497546, 1.2490009027033011e-15], [4.675651227041394, 3.8593030176822545, 2.5752159293777614], [2.3969720059748294, 4.605533176863526, 4.200502205758236], [1.4236950450483015, 2.5779971811325897, 5.986808892878544], [-1.0509568135377432, 3.1492371927998226, 7.308015405850385], [2.5489930343645546, 0.6658126939441991, 6.386388693599914], [-0.7864914758933779, 0.8821018944355635, 1.6731353870579428], [-0.725040641212575, -1.9176949230258564, -0.0693622839035429], [-0.7335701820891058, 1.0043327910846251, -1.634237545703655], [3.5098564528063703, -0.9926947329788056, -1.6889363136428186], [3.583544213526419, -1.0851862154444951, 1.5955579868096659], [2.986539218465974, 3.9235033783565942, -1.1350810955111748], [5.93092270337962, 2.4938803359963315, -0.9656958898075458], [5.758648081148953, 5.564913401171726, 2.208116358767959], [5.886988621103475, 2.6253320583431856, 3.6734930310268084], [0.8390524962269366, 5.289605398503406, 3.0481355081608106], [2.908133355561684, 6.191570715348113, 5.410639101463589], [-2.5849872140406673, 3.159748974149743, 5.943717647771572], [-1.4211758035021753, 1.7266871747793908, 8.726805579197183], [-1.001622901458516, 5.0050287579250705, 8.181659731448088]], "name": "C7H14O", "identifiers": {"molecule_hash": "dc7892443eb1a33cbbdf15414bd98565f3776794", "molecular_formula": "C7H14O"}, "molecular_charge": 0.0, "molecular_multiplicity": 1, "connectivity": [[0, 1, 1.0], [0, 8, 1.0], [0, 9, 1.0], [0, 10, 1.0], [1, 2, 1.0], [1, 11, 1.0], [1, 12, 1.0], [2, 3, 1.0], [2, 13, 1.0], [2, 14, 1.0], [3, 4, 1.0], [3, 15, 1.0], [3, 16, 1.0], [4, 5, 1.0], [4, 17, 1.0], [4, 18, 1.0], [5, 6, 1.0], [5, 7, 2.0], [6, 19, 1.0], [6, 20, 1.0], [6, 21, 1.0]], "fix_com": true, "fix_orientation": true, "provenance": {"creator": "QCElemental", "version": "v0.22.0", "routine": "qcelemental.molparse.from_schema"}, "id": "146116"}, "charge": 0, "optimize_geometry": false, "conformers": [], "conformer_generation_options": {"n_conformer_pool": 4000, "n_max_conformers": 0, "rms_tolerance": 0.05, "energy_window": 15, "keep_original_conformer": true}, "stage_1_unrestrained_charges": null, "stage_1_restrained_charges": null, "stage_2_unrestrained_charges": null, "stage_2_restrained_charges": null, "keep_original_orientation": false, "reorientations": [], "translations": [], "rotations": []}}, {"index": 6, "molecule": {"qcmol": {"schema_name": "qcschema_molecule", "schema_version": 2, "validated": true, "symbols": ["C", "C", "C", "C", "C", "C", "C", "O", "H", "H", "H", "H", "H", "H", "H", "H", "H", "H", "H", "H", "H", "H"], "geometry": [[-0.0, -0.0, 0.0], [2.8920104662576747, 2.594215318144582e-16, 2.4298451222833675e-16], [4.123634410409263, 2.6360802139497546, 1.2490009027033011e-15], [4.675651227041394, 3.8593030176822545, 2.5752159293777614], [2.3969720059748294, 4.605533176863526, 4.200502205758236], [1.4236950450483015, 2.5779971811325897, 5.986808892878544], [-1.0509568135377432, 3.1492371927998226, 7.308015405850385], [2.5489930343645546, 0.6658126939441991, 6.386388693599914], [-0.7864914758933779, 0.8821018944355635, 1.6731353870579428], [-0.725040641212575, -1.9176949230258564, -0.0693622839035429], [-0.7335701820891058, 1.0043327910846251, -1.634237545703655], [3.5098564528063703, -0.9926947329788056, -1.6889363136428186], [3.583544213526419, -1.0851862154444951, 1.5955579868096659], [2.986539218465974, 3.9235033783565942, -1.1350810955111748], [5.93092270337962, 2.4938803359963315, -0.9656958898075458], [5.758648081148953, 5.564913401171726, 2.208116358767959], [5.886988621103475, 2.6253320583431856, 3.6734930310268084], [0.8390524962269366, 5.289605398503406, 3.0481355081608106], [2.908133355561684, 6.191570715348113, 5.410639101463589], [-2.5849872140406673, 3.159748974149743, 5.943717647771572], [-1.4211758035021753, 1.7266871747793908, 8.726805579197183], [-1.001622901458516, 5.0050287579250705, 8.181659731448088]], "name": "C7H14O", "identifiers": {"molecule_hash": "dc7892443eb1a33cbbdf15414bd98565f3776794", "molecular_formula": "C7H14O"}, "molecular_charge": 0.0, "molecular_multiplicity": 1, "connectivity": [[0, 1, 1.0], [0, 8, 1.0], [0, 9, 1.0], [0, 10, 1.0], [1, 2, 1.0], [1, 11, 1.0], [1, 12, 1.0], [2, 3, 1.0], [2, 13, 1.0], [2, 14, 1.0], [3, 4, 1.0], [3, 15, 1.0], [3, 16, 1.0], [4, 5, 1.0], [4, 17, 1.0], [4, 18, 1.0], [5, 6, 1.0], [5, 7, 2.0], [6, 19, 1.0], [6, 20, 1.0], [6, 21, 1.0]], "fix_com": true, "fix_orientation": true, "provenance": {"creator": "QCElemental", "version": "v0.22.0", "routine": "qcelemental.molparse.from_schema"}, "id": "146116"}, "charge": 0, "optimize_geometry": false, "conformers": [], "conformer_generation_options": {"n_conformer_pool": 4000, "n_max_conformers": 0, "rms_tolerance": 0.05, "energy_window": 15, "keep_original_conformer": true}, "stage_1_unrestrained_charges": null, "stage_1_restrained_charges": null, "stage_2_unrestrained_charges": null, "stage_2_restrained_charges": null, "keep_original_orientation": false, "reorientations": [], "translations": [], "rotations": []}}]}, "surface_constraints": {"matrix": [[4718.758582072069, 4587.608984263565, 4435.393480039618, 4228.9393492001445, 4052.9246358341593, 3855.5896649023357, 3677.8465893297985, 3798.906636834005, 4752.801599310545, 4742.710389271017, 4731.302211498304, 4574.977856607068, 4567.117182965559, 4431.133807837489, 4450.889524319113, 4176.6131121684275, 4230.879803988369, 4089.522737976056, 4007.6353878340155, 3616.463650024944, 3616.1699394588795, 3661.306822806348], [4587.608984263565, 4694.041628674155, 4592.113830391479, 4442.04671214833, 4229.800233535375, 4019.0671319808357, 3818.7754460314, 3966.661480838153, 4557.31309682507, 4548.460928510179, 4537.535328280915, 4756.245984288257, 4745.174981840225, 4588.868144796988, 4590.864019967535, 4437.630282835239, 4464.091611655143, 4254.065426091408, 4176.162093939563, 3746.4532569767885, 3749.4669852639977, 3804.340406245047], [4435.393480039618, 4592.113830391479, 4713.934493657776, 4608.827430302017, 4447.371666851926, 4229.442796939392, 4025.1437650321905, 4165.865626546378, 4417.37460158297, 4393.802276946863, 4344.4657025530405, 4587.197441640075, 4575.82210507487, 4783.478818856113, 4780.985447935822, 4612.721736580695, 4608.518162951111, 4485.745850887442, 4418.478460560627, 3946.194943390337, 3957.9910075495654, 4008.9836087924523], [4228.9393492001445, 4442.04671214833, 4608.827430302017, 4717.466311492071, 4599.572279792657, 4432.088799291491, 4254.225938700034, 4369.387440760406, 4216.253791006279, 4161.646517880293, 4121.48936422521, 4438.15848296518, 4446.399851778858, 4611.351070272695, 4607.473606236272, 4789.451419509214, 4786.1331977101345, 4595.0038100549045, 4599.983635450891, 4184.684116494933, 4196.712437620503, 4236.853776588648], [4052.9246358341593, 4229.800233535375, 4447.371666851926, 4599.572279792657, 4698.70160093593, 4572.3976604848685, 4421.844759133191, 4502.945027834947, 4076.650407207983, 4000.6120084504532, 3923.027722770239, 4171.233196342765, 4227.399133525336, 4459.636113646753, 4452.37685256343, 4602.522506540243, 4601.975286992022, 4767.973336615135, 4768.396094592689, 4375.879415442348, 4366.929189271162, 4392.955295049263], [3855.5896649023357, 4019.0671319808357, 4229.442796939392, 4432.088799291491, 4572.3976604848685, 4655.005785901022, 4572.6660281894165, 4677.861547006089, 3894.0644342869787, 3795.036930393792, 3731.0238644116625, 3960.5813672759705, 4013.728535379264, 4193.25323312226, 4244.836707902621, 4442.096005197972, 4447.249634073685, 4579.838881876781, 4578.682815999935, 4539.633658466357, 4540.235970486878, 4548.712592197035], [3677.8465893297985, 3818.7754460314, 4025.1437650321905, 4254.225938700034, 4421.844759133191, 4572.6660281894165, 4714.186608245813, 4493.8942525123, 3731.2028099368836, 3615.631889914001, 3561.0652669775736, 3762.27640169445, 3798.545290767227, 3969.7169049851054, 4038.561433524297, 4269.041049188405, 4269.390818525367, 4392.014252837676, 4444.290197902554, 4737.555871073888, 4739.171563921357, 4748.277821448243], [3798.906636834005, 3966.661480838153, 4165.865626546378, 4369.387440760406, 4502.945027834947, 4677.861547006089, 4493.8942525123, 4871.642238205554, 3834.3479520036603, 3735.628224190944, 3675.4092865510565, 3905.412432142996, 3976.894845471765, 4114.2054776049645, 4191.134018210723, 4381.008119486987, 4392.393840287801, 4499.679862977621, 4444.977036708197, 4432.746421770588, 4443.090075906498, 4437.595338668534], [4752.801599310545, 4557.31309682507, 4417.37460158297, 4216.253791006279, 4076.650407207983, 3894.0644342869787, 3731.2028099368836, 3834.3479520036603, 4974.786755846109, 4712.038748748554, 4699.021604584843, 4533.583004925571, 4487.32287510746, 4397.007667656858, 4452.666459596096, 4134.723794616553, 4222.315750923744, 4122.49055126244, 4038.821186249366, 3679.7876314554633, 3673.8317019332458, 3711.7226944126014], [4742.710389271017, 4548.460928510179, 4393.802276946863, 4161.646517880293, 4000.6120084504532, 3795.036930393792, 3615.631889914001, 3735.628224190944, 4712.038748748554, 4957.355956700447, 4685.176592946073, 4468.645073481972, 4547.343757623718, 4411.305198408381, 4408.107250687964, 4091.389972958898, 4151.053856394313, 4045.948475976829, 3964.648267985791, 3552.3657451749887, 3561.109381174849, 3592.189460358784], [4731.302211498304, 4537.535328280915, 4344.4657025530405, 4121.48936422521, 3923.027722770239, 3731.0238644116625, 3561.0652669775736, 3675.4092865510565, 4699.021604584843, 4685.176592946073, 4934.928332414112, 4540.625191584585, 4487.164567526126, 4334.4582152304065, 4353.480193788134, 4081.8084075387046, 4120.104452018663, 3950.2365834758916, 3867.9125147834884, 3502.646438771204, 3495.072237591417, 3551.825360889907], [4574.977856607068, 4756.245984288257, 4587.197441640075, 4438.15848296518, 4171.233196342765, 3960.5813672759705, 3762.27640169445, 3905.412432142996, 4533.583004925571, 4468.645073481972, 4540.625191584585, 5004.250683885824, 4739.675159039511, 4556.159698911115, 4555.404357862315, 4447.47211493785, 4493.855834599221, 4187.598917950309, 4084.3386560653894, 3702.311986782416, 3685.099077742059, 3747.003260492968], [4567.117182965559, 4745.174981840225, 4575.82210507487, 4446.399851778858, 4227.399133525336, 4013.728535379264, 3798.545290767227, 3976.894845471765, 4487.32287510746, 4547.343757623718, 4487.164567526126, 4739.675159039511, 4981.415310359137, 4541.057417811273, 4532.977295307505, 4463.880712466439, 4467.903614367281, 4240.879751104009, 4183.478507963212, 3711.77836198337, 3731.404240603011, 3786.0873917305844], [4431.133807837489, 4588.868144796988, 4783.478818856113, 4611.351070272695, 4459.636113646753, 4193.25323312226, 3969.7169049851054, 4114.2054776049645, 4397.007667656858, 4411.305198408381, 4334.4582152304065, 4556.159698911115, 4541.057417811273, 5037.079671275195, 4784.642701449484, 4612.664274284632, 4546.801829454871, 4551.046790255828, 4424.871750059505, 3890.8540553090866, 3898.64788000559, 3943.4067744705785], [4450.889524319113, 4590.864019967535, 4780.985447935822, 4607.473606236272, 4452.37685256343, 4244.836707902621, 4038.561433524297, 4191.134018210723, 4452.666459596096, 4408.107250687964, 4353.480193788134, 4555.404357862315, 4532.977295307505, 4784.642701449484, 5030.943245856777, 4563.700718746763, 4592.810709770811, 4480.430664539586, 4430.540311086189, 3947.329321792729, 3971.4964399875385, 4030.860066065614], [4176.6131121684275, 4437.630282835239, 4612.721736580695, 4789.451419509214, 4602.522506540243, 4442.096005197972, 4269.041049188405, 4381.008119486987, 4134.723794616553, 4091.389972958898, 4081.8084075387046, 4447.47211493785, 4463.880712466439, 4612.664274284632, 4563.700718746763, 5043.355249958742, 4792.070709258258, 4527.749874188822, 4608.888850524222, 4197.296386476765, 4211.465615981962, 4260.10880045599], [4230.879803988369, 4464.091611655143, 4608.518162951111, 4786.1331977101345, 4601.975286992022, 4447.249634073685, 4269.390818525367, 4392.393840287801, 4222.315750923744, 4151.053856394313, 4120.104452018663, 4493.855834599221, 4467.903614367281, 4546.801829454871, 4592.810709770811, 4792.070709258258, 5035.43420142336, 4568.140821573241, 4564.092234089541, 4193.898765696119, 4219.726956672919, 4251.315125866482], [4089.522737976056, 4254.065426091408, 4485.745850887442, 4595.0038100549045, 4767.973336615135, 4579.838881876781, 4392.014252837676, 4499.679862977621, 4122.49055126244, 4045.948475976829, 3950.2365834758916, 4187.598917950309, 4240.879751104009, 4551.046790255828, 4480.430664539586, 4527.749874188822, 4568.140821573241, 5018.179764120759, 4768.550099302716, 4373.869364935733, 4299.336925896968, 4349.95657933344], [4007.6353878340155, 4176.162093939563, 4418.478460560627, 4599.983635450891, 4768.396094592689, 4578.682815999935, 4444.290197902554, 4444.977036708197, 4038.821186249366, 3964.648267985791, 3867.9125147834884, 4084.3386560653894, 4183.478507963212, 4424.871750059505, 4430.540311086189, 4608.888850524222, 4564.092234089541, 4768.550099302716, 5019.225059417175, 4380.734587674674, 4415.282456315918, 4416.922055013769], [3616.463650024944, 3746.4532569767885, 3946.194943390337, 4184.684116494933, 4375.879415442348, 4539.633658466357, 4737.555871073888, 4432.746421770588, 3679.7876314554633, 3552.3657451749887, 3502.646438771204, 3702.311986782416, 3711.77836198337, 3890.8540553090866, 3947.329321792729, 4197.296386476765, 4193.898765696119, 4373.869364935733, 4380.734587674674, 4951.940119520518, 4691.1039815744225, 4701.368009597477], [3616.1699394588795, 3749.4669852639977, 3957.9910075495654, 4196.712437620503, 4366.929189271162, 4540.235970486878, 4739.171563921357, 4443.090075906498, 3673.8317019332458, 3561.109381174849, 3495.072237591417, 3685.099077742059, 3731.404240603011, 3898.64788000559, 3971.4964399875385, 4211.465615981962, 4219.726956672919, 4299.336925896968, 4415.282456315918, 4691.1039815744225, 4954.156051391662, 4702.3113738071725], [3661.306822806348, 3804.340406245047, 4008.9836087924523, 4236.853776588648, 4392.955295049263, 4548.712592197035, 4748.277821448243, 4437.595338668534, 3711.7226944126014, 3592.189460358784, 3551.825360889907, 3747.003260492968, 3786.0873917305844, 3943.4067744705785, 4030.860066065614, 4260.10880045599, 4251.315125866482, 4349.95657933344, 4416.922055013769, 4701.368009597477, 4702.3113738071725, 4973.0682502794], [38.423329523039584, 38.34946678886391, 40.07409415828083, 35.58098999023055, 31.557774182921086, -13.654383770905707, 32.14955753917414, -91.64500003295973, 38.96347460426967, 39.1446092914048, 38.29265484063916, 41.335948375232775, 32.92869377851518, 47.24398522077768, 35.743294431532256, 35.69295301279434, 33.40318725972001, 35.511580344086795, 59.138147429954486, 44.69345373519004, 40.90429754231123, 48.41821073920401]]}}