{"resp_b": 0.1, "restrained_fit": true, "exclude_hydrogens": true, "convergence_tolerance": 1e-06, "max_iter": 500, "resp_a": 0.0005, "charge_constraints": {"charge_sum_constraints": [], "charge_equivalence_constraints": [], "molecules": [{"qcmol": {"schema_name": "qcschema_molecule", "schema_version": 2, "validated": true, "symbols": ["C", "C", "C", "C", "C", "C", "C", "C", "H", "H", "H", "H", "H", "H", "H", "H", "H", "H", "H", "H", "H", "H", "H", "H", "H", "H"], "geometry": [[0.0, -0.0, 0.0], [2.8930362340402604, -1.1278469494724076e-15, -1.903824303554141e-16], [4.1518609558342945, 2.6250624548200476, 0.0], [4.720294991951939, 3.7809485690129856, 2.6036501282578968], [2.4715652021441628, 4.493316130515193, 4.291966478715979], [0.6219755038942876, 6.476044217756343, 3.2459802179125115], [-1.5862303303951224, 6.835111034305712, 5.084493843457699], [1.905059552596613, 9.016140664379067, 2.70994822043328], [-0.728783840139984, 1.020293127207315, -1.6259548763081497], [-0.7215336010631219, -1.9187140959003048, -0.09976266563483627], [-0.7859912437817336, 0.86674033101388, 1.6802561426817109], [3.514086430717299, -1.0126055030300152, -1.6757066234995837], [3.5828959150739013, -1.0894328162830942, 1.6016666891491629], [3.0320966368424096, 3.9239630254222915, -1.1329312155940205], [5.955463101591978, 2.4621551795201633, -0.970190390290657], [5.896606678952447, 5.439670139471469, 2.3182561991202446], [5.890281307020665, 2.4501873604934103, 3.647872259145564], [1.4197834995318424, 2.7966907218097177, 4.772728910681016], [3.225626646565452, 5.198999629456142, 6.072712853336764], [-0.1567927960251776, 5.7800438867783335, 1.476431810179136], [-2.5688708745222346, 5.065974063806929, 5.4276845589016744], [-2.9539514756843293, 8.177326025987556, 4.349692763390646], [-0.9271862859595483, 7.544472969163667, 6.89670380626082], [0.5373162811947143, 10.39711230253409, 2.0509299334222937], [3.358354496130582, 8.859526163441881, 1.2732472102189116], [2.7810498321464934, 9.769249509159188, 4.409634760291691]], "name": "C8H18", "identifiers": {"molecule_hash": "88029329e94a2ce9441b2fee33bc8cff5798a772", "molecular_formula": "C8H18"}, "molecular_charge": 0.0, "molecular_multiplicity": 1, "connectivity": [[0, 1, 1.0], [0, 8, 1.0], [0, 9, 1.0], [0, 10, 1.0], [1, 2, 1.0], [1, 11, 1.0], [1, 12, 1.0], [2, 3, 1.0], [2, 13, 1.0], [2, 14, 1.0], [3, 4, 1.0], [3, 15, 1.0], [3, 16, 1.0], [4, 5, 1.0], [4, 17, 1.0], [4, 18, 1.0], [5, 6, 1.0], [5, 7, 1.0], [5, 19, 1.0], [6, 20, 1.0], [6, 21, 1.0], [6, 22, 1.0], [7, 23, 1.0], [7, 24, 1.0], [7, 25, 1.0]], "fix_com": true, "fix_orientation": true, "provenance": {"creator": "QCElemental", "version": "v0.22.0", "routine": "qcelemental.molparse.from_schema"}, "id": "122005"}, "charge": 0, "optimize_geometry": false, "conformers": [], "conformer_generation_options": {"n_conformer_pool": 4000, "n_max_conformers": 0, "rms_tolerance": 0.05, "energy_window": 15, "keep_original_conformer": true}, "stage_1_unrestrained_charges": null, "stage_1_restrained_charges": null, "stage_2_unrestrained_charges": null, "stage_2_restrained_charges": null, "keep_original_orientation": false, "reorientations": [], "translations": [], "rotations": []}], "unconstrained_atoms": [{"index": 0, "molecule": {"qcmol": {"schema_name": "qcschema_molecule", "schema_version": 2, "validated": true, "symbols": ["C", "C", "C", "C", "C", "C", "C", "C", "H", "H", "H", "H", "H", "H", "H", "H", "H", "H", "H", "H", "H", "H", "H", "H", "H", "H"], "geometry": [[0.0, -0.0, 0.0], [2.8930362340402604, -1.1278469494724076e-15, -1.903824303554141e-16], [4.1518609558342945, 2.6250624548200476, 0.0], [4.720294991951939, 3.7809485690129856, 2.6036501282578968], [2.4715652021441628, 4.493316130515193, 4.291966478715979], [0.6219755038942876, 6.476044217756343, 3.2459802179125115], [-1.5862303303951224, 6.835111034305712, 5.084493843457699], [1.905059552596613, 9.016140664379067, 2.70994822043328], [-0.728783840139984, 1.020293127207315, -1.6259548763081497], [-0.7215336010631219, -1.9187140959003048, -0.09976266563483627], [-0.7859912437817336, 0.86674033101388, 1.6802561426817109], [3.514086430717299, -1.0126055030300152, -1.6757066234995837], [3.5828959150739013, -1.0894328162830942, 1.6016666891491629], [3.0320966368424096, 3.9239630254222915, -1.1329312155940205], [5.955463101591978, 2.4621551795201633, -0.970190390290657], [5.896606678952447, 5.439670139471469, 2.3182561991202446], [5.890281307020665, 2.4501873604934103, 3.647872259145564], [1.4197834995318424, 2.7966907218097177, 4.772728910681016], [3.225626646565452, 5.198999629456142, 6.072712853336764], [-0.1567927960251776, 5.7800438867783335, 1.476431810179136], [-2.5688708745222346, 5.065974063806929, 5.4276845589016744], [-2.9539514756843293, 8.177326025987556, 4.349692763390646], [-0.9271862859595483, 7.544472969163667, 6.89670380626082], [0.5373162811947143, 10.39711230253409, 2.0509299334222937], [3.358354496130582, 8.859526163441881, 1.2732472102189116], [2.7810498321464934, 9.769249509159188, 4.409634760291691]], "name": "C8H18", "identifiers": {"molecule_hash": "88029329e94a2ce9441b2fee33bc8cff5798a772", "molecular_formula": "C8H18"}, "molecular_charge": 0.0, "molecular_multiplicity": 1, "connectivity": [[0, 1, 1.0], [0, 8, 1.0], [0, 9, 1.0], [0, 10, 1.0], [1, 2, 1.0], [1, 11, 1.0], [1, 12, 1.0], [2, 3, 1.0], [2, 13, 1.0], [2, 14, 1.0], [3, 4, 1.0], [3, 15, 1.0], [3, 16, 1.0], [4, 5, 1.0], [4, 17, 1.0], [4, 18, 1.0], [5, 6, 1.0], [5, 7, 1.0], [5, 19, 1.0], [6, 20, 1.0], [6, 21, 1.0], [6, 22, 1.0], [7, 23, 1.0], [7, 24, 1.0], [7, 25, 1.0]], "fix_com": true, "fix_orientation": true, "provenance": {"creator": "QCElemental", "version": "v0.22.0", "routine": "qcelemental.molparse.from_schema"}, "id": "122005"}, "charge": 0, "optimize_geometry": false, "conformers": [], "conformer_generation_options": {"n_conformer_pool": 4000, "n_max_conformers": 0, "rms_tolerance": 0.05, "energy_window": 15, "keep_original_conformer": true}, "stage_1_unrestrained_charges": null, "stage_1_restrained_charges": null, "stage_2_unrestrained_charges": null, "stage_2_restrained_charges": null, "keep_original_orientation": false, "reorientations": [], "translations": [], "rotations": []}}, {"index": 1, "molecule": {"qcmol": {"schema_name": "qcschema_molecule", "schema_version": 2, "validated": true, "symbols": ["C", "C", "C", "C", "C", "C", "C", "C", "H", "H", "H", "H", "H", "H", "H", "H", "H", "H", "H", "H", "H", "H", "H", "H", "H", "H"], "geometry": [[0.0, -0.0, 0.0], [2.8930362340402604, -1.1278469494724076e-15, -1.903824303554141e-16], [4.1518609558342945, 2.6250624548200476, 0.0], [4.720294991951939, 3.7809485690129856, 2.6036501282578968], [2.4715652021441628, 4.493316130515193, 4.291966478715979], [0.6219755038942876, 6.476044217756343, 3.2459802179125115], [-1.5862303303951224, 6.835111034305712, 5.084493843457699], [1.905059552596613, 9.016140664379067, 2.70994822043328], [-0.728783840139984, 1.020293127207315, -1.6259548763081497], [-0.7215336010631219, -1.9187140959003048, -0.09976266563483627], [-0.7859912437817336, 0.86674033101388, 1.6802561426817109], [3.514086430717299, -1.0126055030300152, -1.6757066234995837], [3.5828959150739013, -1.0894328162830942, 1.6016666891491629], [3.0320966368424096, 3.9239630254222915, -1.1329312155940205], [5.955463101591978, 2.4621551795201633, -0.970190390290657], [5.896606678952447, 5.439670139471469, 2.3182561991202446], [5.890281307020665, 2.4501873604934103, 3.647872259145564], [1.4197834995318424, 2.7966907218097177, 4.772728910681016], [3.225626646565452, 5.198999629456142, 6.072712853336764], [-0.1567927960251776, 5.7800438867783335, 1.476431810179136], [-2.5688708745222346, 5.065974063806929, 5.4276845589016744], [-2.9539514756843293, 8.177326025987556, 4.349692763390646], [-0.9271862859595483, 7.544472969163667, 6.89670380626082], [0.5373162811947143, 10.39711230253409, 2.0509299334222937], [3.358354496130582, 8.859526163441881, 1.2732472102189116], [2.7810498321464934, 9.769249509159188, 4.409634760291691]], "name": "C8H18", "identifiers": {"molecule_hash": "88029329e94a2ce9441b2fee33bc8cff5798a772", "molecular_formula": "C8H18"}, "molecular_charge": 0.0, "molecular_multiplicity": 1, "connectivity": [[0, 1, 1.0], [0, 8, 1.0], [0, 9, 1.0], [0, 10, 1.0], [1, 2, 1.0], [1, 11, 1.0], [1, 12, 1.0], [2, 3, 1.0], [2, 13, 1.0], [2, 14, 1.0], [3, 4, 1.0], [3, 15, 1.0], [3, 16, 1.0], [4, 5, 1.0], [4, 17, 1.0], [4, 18, 1.0], [5, 6, 1.0], [5, 7, 1.0], [5, 19, 1.0], [6, 20, 1.0], [6, 21, 1.0], [6, 22, 1.0], [7, 23, 1.0], [7, 24, 1.0], [7, 25, 1.0]], "fix_com": true, "fix_orientation": true, "provenance": {"creator": "QCElemental", "version": "v0.22.0", "routine": "qcelemental.molparse.from_schema"}, "id": "122005"}, "charge": 0, "optimize_geometry": false, "conformers": [], "conformer_generation_options": {"n_conformer_pool": 4000, "n_max_conformers": 0, "rms_tolerance": 0.05, "energy_window": 15, "keep_original_conformer": true}, "stage_1_unrestrained_charges": null, "stage_1_restrained_charges": null, "stage_2_unrestrained_charges": null, "stage_2_restrained_charges": null, "keep_original_orientation": false, "reorientations": [], "translations": [], "rotations": []}}, {"index": 2, "molecule": {"qcmol": {"schema_name": "qcschema_molecule", "schema_version": 2, "validated": true, "symbols": ["C", "C", "C", "C", "C", "C", "C", "C", "H", "H", "H", "H", "H", "H", "H", "H", "H", "H", "H", "H", "H", "H", "H", "H", "H", "H"], "geometry": [[0.0, -0.0, 0.0], [2.8930362340402604, -1.1278469494724076e-15, -1.903824303554141e-16], [4.1518609558342945, 2.6250624548200476, 0.0], [4.720294991951939, 3.7809485690129856, 2.6036501282578968], [2.4715652021441628, 4.493316130515193, 4.291966478715979], [0.6219755038942876, 6.476044217756343, 3.2459802179125115], [-1.5862303303951224, 6.835111034305712, 5.084493843457699], [1.905059552596613, 9.016140664379067, 2.70994822043328], [-0.728783840139984, 1.020293127207315, -1.6259548763081497], [-0.7215336010631219, -1.9187140959003048, -0.09976266563483627], [-0.7859912437817336, 0.86674033101388, 1.6802561426817109], [3.514086430717299, -1.0126055030300152, -1.6757066234995837], [3.5828959150739013, -1.0894328162830942, 1.6016666891491629], [3.0320966368424096, 3.9239630254222915, -1.1329312155940205], [5.955463101591978, 2.4621551795201633, -0.970190390290657], [5.896606678952447, 5.439670139471469, 2.3182561991202446], [5.890281307020665, 2.4501873604934103, 3.647872259145564], [1.4197834995318424, 2.7966907218097177, 4.772728910681016], [3.225626646565452, 5.198999629456142, 6.072712853336764], [-0.1567927960251776, 5.7800438867783335, 1.476431810179136], [-2.5688708745222346, 5.065974063806929, 5.4276845589016744], [-2.9539514756843293, 8.177326025987556, 4.349692763390646], [-0.9271862859595483, 7.544472969163667, 6.89670380626082], [0.5373162811947143, 10.39711230253409, 2.0509299334222937], [3.358354496130582, 8.859526163441881, 1.2732472102189116], [2.7810498321464934, 9.769249509159188, 4.409634760291691]], "name": "C8H18", "identifiers": {"molecule_hash": "88029329e94a2ce9441b2fee33bc8cff5798a772", "molecular_formula": "C8H18"}, "molecular_charge": 0.0, "molecular_multiplicity": 1, "connectivity": [[0, 1, 1.0], [0, 8, 1.0], [0, 9, 1.0], [0, 10, 1.0], [1, 2, 1.0], [1, 11, 1.0], [1, 12, 1.0], [2, 3, 1.0], [2, 13, 1.0], [2, 14, 1.0], [3, 4, 1.0], [3, 15, 1.0], [3, 16, 1.0], [4, 5, 1.0], [4, 17, 1.0], [4, 18, 1.0], [5, 6, 1.0], [5, 7, 1.0], [5, 19, 1.0], [6, 20, 1.0], [6, 21, 1.0], [6, 22, 1.0], [7, 23, 1.0], [7, 24, 1.0], [7, 25, 1.0]], "fix_com": true, "fix_orientation": true, "provenance": {"creator": "QCElemental", "version": "v0.22.0", "routine": "qcelemental.molparse.from_schema"}, "id": "122005"}, "charge": 0, "optimize_geometry": false, "conformers": [], "conformer_generation_options": {"n_conformer_pool": 4000, "n_max_conformers": 0, "rms_tolerance": 0.05, "energy_window": 15, "keep_original_conformer": true}, "stage_1_unrestrained_charges": null, "stage_1_restrained_charges": null, "stage_2_unrestrained_charges": null, "stage_2_restrained_charges": null, "keep_original_orientation": false, "reorientations": [], "translations": [], "rotations": []}}, {"index": 3, "molecule": {"qcmol": {"schema_name": "qcschema_molecule", "schema_version": 2, "validated": true, "symbols": ["C", "C", "C", "C", "C", "C", "C", "C", "H", "H", "H", "H", "H", "H", "H", "H", "H", "H", "H", "H", "H", "H", "H", "H", "H", "H"], "geometry": [[0.0, -0.0, 0.0], [2.8930362340402604, -1.1278469494724076e-15, -1.903824303554141e-16], [4.1518609558342945, 2.6250624548200476, 0.0], [4.720294991951939, 3.7809485690129856, 2.6036501282578968], [2.4715652021441628, 4.493316130515193, 4.291966478715979], [0.6219755038942876, 6.476044217756343, 3.2459802179125115], [-1.5862303303951224, 6.835111034305712, 5.084493843457699], [1.905059552596613, 9.016140664379067, 2.70994822043328], [-0.728783840139984, 1.020293127207315, -1.6259548763081497], [-0.7215336010631219, -1.9187140959003048, -0.09976266563483627], [-0.7859912437817336, 0.86674033101388, 1.6802561426817109], [3.514086430717299, -1.0126055030300152, -1.6757066234995837], [3.5828959150739013, -1.0894328162830942, 1.6016666891491629], [3.0320966368424096, 3.9239630254222915, -1.1329312155940205], [5.955463101591978, 2.4621551795201633, -0.970190390290657], [5.896606678952447, 5.439670139471469, 2.3182561991202446], [5.890281307020665, 2.4501873604934103, 3.647872259145564], [1.4197834995318424, 2.7966907218097177, 4.772728910681016], [3.225626646565452, 5.198999629456142, 6.072712853336764], [-0.1567927960251776, 5.7800438867783335, 1.476431810179136], [-2.5688708745222346, 5.065974063806929, 5.4276845589016744], [-2.9539514756843293, 8.177326025987556, 4.349692763390646], [-0.9271862859595483, 7.544472969163667, 6.89670380626082], [0.5373162811947143, 10.39711230253409, 2.0509299334222937], [3.358354496130582, 8.859526163441881, 1.2732472102189116], [2.7810498321464934, 9.769249509159188, 4.409634760291691]], "name": "C8H18", "identifiers": {"molecule_hash": "88029329e94a2ce9441b2fee33bc8cff5798a772", "molecular_formula": "C8H18"}, "molecular_charge": 0.0, "molecular_multiplicity": 1, "connectivity": [[0, 1, 1.0], [0, 8, 1.0], [0, 9, 1.0], [0, 10, 1.0], [1, 2, 1.0], [1, 11, 1.0], [1, 12, 1.0], [2, 3, 1.0], [2, 13, 1.0], [2, 14, 1.0], [3, 4, 1.0], [3, 15, 1.0], [3, 16, 1.0], [4, 5, 1.0], [4, 17, 1.0], [4, 18, 1.0], [5, 6, 1.0], [5, 7, 1.0], [5, 19, 1.0], [6, 20, 1.0], [6, 21, 1.0], [6, 22, 1.0], [7, 23, 1.0], [7, 24, 1.0], [7, 25, 1.0]], "fix_com": true, "fix_orientation": true, "provenance": {"creator": "QCElemental", "version": "v0.22.0", "routine": "qcelemental.molparse.from_schema"}, "id": "122005"}, "charge": 0, "optimize_geometry": false, "conformers": [], "conformer_generation_options": {"n_conformer_pool": 4000, "n_max_conformers": 0, "rms_tolerance": 0.05, "energy_window": 15, "keep_original_conformer": true}, "stage_1_unrestrained_charges": null, "stage_1_restrained_charges": null, "stage_2_unrestrained_charges": null, "stage_2_restrained_charges": null, "keep_original_orientation": false, "reorientations": [], "translations": [], "rotations": []}}, {"index": 4, "molecule": {"qcmol": {"schema_name": "qcschema_molecule", "schema_version": 2, "validated": true, "symbols": ["C", "C", "C", "C", "C", "C", "C", "C", "H", "H", "H", "H", "H", "H", "H", "H", "H", "H", "H", "H", "H", "H", "H", "H", "H", "H"], "geometry": [[0.0, -0.0, 0.0], [2.8930362340402604, -1.1278469494724076e-15, -1.903824303554141e-16], [4.1518609558342945, 2.6250624548200476, 0.0], [4.720294991951939, 3.7809485690129856, 2.6036501282578968], [2.4715652021441628, 4.493316130515193, 4.291966478715979], [0.6219755038942876, 6.476044217756343, 3.2459802179125115], [-1.5862303303951224, 6.835111034305712, 5.084493843457699], [1.905059552596613, 9.016140664379067, 2.70994822043328], [-0.728783840139984, 1.020293127207315, -1.6259548763081497], [-0.7215336010631219, -1.9187140959003048, -0.09976266563483627], [-0.7859912437817336, 0.86674033101388, 1.6802561426817109], [3.514086430717299, -1.0126055030300152, -1.6757066234995837], [3.5828959150739013, -1.0894328162830942, 1.6016666891491629], [3.0320966368424096, 3.9239630254222915, -1.1329312155940205], [5.955463101591978, 2.4621551795201633, -0.970190390290657], [5.896606678952447, 5.439670139471469, 2.3182561991202446], [5.890281307020665, 2.4501873604934103, 3.647872259145564], [1.4197834995318424, 2.7966907218097177, 4.772728910681016], [3.225626646565452, 5.198999629456142, 6.072712853336764], [-0.1567927960251776, 5.7800438867783335, 1.476431810179136], [-2.5688708745222346, 5.065974063806929, 5.4276845589016744], [-2.9539514756843293, 8.177326025987556, 4.349692763390646], [-0.9271862859595483, 7.544472969163667, 6.89670380626082], [0.5373162811947143, 10.39711230253409, 2.0509299334222937], [3.358354496130582, 8.859526163441881, 1.2732472102189116], [2.7810498321464934, 9.769249509159188, 4.409634760291691]], "name": "C8H18", "identifiers": {"molecule_hash": "88029329e94a2ce9441b2fee33bc8cff5798a772", "molecular_formula": "C8H18"}, "molecular_charge": 0.0, "molecular_multiplicity": 1, "connectivity": [[0, 1, 1.0], [0, 8, 1.0], [0, 9, 1.0], [0, 10, 1.0], [1, 2, 1.0], [1, 11, 1.0], [1, 12, 1.0], [2, 3, 1.0], [2, 13, 1.0], [2, 14, 1.0], [3, 4, 1.0], [3, 15, 1.0], [3, 16, 1.0], [4, 5, 1.0], [4, 17, 1.0], [4, 18, 1.0], [5, 6, 1.0], [5, 7, 1.0], [5, 19, 1.0], [6, 20, 1.0], [6, 21, 1.0], [6, 22, 1.0], [7, 23, 1.0], [7, 24, 1.0], [7, 25, 1.0]], "fix_com": true, "fix_orientation": true, "provenance": {"creator": "QCElemental", "version": "v0.22.0", "routine": "qcelemental.molparse.from_schema"}, "id": "122005"}, "charge": 0, "optimize_geometry": false, "conformers": [], "conformer_generation_options": {"n_conformer_pool": 4000, "n_max_conformers": 0, "rms_tolerance": 0.05, "energy_window": 15, "keep_original_conformer": true}, "stage_1_unrestrained_charges": null, "stage_1_restrained_charges": null, "stage_2_unrestrained_charges": null, "stage_2_restrained_charges": null, "keep_original_orientation": false, "reorientations": [], "translations": [], "rotations": []}}, {"index": 6, "molecule": {"qcmol": {"schema_name": "qcschema_molecule", "schema_version": 2, "validated": true, "symbols": ["C", "C", "C", "C", "C", "C", "C", "C", "H", "H", "H", "H", "H", "H", "H", "H", "H", "H", "H", "H", "H", "H", "H", "H", "H", "H"], "geometry": [[0.0, -0.0, 0.0], [2.8930362340402604, -1.1278469494724076e-15, -1.903824303554141e-16], [4.1518609558342945, 2.6250624548200476, 0.0], [4.720294991951939, 3.7809485690129856, 2.6036501282578968], [2.4715652021441628, 4.493316130515193, 4.291966478715979], [0.6219755038942876, 6.476044217756343, 3.2459802179125115], [-1.5862303303951224, 6.835111034305712, 5.084493843457699], [1.905059552596613, 9.016140664379067, 2.70994822043328], [-0.728783840139984, 1.020293127207315, -1.6259548763081497], [-0.7215336010631219, -1.9187140959003048, -0.09976266563483627], [-0.7859912437817336, 0.86674033101388, 1.6802561426817109], [3.514086430717299, -1.0126055030300152, -1.6757066234995837], [3.5828959150739013, -1.0894328162830942, 1.6016666891491629], [3.0320966368424096, 3.9239630254222915, -1.1329312155940205], [5.955463101591978, 2.4621551795201633, -0.970190390290657], [5.896606678952447, 5.439670139471469, 2.3182561991202446], [5.890281307020665, 2.4501873604934103, 3.647872259145564], [1.4197834995318424, 2.7966907218097177, 4.772728910681016], [3.225626646565452, 5.198999629456142, 6.072712853336764], [-0.1567927960251776, 5.7800438867783335, 1.476431810179136], [-2.5688708745222346, 5.065974063806929, 5.4276845589016744], [-2.9539514756843293, 8.177326025987556, 4.349692763390646], [-0.9271862859595483, 7.544472969163667, 6.89670380626082], [0.5373162811947143, 10.39711230253409, 2.0509299334222937], [3.358354496130582, 8.859526163441881, 1.2732472102189116], [2.7810498321464934, 9.769249509159188, 4.409634760291691]], "name": "C8H18", "identifiers": {"molecule_hash": "88029329e94a2ce9441b2fee33bc8cff5798a772", "molecular_formula": "C8H18"}, "molecular_charge": 0.0, "molecular_multiplicity": 1, "connectivity": [[0, 1, 1.0], [0, 8, 1.0], [0, 9, 1.0], [0, 10, 1.0], [1, 2, 1.0], [1, 11, 1.0], [1, 12, 1.0], [2, 3, 1.0], [2, 13, 1.0], [2, 14, 1.0], [3, 4, 1.0], [3, 15, 1.0], [3, 16, 1.0], [4, 5, 1.0], [4, 17, 1.0], [4, 18, 1.0], [5, 6, 1.0], [5, 7, 1.0], [5, 19, 1.0], [6, 20, 1.0], [6, 21, 1.0], [6, 22, 1.0], [7, 23, 1.0], [7, 24, 1.0], [7, 25, 1.0]], "fix_com": true, "fix_orientation": true, "provenance": {"creator": "QCElemental", "version": "v0.22.0", "routine": "qcelemental.molparse.from_schema"}, "id": "122005"}, "charge": 0, "optimize_geometry": false, "conformers": [], "conformer_generation_options": {"n_conformer_pool": 4000, "n_max_conformers": 0, "rms_tolerance": 0.05, "energy_window": 15, "keep_original_conformer": true}, "stage_1_unrestrained_charges": null, "stage_1_restrained_charges": null, "stage_2_unrestrained_charges": null, "stage_2_restrained_charges": null, "keep_original_orientation": false, "reorientations": [], "translations": [], "rotations": []}}, {"index": 7, "molecule": {"qcmol": {"schema_name": "qcschema_molecule", "schema_version": 2, "validated": true, "symbols": ["C", "C", "C", "C", "C", "C", "C", "C", "H", "H", "H", "H", "H", "H", "H", "H", "H", "H", "H", "H", "H", "H", "H", "H", "H", "H"], "geometry": [[0.0, -0.0, 0.0], [2.8930362340402604, -1.1278469494724076e-15, -1.903824303554141e-16], [4.1518609558342945, 2.6250624548200476, 0.0], [4.720294991951939, 3.7809485690129856, 2.6036501282578968], [2.4715652021441628, 4.493316130515193, 4.291966478715979], [0.6219755038942876, 6.476044217756343, 3.2459802179125115], [-1.5862303303951224, 6.835111034305712, 5.084493843457699], [1.905059552596613, 9.016140664379067, 2.70994822043328], [-0.728783840139984, 1.020293127207315, -1.6259548763081497], [-0.7215336010631219, -1.9187140959003048, -0.09976266563483627], [-0.7859912437817336, 0.86674033101388, 1.6802561426817109], [3.514086430717299, -1.0126055030300152, -1.6757066234995837], [3.5828959150739013, -1.0894328162830942, 1.6016666891491629], [3.0320966368424096, 3.9239630254222915, -1.1329312155940205], [5.955463101591978, 2.4621551795201633, -0.970190390290657], [5.896606678952447, 5.439670139471469, 2.3182561991202446], [5.890281307020665, 2.4501873604934103, 3.647872259145564], [1.4197834995318424, 2.7966907218097177, 4.772728910681016], [3.225626646565452, 5.198999629456142, 6.072712853336764], [-0.1567927960251776, 5.7800438867783335, 1.476431810179136], [-2.5688708745222346, 5.065974063806929, 5.4276845589016744], [-2.9539514756843293, 8.177326025987556, 4.349692763390646], [-0.9271862859595483, 7.544472969163667, 6.89670380626082], [0.5373162811947143, 10.39711230253409, 2.0509299334222937], [3.358354496130582, 8.859526163441881, 1.2732472102189116], [2.7810498321464934, 9.769249509159188, 4.409634760291691]], "name": "C8H18", "identifiers": {"molecule_hash": "88029329e94a2ce9441b2fee33bc8cff5798a772", "molecular_formula": "C8H18"}, "molecular_charge": 0.0, "molecular_multiplicity": 1, "connectivity": [[0, 1, 1.0], [0, 8, 1.0], [0, 9, 1.0], [0, 10, 1.0], [1, 2, 1.0], [1, 11, 1.0], [1, 12, 1.0], [2, 3, 1.0], [2, 13, 1.0], [2, 14, 1.0], [3, 4, 1.0], [3, 15, 1.0], [3, 16, 1.0], [4, 5, 1.0], [4, 17, 1.0], [4, 18, 1.0], [5, 6, 1.0], [5, 7, 1.0], [5, 19, 1.0], [6, 20, 1.0], [6, 21, 1.0], [6, 22, 1.0], [7, 23, 1.0], [7, 24, 1.0], [7, 25, 1.0]], "fix_com": true, "fix_orientation": true, "provenance": {"creator": "QCElemental", "version": "v0.22.0", "routine": "qcelemental.molparse.from_schema"}, "id": "122005"}, "charge": 0, "optimize_geometry": false, "conformers": [], "conformer_generation_options": {"n_conformer_pool": 4000, "n_max_conformers": 0, "rms_tolerance": 0.05, "energy_window": 15, "keep_original_conformer": true}, "stage_1_unrestrained_charges": null, "stage_1_restrained_charges": null, "stage_2_unrestrained_charges": null, "stage_2_restrained_charges": null, "keep_original_orientation": false, "reorientations": [], "translations": [], "rotations": []}}]}, "surface_constraints": {"matrix": [[1955.0405600993217, 1895.9867771404304, 1821.954039189687, 1725.6224661092049, 1663.4891071202442, 1570.3092259470855, 1521.1650630872646, 1509.582695936489, 1958.9669509372438, 1961.8473386951316, 1964.0120662644188, 1889.5250431788975, 1888.4384405086118, 1831.1089015928198, 1816.0537380750275, 1693.0592779596523, 1718.4027621770074, 1703.4565835898563, 1637.1849454760156, 1568.0324098724611, 1533.9665230932922, 1498.9382355179998, 1485.2637945272782, 1494.8239196294344, 1489.911192869192, 1491.2147566225856], [1895.9867771404304, 1941.76172619248, 1888.699673489762, 1817.6809093991644, 1754.9526616672777, 1651.1975124175387, 1590.3863549192106, 1591.8867038469184, 1874.620202550381, 1875.6876792447897, 1877.7457056820087, 1965.6526057985886, 1966.2704602594424, 1883.9007729496266, 1888.7255493285074, 1795.3927714755264, 1816.6066673418595, 1787.6314569827218, 1744.0966376574975, 1647.6349615214865, 1594.4823698501223, 1568.2769420420805, 1553.4445984615586, 1565.9737965877127, 1577.7078890258706, 1578.8048259993075], [1821.954039189687, 1888.699673489762, 1937.1973561356067, 1887.302130532317, 1810.5004749840464, 1716.5819534223874, 1658.5996360840163, 1664.594829126275, 1776.2684597945115, 1801.1307688481936, 1817.6677716369127, 1882.8756251987147, 1883.9007740044594, 1960.318482956203, 1969.7477761139169, 1888.763459085509, 1888.9902488618113, 1825.9559057247145, 1797.4992186821164, 1709.1025484238799, 1649.6939873069734, 1639.1915207019154, 1633.5608947585818, 1646.8895239861038, 1642.1576013602707, 1657.0578736713046], [1725.6224661092049, 1817.6809093991644, 1887.302130532317, 1932.4431065797737, 1877.2881855902747, 1795.1329071146654, 1737.6751483928788, 1732.7728948898903, 1677.0339073228547, 1699.7185638124336, 1715.0712210698794, 1814.9064661002592, 1819.3818653640114, 1879.8909031824041, 1893.5963576529732, 1960.9261176457692, 1963.1158438311888, 1879.7531357870043, 1882.1471676328783, 1802.068182127774, 1721.3315903699302, 1721.7313628635634, 1715.8682497684642, 1703.7391092079201, 1717.1475417051993, 1720.753625205036], [1663.4891071202442, 1754.9526616672777, 1810.5004749840464, 1877.2881855902747, 1918.3181802885852, 1856.7465587583551, 1805.1583417120626, 1802.9502809196533, 1615.7704510750816, 1630.4933167009694, 1661.9027026786557, 1767.3039518003332, 1753.090370896296, 1825.1172439809188, 1768.8382073142989, 1875.6874533671623, 1880.5788154356492, 1951.808615466475, 1951.3097803208484, 1866.2324468559634, 1804.3125215637597, 1782.1339207126357, 1778.1504279390836, 1779.122160131115, 1793.408983867682, 1784.249736385001], [1570.3092259470855, 1651.1975124175387, 1716.5819534223874, 1795.1329071146654, 1856.7465587583551, 1887.3762127886853, 1861.0201181600025, 1859.545127920151, 1533.1329840063604, 1540.5719343465835, 1564.3128901840078, 1656.5443736980678, 1642.7265025394777, 1741.3866427543383, 1666.8677435353372, 1798.2270247411495, 1790.111040809268, 1864.5511453472504, 1860.6804249272664, 1926.792231946029, 1853.297894646948, 1849.966634247987, 1845.608052966143, 1846.6397050815165, 1851.7188071133194, 1844.8758573317439], [1521.1650630872646, 1590.3863549192106, 1658.5996360840163, 1737.6751483928788, 1805.1583417120626, 1861.0201181600025, 1935.5097956687357, 1803.0756488775535, 1484.9398749028774, 1491.0484394194505, 1523.3254691053357, 1595.422120925859, 1571.618383406684, 1693.1128756859755, 1602.4746773200718, 1736.0526395876793, 1734.3681463479359, 1810.3011933295513, 1797.7465052354296, 1868.5000219195026, 1953.7206346509467, 1949.6598662498059, 1945.1404084087371, 1793.8729265517866, 1766.8993461674736, 1792.1972750725508], [1509.582695936489, 1591.8867038469184, 1664.594829126275, 1732.7728948898903, 1802.9502809196533, 1859.545127920151, 1803.0756488775535, 1931.5513923956184, 1473.384216157105, 1481.306253708507, 1500.1853033020031, 1592.1256074839328, 1585.2931299616555, 1702.435755060904, 1616.7133335086678, 1739.7360228850948, 1710.247083953658, 1796.6836755508361, 1809.124830517576, 1868.271237377361, 1783.223871922258, 1780.1370439922564, 1790.9168890647131, 1943.9490951599582, 1948.8417413982738, 1942.2264690925506], [1958.9669509372438, 1874.620202550381, 1776.2684597945115, 1677.0339073228547, 1615.7704510750816, 1533.1329840063604, 1484.9398749028774, 1473.384216157105, 2043.0633022909951, 1935.9489202908635, 1938.9497271638763, 1869.504650219915, 1867.604739337049, 1780.625117639853, 1762.252172226396, 1643.8559279454844, 1667.9244992797933, 1650.4505672460855, 1586.2791623275352, 1538.066270580145, 1499.128820412467, 1464.0316549930637, 1446.8388805663212, 1460.0692277199776, 1456.2669105755401, 1451.8779665405411], [1961.8473386951316, 1875.6876792447897, 1801.1307688481936, 1699.7185638124336, 1630.4933167009694, 1540.5719343465835, 1491.0484394194505, 1481.306253708507, 1935.9489202908635, 2050.7500545986118, 1942.0487698260772, 1848.8559521611899, 1868.8524484887503, 1805.0028732425017, 1804.7094761235753, 1666.3859104129062, 1696.4926188049722, 1670.3517794238276, 1596.7930054984913, 1540.198335754689, 1501.5104171017915, 1468.7588551150693, 1458.637882811684, 1470.139352619746, 1461.1335011843578, 1461.5900001038665], [1964.0120662644188, 1877.7457056820087, 1817.6677716369127, 1715.0712210698794, 1661.9027026786557, 1564.3128901840078, 1523.3254691053357, 1500.1853033020031, 1938.9497271638763, 1942.0487698260772, 2054.556467846567, 1866.1200658264522, 1843.3831721421789, 1846.6985919444962, 1806.4575153066285, 1677.064341180342, 1702.4797246152093, 1711.5132338625147, 1636.3951999253816, 1555.120730877752, 1543.0658562854412, 1499.9674089674336, 1487.420527343441, 1488.463686047562, 1474.642155474967, 1482.4307336870233], [1889.5250431788975, 1965.6526057985886, 1882.8756251987147, 1814.9064661002592, 1767.3039518003332, 1656.5443736980678, 1595.422120925859, 1592.1256074839328, 1869.504650219915, 1848.8559521611899, 1866.1200658264522, 2065.6949853554224, 1962.6177155734008, 1869.9740301754323, 1865.022170090299, 1781.9764600855428, 1813.521038021697, 1807.820544302197, 1766.4306290744564, 1653.1584555840668, 1603.223883581974, 1577.377475103662, 1550.4340201201385, 1561.218075106442, 1583.0140757612924, 1573.82366416484], [1888.4384405086118, 1966.2704602594424, 1883.9007740044594, 1819.3818653640114, 1753.090370896296, 1642.7265025394777, 1571.618383406684, 1585.2931299616555, 1867.604739337049, 1868.8524484887503, 1843.3831721421789, 1962.6177155734008, 2067.903289541083, 1853.2594253592881, 1880.7302329522436, 1800.5393847980702, 1821.813637855237, 1784.0859798496076, 1746.8687856870074, 1641.1397153739108, 1574.28185069051, 1544.2055328507304, 1533.513212282855, 1548.791194945593, 1577.7559474142845, 1577.951337158079], [1831.1089015928198, 1883.9007729496266, 1960.318482956203, 1879.8909031824041, 1825.1172439809188, 1741.3866427543383, 1693.1128756859755, 1702.435755060904, 1780.625117639853, 1805.0028732425017, 1846.6985919444962, 1869.9740301754323, 1853.2594253592881, 2058.2277793762273, 1966.5754511984262, 1864.8604436176406, 1854.5950856266766, 1852.706590174169, 1805.1715492292944, 1723.1058218950266, 1687.6561633650679, 1671.0309383529686, 1674.2258142752833, 1701.9447025049305, 1671.1897794847637, 1696.592903004735], [1816.0537380750275, 1888.7255493285074, 1969.7477761139169, 1893.5963576529732, 1768.8382073142989, 1666.8677435353372, 1602.4746773200718, 1616.7133335086678, 1762.252172226396, 1804.7094761235753, 1806.4575153066285, 1865.022170090299, 1880.7302329522436, 1966.5754511984262, 2076.0887584844063, 1909.8717989861336, 1900.7765041608156, 1765.7304982886562, 1748.3378668942955, 1656.8141477417375, 1584.5677451102968, 1586.6922791904299, 1578.9583406667527, 1597.7874653554643, 1591.463490810481, 1615.3136991506915], [1693.0592779596523, 1795.3927714755264, 1888.763459085509, 1960.9261176457692, 1875.6874533671623, 1798.2270247411495, 1736.0526395876793, 1739.7360228850948, 1643.8559279454844, 1666.3859104129062, 1677.064341180342, 1781.9764600855428, 1800.5393847980702, 1864.8604436176406, 1909.8717989861336, 2062.6634182955186, 1965.6706111004155, 1850.7156802506033, 1879.5375704042851, 1808.5700684497278, 1704.577341468462, 1724.0260419865238, 1722.4826349524467, 1706.3351719429406, 1727.735888770652, 1731.7794284504132], [1718.4027621770074, 1816.6066673418595, 1888.9902488618113, 1963.1158438311888, 1880.5788154356492, 1790.111040809268, 1734.3681463479359, 1710.247083953658, 1667.9244992797933, 1696.4926188049722, 1702.4797246152093, 1813.521038021697, 1821.813637855237, 1854.5950856266766, 1900.7765041608156, 1965.6706111004155, 2065.947227067088, 1874.4529549913893, 1878.6931935066177, 1803.7861031782786, 1715.1754148159716, 1723.6015875782398, 1711.5702070742968, 1673.0434560378797, 1692.2652737209523, 1695.8365106638266], [1703.4565835898563, 1787.6314569827218, 1825.9559057247145, 1879.7531357870043, 1951.808615466475, 1864.5511453472504, 1810.3011933295513, 1796.6836755508361, 1650.4505672460855, 1670.3517794238276, 1711.5132338625147, 1807.820544302197, 1784.0859798496076, 1852.706590174169, 1765.7304982886562, 1850.7156802506033, 1874.4529549913893, 2057.953836785871, 1959.5033785746878, 1867.171518432299, 1823.1194103690314, 1782.5318764533213, 1772.4349321103125, 1777.7510597841554, 1781.7580398206755, 1768.8492590987103], [1637.1849454760156, 1744.0966376574975, 1797.4992186821164, 1882.1471676328783, 1951.3097803208484, 1860.6804249272664, 1797.7465052354296, 1809.124830517576, 1586.2791623275352, 1596.7930054984913, 1636.3951999253816, 1766.4306290744564, 1746.8687856870074, 1805.1715492292944, 1748.3378668942955, 1879.5375704042851, 1878.6931935066177, 1959.5033785746878, 2056.6990912275205, 1854.1633143985453, 1800.6197295152292, 1764.627543601417, 1769.104154228804, 1777.0833908381082, 1808.6242293316623, 1790.7851880241276], [1568.0324098724611, 1647.6349615214865, 1709.1025484238799, 1802.068182127774, 1866.2324468559634, 1926.792231946029, 1868.5000219195026, 1868.271237377361, 1538.066270580145, 1540.198335754689, 1555.120730877752, 1653.1584555840668, 1641.1397153739108, 1723.1058218950266, 1656.8141477417375, 1808.5700684497278, 1803.7861031782786, 1867.171518432299, 1854.1633143985453, 2038.970560448195, 1845.3595522359565, 1857.853501365926, 1840.661875109997, 1841.9990230234357, 1866.1788838693292, 1834.1870844222667], [1533.9665230932922, 1594.4823698501223, 1649.6939873069734, 1721.3315903699302, 1804.3125215637597, 1853.297894646948, 1953.7206346509467, 1783.223871922258, 1499.128820412467, 1501.5104171017915, 1543.0658562854412, 1603.223883581974, 1574.28185069051, 1687.6561633650679, 1584.5677451102968, 1704.577341468462, 1715.1754148159716, 1823.1194103690314, 1800.6197295152292, 1845.3595522359565, 2050.0807777194723, 1939.7901010748515, 1935.2556564685008, 1777.9810531267624, 1739.5921879491254, 1767.7021837002458], [1498.9382355179998, 1568.2769420420805, 1639.1915207019154, 1721.7313628635634, 1782.1339207126357, 1849.966634247987, 1949.6598662498059, 1780.1370439922564, 1464.0316549930637, 1468.7588551150693, 1499.9674089674336, 1577.377475103662, 1544.2055328507304, 1671.0309383529686, 1586.6922791904299, 1724.0260419865238, 1723.6015875782398, 1782.5318764533213, 1764.627543601417, 1857.853501365926, 1939.7901010748515, 2040.4227972841015, 1931.3063227036498, 1761.1929121071416, 1736.2467238427082, 1778.5937847835344], [1485.2637945272782, 1553.4445984615586, 1633.5608947585818, 1715.8682497684642, 1778.1504279390836, 1845.608052966143, 1945.1404084087371, 1790.9168890647131, 1446.8388805663212, 1458.637882811684, 1487.420527343441, 1550.4340201201385, 1533.513212282855, 1674.2258142752833, 1578.9583406667527, 1722.4826349524467, 1711.5702070742968, 1772.4349321103125, 1769.104154228804, 1840.661875109997, 1935.2556564685008, 1931.3063227036498, 2032.3278130842489, 1789.7836233895855, 1750.958225680491, 1777.6945854154503], [1494.8239196294344, 1565.9737965877127, 1646.8895239861038, 1703.7391092079201, 1779.122160131115, 1846.6397050815165, 1793.8729265517866, 1943.9490951599582, 1460.0692277199776, 1470.139352619746, 1488.463686047562, 1561.218075106442, 1548.791194945593, 1701.9447025049305, 1597.7874653554643, 1706.3351719429406, 1673.0434560378797, 1777.7510597841554, 1777.0833908381082, 1841.9990230234357, 1777.9810531267624, 1761.1929121071416, 1789.7836233895855, 2033.900029389847, 1932.9776309920833, 1926.915922566049], [1489.911192869192, 1577.7078890258706, 1642.1576013602707, 1717.1475417051993, 1793.408983867682, 1851.7188071133194, 1766.8993461674736, 1948.8417413982738, 1456.2669105755401, 1461.1335011843578, 1474.642155474967, 1583.0140757612924, 1577.7559474142845, 1671.1897794847637, 1591.463490810481, 1727.735888770652, 1692.2652737209523, 1781.7580398206755, 1808.6242293316623, 1866.1788838693292, 1739.5921879491254, 1736.2467238427082, 1750.958225680491, 1932.9776309920833, 2043.1260820096172, 1931.0595829620563], [1491.2147566225856, 1578.8048259993075, 1657.0578736713046, 1720.753625205036, 1784.249736385001, 1844.8758573317439, 1792.1972750725508, 1942.2264690925506, 1451.8779665405411, 1461.5900001038665, 1482.4307336870233, 1573.82366416484, 1577.951337158079, 1696.592903004735, 1615.3136991506915, 1731.7794284504132, 1695.8365106638266, 1768.8492590987103, 1790.7851880241276, 1834.1870844222667, 1767.7021837002458, 1778.5937847835344, 1777.6945854154503, 1926.915922566049, 1931.0595829620563, 2031.166660367172], [3.1065357998469127, 4.654322228919503, 5.123024041458204, 5.546504887320367, 5.402129614491112, 4.906379868143532, 3.5712622975132025, 3.7019996242475695, 2.7222978117393275, 2.8829211986955654, 2.883488661880368, 4.84012181470956, 4.9783367595110075, 5.15303373668388, 5.046913881547692, 5.706219283208685, 5.73550951715305, 5.7236553841435285, 5.4278187656026535, 5.707773386786944, 3.4472949621227666, 3.3673740896866744, 3.3542664823574, 3.3630672879338523, 3.773257872997718, 3.4682767373283863]]}}