{"resp_b": 0.1, "restrained_fit": true, "exclude_hydrogens": true, "convergence_tolerance": 1e-06, "max_iter": 500, "resp_a": 0.0005, "charge_constraints": {"charge_sum_constraints": [], "charge_equivalence_constraints": [], "molecules": [{"qcmol": {"schema_name": "qcschema_molecule", "schema_version": 2, "validated": true, "symbols": ["C", "C", "C", "C", "C", "C", "C", "C", "F", "H", "H", "H", "H", "H", "H", "H", "H", "H", "H", "H", "H", "H", "H", "H", "H", "H"], "geometry": [[0.0, 0.0, 0.0], [2.8906715399499023, 5.645062772325091e-17, -3.9629622506739696e-16], [4.08903530009195, 2.639963016465999, 0.0], [3.4754845718633254, 4.32122551559112, 2.2848414215374486], [4.215358966060551, 3.277249601452972, 4.887982148621424], [7.060359619268652, 2.8583974025934245, 5.2392586225644475], [7.813589802104854, 1.847052289001872, 7.848389277574016], [7.415305935590161, 3.7108781995001516, 9.988549555205855], [8.309362173706772, 2.675857070907682, 12.194970809939775], [-0.7684957084581776, 0.8036921050757153, 1.7230305140151096], [-0.7379680247884239, 1.086608681825093, -1.5785638042829715], [-0.7282937059220609, -1.9108164406069, -0.16428706040279162], [3.550590699124826, -0.9961962572571033, -1.6713069944700343], [3.572091009087743, -1.0856317126084247, 1.6051850080679966], [3.4804527074109144, 3.63333029844427, -1.6947514480023387], [6.124844906777258, 2.4359664077547096, -0.17583019039826286], [4.412760582123721, 6.131649221666756, 2.0140843801107584], [1.4639433279153806, 4.732894991459088, 2.3018918768098118], [3.533617521597383, 4.603263642660732, 6.301082367380855], [3.22502148290986, 1.5131716006229694, 5.248985594239142], [7.731860150462141, 1.5232646004864847, 3.8350559111837947], [8.060166828007375, 4.619880487902103, 4.871706766800921], [9.802794505046485, 1.341983855806605, 7.836600696356163], [6.77200369664382, 0.12833354492915383, 8.271406275176677], [5.44199247217255, 4.156534017936837, 10.280484830303932], [8.440292684849924, 5.452833008190707, 9.657682196591406]], "name": "C8FH17", "identifiers": {"molecule_hash": "447ce0c4048344036ed53e02eed8a3debb2b65ef", "molecular_formula": "C8FH17"}, "molecular_charge": 0.0, "molecular_multiplicity": 1, "connectivity": [[0, 1, 1.0], [0, 9, 1.0], [0, 10, 1.0], [0, 11, 1.0], [1, 2, 1.0], [1, 12, 1.0], [1, 13, 1.0], [2, 3, 1.0], [2, 14, 1.0], [2, 15, 1.0], [3, 4, 1.0], [3, 16, 1.0], [3, 17, 1.0], [4, 5, 1.0], [4, 18, 1.0], [4, 19, 1.0], [5, 6, 1.0], [5, 20, 1.0], [5, 21, 1.0], [6, 7, 1.0], [6, 22, 1.0], [6, 23, 1.0], [7, 8, 1.0], [7, 24, 1.0], [7, 25, 1.0]], "fix_com": true, "fix_orientation": true, "provenance": {"creator": "QCElemental", "version": "v0.22.0", "routine": "qcelemental.molparse.from_schema"}, "id": "97968"}, "charge": 0, "optimize_geometry": false, "conformers": [], "conformer_generation_options": {"n_conformer_pool": 4000, "n_max_conformers": 0, "rms_tolerance": 0.05, "energy_window": 15, "keep_original_conformer": true}, "stage_1_unrestrained_charges": null, "stage_1_restrained_charges": null, "stage_2_unrestrained_charges": null, "stage_2_restrained_charges": null, "keep_original_orientation": false, "reorientations": [], "translations": [], "rotations": []}], "unconstrained_atoms": [{"index": 0, "molecule": {"qcmol": {"schema_name": "qcschema_molecule", "schema_version": 2, "validated": true, "symbols": ["C", "C", "C", "C", "C", "C", "C", "C", "F", "H", "H", "H", "H", "H", "H", "H", "H", "H", "H", "H", "H", "H", "H", "H", "H", "H"], "geometry": [[0.0, 0.0, 0.0], [2.8906715399499023, 5.645062772325091e-17, -3.9629622506739696e-16], [4.08903530009195, 2.639963016465999, 0.0], [3.4754845718633254, 4.32122551559112, 2.2848414215374486], [4.215358966060551, 3.277249601452972, 4.887982148621424], [7.060359619268652, 2.8583974025934245, 5.2392586225644475], [7.813589802104854, 1.847052289001872, 7.848389277574016], [7.415305935590161, 3.7108781995001516, 9.988549555205855], [8.309362173706772, 2.675857070907682, 12.194970809939775], [-0.7684957084581776, 0.8036921050757153, 1.7230305140151096], [-0.7379680247884239, 1.086608681825093, -1.5785638042829715], [-0.7282937059220609, -1.9108164406069, -0.16428706040279162], [3.550590699124826, -0.9961962572571033, -1.6713069944700343], [3.572091009087743, -1.0856317126084247, 1.6051850080679966], [3.4804527074109144, 3.63333029844427, -1.6947514480023387], [6.124844906777258, 2.4359664077547096, -0.17583019039826286], [4.412760582123721, 6.131649221666756, 2.0140843801107584], [1.4639433279153806, 4.732894991459088, 2.3018918768098118], [3.533617521597383, 4.603263642660732, 6.301082367380855], [3.22502148290986, 1.5131716006229694, 5.248985594239142], [7.731860150462141, 1.5232646004864847, 3.8350559111837947], [8.060166828007375, 4.619880487902103, 4.871706766800921], [9.802794505046485, 1.341983855806605, 7.836600696356163], [6.77200369664382, 0.12833354492915383, 8.271406275176677], [5.44199247217255, 4.156534017936837, 10.280484830303932], [8.440292684849924, 5.452833008190707, 9.657682196591406]], "name": "C8FH17", "identifiers": {"molecule_hash": "447ce0c4048344036ed53e02eed8a3debb2b65ef", "molecular_formula": "C8FH17"}, "molecular_charge": 0.0, "molecular_multiplicity": 1, "connectivity": [[0, 1, 1.0], [0, 9, 1.0], [0, 10, 1.0], [0, 11, 1.0], [1, 2, 1.0], [1, 12, 1.0], [1, 13, 1.0], [2, 3, 1.0], [2, 14, 1.0], [2, 15, 1.0], [3, 4, 1.0], [3, 16, 1.0], [3, 17, 1.0], [4, 5, 1.0], [4, 18, 1.0], [4, 19, 1.0], [5, 6, 1.0], [5, 20, 1.0], [5, 21, 1.0], [6, 7, 1.0], [6, 22, 1.0], [6, 23, 1.0], [7, 8, 1.0], [7, 24, 1.0], [7, 25, 1.0]], "fix_com": true, "fix_orientation": true, "provenance": {"creator": "QCElemental", "version": "v0.22.0", "routine": "qcelemental.molparse.from_schema"}, "id": "97968"}, "charge": 0, "optimize_geometry": false, "conformers": [], "conformer_generation_options": {"n_conformer_pool": 4000, "n_max_conformers": 0, "rms_tolerance": 0.05, "energy_window": 15, "keep_original_conformer": true}, "stage_1_unrestrained_charges": null, "stage_1_restrained_charges": null, "stage_2_unrestrained_charges": null, "stage_2_restrained_charges": null, "keep_original_orientation": false, "reorientations": [], "translations": [], "rotations": []}}, {"index": 1, "molecule": {"qcmol": {"schema_name": "qcschema_molecule", "schema_version": 2, "validated": true, "symbols": ["C", "C", "C", "C", "C", "C", "C", "C", "F", "H", "H", "H", "H", "H", "H", "H", "H", "H", "H", "H", "H", "H", "H", "H", "H", "H"], "geometry": [[0.0, 0.0, 0.0], [2.8906715399499023, 5.645062772325091e-17, -3.9629622506739696e-16], [4.08903530009195, 2.639963016465999, 0.0], [3.4754845718633254, 4.32122551559112, 2.2848414215374486], [4.215358966060551, 3.277249601452972, 4.887982148621424], [7.060359619268652, 2.8583974025934245, 5.2392586225644475], [7.813589802104854, 1.847052289001872, 7.848389277574016], [7.415305935590161, 3.7108781995001516, 9.988549555205855], [8.309362173706772, 2.675857070907682, 12.194970809939775], [-0.7684957084581776, 0.8036921050757153, 1.7230305140151096], [-0.7379680247884239, 1.086608681825093, -1.5785638042829715], [-0.7282937059220609, -1.9108164406069, -0.16428706040279162], [3.550590699124826, -0.9961962572571033, -1.6713069944700343], [3.572091009087743, -1.0856317126084247, 1.6051850080679966], [3.4804527074109144, 3.63333029844427, -1.6947514480023387], [6.124844906777258, 2.4359664077547096, -0.17583019039826286], [4.412760582123721, 6.131649221666756, 2.0140843801107584], [1.4639433279153806, 4.732894991459088, 2.3018918768098118], [3.533617521597383, 4.603263642660732, 6.301082367380855], [3.22502148290986, 1.5131716006229694, 5.248985594239142], [7.731860150462141, 1.5232646004864847, 3.8350559111837947], [8.060166828007375, 4.619880487902103, 4.871706766800921], [9.802794505046485, 1.341983855806605, 7.836600696356163], [6.77200369664382, 0.12833354492915383, 8.271406275176677], [5.44199247217255, 4.156534017936837, 10.280484830303932], [8.440292684849924, 5.452833008190707, 9.657682196591406]], "name": "C8FH17", "identifiers": {"molecule_hash": "447ce0c4048344036ed53e02eed8a3debb2b65ef", "molecular_formula": "C8FH17"}, "molecular_charge": 0.0, "molecular_multiplicity": 1, "connectivity": [[0, 1, 1.0], [0, 9, 1.0], [0, 10, 1.0], [0, 11, 1.0], [1, 2, 1.0], [1, 12, 1.0], [1, 13, 1.0], [2, 3, 1.0], [2, 14, 1.0], [2, 15, 1.0], [3, 4, 1.0], [3, 16, 1.0], [3, 17, 1.0], [4, 5, 1.0], [4, 18, 1.0], [4, 19, 1.0], [5, 6, 1.0], [5, 20, 1.0], [5, 21, 1.0], [6, 7, 1.0], [6, 22, 1.0], [6, 23, 1.0], [7, 8, 1.0], [7, 24, 1.0], [7, 25, 1.0]], "fix_com": true, "fix_orientation": true, "provenance": {"creator": "QCElemental", "version": "v0.22.0", "routine": "qcelemental.molparse.from_schema"}, "id": "97968"}, "charge": 0, "optimize_geometry": false, "conformers": [], "conformer_generation_options": {"n_conformer_pool": 4000, "n_max_conformers": 0, "rms_tolerance": 0.05, "energy_window": 15, "keep_original_conformer": true}, "stage_1_unrestrained_charges": null, "stage_1_restrained_charges": null, "stage_2_unrestrained_charges": null, "stage_2_restrained_charges": null, "keep_original_orientation": false, "reorientations": [], "translations": [], "rotations": []}}, {"index": 2, "molecule": {"qcmol": {"schema_name": "qcschema_molecule", "schema_version": 2, "validated": true, "symbols": ["C", "C", "C", "C", "C", "C", "C", "C", "F", "H", "H", "H", "H", "H", "H", "H", "H", "H", "H", "H", "H", "H", "H", "H", "H", "H"], "geometry": [[0.0, 0.0, 0.0], [2.8906715399499023, 5.645062772325091e-17, -3.9629622506739696e-16], [4.08903530009195, 2.639963016465999, 0.0], [3.4754845718633254, 4.32122551559112, 2.2848414215374486], [4.215358966060551, 3.277249601452972, 4.887982148621424], [7.060359619268652, 2.8583974025934245, 5.2392586225644475], [7.813589802104854, 1.847052289001872, 7.848389277574016], [7.415305935590161, 3.7108781995001516, 9.988549555205855], [8.309362173706772, 2.675857070907682, 12.194970809939775], [-0.7684957084581776, 0.8036921050757153, 1.7230305140151096], [-0.7379680247884239, 1.086608681825093, -1.5785638042829715], [-0.7282937059220609, -1.9108164406069, -0.16428706040279162], [3.550590699124826, -0.9961962572571033, -1.6713069944700343], [3.572091009087743, -1.0856317126084247, 1.6051850080679966], [3.4804527074109144, 3.63333029844427, -1.6947514480023387], [6.124844906777258, 2.4359664077547096, -0.17583019039826286], [4.412760582123721, 6.131649221666756, 2.0140843801107584], [1.4639433279153806, 4.732894991459088, 2.3018918768098118], [3.533617521597383, 4.603263642660732, 6.301082367380855], [3.22502148290986, 1.5131716006229694, 5.248985594239142], [7.731860150462141, 1.5232646004864847, 3.8350559111837947], [8.060166828007375, 4.619880487902103, 4.871706766800921], [9.802794505046485, 1.341983855806605, 7.836600696356163], [6.77200369664382, 0.12833354492915383, 8.271406275176677], [5.44199247217255, 4.156534017936837, 10.280484830303932], [8.440292684849924, 5.452833008190707, 9.657682196591406]], "name": "C8FH17", "identifiers": {"molecule_hash": "447ce0c4048344036ed53e02eed8a3debb2b65ef", "molecular_formula": "C8FH17"}, "molecular_charge": 0.0, "molecular_multiplicity": 1, "connectivity": [[0, 1, 1.0], [0, 9, 1.0], [0, 10, 1.0], [0, 11, 1.0], [1, 2, 1.0], [1, 12, 1.0], [1, 13, 1.0], [2, 3, 1.0], [2, 14, 1.0], [2, 15, 1.0], [3, 4, 1.0], [3, 16, 1.0], [3, 17, 1.0], [4, 5, 1.0], [4, 18, 1.0], [4, 19, 1.0], [5, 6, 1.0], [5, 20, 1.0], [5, 21, 1.0], [6, 7, 1.0], [6, 22, 1.0], [6, 23, 1.0], [7, 8, 1.0], [7, 24, 1.0], [7, 25, 1.0]], "fix_com": true, "fix_orientation": true, "provenance": {"creator": "QCElemental", "version": "v0.22.0", "routine": "qcelemental.molparse.from_schema"}, "id": "97968"}, "charge": 0, "optimize_geometry": false, "conformers": [], "conformer_generation_options": {"n_conformer_pool": 4000, "n_max_conformers": 0, "rms_tolerance": 0.05, "energy_window": 15, "keep_original_conformer": true}, "stage_1_unrestrained_charges": null, "stage_1_restrained_charges": null, "stage_2_unrestrained_charges": null, "stage_2_restrained_charges": null, "keep_original_orientation": false, "reorientations": [], "translations": [], "rotations": []}}, {"index": 3, "molecule": {"qcmol": {"schema_name": "qcschema_molecule", "schema_version": 2, "validated": true, "symbols": ["C", "C", "C", "C", "C", "C", "C", "C", "F", "H", "H", "H", "H", "H", "H", "H", "H", "H", "H", "H", "H", "H", "H", "H", "H", "H"], "geometry": [[0.0, 0.0, 0.0], [2.8906715399499023, 5.645062772325091e-17, -3.9629622506739696e-16], [4.08903530009195, 2.639963016465999, 0.0], [3.4754845718633254, 4.32122551559112, 2.2848414215374486], [4.215358966060551, 3.277249601452972, 4.887982148621424], [7.060359619268652, 2.8583974025934245, 5.2392586225644475], [7.813589802104854, 1.847052289001872, 7.848389277574016], [7.415305935590161, 3.7108781995001516, 9.988549555205855], [8.309362173706772, 2.675857070907682, 12.194970809939775], [-0.7684957084581776, 0.8036921050757153, 1.7230305140151096], [-0.7379680247884239, 1.086608681825093, -1.5785638042829715], [-0.7282937059220609, -1.9108164406069, -0.16428706040279162], [3.550590699124826, -0.9961962572571033, -1.6713069944700343], [3.572091009087743, -1.0856317126084247, 1.6051850080679966], [3.4804527074109144, 3.63333029844427, -1.6947514480023387], [6.124844906777258, 2.4359664077547096, -0.17583019039826286], [4.412760582123721, 6.131649221666756, 2.0140843801107584], [1.4639433279153806, 4.732894991459088, 2.3018918768098118], [3.533617521597383, 4.603263642660732, 6.301082367380855], [3.22502148290986, 1.5131716006229694, 5.248985594239142], [7.731860150462141, 1.5232646004864847, 3.8350559111837947], [8.060166828007375, 4.619880487902103, 4.871706766800921], [9.802794505046485, 1.341983855806605, 7.836600696356163], [6.77200369664382, 0.12833354492915383, 8.271406275176677], [5.44199247217255, 4.156534017936837, 10.280484830303932], [8.440292684849924, 5.452833008190707, 9.657682196591406]], "name": "C8FH17", "identifiers": {"molecule_hash": "447ce0c4048344036ed53e02eed8a3debb2b65ef", "molecular_formula": "C8FH17"}, "molecular_charge": 0.0, "molecular_multiplicity": 1, "connectivity": [[0, 1, 1.0], [0, 9, 1.0], [0, 10, 1.0], [0, 11, 1.0], [1, 2, 1.0], [1, 12, 1.0], [1, 13, 1.0], [2, 3, 1.0], [2, 14, 1.0], [2, 15, 1.0], [3, 4, 1.0], [3, 16, 1.0], [3, 17, 1.0], [4, 5, 1.0], [4, 18, 1.0], [4, 19, 1.0], [5, 6, 1.0], [5, 20, 1.0], [5, 21, 1.0], [6, 7, 1.0], [6, 22, 1.0], [6, 23, 1.0], [7, 8, 1.0], [7, 24, 1.0], [7, 25, 1.0]], "fix_com": true, "fix_orientation": true, "provenance": {"creator": "QCElemental", "version": "v0.22.0", "routine": "qcelemental.molparse.from_schema"}, "id": "97968"}, "charge": 0, "optimize_geometry": false, "conformers": [], "conformer_generation_options": {"n_conformer_pool": 4000, "n_max_conformers": 0, "rms_tolerance": 0.05, "energy_window": 15, "keep_original_conformer": true}, "stage_1_unrestrained_charges": null, "stage_1_restrained_charges": null, "stage_2_unrestrained_charges": null, "stage_2_restrained_charges": null, "keep_original_orientation": false, "reorientations": [], "translations": [], "rotations": []}}, {"index": 4, "molecule": {"qcmol": {"schema_name": "qcschema_molecule", "schema_version": 2, "validated": true, "symbols": ["C", "C", "C", "C", "C", "C", "C", "C", "F", "H", "H", "H", "H", "H", "H", "H", "H", "H", "H", "H", "H", "H", "H", "H", "H", "H"], "geometry": [[0.0, 0.0, 0.0], [2.8906715399499023, 5.645062772325091e-17, -3.9629622506739696e-16], [4.08903530009195, 2.639963016465999, 0.0], [3.4754845718633254, 4.32122551559112, 2.2848414215374486], [4.215358966060551, 3.277249601452972, 4.887982148621424], [7.060359619268652, 2.8583974025934245, 5.2392586225644475], [7.813589802104854, 1.847052289001872, 7.848389277574016], [7.415305935590161, 3.7108781995001516, 9.988549555205855], [8.309362173706772, 2.675857070907682, 12.194970809939775], [-0.7684957084581776, 0.8036921050757153, 1.7230305140151096], [-0.7379680247884239, 1.086608681825093, -1.5785638042829715], [-0.7282937059220609, -1.9108164406069, -0.16428706040279162], [3.550590699124826, -0.9961962572571033, -1.6713069944700343], [3.572091009087743, -1.0856317126084247, 1.6051850080679966], [3.4804527074109144, 3.63333029844427, -1.6947514480023387], [6.124844906777258, 2.4359664077547096, -0.17583019039826286], [4.412760582123721, 6.131649221666756, 2.0140843801107584], [1.4639433279153806, 4.732894991459088, 2.3018918768098118], [3.533617521597383, 4.603263642660732, 6.301082367380855], [3.22502148290986, 1.5131716006229694, 5.248985594239142], [7.731860150462141, 1.5232646004864847, 3.8350559111837947], [8.060166828007375, 4.619880487902103, 4.871706766800921], [9.802794505046485, 1.341983855806605, 7.836600696356163], [6.77200369664382, 0.12833354492915383, 8.271406275176677], [5.44199247217255, 4.156534017936837, 10.280484830303932], [8.440292684849924, 5.452833008190707, 9.657682196591406]], "name": "C8FH17", "identifiers": {"molecule_hash": "447ce0c4048344036ed53e02eed8a3debb2b65ef", "molecular_formula": "C8FH17"}, "molecular_charge": 0.0, "molecular_multiplicity": 1, "connectivity": [[0, 1, 1.0], [0, 9, 1.0], [0, 10, 1.0], [0, 11, 1.0], [1, 2, 1.0], [1, 12, 1.0], [1, 13, 1.0], [2, 3, 1.0], [2, 14, 1.0], [2, 15, 1.0], [3, 4, 1.0], [3, 16, 1.0], [3, 17, 1.0], [4, 5, 1.0], [4, 18, 1.0], [4, 19, 1.0], [5, 6, 1.0], [5, 20, 1.0], [5, 21, 1.0], [6, 7, 1.0], [6, 22, 1.0], [6, 23, 1.0], [7, 8, 1.0], [7, 24, 1.0], [7, 25, 1.0]], "fix_com": true, "fix_orientation": true, "provenance": {"creator": "QCElemental", "version": "v0.22.0", "routine": "qcelemental.molparse.from_schema"}, "id": "97968"}, "charge": 0, "optimize_geometry": false, "conformers": [], "conformer_generation_options": {"n_conformer_pool": 4000, "n_max_conformers": 0, "rms_tolerance": 0.05, "energy_window": 15, "keep_original_conformer": true}, "stage_1_unrestrained_charges": null, "stage_1_restrained_charges": null, "stage_2_unrestrained_charges": null, "stage_2_restrained_charges": null, "keep_original_orientation": false, "reorientations": [], "translations": [], "rotations": []}}, {"index": 5, "molecule": {"qcmol": {"schema_name": "qcschema_molecule", "schema_version": 2, "validated": true, "symbols": ["C", "C", "C", "C", "C", "C", "C", "C", "F", "H", "H", "H", "H", "H", "H", "H", "H", "H", "H", "H", "H", "H", "H", "H", "H", "H"], "geometry": [[0.0, 0.0, 0.0], [2.8906715399499023, 5.645062772325091e-17, -3.9629622506739696e-16], [4.08903530009195, 2.639963016465999, 0.0], [3.4754845718633254, 4.32122551559112, 2.2848414215374486], [4.215358966060551, 3.277249601452972, 4.887982148621424], [7.060359619268652, 2.8583974025934245, 5.2392586225644475], [7.813589802104854, 1.847052289001872, 7.848389277574016], [7.415305935590161, 3.7108781995001516, 9.988549555205855], [8.309362173706772, 2.675857070907682, 12.194970809939775], [-0.7684957084581776, 0.8036921050757153, 1.7230305140151096], [-0.7379680247884239, 1.086608681825093, -1.5785638042829715], [-0.7282937059220609, -1.9108164406069, -0.16428706040279162], [3.550590699124826, -0.9961962572571033, -1.6713069944700343], [3.572091009087743, -1.0856317126084247, 1.6051850080679966], [3.4804527074109144, 3.63333029844427, -1.6947514480023387], [6.124844906777258, 2.4359664077547096, -0.17583019039826286], [4.412760582123721, 6.131649221666756, 2.0140843801107584], [1.4639433279153806, 4.732894991459088, 2.3018918768098118], [3.533617521597383, 4.603263642660732, 6.301082367380855], [3.22502148290986, 1.5131716006229694, 5.248985594239142], [7.731860150462141, 1.5232646004864847, 3.8350559111837947], [8.060166828007375, 4.619880487902103, 4.871706766800921], [9.802794505046485, 1.341983855806605, 7.836600696356163], [6.77200369664382, 0.12833354492915383, 8.271406275176677], [5.44199247217255, 4.156534017936837, 10.280484830303932], [8.440292684849924, 5.452833008190707, 9.657682196591406]], "name": "C8FH17", "identifiers": {"molecule_hash": "447ce0c4048344036ed53e02eed8a3debb2b65ef", "molecular_formula": "C8FH17"}, "molecular_charge": 0.0, "molecular_multiplicity": 1, "connectivity": [[0, 1, 1.0], [0, 9, 1.0], [0, 10, 1.0], [0, 11, 1.0], [1, 2, 1.0], [1, 12, 1.0], [1, 13, 1.0], [2, 3, 1.0], [2, 14, 1.0], [2, 15, 1.0], [3, 4, 1.0], [3, 16, 1.0], [3, 17, 1.0], [4, 5, 1.0], [4, 18, 1.0], [4, 19, 1.0], [5, 6, 1.0], [5, 20, 1.0], [5, 21, 1.0], [6, 7, 1.0], [6, 22, 1.0], [6, 23, 1.0], [7, 8, 1.0], [7, 24, 1.0], [7, 25, 1.0]], "fix_com": true, "fix_orientation": true, "provenance": {"creator": "QCElemental", "version": "v0.22.0", "routine": "qcelemental.molparse.from_schema"}, "id": "97968"}, "charge": 0, "optimize_geometry": false, "conformers": [], "conformer_generation_options": {"n_conformer_pool": 4000, "n_max_conformers": 0, "rms_tolerance": 0.05, "energy_window": 15, "keep_original_conformer": true}, "stage_1_unrestrained_charges": null, "stage_1_restrained_charges": null, "stage_2_unrestrained_charges": null, "stage_2_restrained_charges": null, "keep_original_orientation": false, "reorientations": [], "translations": [], "rotations": []}}, {"index": 6, "molecule": {"qcmol": {"schema_name": "qcschema_molecule", "schema_version": 2, "validated": true, "symbols": ["C", "C", "C", "C", "C", "C", "C", "C", "F", "H", "H", "H", "H", "H", "H", "H", "H", "H", "H", "H", "H", "H", "H", "H", "H", "H"], "geometry": [[0.0, 0.0, 0.0], [2.8906715399499023, 5.645062772325091e-17, -3.9629622506739696e-16], [4.08903530009195, 2.639963016465999, 0.0], [3.4754845718633254, 4.32122551559112, 2.2848414215374486], [4.215358966060551, 3.277249601452972, 4.887982148621424], [7.060359619268652, 2.8583974025934245, 5.2392586225644475], [7.813589802104854, 1.847052289001872, 7.848389277574016], [7.415305935590161, 3.7108781995001516, 9.988549555205855], [8.309362173706772, 2.675857070907682, 12.194970809939775], [-0.7684957084581776, 0.8036921050757153, 1.7230305140151096], [-0.7379680247884239, 1.086608681825093, -1.5785638042829715], [-0.7282937059220609, -1.9108164406069, -0.16428706040279162], [3.550590699124826, -0.9961962572571033, -1.6713069944700343], [3.572091009087743, -1.0856317126084247, 1.6051850080679966], [3.4804527074109144, 3.63333029844427, -1.6947514480023387], [6.124844906777258, 2.4359664077547096, -0.17583019039826286], [4.412760582123721, 6.131649221666756, 2.0140843801107584], [1.4639433279153806, 4.732894991459088, 2.3018918768098118], [3.533617521597383, 4.603263642660732, 6.301082367380855], [3.22502148290986, 1.5131716006229694, 5.248985594239142], [7.731860150462141, 1.5232646004864847, 3.8350559111837947], [8.060166828007375, 4.619880487902103, 4.871706766800921], [9.802794505046485, 1.341983855806605, 7.836600696356163], [6.77200369664382, 0.12833354492915383, 8.271406275176677], [5.44199247217255, 4.156534017936837, 10.280484830303932], [8.440292684849924, 5.452833008190707, 9.657682196591406]], "name": "C8FH17", "identifiers": {"molecule_hash": "447ce0c4048344036ed53e02eed8a3debb2b65ef", "molecular_formula": "C8FH17"}, "molecular_charge": 0.0, "molecular_multiplicity": 1, "connectivity": [[0, 1, 1.0], [0, 9, 1.0], [0, 10, 1.0], [0, 11, 1.0], [1, 2, 1.0], [1, 12, 1.0], [1, 13, 1.0], [2, 3, 1.0], [2, 14, 1.0], [2, 15, 1.0], [3, 4, 1.0], [3, 16, 1.0], [3, 17, 1.0], [4, 5, 1.0], [4, 18, 1.0], [4, 19, 1.0], [5, 6, 1.0], [5, 20, 1.0], [5, 21, 1.0], [6, 7, 1.0], [6, 22, 1.0], [6, 23, 1.0], [7, 8, 1.0], [7, 24, 1.0], [7, 25, 1.0]], "fix_com": true, "fix_orientation": true, "provenance": {"creator": "QCElemental", "version": "v0.22.0", "routine": "qcelemental.molparse.from_schema"}, "id": "97968"}, "charge": 0, "optimize_geometry": false, "conformers": [], "conformer_generation_options": {"n_conformer_pool": 4000, "n_max_conformers": 0, "rms_tolerance": 0.05, "energy_window": 15, "keep_original_conformer": true}, "stage_1_unrestrained_charges": null, "stage_1_restrained_charges": null, "stage_2_unrestrained_charges": null, "stage_2_restrained_charges": null, "keep_original_orientation": false, "reorientations": [], "translations": [], "rotations": []}}, {"index": 7, "molecule": {"qcmol": {"schema_name": "qcschema_molecule", "schema_version": 2, "validated": true, "symbols": ["C", "C", "C", "C", "C", "C", "C", "C", "F", "H", "H", "H", "H", "H", "H", "H", "H", "H", "H", "H", "H", "H", "H", "H", "H", "H"], "geometry": [[0.0, 0.0, 0.0], [2.8906715399499023, 5.645062772325091e-17, -3.9629622506739696e-16], [4.08903530009195, 2.639963016465999, 0.0], [3.4754845718633254, 4.32122551559112, 2.2848414215374486], [4.215358966060551, 3.277249601452972, 4.887982148621424], [7.060359619268652, 2.8583974025934245, 5.2392586225644475], [7.813589802104854, 1.847052289001872, 7.848389277574016], [7.415305935590161, 3.7108781995001516, 9.988549555205855], [8.309362173706772, 2.675857070907682, 12.194970809939775], [-0.7684957084581776, 0.8036921050757153, 1.7230305140151096], [-0.7379680247884239, 1.086608681825093, -1.5785638042829715], [-0.7282937059220609, -1.9108164406069, -0.16428706040279162], [3.550590699124826, -0.9961962572571033, -1.6713069944700343], [3.572091009087743, -1.0856317126084247, 1.6051850080679966], [3.4804527074109144, 3.63333029844427, -1.6947514480023387], [6.124844906777258, 2.4359664077547096, -0.17583019039826286], [4.412760582123721, 6.131649221666756, 2.0140843801107584], [1.4639433279153806, 4.732894991459088, 2.3018918768098118], [3.533617521597383, 4.603263642660732, 6.301082367380855], [3.22502148290986, 1.5131716006229694, 5.248985594239142], [7.731860150462141, 1.5232646004864847, 3.8350559111837947], [8.060166828007375, 4.619880487902103, 4.871706766800921], [9.802794505046485, 1.341983855806605, 7.836600696356163], [6.77200369664382, 0.12833354492915383, 8.271406275176677], [5.44199247217255, 4.156534017936837, 10.280484830303932], [8.440292684849924, 5.452833008190707, 9.657682196591406]], "name": "C8FH17", "identifiers": {"molecule_hash": "447ce0c4048344036ed53e02eed8a3debb2b65ef", "molecular_formula": "C8FH17"}, "molecular_charge": 0.0, "molecular_multiplicity": 1, "connectivity": [[0, 1, 1.0], [0, 9, 1.0], [0, 10, 1.0], [0, 11, 1.0], [1, 2, 1.0], [1, 12, 1.0], [1, 13, 1.0], [2, 3, 1.0], [2, 14, 1.0], [2, 15, 1.0], [3, 4, 1.0], [3, 16, 1.0], [3, 17, 1.0], [4, 5, 1.0], [4, 18, 1.0], [4, 19, 1.0], [5, 6, 1.0], [5, 20, 1.0], [5, 21, 1.0], [6, 7, 1.0], [6, 22, 1.0], [6, 23, 1.0], [7, 8, 1.0], [7, 24, 1.0], [7, 25, 1.0]], "fix_com": true, "fix_orientation": true, "provenance": {"creator": "QCElemental", "version": "v0.22.0", "routine": "qcelemental.molparse.from_schema"}, "id": "97968"}, "charge": 0, "optimize_geometry": false, "conformers": [], "conformer_generation_options": {"n_conformer_pool": 4000, "n_max_conformers": 0, "rms_tolerance": 0.05, "energy_window": 15, "keep_original_conformer": true}, "stage_1_unrestrained_charges": null, "stage_1_restrained_charges": null, "stage_2_unrestrained_charges": null, "stage_2_restrained_charges": null, "keep_original_orientation": false, "reorientations": [], "translations": [], "rotations": []}}]}, "surface_constraints": {"matrix": [[920524962668891.5, 894416973550132.0, 864727856326252.2, 831600807512870.6, 800925561363027.9, 761091955637438.8, 739234674229955.1, 700525634565277.4, 664922383949797.0, 927312281000081.2, 926154664295680.1, 922970824738792.1, 891801055398872.9, 891103277842127.4, 867014519956650.9, 859734302264812.5, 817625257445762.8, 839559249257322.6, 792109346702124.4, 812803987899327.0, 749637284623318.8, 754246813201982.6, 755478038433095.4, 732581211810966.9, 693020197262286.0, 701354924965426.5], [894416973550132.0, 914629663634075.1, 894877097776703.1, 864948340381091.1, 836864081050565.5, 794089124067898.6, 766257415068719.5, 725680910406360.1, 692629534112147.8, 888624514016421.2, 887410428710702.9, 885469325731052.6, 925813520792289.5, 925654626907388.8, 895711177591296.5, 895433602641017.4, 855269957591842.1, 868328920457241.4, 831721683563135.8, 849309757268105.6, 783945682582885.6, 788148737857816.8, 781691814155036.2, 756720440414317.9, 714979417280598.9, 726379578497143.5], [864727856326252.2, 894877097776703.1, 918790503421088.4, 898445863701221.0, 868343889592176.0, 830428175064858.2, 806794323312678.1, 769502829308778.8, 737433982963661.2, 858157269314482.5, 867100995578522.5, 841260671924541.9, 892816692409267.1, 893349563652742.5, 932421886676689.1, 933001979851493.9, 900963950074878.2, 897892938676803.4, 864815710883735.8, 873017926475950.5, 818854736448781.1, 825336644085167.6, 822095815241106.5, 797162665907006.9, 758488962096769.8, 771928126361820.4], [831600807512870.6, 864948340381091.1, 898445863701221.0, 920357598999916.4, 899679663906946.4, 869938167854916.1, 841115388527507.4, 800910954859815.8, 768966281934447.4, 824327081763408.4, 835114546274006.9, 806140366530881.9, 864471575797946.5, 858691943717213.9, 899010971255391.1, 899865893844179.2, 935100619801933.0, 933339002217970.8, 900470934742329.6, 899456570242195.5, 858111126488710.5, 874634323232099.2, 851505215201789.1, 834328190481267.5, 789218592204953.8, 801091799831934.5], [800925561363027.9, 836864081050565.5, 868343889592176.0, 899679663906946.4, 921764327410651.4, 900873211551574.5, 869028395797358.9, 832384486545585.9, 810027921677990.1, 793109853791143.8, 803086208043060.4, 775840966195600.4, 842228529907866.6, 829127509957728.6, 866567914426155.4, 863844551189969.5, 900613184008544.8, 900241111582968.6, 935372181867181.9, 935460885612736.9, 900908850096479.9, 902193550078126.1, 868075013917717.4, 867715010731736.6, 816388768105169.2, 831488189460456.4], [761091955637438.8, 794089124067898.6, 830428175064858.2, 869938167854916.1, 900873211551574.5, 921538107732432.0, 899203143412185.9, 868544410913652.6, 848863959501013.5, 753529771802047.5, 763535740942968.4, 738209341846704.5, 796959893936031.8, 783331631079917.5, 828987065419716.1, 824359470615240.8, 876289596489376.9, 866093242566545.0, 901446926279509.4, 901860991725012.0, 933933205265294.4, 935965848572498.1, 898529801802459.1, 898826303590762.5, 850992901904627.0, 870592168465892.0], [739234674229955.1, 766257415068719.5, 806794323312678.1, 841115388527507.4, 869028395797358.9, 899203143412185.9, 920788093586986.2, 899646733474228.8, 880033173829297.4, 737852011184229.6, 739722608692318.6, 716927419401308.5, 762721708725829.9, 754356504200685.2, 808885736829335.4, 805118025014935.2, 847256387416269.1, 835566884635629.9, 860328930487558.5, 869962071296750.5, 898760470987745.4, 900015161770124.2, 933938758425541.1, 933842762581273.2, 894039277273834.5, 895361462632223.9], [700525634565277.4, 725680910406360.1, 769502829308778.8, 800910954859815.8, 832384486545585.9, 868544410913652.6, 899646733474228.8, 922398630975734.9, 913363508808836.2, 699835540926122.8, 701516310911867.6, 678551703580146.6, 719277373539391.1, 713116040565117.1, 774888724220588.9, 770549059115828.9, 805936632220298.4, 791803207283327.5, 826283143335634.2, 830000803636122.5, 865583162610754.0, 870419977700076.4, 900890561240620.2, 898884455148158.2, 929372157525220.5, 931680123086130.4], [664922383949797.0, 692629534112147.8, 737433982963661.2, 768966281934447.4, 810027921677990.1, 848863959501013.5, 880033173829297.4, 913363508808836.2, 952815569177489.9, 661707951025733.5, 665225495852996.1, 644248298145761.8, 687288148490597.0, 681165494440384.5, 742558415229966.4, 739515106287636.1, 772106726517596.4, 755046247708197.1, 807074145169837.8, 811134484696972.6, 847692701585160.4, 851556774424787.5, 871954825868795.6, 880369685881845.1, 906631099706544.0, 909063537505064.4], [927312281000081.2, 888624514016421.2, 858157269314482.5, 824327081763408.4, 793109853791143.8, 753529771802047.5, 737852011184229.6, 699835540926122.8, 661707951025733.5, 970838317026102.9, 920348735221726.0, 916639593843459.2, 880186948717297.1, 882033230407355.2, 865163472153011.5, 848459993184558.4, 809858876012156.1, 832833200402709.2, 780870280841551.0, 807593511494688.4, 738937844577794.8, 745047471214242.8, 756728393179461.6, 733086567853266.4, 695078353610172.0, 700235096653693.5], [926154664295680.1, 887410428710702.9, 867100995578522.5, 835114546274006.9, 803086208043060.4, 763535740942968.4, 739722608692318.6, 701516310911867.6, 665225495852996.1, 920348735221726.0, 968856153424399.4, 915488888708989.1, 878814077458982.6, 872188832760463.4, 873140185399828.4, 863682807643363.5, 820867722404620.2, 845725681059156.0, 795437508615858.2, 812492491749234.2, 753996569788637.5, 756534240401046.4, 752614983394249.0, 734339311872726.2, 693267659338965.6, 704173824579260.5], [922970824738792.1, 885469325731052.6, 841260671924541.9, 806140366530881.9, 775840966195600.4, 738209341846704.5, 716927419401308.5, 678551703580146.6, 644248298145761.8, 916639593843459.2, 915488888708989.1, 961148822348062.5, 883115428347125.2, 885441022128991.5, 836060253781190.9, 835701538914022.6, 789811415560637.2, 814664254549918.2, 766569169516627.5, 786876100824043.5, 726950215283262.2, 732738766210793.2, 734541453961665.9, 709423830006383.1, 671717688312784.8, 677908990287747.0], [891801055398872.9, 925813520792289.5, 892816692409267.1, 864471575797946.5, 842228529907866.6, 796959893936031.8, 762721708725829.9, 719277373539391.1, 687288148490597.0, 880186948717297.1, 878814077458982.6, 883115428347125.2, 972308078872215.4, 923978806136665.6, 890126679970102.1, 884612451289767.9, 850023211580504.8, 868815681930189.6, 838844386055535.1, 859706123312768.8, 788521939239792.0, 792776800052275.4, 777686641352646.5, 751197641573263.2, 706015255041852.4, 719675011143704.5], [891103277842127.4, 925654626907388.8, 893349563652742.5, 858691943717213.9, 829127509957728.6, 783331631079917.5, 754356504200685.2, 713116040565117.1, 681165494440384.5, 882033230407355.2, 872188832760463.4, 885441022128991.5, 923978806136665.6, 971723223114990.2, 885613587507061.1, 896234345354138.9, 849030657920747.0, 859921488764768.0, 824116917633337.4, 842969266932273.9, 773654117434067.0, 775657129281744.8, 769104230207538.5, 745205764251314.0, 702698217212258.6, 712465827211244.9], [867014519956650.9, 895711177591296.5, 932421886676689.1, 899010971255391.1, 866567914426155.4, 828987065419716.1, 808885736829335.4, 774888724220588.9, 742558415229966.4, 865163472153011.5, 873140185399828.4, 836060253781190.9, 890126679970102.1, 885613587507061.1, 980025312731572.6, 934327341529644.0, 898732656501451.1, 892601330764997.4, 866136143729254.5, 866028543659650.4, 816390469183534.5, 822557583357275.8, 824593122798905.4, 799072346586416.9, 763922565304983.5, 779721277305750.5], [859734302264812.5, 895433602641017.4, 933001979851493.9, 899865893844179.2, 863844551189969.5, 824359470615240.8, 805118025014935.2, 770549059115828.9, 739515106287636.1, 848459993184558.4, 863682807643363.5, 835701538914022.6, 884612451289767.9, 896234345354138.9, 934327341529644.0, 981493426443114.5, 905481822310832.2, 890397163714642.1, 855556458619672.8, 870402741496065.9, 813069723510283.2, 814154626687039.2, 823439641517507.6, 793160649432482.5, 760358540206757.6, 773837935606897.0], [817625257445762.8, 855269957591842.1, 900963950074878.2, 935100619801933.0, 900613184008544.8, 876289596489376.9, 847256387416269.1, 805936632220298.4, 772106726517596.4, 809858876012156.1, 820867722404620.2, 789811415560637.2, 850023211580504.8, 849030657920747.0, 898732656501451.1, 905481822310832.2, 983468284432874.6, 936031158023607.6, 893008176661272.5, 892568329719457.6, 862706872558323.8, 886448532574907.2, 860588274325442.1, 838286629085152.9, 791931200657018.8, 809003663381876.1], [839559249257322.6, 868328920457241.4, 897892938676803.4, 933339002217970.8, 900241111582968.6, 866093242566545.0, 835566884635629.9, 791803207283327.5, 755046247708197.1, 832833200402709.2, 845725681059156.0, 814664254549918.2, 868815681930189.6, 859921488764768.0, 892601330764997.4, 890397163714642.1, 936031158023607.6, 980184553862863.4, 902518318169499.1, 892054717730727.1, 847624937096466.6, 875798000196926.9, 847494994562741.5, 829066400636829.0, 785426628846642.6, 787737636060178.2], [792109346702124.4, 831721683563135.8, 864815710883735.8, 900470934742329.6, 935372181867181.9, 901446926279509.4, 860328930487558.5, 826283143335634.2, 807074145169837.8, 780870280841551.0, 795437508615858.2, 766569169516627.5, 838844386055535.1, 824116917633337.4, 866136143729254.5, 855556458619672.8, 893008176661272.5, 902518318169499.1, 981975758578116.5, 937532495012280.2, 900621200374629.4, 900647791625153.1, 850898782373115.5, 858771998484746.5, 811419544705572.9, 824122829830298.5], [812803987899327.0, 849309757268105.6, 873017926475950.5, 899456570242195.5, 935460885612736.9, 901860991725012.0, 869962071296750.5, 830000803636122.5, 811134484696972.6, 807593511494688.4, 812492491749234.2, 786876100824043.5, 859706123312768.8, 842969266932273.9, 866028543659650.4, 870402741496065.9, 892568329719457.6, 892054717730727.1, 937532495012280.2, 983143413833741.0, 903173668263989.6, 891185841496952.5, 867379796867101.5, 872772053161908.8, 810502449546651.4, 827548855057685.0], [749637284623318.8, 783945682582885.6, 818854736448781.1, 858111126488710.5, 900908850096479.9, 933933205265294.4, 898760470987745.4, 865583162610754.0, 847692701585160.4, 738937844577794.8, 753996569788637.5, 726950215283262.2, 788521939239792.0, 773654117434067.0, 816390469183534.5, 813069723510283.2, 862706872558323.8, 847624937096466.6, 900621200374629.4, 903173668263989.6, 980158127013985.6, 935544584151151.6, 887171113752234.4, 900668860359012.8, 840263894163638.9, 872426893702178.6], [754246813201982.6, 788148737857816.8, 825336644085167.6, 874634323232099.2, 902193550078126.1, 935965848572498.1, 900015161770124.2, 870419977700076.4, 851556774424787.5, 745047471214242.8, 756534240401046.4, 732738766210793.2, 792776800052275.4, 775657129281744.8, 822557583357275.8, 814154626687039.2, 886448532574907.2, 875798000196926.9, 900647791625153.1, 891185841496952.5, 935544584151151.6, 985404959650598.1, 899501654546151.1, 887087130464332.5, 851125400266167.4, 874389556129608.5], [755478038433095.4, 781691814155036.2, 822095815241106.5, 851505215201789.1, 868075013917717.4, 898529801802459.1, 933938758425541.1, 900890561240620.2, 871954825868795.6, 756728393179461.6, 752614983394249.0, 734541453961665.9, 777686641352646.5, 769104230207538.5, 824593122798905.4, 823439641517507.6, 860588274325442.1, 847494994562741.5, 850898782373115.5, 867379796867101.5, 887171113752234.4, 899501654546151.1, 981236974353821.6, 934187499762225.0, 896023704293009.0, 893048065104485.4], [732581211810966.9, 756720440414317.9, 797162665907006.9, 834328190481267.5, 867715010731736.6, 898826303590762.5, 933842762581273.2, 898884455148158.2, 880369685881845.1, 733086567853266.4, 734339311872726.2, 709423830006383.1, 751197641573263.2, 745205764251314.0, 799072346586416.9, 793160649432482.5, 838286629085152.9, 829066400636829.0, 858771998484746.5, 872772053161908.8, 900668860359012.8, 887087130464332.5, 934187499762225.0, 981993606401200.9, 893428031652666.6, 882087049843954.1], [693020197262286.0, 714979417280598.9, 758488962096769.8, 789218592204953.8, 816388768105169.2, 850992901904627.0, 894039277273834.5, 929372157525220.5, 906631099706544.0, 695078353610172.0, 693267659338965.6, 671717688312784.8, 706015255041852.4, 702698217212258.6, 763922565304983.5, 760358540206757.6, 791931200657018.8, 785426628846642.6, 811419544705572.9, 810502449546651.4, 840263894163638.9, 851125400266167.4, 896023704293009.0, 893428031652666.6, 971377142047922.5, 924550042568404.9], [701354924965426.5, 726379578497143.5, 771928126361820.4, 801091799831934.5, 831488189460456.4, 870592168465892.0, 895361462632223.9, 931680123086130.4, 909063537505064.4, 700235096653693.5, 704173824579260.5, 677908990287747.0, 719675011143704.5, 712465827211244.9, 779721277305750.5, 773837935606897.0, 809003663381876.1, 787737636060178.2, 824122829830298.5, 827548855057685.0, 872426893702178.6, 874389556129608.5, 893048065104485.4, 882087049843954.1, 924550042568404.9, 977189459704434.6], [16827708964278.572, 16951871457152.44, 16605276640447.713, 16601834906346.814, 13037377686350.133, 10963588623312.143, 9706903969781.7