{"resp_b": 0.1, "restrained_fit": true, "exclude_hydrogens": true, "convergence_tolerance": 1e-06, "max_iter": 500, "resp_a": 0.0005, "charge_constraints": {"charge_sum_constraints": [], "charge_equivalence_constraints": [], "molecules": [{"qcmol": {"schema_name": "qcschema_molecule", "schema_version": 2, "validated": true, "symbols": ["C", "C", "C", "C", "C", "C", "C", "C", "F", "H", "H", "H", "H", "H", "H", "H", "H", "H", "H", "H", "H", "H", "H", "H", "H", "H"], "geometry": [[0.0, 0.0, 0.0], [2.8906715399499023, 5.645062772325091e-17, -3.9629622506739696e-16], [4.08903530009195, 2.639963016465999, 0.0], [3.4754845718633254, 4.32122551559112, 2.2848414215374486], [4.215358966060551, 3.277249601452972, 4.887982148621424], [7.060359619268652, 2.8583974025934245, 5.2392586225644475], [7.813589802104854, 1.847052289001872, 7.848389277574016], [7.415305935590161, 3.7108781995001516, 9.988549555205855], [8.309362173706772, 2.675857070907682, 12.194970809939775], [-0.7684957084581776, 0.8036921050757153, 1.7230305140151096], [-0.7379680247884239, 1.086608681825093, -1.5785638042829715], [-0.7282937059220609, -1.9108164406069, -0.16428706040279162], [3.550590699124826, -0.9961962572571033, -1.6713069944700343], [3.572091009087743, -1.0856317126084247, 1.6051850080679966], [3.4804527074109144, 3.63333029844427, -1.6947514480023387], [6.124844906777258, 2.4359664077547096, -0.17583019039826286], [4.412760582123721, 6.131649221666756, 2.0140843801107584], [1.4639433279153806, 4.732894991459088, 2.3018918768098118], [3.533617521597383, 4.603263642660732, 6.301082367380855], [3.22502148290986, 1.5131716006229694, 5.248985594239142], [7.731860150462141, 1.5232646004864847, 3.8350559111837947], [8.060166828007375, 4.619880487902103, 4.871706766800921], [9.802794505046485, 1.341983855806605, 7.836600696356163], [6.77200369664382, 0.12833354492915383, 8.271406275176677], [5.44199247217255, 4.156534017936837, 10.280484830303932], [8.440292684849924, 5.452833008190707, 9.657682196591406]], "name": "C8FH17", "identifiers": {"molecule_hash": "447ce0c4048344036ed53e02eed8a3debb2b65ef", "molecular_formula": "C8FH17"}, "molecular_charge": 0.0, "molecular_multiplicity": 1, "connectivity": [[0, 1, 1.0], [0, 9, 1.0], [0, 10, 1.0], [0, 11, 1.0], [1, 2, 1.0], [1, 12, 1.0], [1, 13, 1.0], [2, 3, 1.0], [2, 14, 1.0], [2, 15, 1.0], [3, 4, 1.0], [3, 16, 1.0], [3, 17, 1.0], [4, 5, 1.0], [4, 18, 1.0], [4, 19, 1.0], [5, 6, 1.0], [5, 20, 1.0], [5, 21, 1.0], [6, 7, 1.0], [6, 22, 1.0], [6, 23, 1.0], [7, 8, 1.0], [7, 24, 1.0], [7, 25, 1.0]], "fix_com": true, "fix_orientation": true, "provenance": {"creator": "QCElemental", "version": "v0.22.0", "routine": "qcelemental.molparse.from_schema"}, "id": "97968"}, "charge": 0, "optimize_geometry": false, "conformers": [], "conformer_generation_options": {"n_conformer_pool": 4000, "n_max_conformers": 0, "rms_tolerance": 0.05, "energy_window": 15, "keep_original_conformer": true}, "stage_1_unrestrained_charges": null, "stage_1_restrained_charges": null, "stage_2_unrestrained_charges": null, "stage_2_restrained_charges": null, "keep_original_orientation": false, "reorientations": [], "translations": [], "rotations": []}], "unconstrained_atoms": [{"index": 0, "molecule": {"qcmol": {"schema_name": "qcschema_molecule", "schema_version": 2, "validated": true, "symbols": ["C", "C", "C", "C", "C", "C", "C", "C", "F", "H", "H", "H", "H", "H", "H", "H", "H", "H", "H", "H", "H", "H", "H", "H", "H", "H"], "geometry": [[0.0, 0.0, 0.0], [2.8906715399499023, 5.645062772325091e-17, -3.9629622506739696e-16], [4.08903530009195, 2.639963016465999, 0.0], [3.4754845718633254, 4.32122551559112, 2.2848414215374486], [4.215358966060551, 3.277249601452972, 4.887982148621424], [7.060359619268652, 2.8583974025934245, 5.2392586225644475], [7.813589802104854, 1.847052289001872, 7.848389277574016], [7.415305935590161, 3.7108781995001516, 9.988549555205855], [8.309362173706772, 2.675857070907682, 12.194970809939775], [-0.7684957084581776, 0.8036921050757153, 1.7230305140151096], [-0.7379680247884239, 1.086608681825093, -1.5785638042829715], [-0.7282937059220609, -1.9108164406069, -0.16428706040279162], [3.550590699124826, -0.9961962572571033, -1.6713069944700343], [3.572091009087743, -1.0856317126084247, 1.6051850080679966], [3.4804527074109144, 3.63333029844427, -1.6947514480023387], [6.124844906777258, 2.4359664077547096, -0.17583019039826286], [4.412760582123721, 6.131649221666756, 2.0140843801107584], [1.4639433279153806, 4.732894991459088, 2.3018918768098118], [3.533617521597383, 4.603263642660732, 6.301082367380855], [3.22502148290986, 1.5131716006229694, 5.248985594239142], [7.731860150462141, 1.5232646004864847, 3.8350559111837947], [8.060166828007375, 4.619880487902103, 4.871706766800921], [9.802794505046485, 1.341983855806605, 7.836600696356163], [6.77200369664382, 0.12833354492915383, 8.271406275176677], [5.44199247217255, 4.156534017936837, 10.280484830303932], [8.440292684849924, 5.452833008190707, 9.657682196591406]], "name": "C8FH17", "identifiers": {"molecule_hash": "447ce0c4048344036ed53e02eed8a3debb2b65ef", "molecular_formula": "C8FH17"}, "molecular_charge": 0.0, "molecular_multiplicity": 1, "connectivity": [[0, 1, 1.0], [0, 9, 1.0], [0, 10, 1.0], [0, 11, 1.0], [1, 2, 1.0], [1, 12, 1.0], [1, 13, 1.0], [2, 3, 1.0], [2, 14, 1.0], [2, 15, 1.0], [3, 4, 1.0], [3, 16, 1.0], [3, 17, 1.0], [4, 5, 1.0], [4, 18, 1.0], [4, 19, 1.0], [5, 6, 1.0], [5, 20, 1.0], [5, 21, 1.0], [6, 7, 1.0], [6, 22, 1.0], [6, 23, 1.0], [7, 8, 1.0], [7, 24, 1.0], [7, 25, 1.0]], "fix_com": true, "fix_orientation": true, "provenance": {"creator": "QCElemental", "version": "v0.22.0", "routine": "qcelemental.molparse.from_schema"}, "id": "97968"}, "charge": 0, "optimize_geometry": false, "conformers": [], "conformer_generation_options": {"n_conformer_pool": 4000, "n_max_conformers": 0, "rms_tolerance": 0.05, "energy_window": 15, "keep_original_conformer": true}, "stage_1_unrestrained_charges": null, "stage_1_restrained_charges": null, "stage_2_unrestrained_charges": null, "stage_2_restrained_charges": null, "keep_original_orientation": false, "reorientations": [], "translations": [], "rotations": []}}, {"index": 1, "molecule": {"qcmol": {"schema_name": "qcschema_molecule", "schema_version": 2, "validated": true, "symbols": ["C", "C", "C", "C", "C", "C", "C", "C", "F", "H", "H", "H", "H", "H", "H", "H", "H", "H", "H", "H", "H", "H", "H", "H", "H", "H"], "geometry": [[0.0, 0.0, 0.0], [2.8906715399499023, 5.645062772325091e-17, -3.9629622506739696e-16], [4.08903530009195, 2.639963016465999, 0.0], [3.4754845718633254, 4.32122551559112, 2.2848414215374486], [4.215358966060551, 3.277249601452972, 4.887982148621424], [7.060359619268652, 2.8583974025934245, 5.2392586225644475], [7.813589802104854, 1.847052289001872, 7.848389277574016], [7.415305935590161, 3.7108781995001516, 9.988549555205855], [8.309362173706772, 2.675857070907682, 12.194970809939775], [-0.7684957084581776, 0.8036921050757153, 1.7230305140151096], [-0.7379680247884239, 1.086608681825093, -1.5785638042829715], [-0.7282937059220609, -1.9108164406069, -0.16428706040279162], [3.550590699124826, -0.9961962572571033, -1.6713069944700343], [3.572091009087743, -1.0856317126084247, 1.6051850080679966], [3.4804527074109144, 3.63333029844427, -1.6947514480023387], [6.124844906777258, 2.4359664077547096, -0.17583019039826286], [4.412760582123721, 6.131649221666756, 2.0140843801107584], [1.4639433279153806, 4.732894991459088, 2.3018918768098118], [3.533617521597383, 4.603263642660732, 6.301082367380855], [3.22502148290986, 1.5131716006229694, 5.248985594239142], [7.731860150462141, 1.5232646004864847, 3.8350559111837947], [8.060166828007375, 4.619880487902103, 4.871706766800921], [9.802794505046485, 1.341983855806605, 7.836600696356163], [6.77200369664382, 0.12833354492915383, 8.271406275176677], [5.44199247217255, 4.156534017936837, 10.280484830303932], [8.440292684849924, 5.452833008190707, 9.657682196591406]], "name": "C8FH17", "identifiers": {"molecule_hash": "447ce0c4048344036ed53e02eed8a3debb2b65ef", "molecular_formula": "C8FH17"}, "molecular_charge": 0.0, "molecular_multiplicity": 1, "connectivity": [[0, 1, 1.0], [0, 9, 1.0], [0, 10, 1.0], [0, 11, 1.0], [1, 2, 1.0], [1, 12, 1.0], [1, 13, 1.0], [2, 3, 1.0], [2, 14, 1.0], [2, 15, 1.0], [3, 4, 1.0], [3, 16, 1.0], [3, 17, 1.0], [4, 5, 1.0], [4, 18, 1.0], [4, 19, 1.0], [5, 6, 1.0], [5, 20, 1.0], [5, 21, 1.0], [6, 7, 1.0], [6, 22, 1.0], [6, 23, 1.0], [7, 8, 1.0], [7, 24, 1.0], [7, 25, 1.0]], "fix_com": true, "fix_orientation": true, "provenance": {"creator": "QCElemental", "version": "v0.22.0", "routine": "qcelemental.molparse.from_schema"}, "id": "97968"}, "charge": 0, "optimize_geometry": false, "conformers": [], "conformer_generation_options": {"n_conformer_pool": 4000, "n_max_conformers": 0, "rms_tolerance": 0.05, "energy_window": 15, "keep_original_conformer": true}, "stage_1_unrestrained_charges": null, "stage_1_restrained_charges": null, "stage_2_unrestrained_charges": null, "stage_2_restrained_charges": null, "keep_original_orientation": false, "reorientations": [], "translations": [], "rotations": []}}, {"index": 2, "molecule": {"qcmol": {"schema_name": "qcschema_molecule", "schema_version": 2, "validated": true, "symbols": ["C", "C", "C", "C", "C", "C", "C", "C", "F", "H", "H", "H", "H", "H", "H", "H", "H", "H", "H", "H", "H", "H", "H", "H", "H", "H"], "geometry": [[0.0, 0.0, 0.0], [2.8906715399499023, 5.645062772325091e-17, -3.9629622506739696e-16], [4.08903530009195, 2.639963016465999, 0.0], [3.4754845718633254, 4.32122551559112, 2.2848414215374486], [4.215358966060551, 3.277249601452972, 4.887982148621424], [7.060359619268652, 2.8583974025934245, 5.2392586225644475], [7.813589802104854, 1.847052289001872, 7.848389277574016], [7.415305935590161, 3.7108781995001516, 9.988549555205855], [8.309362173706772, 2.675857070907682, 12.194970809939775], [-0.7684957084581776, 0.8036921050757153, 1.7230305140151096], [-0.7379680247884239, 1.086608681825093, -1.5785638042829715], [-0.7282937059220609, -1.9108164406069, -0.16428706040279162], [3.550590699124826, -0.9961962572571033, -1.6713069944700343], [3.572091009087743, -1.0856317126084247, 1.6051850080679966], [3.4804527074109144, 3.63333029844427, -1.6947514480023387], [6.124844906777258, 2.4359664077547096, -0.17583019039826286], [4.412760582123721, 6.131649221666756, 2.0140843801107584], [1.4639433279153806, 4.732894991459088, 2.3018918768098118], [3.533617521597383, 4.603263642660732, 6.301082367380855], [3.22502148290986, 1.5131716006229694, 5.248985594239142], [7.731860150462141, 1.5232646004864847, 3.8350559111837947], [8.060166828007375, 4.619880487902103, 4.871706766800921], [9.802794505046485, 1.341983855806605, 7.836600696356163], [6.77200369664382, 0.12833354492915383, 8.271406275176677], [5.44199247217255, 4.156534017936837, 10.280484830303932], [8.440292684849924, 5.452833008190707, 9.657682196591406]], "name": "C8FH17", "identifiers": {"molecule_hash": "447ce0c4048344036ed53e02eed8a3debb2b65ef", "molecular_formula": "C8FH17"}, "molecular_charge": 0.0, "molecular_multiplicity": 1, "connectivity": [[0, 1, 1.0], [0, 9, 1.0], [0, 10, 1.0], [0, 11, 1.0], [1, 2, 1.0], [1, 12, 1.0], [1, 13, 1.0], [2, 3, 1.0], [2, 14, 1.0], [2, 15, 1.0], [3, 4, 1.0], [3, 16, 1.0], [3, 17, 1.0], [4, 5, 1.0], [4, 18, 1.0], [4, 19, 1.0], [5, 6, 1.0], [5, 20, 1.0], [5, 21, 1.0], [6, 7, 1.0], [6, 22, 1.0], [6, 23, 1.0], [7, 8, 1.0], [7, 24, 1.0], [7, 25, 1.0]], "fix_com": true, "fix_orientation": true, "provenance": {"creator": "QCElemental", "version": "v0.22.0", "routine": "qcelemental.molparse.from_schema"}, "id": "97968"}, "charge": 0, "optimize_geometry": false, "conformers": [], "conformer_generation_options": {"n_conformer_pool": 4000, "n_max_conformers": 0, "rms_tolerance": 0.05, "energy_window": 15, "keep_original_conformer": true}, "stage_1_unrestrained_charges": null, "stage_1_restrained_charges": null, "stage_2_unrestrained_charges": null, "stage_2_restrained_charges": null, "keep_original_orientation": false, "reorientations": [], "translations": [], "rotations": []}}, {"index": 3, "molecule": {"qcmol": {"schema_name": "qcschema_molecule", "schema_version": 2, "validated": true, "symbols": ["C", "C", "C", "C", "C", "C", "C", "C", "F", "H", "H", "H", "H", "H", "H", "H", "H", "H", "H", "H", "H", "H", "H", "H", "H", "H"], "geometry": [[0.0, 0.0, 0.0], [2.8906715399499023, 5.645062772325091e-17, -3.9629622506739696e-16], [4.08903530009195, 2.639963016465999, 0.0], [3.4754845718633254, 4.32122551559112, 2.2848414215374486], [4.215358966060551, 3.277249601452972, 4.887982148621424], [7.060359619268652, 2.8583974025934245, 5.2392586225644475], [7.813589802104854, 1.847052289001872, 7.848389277574016], [7.415305935590161, 3.7108781995001516, 9.988549555205855], [8.309362173706772, 2.675857070907682, 12.194970809939775], [-0.7684957084581776, 0.8036921050757153, 1.7230305140151096], [-0.7379680247884239, 1.086608681825093, -1.5785638042829715], [-0.7282937059220609, -1.9108164406069, -0.16428706040279162], [3.550590699124826, -0.9961962572571033, -1.6713069944700343], [3.572091009087743, -1.0856317126084247, 1.6051850080679966], [3.4804527074109144, 3.63333029844427, -1.6947514480023387], [6.124844906777258, 2.4359664077547096, -0.17583019039826286], [4.412760582123721, 6.131649221666756, 2.0140843801107584], [1.4639433279153806, 4.732894991459088, 2.3018918768098118], [3.533617521597383, 4.603263642660732, 6.301082367380855], [3.22502148290986, 1.5131716006229694, 5.248985594239142], [7.731860150462141, 1.5232646004864847, 3.8350559111837947], [8.060166828007375, 4.619880487902103, 4.871706766800921], [9.802794505046485, 1.341983855806605, 7.836600696356163], [6.77200369664382, 0.12833354492915383, 8.271406275176677], [5.44199247217255, 4.156534017936837, 10.280484830303932], [8.440292684849924, 5.452833008190707, 9.657682196591406]], "name": "C8FH17", "identifiers": {"molecule_hash": "447ce0c4048344036ed53e02eed8a3debb2b65ef", "molecular_formula": "C8FH17"}, "molecular_charge": 0.0, "molecular_multiplicity": 1, "connectivity": [[0, 1, 1.0], [0, 9, 1.0], [0, 10, 1.0], [0, 11, 1.0], [1, 2, 1.0], [1, 12, 1.0], [1, 13, 1.0], [2, 3, 1.0], [2, 14, 1.0], [2, 15, 1.0], [3, 4, 1.0], [3, 16, 1.0], [3, 17, 1.0], [4, 5, 1.0], [4, 18, 1.0], [4, 19, 1.0], [5, 6, 1.0], [5, 20, 1.0], [5, 21, 1.0], [6, 7, 1.0], [6, 22, 1.0], [6, 23, 1.0], [7, 8, 1.0], [7, 24, 1.0], [7, 25, 1.0]], "fix_com": true, "fix_orientation": true, "provenance": {"creator": "QCElemental", "version": "v0.22.0", "routine": "qcelemental.molparse.from_schema"}, "id": "97968"}, "charge": 0, "optimize_geometry": false, "conformers": [], "conformer_generation_options": {"n_conformer_pool": 4000, "n_max_conformers": 0, "rms_tolerance": 0.05, "energy_window": 15, "keep_original_conformer": true}, "stage_1_unrestrained_charges": null, "stage_1_restrained_charges": null, "stage_2_unrestrained_charges": null, "stage_2_restrained_charges": null, "keep_original_orientation": false, "reorientations": [], "translations": [], "rotations": []}}, {"index": 4, "molecule": {"qcmol": {"schema_name": "qcschema_molecule", "schema_version": 2, "validated": true, "symbols": ["C", "C", "C", "C", "C", "C", "C", "C", "F", "H", "H", "H", "H", "H", "H", "H", "H", "H", "H", "H", "H", "H", "H", "H", "H", "H"], "geometry": [[0.0, 0.0, 0.0], [2.8906715399499023, 5.645062772325091e-17, -3.9629622506739696e-16], [4.08903530009195, 2.639963016465999, 0.0], [3.4754845718633254, 4.32122551559112, 2.2848414215374486], [4.215358966060551, 3.277249601452972, 4.887982148621424], [7.060359619268652, 2.8583974025934245, 5.2392586225644475], [7.813589802104854, 1.847052289001872, 7.848389277574016], [7.415305935590161, 3.7108781995001516, 9.988549555205855], [8.309362173706772, 2.675857070907682, 12.194970809939775], [-0.7684957084581776, 0.8036921050757153, 1.7230305140151096], [-0.7379680247884239, 1.086608681825093, -1.5785638042829715], [-0.7282937059220609, -1.9108164406069, -0.16428706040279162], [3.550590699124826, -0.9961962572571033, -1.6713069944700343], [3.572091009087743, -1.0856317126084247, 1.6051850080679966], [3.4804527074109144, 3.63333029844427, -1.6947514480023387], [6.124844906777258, 2.4359664077547096, -0.17583019039826286], [4.412760582123721, 6.131649221666756, 2.0140843801107584], [1.4639433279153806, 4.732894991459088, 2.3018918768098118], [3.533617521597383, 4.603263642660732, 6.301082367380855], [3.22502148290986, 1.5131716006229694, 5.248985594239142], [7.731860150462141, 1.5232646004864847, 3.8350559111837947], [8.060166828007375, 4.619880487902103, 4.871706766800921], [9.802794505046485, 1.341983855806605, 7.836600696356163], [6.77200369664382, 0.12833354492915383, 8.271406275176677], [5.44199247217255, 4.156534017936837, 10.280484830303932], [8.440292684849924, 5.452833008190707, 9.657682196591406]], "name": "C8FH17", "identifiers": {"molecule_hash": "447ce0c4048344036ed53e02eed8a3debb2b65ef", "molecular_formula": "C8FH17"}, "molecular_charge": 0.0, "molecular_multiplicity": 1, "connectivity": [[0, 1, 1.0], [0, 9, 1.0], [0, 10, 1.0], [0, 11, 1.0], [1, 2, 1.0], [1, 12, 1.0], [1, 13, 1.0], [2, 3, 1.0], [2, 14, 1.0], [2, 15, 1.0], [3, 4, 1.0], [3, 16, 1.0], [3, 17, 1.0], [4, 5, 1.0], [4, 18, 1.0], [4, 19, 1.0], [5, 6, 1.0], [5, 20, 1.0], [5, 21, 1.0], [6, 7, 1.0], [6, 22, 1.0], [6, 23, 1.0], [7, 8, 1.0], [7, 24, 1.0], [7, 25, 1.0]], "fix_com": true, "fix_orientation": true, "provenance": {"creator": "QCElemental", "version": "v0.22.0", "routine": "qcelemental.molparse.from_schema"}, "id": "97968"}, "charge": 0, "optimize_geometry": false, "conformers": [], "conformer_generation_options": {"n_conformer_pool": 4000, "n_max_conformers": 0, "rms_tolerance": 0.05, "energy_window": 15, "keep_original_conformer": true}, "stage_1_unrestrained_charges": null, "stage_1_restrained_charges": null, "stage_2_unrestrained_charges": null, "stage_2_restrained_charges": null, "keep_original_orientation": false, "reorientations": [], "translations": [], "rotations": []}}, {"index": 5, "molecule": {"qcmol": {"schema_name": "qcschema_molecule", "schema_version": 2, "validated": true, "symbols": ["C", "C", "C", "C", "C", "C", "C", "C", "F", "H", "H", "H", "H", "H", "H", "H", "H", "H", "H", "H", "H", "H", "H", "H", "H", "H"], "geometry": [[0.0, 0.0, 0.0], [2.8906715399499023, 5.645062772325091e-17, -3.9629622506739696e-16], [4.08903530009195, 2.639963016465999, 0.0], [3.4754845718633254, 4.32122551559112, 2.2848414215374486], [4.215358966060551, 3.277249601452972, 4.887982148621424], [7.060359619268652, 2.8583974025934245, 5.2392586225644475], [7.813589802104854, 1.847052289001872, 7.848389277574016], [7.415305935590161, 3.7108781995001516, 9.988549555205855], [8.309362173706772, 2.675857070907682, 12.194970809939775], [-0.7684957084581776, 0.8036921050757153, 1.7230305140151096], [-0.7379680247884239, 1.086608681825093, -1.5785638042829715], [-0.7282937059220609, -1.9108164406069, -0.16428706040279162], [3.550590699124826, -0.9961962572571033, -1.6713069944700343], [3.572091009087743, -1.0856317126084247, 1.6051850080679966], [3.4804527074109144, 3.63333029844427, -1.6947514480023387], [6.124844906777258, 2.4359664077547096, -0.17583019039826286], [4.412760582123721, 6.131649221666756, 2.0140843801107584], [1.4639433279153806, 4.732894991459088, 2.3018918768098118], [3.533617521597383, 4.603263642660732, 6.301082367380855], [3.22502148290986, 1.5131716006229694, 5.248985594239142], [7.731860150462141, 1.5232646004864847, 3.8350559111837947], [8.060166828007375, 4.619880487902103, 4.871706766800921], [9.802794505046485, 1.341983855806605, 7.836600696356163], [6.77200369664382, 0.12833354492915383, 8.271406275176677], [5.44199247217255, 4.156534017936837, 10.280484830303932], [8.440292684849924, 5.452833008190707, 9.657682196591406]], "name": "C8FH17", "identifiers": {"molecule_hash": "447ce0c4048344036ed53e02eed8a3debb2b65ef", "molecular_formula": "C8FH17"}, "molecular_charge": 0.0, "molecular_multiplicity": 1, "connectivity": [[0, 1, 1.0], [0, 9, 1.0], [0, 10, 1.0], [0, 11, 1.0], [1, 2, 1.0], [1, 12, 1.0], [1, 13, 1.0], [2, 3, 1.0], [2, 14, 1.0], [2, 15, 1.0], [3, 4, 1.0], [3, 16, 1.0], [3, 17, 1.0], [4, 5, 1.0], [4, 18, 1.0], [4, 19, 1.0], [5, 6, 1.0], [5, 20, 1.0], [5, 21, 1.0], [6, 7, 1.0], [6, 22, 1.0], [6, 23, 1.0], [7, 8, 1.0], [7, 24, 1.0], [7, 25, 1.0]], "fix_com": true, "fix_orientation": true, "provenance": {"creator": "QCElemental", "version": "v0.22.0", "routine": "qcelemental.molparse.from_schema"}, "id": "97968"}, "charge": 0, "optimize_geometry": false, "conformers": [], "conformer_generation_options": {"n_conformer_pool": 4000, "n_max_conformers": 0, "rms_tolerance": 0.05, "energy_window": 15, "keep_original_conformer": true}, "stage_1_unrestrained_charges": null, "stage_1_restrained_charges": null, "stage_2_unrestrained_charges": null, "stage_2_restrained_charges": null, "keep_original_orientation": false, "reorientations": [], "translations": [], "rotations": []}}, {"index": 6, "molecule": {"qcmol": {"schema_name": "qcschema_molecule", "schema_version": 2, "validated": true, "symbols": ["C", "C", "C", "C", "C", "C", "C", "C", "F", "H", "H", "H", "H", "H", "H", "H", "H", "H", "H", "H", "H", "H", "H", "H", "H", "H"], "geometry": [[0.0, 0.0, 0.0], [2.8906715399499023, 5.645062772325091e-17, -3.9629622506739696e-16], [4.08903530009195, 2.639963016465999, 0.0], [3.4754845718633254, 4.32122551559112, 2.2848414215374486], [4.215358966060551, 3.277249601452972, 4.887982148621424], [7.060359619268652, 2.8583974025934245, 5.2392586225644475], [7.813589802104854, 1.847052289001872, 7.848389277574016], [7.415305935590161, 3.7108781995001516, 9.988549555205855], [8.309362173706772, 2.675857070907682, 12.194970809939775], [-0.7684957084581776, 0.8036921050757153, 1.7230305140151096], [-0.7379680247884239, 1.086608681825093, -1.5785638042829715], [-0.7282937059220609, -1.9108164406069, -0.16428706040279162], [3.550590699124826, -0.9961962572571033, -1.6713069944700343], [3.572091009087743, -1.0856317126084247, 1.6051850080679966], [3.4804527074109144, 3.63333029844427, -1.6947514480023387], [6.124844906777258, 2.4359664077547096, -0.17583019039826286], [4.412760582123721, 6.131649221666756, 2.0140843801107584], [1.4639433279153806, 4.732894991459088, 2.3018918768098118], [3.533617521597383, 4.603263642660732, 6.301082367380855], [3.22502148290986, 1.5131716006229694, 5.248985594239142], [7.731860150462141, 1.5232646004864847, 3.8350559111837947], [8.060166828007375, 4.619880487902103, 4.871706766800921], [9.802794505046485, 1.341983855806605, 7.836600696356163], [6.77200369664382, 0.12833354492915383, 8.271406275176677], [5.44199247217255, 4.156534017936837, 10.280484830303932], [8.440292684849924, 5.452833008190707, 9.657682196591406]], "name": "C8FH17", "identifiers": {"molecule_hash": "447ce0c4048344036ed53e02eed8a3debb2b65ef", "molecular_formula": "C8FH17"}, "molecular_charge": 0.0, "molecular_multiplicity": 1, "connectivity": [[0, 1, 1.0], [0, 9, 1.0], [0, 10, 1.0], [0, 11, 1.0], [1, 2, 1.0], [1, 12, 1.0], [1, 13, 1.0], [2, 3, 1.0], [2, 14, 1.0], [2, 15, 1.0], [3, 4, 1.0], [3, 16, 1.0], [3, 17, 1.0], [4, 5, 1.0], [4, 18, 1.0], [4, 19, 1.0], [5, 6, 1.0], [5, 20, 1.0], [5, 21, 1.0], [6, 7, 1.0], [6, 22, 1.0], [6, 23, 1.0], [7, 8, 1.0], [7, 24, 1.0], [7, 25, 1.0]], "fix_com": true, "fix_orientation": true, "provenance": {"creator": "QCElemental", "version": "v0.22.0", "routine": "qcelemental.molparse.from_schema"}, "id": "97968"}, "charge": 0, "optimize_geometry": false, "conformers": [], "conformer_generation_options": {"n_conformer_pool": 4000, "n_max_conformers": 0, "rms_tolerance": 0.05, "energy_window": 15, "keep_original_conformer": true}, "stage_1_unrestrained_charges": null, "stage_1_restrained_charges": null, "stage_2_unrestrained_charges": null, "stage_2_restrained_charges": null, "keep_original_orientation": false, "reorientations": [], "translations": [], "rotations": []}}, {"index": 7, "molecule": {"qcmol": {"schema_name": "qcschema_molecule", "schema_version": 2, "validated": true, "symbols": ["C", "C", "C", "C", "C", "C", "C", "C", "F", "H", "H", "H", "H", "H", "H", "H", "H", "H", "H", "H", "H", "H", "H", "H", "H", "H"], "geometry": [[0.0, 0.0, 0.0], [2.8906715399499023, 5.645062772325091e-17, -3.9629622506739696e-16], [4.08903530009195, 2.639963016465999, 0.0], [3.4754845718633254, 4.32122551559112, 2.2848414215374486], [4.215358966060551, 3.277249601452972, 4.887982148621424], [7.060359619268652, 2.8583974025934245, 5.2392586225644475], [7.813589802104854, 1.847052289001872, 7.848389277574016], [7.415305935590161, 3.7108781995001516, 9.988549555205855], [8.309362173706772, 2.675857070907682, 12.194970809939775], [-0.7684957084581776, 0.8036921050757153, 1.7230305140151096], [-0.7379680247884239, 1.086608681825093, -1.5785638042829715], [-0.7282937059220609, -1.9108164406069, -0.16428706040279162], [3.550590699124826, -0.9961962572571033, -1.6713069944700343], [3.572091009087743, -1.0856317126084247, 1.6051850080679966], [3.4804527074109144, 3.63333029844427, -1.6947514480023387], [6.124844906777258, 2.4359664077547096, -0.17583019039826286], [4.412760582123721, 6.131649221666756, 2.0140843801107584], [1.4639433279153806, 4.732894991459088, 2.3018918768098118], [3.533617521597383, 4.603263642660732, 6.301082367380855], [3.22502148290986, 1.5131716006229694, 5.248985594239142], [7.731860150462141, 1.5232646004864847, 3.8350559111837947], [8.060166828007375, 4.619880487902103, 4.871706766800921], [9.802794505046485, 1.341983855806605, 7.836600696356163], [6.77200369664382, 0.12833354492915383, 8.271406275176677], [5.44199247217255, 4.156534017936837, 10.280484830303932], [8.440292684849924, 5.452833008190707, 9.657682196591406]], "name": "C8FH17", "identifiers": {"molecule_hash": "447ce0c4048344036ed53e02eed8a3debb2b65ef", "molecular_formula": "C8FH17"}, "molecular_charge": 0.0, "molecular_multiplicity": 1, "connectivity": [[0, 1, 1.0], [0, 9, 1.0], [0, 10, 1.0], [0, 11, 1.0], [1, 2, 1.0], [1, 12, 1.0], [1, 13, 1.0], [2, 3, 1.0], [2, 14, 1.0], [2, 15, 1.0], [3, 4, 1.0], [3, 16, 1.0], [3, 17, 1.0], [4, 5, 1.0], [4, 18, 1.0], [4, 19, 1.0], [5, 6, 1.0], [5, 20, 1.0], [5, 21, 1.0], [6, 7, 1.0], [6, 22, 1.0], [6, 23, 1.0], [7, 8, 1.0], [7, 24, 1.0], [7, 25, 1.0]], "fix_com": true, "fix_orientation": true, "provenance": {"creator": "QCElemental", "version": "v0.22.0", "routine": "qcelemental.molparse.from_schema"}, "id": "97968"}, "charge": 0, "optimize_geometry": false, "conformers": [], "conformer_generation_options": {"n_conformer_pool": 4000, "n_max_conformers": 0, "rms_tolerance": 0.05, "energy_window": 15, "keep_original_conformer": true}, "stage_1_unrestrained_charges": null, "stage_1_restrained_charges": null, "stage_2_unrestrained_charges": null, "stage_2_restrained_charges": null, "keep_original_orientation": false, "reorientations": [], "translations": [], "rotations": []}}]}, "surface_constraints": {"matrix": [[379545032523160.06, 368009324080016.56, 354535376127077.5, 339916661691855.1, 326221790230220.1, 308549499507371.44, 298851719417938.06, 281495453628307.25, 265103711532891.5, 381426921807707.06, 381280726023685.2, 380099492418812.0, 366495727523874.44, 365999967905563.25, 355025269001772.06, 351959073023403.2, 333590112408457.6, 343199367172590.06, 322303189693469.56, 330987304152969.2, 303468664918314.7, 305150060779134.1, 305851212254470.44, 295902718111023.06, 278215562997248.4, 281574147618884.7], [368009324080016.56, 377127979982254.2, 367925650725384.75, 354632631675584.2, 341962755196096.44, 322840835066916.0, 310460795494187.4, 292180623920126.25, 276650527097662.47, 364560366727889.75, 364319013754830.0, 363596187726706.56, 381650620738337.1, 381363962930854.94, 367771844514326.56, 367635178814218.44, 350048416067624.56, 355965173309282.44, 339599277199063.5, 346965612171125.75, 318245297793559.4, 319790377417241.1, 317146360538553.2, 306227403483725.7, 287571350329490.6, 292208560527212.9], [354535376127077.5, 367925650725384.75, 378122178788530.7, 369145439751616.2, 355324310533910.8, 338168617766907.7, 327476688367270.4, 310365221816079.94, 294921630909771.0, 350935530936932.0, 355072713983398.94, 343903859105516.4, 366668128332886.56, 366761122497203.5, 383457511665276.44, 383732486070545.06, 369863049255275.9, 368919664790615.4, 353593418223873.4, 356843663128971.9, 332884374975257.75, 335453282328739.56, 334169193048560.6, 323154995675066.25, 305603938069987.06, 311101024232933.6], [339916661691855.1, 354632631675584.2, 369145439751616.2, 379017343105360.2, 369242253319185.8, 355397926805874.3, 342295672215723.8, 323667272071180.75, 308076852270675.75, 336137407092555.75, 341037667194168.8, 328529276649802.7, 354161868640942.9, 351427101478603.6, 368827652390537.56, 369226447873305.7, 385096748993638.2, 384686738899630.06, 369386135126988.4, 368548957246222.1, 349908430994221.8, 356739899792919.2, 346870457960810.56, 339180071381827.0, 318502558672296.3, 323415760457005.56], [326221790230220.1, 341962755196096.44, 355324310533910.8, 369242253319185.8, 378630778473221.75, 368510808232341.0, 353782131821548.5, 336474405947495.2, 324665701811291.25, 322300909620613.6, 326780224788752.9, 315142395978741.06, 344185643093372.3, 338221649527457.06, 354072359419455.3, 352748812759818.1, 369269618653901.06, 369431015439132.7, 384448187630849.4, 384044576432378.9, 368137214146691.56, 368370036822871.2, 353424883484956.25, 352905189900787.44, 329456390209057.56, 335703303035024.5], [308549499507371.44, 322840835066916.0, 338168617766907.7, 355397926805874.3, 368510808232341.0, 376656511671905.3, 366140066371417.5, 351204354068016.9, 340252039552978.6, 304848877046517.4, 309268849904366.75, 298550372280232.2, 323982520042359.0, 317932616876491.2, 337127946832214.5, 335093592337361.8, 357805803928330.06, 353758458160044.8, 368619952617295.3, 368463712475587.9, 381624202369922.5, 382035469106632.8, 365884827052508.56, 365714777764667.44, 343451600630101.1, 351565828450475.3], [298851719417938.06, 310460795494187.4, 327476688367270.4, 342295672215723.8, 353782131821548.5, 366140066371417.5, 375152757326102.0, 364314736863765.1, 352965457187990.1, 297773525409362.6, 298764165127288.75, 289230113384117.6, 308851783951595.06, 305144077564987.6, 328004316293395.75, 326347049791230.2, 344704623548994.1, 340026609232459.1, 349881532585330.44, 353624192595098.25, 365543468583486.06, 365693273965595.06, 380908546806028.9, 380542699647317.0, 361744621575084.06, 361865911416310.6], [281495453628307.25, 292180623920126.25, 310365221816079.94, 323667272071180.75, 336474405947495.2, 351204354068016.9, 364314736863765.1, 372662728626655.0, 365546872991929.75, 280772805892903.2, 281641951902545.94, 272128442052773.28, 289397996659954.9, 286692727342987.1, 312357496058400.56, 310425153707788.4, 325621359289627.06, 319921027171872.4, 333687359260544.25, 335030393563804.94, 349534702459746.4, 351236190143816.94, 364957876348776.44, 363798549765376.6, 375534669660540.7, 376006351428933.8], [265103711532891.5, 276650527097662.47, 294921630909771.0, 308076852270675.75, 324665701811291.25, 340252039552978.6, 352965457187990.1, 365546872991929.75, 379146631050712.6, 263383032128691.78, 265005472716119.1, 256433259697032.66, 274371950124660.94, 271714119437683.97, 296724260839429.0, 295422779776690.94, 309211810527600.75, 302461003123002.56, 323236216798176.94, 324752760629953.44, 339404613934370.8, 340739015486515.8, 349725045532642.1, 352863312307960.2, 362528434841144.56, 363160617025320.7], [381426921807707.06, 364560366727889.75, 350935530936932.0, 336137407092555.75, 322300909620613.6, 304848877046517.4, 297773525409362.6, 280772805892903.2, 263383032128691.78, 399146500395384.1, 377707307908508.7, 376254252508170.7, 360575285595149.9, 361212805067491.94, 353471642146228.56, 346412383225812.0, 329691177975135.1, 339633079519428.1, 316985072914137.1, 328130563073203.6, 298481044465611.56, 300817529983664.9, 305841370485131.56, 295602629810936.56, 278618567582959.28, 280707648063270.12], [381280726023685.2, 364319013754830.0, 355072713983398.94, 341037667194168.8, 326780224788752.9, 309268849904366.75, 298764165127288.75, 281641951902545.94, 265005472716119.1, 377707307908508.7, 399136839283379.56, 376079410441820.5, 360272101257207.8, 357193103247205.25, 357157876802550.3, 353186129272626.4, 334609498562247.6, 345499068885501.4, 323346166587939.9, 330480309238931.94, 305012585856181.1, 305803549757002.1, 304343968914946.6, 296364805224935.44, 278051311278597.66, 282470758019827.1], [380099492418812.0, 363596187726706.56, 343903859105516.4, 328529276649802.7, 315142395978741.06, 298550372280232.2, 289230113384117.6, 272128442052773.28, 256433259697032.66, 376254252508170.7, 376079410441820.5, 396191378296134.6, 362192611405709.25, 363006469835259.8, 341197570283425.0, 341165498365615.2, 321272476656196.56, 331990896719606.75, 311054670892443.1, 319578321179669.0, 293589322923477.6, 295745075864945.06, 296781637062600.4, 285998801648650.56, 269163362459268.6, 271557917430607.9], [366495727523874.44, 381650620738337.1, 366668128332886.56, 354161868640942.9, 344185643093372.3, 323982520042359.0, 308851783951595.06, 289397996659954.9, 274371950124660.94, 360575285595149.9, 360272101257207.8, 362192611405709.25, 401483226200189.5, 380271313437431.2, 365012192645075.94, 362555191017081.5, 347513064910875.1, 355866051532717.56, 342625547930566.3, 351418494019595.2, 320137246249448.2, 321656456903160.44, 315289377565922.0, 303802779961072.3, 283714926029192.7, 289311732049017.56], [365999967905563.25, 381363962930854.94, 366761122497203.5, 351427101478603.6, 338221649527457.06, 317932616876491.2, 305144077564987.6, 286692727342987.1, 271714119437683.97, 361212805067491.94, 357193103247205.25, 363006469835259.8, 380271313437431.2, 400666992286785.5, 362986113403764.56, 367498341468838.75, 346857749604347.06, 351788377694787.94, 335926945102772.94, 343824477153385.7, 313543831527085.75, 314196764130209.06, 311523234624047.1, 301080113160429.7, 282240080482139.5, 286172214985075.7], [355025269001772.06, 367771844514326.56, 383457511665276.44, 368827652390537.56, 354072359419455.3, 337127946832214.5, 328004316293395.75, 312357496058400.56, 296724260839429.0, 353471642146228.56, 357157876802550.3, 341197570283425.0, 365012192645075.94, 362986113403764.56, 403385011900965.8, 383677297746292.56, 368334933771135.6, 366106906649791.3, 353631462953289.25, 353422433996724.0, 331438909604524.3, 333860275616004.06, 334907107174887.8, 323573135268402.9, 307664282470932.75, 314131648837172.7], [351959073023403.2, 367635178814218.44, 383732486070545.06, 369226447873305.7, 352748812759818.1, 335093592337361.8, 326347049791230.2, 310425153707788.4, 295422779776690.94, 346412383225812.0, 353186129272626.4, 341165498365615.2, 362555191017081.5, 367498341468838.75, 383677297746292.56, 404101758446635.56, 371315724139136.5, 365285909079026.3, 348959620852932.75, 354958181217491.44, 329940094826672.4, 330309237008433.8, 334328837255792.2, 321072700750863.6, 306055784250544.1, 311515719679464.75], [333590112408457.6, 350048416067624.56, 369863049255275.9, 385096748993638.2, 369269618653901.06, 357805803928330.06, 344704623548994.1, 325621359289627.06, 309211810527600.75, 329691177975135.1, 334609498562247.6, 321272476656196.56, 347513064910875.1, 346857749604347.06, 368334933771135.6, 371315724139136.5, 405568536279187.6, 385678568128094.0, 365803816024381.4, 365182135376013.75, 351583218436136.1, 361391997623316.06, 350502248690239.2, 340736728011259.06, 319517680474160.0, 326576351390558.25], [343199367172590.06, 355965173309282.44, 368919664790615.4, 384686738899630.06, 369431015439132.7, 353758458160044.8, 340026609232459.1, 319921027171872.4, 302461003123002.56, 339633079519428.1, 345499068885501.4, 331990896719606.75, 355866051532717.56, 351788377694787.94, 366106906649791.3, 365285909079026.3, 385678568128094.0, 404857803828785.9, 370147891047134.9, 365299080856481.06, 345434953910686.4, 357223398878469.75, 345291619888645.6, 337059028558140.56, 316925904270790.9, 317911089271078.25], [322303189693469.56, 339599277199063.5, 353593418223873.4, 369386135126988.4, 384448187630849.4, 368619952617295.3, 349881532585330.44, 333687359260544.25, 323236216798176.94, 316985072914137.1, 323346166587939.9, 311054670892443.1, 342625547930566.3, 335926945102772.94, 353631462953289.25, 348959620852932.75, 365803816024381.4, 370147891047134.9, 404454898473679.9, 384936208352205.9, 367864538376984.3, 367553000740308.8, 345946543094925.5, 348892110720128.2, 327151160532135.8, 332407069908693.3], [330987304152969.2, 346965612171125.75, 356843663128971.9, 368548957246222.1, 384044576432378.9, 368463712475587.9, 353624192595098.25, 335030393563804.94, 324752760629953.44, 328130563073203.6, 330480309238931.94, 319578321179669.0, 351418494019595.2, 343824477153385.7, 353422433996724.0, 354958181217491.44, 365182135376013.75, 365299080856481.06, 384936208352205.9, 404067305887174.9, 368684885116383.7, 363324038302337.4, 352538451422270.2, 354406732245730.75, 326602359489595.9, 333641364840207.75], [303468664918314.7, 318245297793559.4, 332884374975257.75, 349908430994221.8, 368137214146691.56, 381624202369922.5, 365543468583486.06, 349534702459746.4, 339404613934370.8, 298481044465611.56, 305012585856181.1, 293589322923477.6, 320137246249448.2, 313543831527085.75, 331438909604524.3, 329940094826672.4, 351583218436136.1, 345434953910686.4, 367864538376984.3, 368684885116383.7, 401068936590246.25, 381474294140128.75, 360568652931726.7, 366141478090017.75, 338497662460612.4, 351918452188326.7], [305150060779134.1, 319790377417241.1, 335453282328739.56, 356739899792919.2, 368370036822871.2, 382035469106632.8, 365693273965595.06, 351236190143816.94, 340739015486515.8, 300817529983664.9, 305803549757002.1, 295745075864945.06, 321656456903160.44, 314196764130209.06, 333860275616004.06, 330309237008433.8, 361391997623316.06, 357223398878469.75, 367553000740308.8, 363324038302337.4, 381474294140128.75, 402249938622391.7, 365594974285316.06, 359932386769809.2, 342750674949422.8, 352381382618902.8], [305851212254470.44, 317146360538553.2, 334169193048560.6, 346870457960810.56, 353424883484956.25, 365884827052508.56, 380908546806028.9, 364957876348776.44, 349725045532642.1, 305841370485131.56, 304343968914946.6, 296781637062600.4, 315289377565922.0, 311523234624047.1, 334907107174887.8, 334328837255792.2, 350502248690239.2, 345291619888645.6, 345946543094925.5, 352538451422270.2, 360568652931726.7, 365594974285316.06, 401348440946182.4, 380765137614435.1, 362763951368690.0, 360950038011689.06], [295902718111023.06, 306227403483725.7, 323154995675066.25, 339180071381827.0, 352905189900787.44, 365714777764667.44, 380542699647317.0, 363798549765376.6, 352863312307960.2, 295602629810936.56, 296364805224935.44, 285998801648650.56, 303802779961072.3, 301080113160429.7, 323573135268402.9, 321072700750863.6, 340736728011259.06, 337059028558140.56, 348892110720128.2, 354406732245730.75, 366141478090017.75, 359932386769809.2, 380765137614435.1, 400875088849944.25, 361299049666858.06, 356123523191111.94], [278215562997248.4, 287571350329490.6, 305603938069987.06, 318502558672296.3, 329456390209057.56, 343451600630101.1, 361744621575084.06, 375534669660540.7, 362528434841144.56, 278618567582959.28, 278051311278597.66, 269163362459268.6, 283714926029192.7, 282240080482139.5, 307664282470932.75, 306055784250544.1, 319517680474160.0, 316925904270790.9, 327151160532135.8, 326602359489595.9, 338497662460612.4, 342750674949422.8, 362763951368690.0, 361299049666858.06, 393347507513227.1, 372832411173489.06], [281574147618884.7, 292208560527212.9, 311101024232933.6, 323415760457005.56, 335703303035024.5, 351565828450475.3, 361865911416310.6, 376006351428933.8, 363160617025320.7, 280707648063270.12, 282470758019827.1, 271557917430607.9, 289311732049017.56, 286172214985075.7, 314131648837172.7, 311515719679464.75, 326576351390558.25, 317911089271078.25, 332407069908693.3, 3336413