{"resp_b": 0.1, "restrained_fit": true, "exclude_hydrogens": true, "convergence_tolerance": 1e-06, "max_iter": 500, "resp_a": 0.0005, "charge_constraints": {"charge_sum_constraints": [], "charge_equivalence_constraints": [], "molecules": [{"qcmol": {"schema_name": "qcschema_molecule", "schema_version": 2, "validated": true, "symbols": ["C", "C", "C", "C", "C", "C", "C", "C", "F", "H", "H", "H", "H", "H", "H", "H", "H", "H", "H", "H", "H", "H", "H", "H", "H", "H"], "geometry": [[0.0, 0.0, 0.0], [2.8906715399499023, 5.645062772325091e-17, -3.9629622506739696e-16], [4.08903530009195, 2.639963016465999, 0.0], [3.4754845718633254, 4.32122551559112, 2.2848414215374486], [4.215358966060551, 3.277249601452972, 4.887982148621424], [7.060359619268652, 2.8583974025934245, 5.2392586225644475], [7.813589802104854, 1.847052289001872, 7.848389277574016], [7.415305935590161, 3.7108781995001516, 9.988549555205855], [8.309362173706772, 2.675857070907682, 12.194970809939775], [-0.7684957084581776, 0.8036921050757153, 1.7230305140151096], [-0.7379680247884239, 1.086608681825093, -1.5785638042829715], [-0.7282937059220609, -1.9108164406069, -0.16428706040279162], [3.550590699124826, -0.9961962572571033, -1.6713069944700343], [3.572091009087743, -1.0856317126084247, 1.6051850080679966], [3.4804527074109144, 3.63333029844427, -1.6947514480023387], [6.124844906777258, 2.4359664077547096, -0.17583019039826286], [4.412760582123721, 6.131649221666756, 2.0140843801107584], [1.4639433279153806, 4.732894991459088, 2.3018918768098118], [3.533617521597383, 4.603263642660732, 6.301082367380855], [3.22502148290986, 1.5131716006229694, 5.248985594239142], [7.731860150462141, 1.5232646004864847, 3.8350559111837947], [8.060166828007375, 4.619880487902103, 4.871706766800921], [9.802794505046485, 1.341983855806605, 7.836600696356163], [6.77200369664382, 0.12833354492915383, 8.271406275176677], [5.44199247217255, 4.156534017936837, 10.280484830303932], [8.440292684849924, 5.452833008190707, 9.657682196591406]], "name": "C8FH17", "identifiers": {"molecule_hash": "447ce0c4048344036ed53e02eed8a3debb2b65ef", "molecular_formula": "C8FH17"}, "molecular_charge": 0.0, "molecular_multiplicity": 1, "connectivity": [[0, 1, 1.0], [0, 9, 1.0], [0, 10, 1.0], [0, 11, 1.0], [1, 2, 1.0], [1, 12, 1.0], [1, 13, 1.0], [2, 3, 1.0], [2, 14, 1.0], [2, 15, 1.0], [3, 4, 1.0], [3, 16, 1.0], [3, 17, 1.0], [4, 5, 1.0], [4, 18, 1.0], [4, 19, 1.0], [5, 6, 1.0], [5, 20, 1.0], [5, 21, 1.0], [6, 7, 1.0], [6, 22, 1.0], [6, 23, 1.0], [7, 8, 1.0], [7, 24, 1.0], [7, 25, 1.0]], "fix_com": true, "fix_orientation": true, "provenance": {"creator": "QCElemental", "version": "v0.22.0", "routine": "qcelemental.molparse.from_schema"}, "id": "97968"}, "charge": 0, "optimize_geometry": false, "conformers": [], "conformer_generation_options": {"n_conformer_pool": 4000, "n_max_conformers": 0, "rms_tolerance": 0.05, "energy_window": 15, "keep_original_conformer": true}, "stage_1_unrestrained_charges": null, "stage_1_restrained_charges": null, "stage_2_unrestrained_charges": null, "stage_2_restrained_charges": null, "keep_original_orientation": false, "reorientations": [], "translations": [], "rotations": []}], "unconstrained_atoms": [{"index": 0, "molecule": {"qcmol": {"schema_name": "qcschema_molecule", "schema_version": 2, "validated": true, "symbols": ["C", "C", "C", "C", "C", "C", "C", "C", "F", "H", "H", "H", "H", "H", "H", "H", "H", "H", "H", "H", "H", "H", "H", "H", "H", "H"], "geometry": [[0.0, 0.0, 0.0], [2.8906715399499023, 5.645062772325091e-17, -3.9629622506739696e-16], [4.08903530009195, 2.639963016465999, 0.0], [3.4754845718633254, 4.32122551559112, 2.2848414215374486], [4.215358966060551, 3.277249601452972, 4.887982148621424], [7.060359619268652, 2.8583974025934245, 5.2392586225644475], [7.813589802104854, 1.847052289001872, 7.848389277574016], [7.415305935590161, 3.7108781995001516, 9.988549555205855], [8.309362173706772, 2.675857070907682, 12.194970809939775], [-0.7684957084581776, 0.8036921050757153, 1.7230305140151096], [-0.7379680247884239, 1.086608681825093, -1.5785638042829715], [-0.7282937059220609, -1.9108164406069, -0.16428706040279162], [3.550590699124826, -0.9961962572571033, -1.6713069944700343], [3.572091009087743, -1.0856317126084247, 1.6051850080679966], [3.4804527074109144, 3.63333029844427, -1.6947514480023387], [6.124844906777258, 2.4359664077547096, -0.17583019039826286], [4.412760582123721, 6.131649221666756, 2.0140843801107584], [1.4639433279153806, 4.732894991459088, 2.3018918768098118], [3.533617521597383, 4.603263642660732, 6.301082367380855], [3.22502148290986, 1.5131716006229694, 5.248985594239142], [7.731860150462141, 1.5232646004864847, 3.8350559111837947], [8.060166828007375, 4.619880487902103, 4.871706766800921], [9.802794505046485, 1.341983855806605, 7.836600696356163], [6.77200369664382, 0.12833354492915383, 8.271406275176677], [5.44199247217255, 4.156534017936837, 10.280484830303932], [8.440292684849924, 5.452833008190707, 9.657682196591406]], "name": "C8FH17", "identifiers": {"molecule_hash": "447ce0c4048344036ed53e02eed8a3debb2b65ef", "molecular_formula": "C8FH17"}, "molecular_charge": 0.0, "molecular_multiplicity": 1, "connectivity": [[0, 1, 1.0], [0, 9, 1.0], [0, 10, 1.0], [0, 11, 1.0], [1, 2, 1.0], [1, 12, 1.0], [1, 13, 1.0], [2, 3, 1.0], [2, 14, 1.0], [2, 15, 1.0], [3, 4, 1.0], [3, 16, 1.0], [3, 17, 1.0], [4, 5, 1.0], [4, 18, 1.0], [4, 19, 1.0], [5, 6, 1.0], [5, 20, 1.0], [5, 21, 1.0], [6, 7, 1.0], [6, 22, 1.0], [6, 23, 1.0], [7, 8, 1.0], [7, 24, 1.0], [7, 25, 1.0]], "fix_com": true, "fix_orientation": true, "provenance": {"creator": "QCElemental", "version": "v0.22.0", "routine": "qcelemental.molparse.from_schema"}, "id": "97968"}, "charge": 0, "optimize_geometry": false, "conformers": [], "conformer_generation_options": {"n_conformer_pool": 4000, "n_max_conformers": 0, "rms_tolerance": 0.05, "energy_window": 15, "keep_original_conformer": true}, "stage_1_unrestrained_charges": null, "stage_1_restrained_charges": null, "stage_2_unrestrained_charges": null, "stage_2_restrained_charges": null, "keep_original_orientation": false, "reorientations": [], "translations": [], "rotations": []}}, {"index": 1, "molecule": {"qcmol": {"schema_name": "qcschema_molecule", "schema_version": 2, "validated": true, "symbols": ["C", "C", "C", "C", "C", "C", "C", "C", "F", "H", "H", "H", "H", "H", "H", "H", "H", "H", "H", "H", "H", "H", "H", "H", "H", "H"], "geometry": [[0.0, 0.0, 0.0], [2.8906715399499023, 5.645062772325091e-17, -3.9629622506739696e-16], [4.08903530009195, 2.639963016465999, 0.0], [3.4754845718633254, 4.32122551559112, 2.2848414215374486], [4.215358966060551, 3.277249601452972, 4.887982148621424], [7.060359619268652, 2.8583974025934245, 5.2392586225644475], [7.813589802104854, 1.847052289001872, 7.848389277574016], [7.415305935590161, 3.7108781995001516, 9.988549555205855], [8.309362173706772, 2.675857070907682, 12.194970809939775], [-0.7684957084581776, 0.8036921050757153, 1.7230305140151096], [-0.7379680247884239, 1.086608681825093, -1.5785638042829715], [-0.7282937059220609, -1.9108164406069, -0.16428706040279162], [3.550590699124826, -0.9961962572571033, -1.6713069944700343], [3.572091009087743, -1.0856317126084247, 1.6051850080679966], [3.4804527074109144, 3.63333029844427, -1.6947514480023387], [6.124844906777258, 2.4359664077547096, -0.17583019039826286], [4.412760582123721, 6.131649221666756, 2.0140843801107584], [1.4639433279153806, 4.732894991459088, 2.3018918768098118], [3.533617521597383, 4.603263642660732, 6.301082367380855], [3.22502148290986, 1.5131716006229694, 5.248985594239142], [7.731860150462141, 1.5232646004864847, 3.8350559111837947], [8.060166828007375, 4.619880487902103, 4.871706766800921], [9.802794505046485, 1.341983855806605, 7.836600696356163], [6.77200369664382, 0.12833354492915383, 8.271406275176677], [5.44199247217255, 4.156534017936837, 10.280484830303932], [8.440292684849924, 5.452833008190707, 9.657682196591406]], "name": "C8FH17", "identifiers": {"molecule_hash": "447ce0c4048344036ed53e02eed8a3debb2b65ef", "molecular_formula": "C8FH17"}, "molecular_charge": 0.0, "molecular_multiplicity": 1, "connectivity": [[0, 1, 1.0], [0, 9, 1.0], [0, 10, 1.0], [0, 11, 1.0], [1, 2, 1.0], [1, 12, 1.0], [1, 13, 1.0], [2, 3, 1.0], [2, 14, 1.0], [2, 15, 1.0], [3, 4, 1.0], [3, 16, 1.0], [3, 17, 1.0], [4, 5, 1.0], [4, 18, 1.0], [4, 19, 1.0], [5, 6, 1.0], [5, 20, 1.0], [5, 21, 1.0], [6, 7, 1.0], [6, 22, 1.0], [6, 23, 1.0], [7, 8, 1.0], [7, 24, 1.0], [7, 25, 1.0]], "fix_com": true, "fix_orientation": true, "provenance": {"creator": "QCElemental", "version": "v0.22.0", "routine": "qcelemental.molparse.from_schema"}, "id": "97968"}, "charge": 0, "optimize_geometry": false, "conformers": [], "conformer_generation_options": {"n_conformer_pool": 4000, "n_max_conformers": 0, "rms_tolerance": 0.05, "energy_window": 15, "keep_original_conformer": true}, "stage_1_unrestrained_charges": null, "stage_1_restrained_charges": null, "stage_2_unrestrained_charges": null, "stage_2_restrained_charges": null, "keep_original_orientation": false, "reorientations": [], "translations": [], "rotations": []}}, {"index": 2, "molecule": {"qcmol": {"schema_name": "qcschema_molecule", "schema_version": 2, "validated": true, "symbols": ["C", "C", "C", "C", "C", "C", "C", "C", "F", "H", "H", "H", "H", "H", "H", "H", "H", "H", "H", "H", "H", "H", "H", "H", "H", "H"], "geometry": [[0.0, 0.0, 0.0], [2.8906715399499023, 5.645062772325091e-17, -3.9629622506739696e-16], [4.08903530009195, 2.639963016465999, 0.0], [3.4754845718633254, 4.32122551559112, 2.2848414215374486], [4.215358966060551, 3.277249601452972, 4.887982148621424], [7.060359619268652, 2.8583974025934245, 5.2392586225644475], [7.813589802104854, 1.847052289001872, 7.848389277574016], [7.415305935590161, 3.7108781995001516, 9.988549555205855], [8.309362173706772, 2.675857070907682, 12.194970809939775], [-0.7684957084581776, 0.8036921050757153, 1.7230305140151096], [-0.7379680247884239, 1.086608681825093, -1.5785638042829715], [-0.7282937059220609, -1.9108164406069, -0.16428706040279162], [3.550590699124826, -0.9961962572571033, -1.6713069944700343], [3.572091009087743, -1.0856317126084247, 1.6051850080679966], [3.4804527074109144, 3.63333029844427, -1.6947514480023387], [6.124844906777258, 2.4359664077547096, -0.17583019039826286], [4.412760582123721, 6.131649221666756, 2.0140843801107584], [1.4639433279153806, 4.732894991459088, 2.3018918768098118], [3.533617521597383, 4.603263642660732, 6.301082367380855], [3.22502148290986, 1.5131716006229694, 5.248985594239142], [7.731860150462141, 1.5232646004864847, 3.8350559111837947], [8.060166828007375, 4.619880487902103, 4.871706766800921], [9.802794505046485, 1.341983855806605, 7.836600696356163], [6.77200369664382, 0.12833354492915383, 8.271406275176677], [5.44199247217255, 4.156534017936837, 10.280484830303932], [8.440292684849924, 5.452833008190707, 9.657682196591406]], "name": "C8FH17", "identifiers": {"molecule_hash": "447ce0c4048344036ed53e02eed8a3debb2b65ef", "molecular_formula": "C8FH17"}, "molecular_charge": 0.0, "molecular_multiplicity": 1, "connectivity": [[0, 1, 1.0], [0, 9, 1.0], [0, 10, 1.0], [0, 11, 1.0], [1, 2, 1.0], [1, 12, 1.0], [1, 13, 1.0], [2, 3, 1.0], [2, 14, 1.0], [2, 15, 1.0], [3, 4, 1.0], [3, 16, 1.0], [3, 17, 1.0], [4, 5, 1.0], [4, 18, 1.0], [4, 19, 1.0], [5, 6, 1.0], [5, 20, 1.0], [5, 21, 1.0], [6, 7, 1.0], [6, 22, 1.0], [6, 23, 1.0], [7, 8, 1.0], [7, 24, 1.0], [7, 25, 1.0]], "fix_com": true, "fix_orientation": true, "provenance": {"creator": "QCElemental", "version": "v0.22.0", "routine": "qcelemental.molparse.from_schema"}, "id": "97968"}, "charge": 0, "optimize_geometry": false, "conformers": [], "conformer_generation_options": {"n_conformer_pool": 4000, "n_max_conformers": 0, "rms_tolerance": 0.05, "energy_window": 15, "keep_original_conformer": true}, "stage_1_unrestrained_charges": null, "stage_1_restrained_charges": null, "stage_2_unrestrained_charges": null, "stage_2_restrained_charges": null, "keep_original_orientation": false, "reorientations": [], "translations": [], "rotations": []}}, {"index": 3, "molecule": {"qcmol": {"schema_name": "qcschema_molecule", "schema_version": 2, "validated": true, "symbols": ["C", "C", "C", "C", "C", "C", "C", "C", "F", "H", "H", "H", "H", "H", "H", "H", "H", "H", "H", "H", "H", "H", "H", "H", "H", "H"], "geometry": [[0.0, 0.0, 0.0], [2.8906715399499023, 5.645062772325091e-17, -3.9629622506739696e-16], [4.08903530009195, 2.639963016465999, 0.0], [3.4754845718633254, 4.32122551559112, 2.2848414215374486], [4.215358966060551, 3.277249601452972, 4.887982148621424], [7.060359619268652, 2.8583974025934245, 5.2392586225644475], [7.813589802104854, 1.847052289001872, 7.848389277574016], [7.415305935590161, 3.7108781995001516, 9.988549555205855], [8.309362173706772, 2.675857070907682, 12.194970809939775], [-0.7684957084581776, 0.8036921050757153, 1.7230305140151096], [-0.7379680247884239, 1.086608681825093, -1.5785638042829715], [-0.7282937059220609, -1.9108164406069, -0.16428706040279162], [3.550590699124826, -0.9961962572571033, -1.6713069944700343], [3.572091009087743, -1.0856317126084247, 1.6051850080679966], [3.4804527074109144, 3.63333029844427, -1.6947514480023387], [6.124844906777258, 2.4359664077547096, -0.17583019039826286], [4.412760582123721, 6.131649221666756, 2.0140843801107584], [1.4639433279153806, 4.732894991459088, 2.3018918768098118], [3.533617521597383, 4.603263642660732, 6.301082367380855], [3.22502148290986, 1.5131716006229694, 5.248985594239142], [7.731860150462141, 1.5232646004864847, 3.8350559111837947], [8.060166828007375, 4.619880487902103, 4.871706766800921], [9.802794505046485, 1.341983855806605, 7.836600696356163], [6.77200369664382, 0.12833354492915383, 8.271406275176677], [5.44199247217255, 4.156534017936837, 10.280484830303932], [8.440292684849924, 5.452833008190707, 9.657682196591406]], "name": "C8FH17", "identifiers": {"molecule_hash": "447ce0c4048344036ed53e02eed8a3debb2b65ef", "molecular_formula": "C8FH17"}, "molecular_charge": 0.0, "molecular_multiplicity": 1, "connectivity": [[0, 1, 1.0], [0, 9, 1.0], [0, 10, 1.0], [0, 11, 1.0], [1, 2, 1.0], [1, 12, 1.0], [1, 13, 1.0], [2, 3, 1.0], [2, 14, 1.0], [2, 15, 1.0], [3, 4, 1.0], [3, 16, 1.0], [3, 17, 1.0], [4, 5, 1.0], [4, 18, 1.0], [4, 19, 1.0], [5, 6, 1.0], [5, 20, 1.0], [5, 21, 1.0], [6, 7, 1.0], [6, 22, 1.0], [6, 23, 1.0], [7, 8, 1.0], [7, 24, 1.0], [7, 25, 1.0]], "fix_com": true, "fix_orientation": true, "provenance": {"creator": "QCElemental", "version": "v0.22.0", "routine": "qcelemental.molparse.from_schema"}, "id": "97968"}, "charge": 0, "optimize_geometry": false, "conformers": [], "conformer_generation_options": {"n_conformer_pool": 4000, "n_max_conformers": 0, "rms_tolerance": 0.05, "energy_window": 15, "keep_original_conformer": true}, "stage_1_unrestrained_charges": null, "stage_1_restrained_charges": null, "stage_2_unrestrained_charges": null, "stage_2_restrained_charges": null, "keep_original_orientation": false, "reorientations": [], "translations": [], "rotations": []}}, {"index": 4, "molecule": {"qcmol": {"schema_name": "qcschema_molecule", "schema_version": 2, "validated": true, "symbols": ["C", "C", "C", "C", "C", "C", "C", "C", "F", "H", "H", "H", "H", "H", "H", "H", "H", "H", "H", "H", "H", "H", "H", "H", "H", "H"], "geometry": [[0.0, 0.0, 0.0], [2.8906715399499023, 5.645062772325091e-17, -3.9629622506739696e-16], [4.08903530009195, 2.639963016465999, 0.0], [3.4754845718633254, 4.32122551559112, 2.2848414215374486], [4.215358966060551, 3.277249601452972, 4.887982148621424], [7.060359619268652, 2.8583974025934245, 5.2392586225644475], [7.813589802104854, 1.847052289001872, 7.848389277574016], [7.415305935590161, 3.7108781995001516, 9.988549555205855], [8.309362173706772, 2.675857070907682, 12.194970809939775], [-0.7684957084581776, 0.8036921050757153, 1.7230305140151096], [-0.7379680247884239, 1.086608681825093, -1.5785638042829715], [-0.7282937059220609, -1.9108164406069, -0.16428706040279162], [3.550590699124826, -0.9961962572571033, -1.6713069944700343], [3.572091009087743, -1.0856317126084247, 1.6051850080679966], [3.4804527074109144, 3.63333029844427, -1.6947514480023387], [6.124844906777258, 2.4359664077547096, -0.17583019039826286], [4.412760582123721, 6.131649221666756, 2.0140843801107584], [1.4639433279153806, 4.732894991459088, 2.3018918768098118], [3.533617521597383, 4.603263642660732, 6.301082367380855], [3.22502148290986, 1.5131716006229694, 5.248985594239142], [7.731860150462141, 1.5232646004864847, 3.8350559111837947], [8.060166828007375, 4.619880487902103, 4.871706766800921], [9.802794505046485, 1.341983855806605, 7.836600696356163], [6.77200369664382, 0.12833354492915383, 8.271406275176677], [5.44199247217255, 4.156534017936837, 10.280484830303932], [8.440292684849924, 5.452833008190707, 9.657682196591406]], "name": "C8FH17", "identifiers": {"molecule_hash": "447ce0c4048344036ed53e02eed8a3debb2b65ef", "molecular_formula": "C8FH17"}, "molecular_charge": 0.0, "molecular_multiplicity": 1, "connectivity": [[0, 1, 1.0], [0, 9, 1.0], [0, 10, 1.0], [0, 11, 1.0], [1, 2, 1.0], [1, 12, 1.0], [1, 13, 1.0], [2, 3, 1.0], [2, 14, 1.0], [2, 15, 1.0], [3, 4, 1.0], [3, 16, 1.0], [3, 17, 1.0], [4, 5, 1.0], [4, 18, 1.0], [4, 19, 1.0], [5, 6, 1.0], [5, 20, 1.0], [5, 21, 1.0], [6, 7, 1.0], [6, 22, 1.0], [6, 23, 1.0], [7, 8, 1.0], [7, 24, 1.0], [7, 25, 1.0]], "fix_com": true, "fix_orientation": true, "provenance": {"creator": "QCElemental", "version": "v0.22.0", "routine": "qcelemental.molparse.from_schema"}, "id": "97968"}, "charge": 0, "optimize_geometry": false, "conformers": [], "conformer_generation_options": {"n_conformer_pool": 4000, "n_max_conformers": 0, "rms_tolerance": 0.05, "energy_window": 15, "keep_original_conformer": true}, "stage_1_unrestrained_charges": null, "stage_1_restrained_charges": null, "stage_2_unrestrained_charges": null, "stage_2_restrained_charges": null, "keep_original_orientation": false, "reorientations": [], "translations": [], "rotations": []}}, {"index": 5, "molecule": {"qcmol": {"schema_name": "qcschema_molecule", "schema_version": 2, "validated": true, "symbols": ["C", "C", "C", "C", "C", "C", "C", "C", "F", "H", "H", "H", "H", "H", "H", "H", "H", "H", "H", "H", "H", "H", "H", "H", "H", "H"], "geometry": [[0.0, 0.0, 0.0], [2.8906715399499023, 5.645062772325091e-17, -3.9629622506739696e-16], [4.08903530009195, 2.639963016465999, 0.0], [3.4754845718633254, 4.32122551559112, 2.2848414215374486], [4.215358966060551, 3.277249601452972, 4.887982148621424], [7.060359619268652, 2.8583974025934245, 5.2392586225644475], [7.813589802104854, 1.847052289001872, 7.848389277574016], [7.415305935590161, 3.7108781995001516, 9.988549555205855], [8.309362173706772, 2.675857070907682, 12.194970809939775], [-0.7684957084581776, 0.8036921050757153, 1.7230305140151096], [-0.7379680247884239, 1.086608681825093, -1.5785638042829715], [-0.7282937059220609, -1.9108164406069, -0.16428706040279162], [3.550590699124826, -0.9961962572571033, -1.6713069944700343], [3.572091009087743, -1.0856317126084247, 1.6051850080679966], [3.4804527074109144, 3.63333029844427, -1.6947514480023387], [6.124844906777258, 2.4359664077547096, -0.17583019039826286], [4.412760582123721, 6.131649221666756, 2.0140843801107584], [1.4639433279153806, 4.732894991459088, 2.3018918768098118], [3.533617521597383, 4.603263642660732, 6.301082367380855], [3.22502148290986, 1.5131716006229694, 5.248985594239142], [7.731860150462141, 1.5232646004864847, 3.8350559111837947], [8.060166828007375, 4.619880487902103, 4.871706766800921], [9.802794505046485, 1.341983855806605, 7.836600696356163], [6.77200369664382, 0.12833354492915383, 8.271406275176677], [5.44199247217255, 4.156534017936837, 10.280484830303932], [8.440292684849924, 5.452833008190707, 9.657682196591406]], "name": "C8FH17", "identifiers": {"molecule_hash": "447ce0c4048344036ed53e02eed8a3debb2b65ef", "molecular_formula": "C8FH17"}, "molecular_charge": 0.0, "molecular_multiplicity": 1, "connectivity": [[0, 1, 1.0], [0, 9, 1.0], [0, 10, 1.0], [0, 11, 1.0], [1, 2, 1.0], [1, 12, 1.0], [1, 13, 1.0], [2, 3, 1.0], [2, 14, 1.0], [2, 15, 1.0], [3, 4, 1.0], [3, 16, 1.0], [3, 17, 1.0], [4, 5, 1.0], [4, 18, 1.0], [4, 19, 1.0], [5, 6, 1.0], [5, 20, 1.0], [5, 21, 1.0], [6, 7, 1.0], [6, 22, 1.0], [6, 23, 1.0], [7, 8, 1.0], [7, 24, 1.0], [7, 25, 1.0]], "fix_com": true, "fix_orientation": true, "provenance": {"creator": "QCElemental", "version": "v0.22.0", "routine": "qcelemental.molparse.from_schema"}, "id": "97968"}, "charge": 0, "optimize_geometry": false, "conformers": [], "conformer_generation_options": {"n_conformer_pool": 4000, "n_max_conformers": 0, "rms_tolerance": 0.05, "energy_window": 15, "keep_original_conformer": true}, "stage_1_unrestrained_charges": null, "stage_1_restrained_charges": null, "stage_2_unrestrained_charges": null, "stage_2_restrained_charges": null, "keep_original_orientation": false, "reorientations": [], "translations": [], "rotations": []}}, {"index": 6, "molecule": {"qcmol": {"schema_name": "qcschema_molecule", "schema_version": 2, "validated": true, "symbols": ["C", "C", "C", "C", "C", "C", "C", "C", "F", "H", "H", "H", "H", "H", "H", "H", "H", "H", "H", "H", "H", "H", "H", "H", "H", "H"], "geometry": [[0.0, 0.0, 0.0], [2.8906715399499023, 5.645062772325091e-17, -3.9629622506739696e-16], [4.08903530009195, 2.639963016465999, 0.0], [3.4754845718633254, 4.32122551559112, 2.2848414215374486], [4.215358966060551, 3.277249601452972, 4.887982148621424], [7.060359619268652, 2.8583974025934245, 5.2392586225644475], [7.813589802104854, 1.847052289001872, 7.848389277574016], [7.415305935590161, 3.7108781995001516, 9.988549555205855], [8.309362173706772, 2.675857070907682, 12.194970809939775], [-0.7684957084581776, 0.8036921050757153, 1.7230305140151096], [-0.7379680247884239, 1.086608681825093, -1.5785638042829715], [-0.7282937059220609, -1.9108164406069, -0.16428706040279162], [3.550590699124826, -0.9961962572571033, -1.6713069944700343], [3.572091009087743, -1.0856317126084247, 1.6051850080679966], [3.4804527074109144, 3.63333029844427, -1.6947514480023387], [6.124844906777258, 2.4359664077547096, -0.17583019039826286], [4.412760582123721, 6.131649221666756, 2.0140843801107584], [1.4639433279153806, 4.732894991459088, 2.3018918768098118], [3.533617521597383, 4.603263642660732, 6.301082367380855], [3.22502148290986, 1.5131716006229694, 5.248985594239142], [7.731860150462141, 1.5232646004864847, 3.8350559111837947], [8.060166828007375, 4.619880487902103, 4.871706766800921], [9.802794505046485, 1.341983855806605, 7.836600696356163], [6.77200369664382, 0.12833354492915383, 8.271406275176677], [5.44199247217255, 4.156534017936837, 10.280484830303932], [8.440292684849924, 5.452833008190707, 9.657682196591406]], "name": "C8FH17", "identifiers": {"molecule_hash": "447ce0c4048344036ed53e02eed8a3debb2b65ef", "molecular_formula": "C8FH17"}, "molecular_charge": 0.0, "molecular_multiplicity": 1, "connectivity": [[0, 1, 1.0], [0, 9, 1.0], [0, 10, 1.0], [0, 11, 1.0], [1, 2, 1.0], [1, 12, 1.0], [1, 13, 1.0], [2, 3, 1.0], [2, 14, 1.0], [2, 15, 1.0], [3, 4, 1.0], [3, 16, 1.0], [3, 17, 1.0], [4, 5, 1.0], [4, 18, 1.0], [4, 19, 1.0], [5, 6, 1.0], [5, 20, 1.0], [5, 21, 1.0], [6, 7, 1.0], [6, 22, 1.0], [6, 23, 1.0], [7, 8, 1.0], [7, 24, 1.0], [7, 25, 1.0]], "fix_com": true, "fix_orientation": true, "provenance": {"creator": "QCElemental", "version": "v0.22.0", "routine": "qcelemental.molparse.from_schema"}, "id": "97968"}, "charge": 0, "optimize_geometry": false, "conformers": [], "conformer_generation_options": {"n_conformer_pool": 4000, "n_max_conformers": 0, "rms_tolerance": 0.05, "energy_window": 15, "keep_original_conformer": true}, "stage_1_unrestrained_charges": null, "stage_1_restrained_charges": null, "stage_2_unrestrained_charges": null, "stage_2_restrained_charges": null, "keep_original_orientation": false, "reorientations": [], "translations": [], "rotations": []}}, {"index": 7, "molecule": {"qcmol": {"schema_name": "qcschema_molecule", "schema_version": 2, "validated": true, "symbols": ["C", "C", "C", "C", "C", "C", "C", "C", "F", "H", "H", "H", "H", "H", "H", "H", "H", "H", "H", "H", "H", "H", "H", "H", "H", "H"], "geometry": [[0.0, 0.0, 0.0], [2.8906715399499023, 5.645062772325091e-17, -3.9629622506739696e-16], [4.08903530009195, 2.639963016465999, 0.0], [3.4754845718633254, 4.32122551559112, 2.2848414215374486], [4.215358966060551, 3.277249601452972, 4.887982148621424], [7.060359619268652, 2.8583974025934245, 5.2392586225644475], [7.813589802104854, 1.847052289001872, 7.848389277574016], [7.415305935590161, 3.7108781995001516, 9.988549555205855], [8.309362173706772, 2.675857070907682, 12.194970809939775], [-0.7684957084581776, 0.8036921050757153, 1.7230305140151096], [-0.7379680247884239, 1.086608681825093, -1.5785638042829715], [-0.7282937059220609, -1.9108164406069, -0.16428706040279162], [3.550590699124826, -0.9961962572571033, -1.6713069944700343], [3.572091009087743, -1.0856317126084247, 1.6051850080679966], [3.4804527074109144, 3.63333029844427, -1.6947514480023387], [6.124844906777258, 2.4359664077547096, -0.17583019039826286], [4.412760582123721, 6.131649221666756, 2.0140843801107584], [1.4639433279153806, 4.732894991459088, 2.3018918768098118], [3.533617521597383, 4.603263642660732, 6.301082367380855], [3.22502148290986, 1.5131716006229694, 5.248985594239142], [7.731860150462141, 1.5232646004864847, 3.8350559111837947], [8.060166828007375, 4.619880487902103, 4.871706766800921], [9.802794505046485, 1.341983855806605, 7.836600696356163], [6.77200369664382, 0.12833354492915383, 8.271406275176677], [5.44199247217255, 4.156534017936837, 10.280484830303932], [8.440292684849924, 5.452833008190707, 9.657682196591406]], "name": "C8FH17", "identifiers": {"molecule_hash": "447ce0c4048344036ed53e02eed8a3debb2b65ef", "molecular_formula": "C8FH17"}, "molecular_charge": 0.0, "molecular_multiplicity": 1, "connectivity": [[0, 1, 1.0], [0, 9, 1.0], [0, 10, 1.0], [0, 11, 1.0], [1, 2, 1.0], [1, 12, 1.0], [1, 13, 1.0], [2, 3, 1.0], [2, 14, 1.0], [2, 15, 1.0], [3, 4, 1.0], [3, 16, 1.0], [3, 17, 1.0], [4, 5, 1.0], [4, 18, 1.0], [4, 19, 1.0], [5, 6, 1.0], [5, 20, 1.0], [5, 21, 1.0], [6, 7, 1.0], [6, 22, 1.0], [6, 23, 1.0], [7, 8, 1.0], [7, 24, 1.0], [7, 25, 1.0]], "fix_com": true, "fix_orientation": true, "provenance": {"creator": "QCElemental", "version": "v0.22.0", "routine": "qcelemental.molparse.from_schema"}, "id": "97968"}, "charge": 0, "optimize_geometry": false, "conformers": [], "conformer_generation_options": {"n_conformer_pool": 4000, "n_max_conformers": 0, "rms_tolerance": 0.05, "energy_window": 15, "keep_original_conformer": true}, "stage_1_unrestrained_charges": null, "stage_1_restrained_charges": null, "stage_2_unrestrained_charges": null, "stage_2_restrained_charges": null, "keep_original_orientation": false, "reorientations": [], "translations": [], "rotations": []}}]}, "surface_constraints": {"matrix": [[4764.1197122511, 4628.999421499271, 4475.345213868349, 4303.898136616658, 4145.140469998292, 3938.9842825634646, 3825.863872525758, 3625.527774373841, 3441.2650577263735, 4799.247119114118, 4793.255835942759, 4776.778138988831, 4615.460891114076, 4611.84962007192, 4487.17962670322, 4449.501505357394, 4231.568511516838, 4345.086370893067, 4099.512798393326, 4206.616389575474, 3879.7008804785028, 3903.5577938365245, 3909.9307604330097, 3791.4293007673396, 3586.68432225536, 3629.81953994633], [4628.999421499271, 4733.608938759613, 4631.380757699312, 4476.486253484428, 4331.137758858133, 4109.758694913231, 3965.7179754741733, 3755.717011974845, 3584.6614432920233, 4599.020970218924, 4592.73742800106, 4582.691445562433, 4791.490279577171, 4790.667974658017, 4635.697508756779, 4634.2609533281275, 4426.396253238044, 4493.982439148804, 4304.5236870466515, 4395.549298849144, 4057.2613694611005, 4079.014772323197, 4045.598220916856, 3916.3597539078096, 3700.3325827495783, 3759.3327499003917], [4475.345213868349, 4631.380757699312, 4755.143085663039, 4649.850591725945, 4494.0596010200525, 4297.8293276842005, 4175.514259298857, 3982.5147622158584, 3816.5444680105215, 4441.339597209417, 4487.627114383283, 4353.89235778418, 4620.7172330394715, 4623.4751561319645, 4825.691479753161, 4828.693737107181, 4662.882828115726, 4646.988961187065, 4475.799555929523, 4518.249749572361, 4237.931092463215, 4271.478791056024, 4254.70667788995, 4125.665822460911, 3925.513587325378, 3995.066516149396], [4303.898136616658, 4476.486253484428, 4649.850591725945, 4763.253354036544, 4656.2359366947085, 4502.310660114225, 4353.140240428278, 4145.064926569104, 3979.7373744060824, 4266.253160311501, 4322.083575698098, 4172.129158047726, 4474.019022531834, 4444.106459261565, 4652.77530705563, 4657.199883109706, 4839.554935649731, 4830.437822638078, 4660.331101135186, 4655.081315894382, 4441.100115389812, 4526.615700384613, 4406.912440942535, 4318.013106709644, 4084.552130059582, 4146.000662650184], [4145.140469998292, 4331.137758858133, 4494.0596010200525, 4656.2359366947085, 4770.533700205068, 4662.413038455006, 4497.602185541115, 4307.954033714827, 4192.2487869487495, 4104.690434276037, 4156.323325938977, 4015.31670446543, 4358.901288669297, 4291.097170729452, 4484.867883270801, 4470.773883179529, 4661.067323504722, 4659.141708778054, 4840.960309694784, 4841.4193524561315, 4662.5975495874145, 4669.246341324859, 4492.668131906387, 4490.8046712788355, 4225.169443394204, 4303.315315757069], [3938.9842825634646, 4109.758694913231, 4297.8293276842005, 4502.310660114225, 4662.413038455006, 4769.362949179492, 4653.7697728885605, 4495.09752215732, 4393.242455295256, 3899.84630587614, 3951.632484914973, 3820.556870519171, 4124.6160989895025, 4054.0836279759233, 4290.370733225688, 4266.421588568735, 4535.182097213339, 4482.411358129064, 4665.382305926901, 4667.525163732481, 4833.513032780605, 4844.032819792938, 4650.284888838004, 4651.819478470605, 4404.261098020384, 4505.695412819849], [3825.863872525758, 3965.7179754741733, 4175.514259298857, 4353.140240428278, 4497.602185541115, 4653.7697728885605, 4765.481391281491, 4656.065727123394, 4554.557012040316, 3818.7076019997426, 3828.3895681607996, 3710.414366864991, 3947.4189833728237, 3904.1253398435783, 4186.338111000753, 4166.8392465092065, 4384.922707164928, 4324.423791777983, 4452.578355790706, 4502.434527671427, 4651.478757941958, 4657.972352303339, 4833.541797536324, 4833.045014702215, 4627.044779014674, 4633.887537393122], [3625.527774373841, 3755.717011974845, 3982.5147622158584, 4145.064926569104, 4307.954033714827, 4495.09752215732, 4656.065727123394, 4773.816854956948, 4727.056170404825, 3621.955847699843, 3630.6552590082233, 3511.8034261481507, 3722.5756338682486, 3690.6882060839325, 4010.388933998596, 3987.930221667579, 4171.075168660736, 4097.927789357193, 4276.376542943317, 4295.61758258772, 4479.771877597738, 4504.804297904598, 4662.503081347156, 4652.120596861271, 4809.908005796372, 4821.85258729567], [3441.2650577263735, 3584.6614432920233, 3816.5444680105215, 3979.7373744060824, 4192.2487869487495, 4393.242455295256, 4554.557012040316, 4727.056170404825, 4931.237872113156, 3424.628545780733, 3442.834054286831, 3334.267968347219, 3557.0170552734908, 3525.3299078922932, 3843.0654470467543, 3827.3161291679944, 3995.9910187613586, 3907.694559356546, 4176.961159957505, 4197.975660879103, 4387.180751717326, 4407.178881302354, 4512.748312894094, 4556.298455958006, 4692.213096024269, 4704.801882127495], [4799.247119114118, 4599.020970218924, 4441.339597209417, 4266.253160311501, 4104.690434276037, 3899.84630587614, 3818.7076019997426, 3621.955847699843, 3424.628545780733, 5024.513461864571, 4763.207703430465, 4744.011287223648, 4555.352868193617, 4564.9082140424725, 4477.600056098041, 4391.15194719389, 4191.373774563105, 4310.275722698503, 4041.3453759860986, 4179.649549179956, 3824.3262651315945, 3855.9467686753724, 3916.401448470424, 3794.0444090141837, 3597.3357376892536, 3624.0236322394553], [4793.255835942759, 4592.73742800106, 4487.627114383283, 4322.083575698098, 4156.323325938977, 3951.632484914973, 3828.3895681607996, 3630.6552590082233, 3442.834054286831, 4763.207703430465, 5014.2546413146165, 4738.055821386564, 4548.247730062162, 4513.958912859875, 4518.882054111668, 4469.936628831729, 4248.350085563555, 4377.000675995434, 4116.73801772196, 4205.0050954664885, 3902.2626670836644, 3915.3967958017106, 3895.113518477638, 3800.5287652980282, 3587.9653030420154, 3644.4088689917876], [4776.778138988831, 4582.691445562433, 4353.89235778418, 4172.129158047726, 4015.31670446543, 3820.556870519171, 3710.414366864991, 3511.8034261481507, 3334.267968347219, 4744.011287223648, 4738.055821386564, 4974.366018568278, 4570.508793008515, 4582.545110228798, 4326.977853461441, 4325.1216999852895, 4087.6196865274746, 4216.243642603085, 3967.331242125047, 4072.428086567509, 3762.285515652662, 3792.2443304192025, 3801.5751483424106, 3671.5800307581335, 3476.4349739296613, 3508.476855844878], [4615.460891114076, 4791.490279577171, 4620.7172330394715, 4474.019022531834, 4358.901288669297, 4124.6160989895025, 3947.4189833728237, 3722.5756338682486, 3557.0170552734908, 4555.352868193617, 4548.247730062162, 4570.508793008515, 5032.119979260409, 4781.994832760877, 4606.795189274507, 4578.256573319989, 4399.2421152734505, 4496.502286042254, 4341.387163956692, 4449.355148664622, 4080.9455125965674, 4102.9667224192835, 4024.8694107981496, 3887.776832853366, 3653.9388403843354, 3724.6334336932014], [4611.84962007192, 4790.667974658017, 4623.4751561319645, 4444.106459261565, 4291.097170729452, 4054.0836279759233, 3904.1253398435783, 3690.6882060839325, 3525.3299078922932, 4564.9082140424725, 4513.958912859875, 4582.545110228798, 4781.994832760877, 5029.093146994909, 4583.438276829395, 4638.405297822886, 4394.104915651902, 4450.470151913729, 4265.165217382256, 4362.733779567052, 4003.9975369575377, 4014.3650218739353, 3980.4519204367607, 3856.7658866294264, 3636.7719557110154, 3687.3229074796786], [4487.17962670322, 4635.697508756779, 4825.691479753161, 4652.77530705563, 4484.867883270801, 4290.370733225688, 4186.338111000753, 4010.388933998596, 3843.0654470467543, 4477.600056098041, 4518.882054111668, 4326.977853461441, 4606.795189274507, 4583.438276829395, 5072.060026113057, 4835.553109281411, 4651.335197730269, 4619.602644690246, 4482.632731611764, 4482.076486739872, 4225.177100166436, 4257.095766502474, 4267.631297584561, 4135.5491647420895, 3953.6346645482945, 4035.3992672811123], [4449.501505357394, 4634.2609533281275, 4828.693737107181, 4657.199883109706, 4470.773883179529, 4266.421588568735, 4166.8392465092065, 3987.930221667579, 3827.3161291679944, 4391.15194719389, 4469.936628831729, 4325.1216999852895, 4578.256573319989, 4638.405297822886, 4835.553109281411, 5079.658237912516, 4686.2647437708565, 4608.194822832298, 4427.879242946228, 4504.715400254496, 4207.991490465878, 4213.607523104612, 4261.662230084548, 4104.954005801968, 3935.190261529401, 4004.9513383172784], [4231.568511516838, 4426.396253238044, 4662.882828115726, 4839.554935649731, 4661.067323504722, 4535.182097213339, 4384.922707164928, 4171.075168660736, 3995.9910187613586, 4191.373774563105, 4248.350085563555, 4087.6196865274746, 4399.2421152734505, 4394.104915651902, 4651.335197730269, 4686.2647437708565, 5089.878737901765, 4844.37088693744, 4621.708060140647, 4619.431701059142, 4464.884851542961, 4587.759612947786, 4453.921460487342, 4338.499787764802, 4098.591166373748, 4186.948054128366], [4345.086370893067, 4493.982439148804, 4646.988961187065, 4830.437822638078, 4659.141708778054, 4482.411358129064, 4324.423791777983, 4097.927789357193, 3907.694559356546, 4310.275722698503, 4377.000675995434, 4216.243642603085, 4496.502286042254, 4450.470151913729, 4619.602644690246, 4608.194822832298, 4844.37088693744, 5072.884117324795, 4670.927407689263, 4616.77350813295, 4386.829457574047, 4532.638211279489, 4386.1571525018435, 4290.780401373877, 4064.926497593824, 4076.8864384393733], [4099.512798393326, 4304.5236870466515, 4475.799555929523, 4660.331101135186, 4840.960309694784, 4665.382305926901, 4452.578355790706, 4276.376542943317, 4176.961159957505, 4041.3453759860986, 4116.73801772196, 3967.331242125047, 4341.387163956692, 4265.165217382256, 4482.632731611764, 4427.879242946228, 4621.708060140647, 4670.927407689263, 5082.154199749243, 4852.140861812361, 4661.109248058751, 4661.246352013353, 4403.773337981195, 4444.520210203046, 4199.451127343551, 4265.196097000245], [4206.616389575474, 4395.549298849144, 4518.249749572361, 4655.081315894382, 4841.4193524561315, 4667.525163732481, 4502.434527671427, 4295.61758258772, 4197.975660879103, 4179.649549179956, 4205.0050954664885, 4072.428086567509, 4449.355148664622, 4362.733779567052, 4482.076486739872, 4504.715400254496, 4619.431701059142, 4616.77350813295, 4852.140861812361, 5088.1972687405205, 4674.318997739462, 4612.276248378095, 4489.0701742174615, 4516.977486051576, 4194.705269996619, 4282.927901550361], [3879.7008804785028, 4057.2613694611005, 4237.931092463215, 4441.100115389812, 4662.5975495874145, 4833.513032780605, 4651.478757941958, 4479.771877597738, 4387.180751717326, 3824.3262651315945, 3902.2626670836644, 3762.285515652662, 4080.9455125965674, 4003.9975369575377, 4225.177100166436, 4207.991490465878, 4464.884851542961, 4386.829457574047, 4661.109248058751, 4674.318997739462, 5072.747254832794, 4841.852609491066, 4591.498529805786, 4661.35561081134, 4348.733867802162, 4515.191163624647], [3903.5577938365245, 4079.014772323197, 4271.478791056024, 4526.615700384613, 4669.246341324859, 4844.032819792938, 4657.972352303339, 4504.804297904598, 4407.178881302354, 3855.9467686753724, 3915.3967958017106, 3792.2443304192025, 4102.9667224192835, 4014.3650218739353, 4257.095766502474, 4213.607523104612, 4587.759612947786, 4532.638211279489, 4661.246352013353, 4612.276248378095, 4841.852609491066, 5099.901864715848, 4655.314724280486, 4591.064237887109, 4404.946960302616, 4525.348110254497], [3909.9307604330097, 4045.598220916856, 4254.70667788995, 4406.912440942535, 4492.668131906387, 4650.284888838004, 4833.541797536324, 4662.503081347156, 4512.748312894094, 3916.401448470424, 3895.113518477638, 3801.5751483424106, 4024.8694107981496, 3980.4519204367607, 4267.631297584561, 4261.662230084548, 4453.921460487342, 4386.1571525018435, 4403.773337981195, 4489.0701742174615, 4591.498529805786, 4655.314724280486, 5078.330679989157, 4834.8291480021135, 4637.315052721342, 4621.914506440326], [3791.4293007673396, 3916.3597539078096, 4125.665822460911, 4318.013106709644, 4490.8046712788355, 4651.819478470605, 4833.045014702215, 4652.120596861271, 4556.298455958006, 3794.0444090141837, 3800.5287652980282, 3671.5800307581335, 3887.776832853366, 3856.7658866294264, 4135.5491647420895, 4104.954005801968, 4338.499787764802, 4290.780401373877, 4444.520210203046, 4516.977486051576, 4661.35561081134, 4591.064237887109, 4834.8291480021135, 5082.24668582277, 4623.881109604169, 4565.186942403966], [3586.68432225536, 3700.3325827495783, 3925.513587325378, 4084.552130059582, 4225.169443394204, 4404.261098020384, 4627.044779014674, 4809.908005796372, 4692.213096024269, 3597.3357376892536, 3587.9653030420154, 3476.4349739296613, 3653.9388403843354, 3636.7719557110154, 3953.6346645482945, 3935.190261529401, 4098.591166373748, 4064.926497593824, 4199.451127343551, 4194.705269996619, 4348.733867802162, 4404.946960302616, 4637.315052721342, 4623.881109604169, 5027.3022997207445, 4784.9514010556], [3629.81953994633, 3759.3327499003917, 3995.066516149396, 4146.000662650184, 4303.315315757069, 4505.695412819849, 4633.887537393122, 4821.85258729567, 4704.801882127495, 3624.0236322394553, 3644.4088689917876, 3508.476855844878, 3724.6334336932014, 3687.3229074796786, 4035.3992672811123, 4004.9513383172784, 4186.948054128366, 4076.8864384393733, 4265.196097000245, 4282.927901550361, 4515.191163624647, 4525.348110254497, 4621.914506440326, 4565.186942403966, 4784.9514010556, 5057.383262328801], [75.94218