{"resp_b": 0.1, "restrained_fit": true, "exclude_hydrogens": true, "convergence_tolerance": 1e-06, "max_iter": 500, "resp_a": 0.0005, "charge_constraints": {"charge_sum_constraints": [], "charge_equivalence_constraints": [], "molecules": [{"qcmol": {"schema_name": "qcschema_molecule", "schema_version": 2, "validated": true, "symbols": ["C", "C", "C", "C", "C", "C", "C", "C", "F", "H", "H", "H", "H", "H", "H", "H", "H", "H", "H", "H", "H", "H", "H", "H", "H", "H"], "geometry": [[0.0, 0.0, 0.0], [2.8906715399499023, 5.645062772325091e-17, -3.9629622506739696e-16], [4.08903530009195, 2.639963016465999, 0.0], [3.4754845718633254, 4.32122551559112, 2.2848414215374486], [4.215358966060551, 3.277249601452972, 4.887982148621424], [7.060359619268652, 2.8583974025934245, 5.2392586225644475], [7.813589802104854, 1.847052289001872, 7.848389277574016], [7.415305935590161, 3.7108781995001516, 9.988549555205855], [8.309362173706772, 2.675857070907682, 12.194970809939775], [-0.7684957084581776, 0.8036921050757153, 1.7230305140151096], [-0.7379680247884239, 1.086608681825093, -1.5785638042829715], [-0.7282937059220609, -1.9108164406069, -0.16428706040279162], [3.550590699124826, -0.9961962572571033, -1.6713069944700343], [3.572091009087743, -1.0856317126084247, 1.6051850080679966], [3.4804527074109144, 3.63333029844427, -1.6947514480023387], [6.124844906777258, 2.4359664077547096, -0.17583019039826286], [4.412760582123721, 6.131649221666756, 2.0140843801107584], [1.4639433279153806, 4.732894991459088, 2.3018918768098118], [3.533617521597383, 4.603263642660732, 6.301082367380855], [3.22502148290986, 1.5131716006229694, 5.248985594239142], [7.731860150462141, 1.5232646004864847, 3.8350559111837947], [8.060166828007375, 4.619880487902103, 4.871706766800921], [9.802794505046485, 1.341983855806605, 7.836600696356163], [6.77200369664382, 0.12833354492915383, 8.271406275176677], [5.44199247217255, 4.156534017936837, 10.280484830303932], [8.440292684849924, 5.452833008190707, 9.657682196591406]], "name": "C8FH17", "identifiers": {"molecule_hash": "447ce0c4048344036ed53e02eed8a3debb2b65ef", "molecular_formula": "C8FH17"}, "molecular_charge": 0.0, "molecular_multiplicity": 1, "connectivity": [[0, 1, 1.0], [0, 9, 1.0], [0, 10, 1.0], [0, 11, 1.0], [1, 2, 1.0], [1, 12, 1.0], [1, 13, 1.0], [2, 3, 1.0], [2, 14, 1.0], [2, 15, 1.0], [3, 4, 1.0], [3, 16, 1.0], [3, 17, 1.0], [4, 5, 1.0], [4, 18, 1.0], [4, 19, 1.0], [5, 6, 1.0], [5, 20, 1.0], [5, 21, 1.0], [6, 7, 1.0], [6, 22, 1.0], [6, 23, 1.0], [7, 8, 1.0], [7, 24, 1.0], [7, 25, 1.0]], "fix_com": true, "fix_orientation": true, "provenance": {"creator": "QCElemental", "version": "v0.22.0", "routine": "qcelemental.molparse.from_schema"}, "id": "97968"}, "charge": 0, "optimize_geometry": false, "conformers": [], "conformer_generation_options": {"n_conformer_pool": 4000, "n_max_conformers": 0, "rms_tolerance": 0.05, "energy_window": 15, "keep_original_conformer": true}, "stage_1_unrestrained_charges": null, "stage_1_restrained_charges": null, "stage_2_unrestrained_charges": null, "stage_2_restrained_charges": null, "keep_original_orientation": false, "reorientations": [], "translations": [], "rotations": []}], "unconstrained_atoms": [{"index": 0, "molecule": {"qcmol": {"schema_name": "qcschema_molecule", "schema_version": 2, "validated": true, "symbols": ["C", "C", "C", "C", "C", "C", "C", "C", "F", "H", "H", "H", "H", "H", "H", "H", "H", "H", "H", "H", "H", "H", "H", "H", "H", "H"], "geometry": [[0.0, 0.0, 0.0], [2.8906715399499023, 5.645062772325091e-17, -3.9629622506739696e-16], [4.08903530009195, 2.639963016465999, 0.0], [3.4754845718633254, 4.32122551559112, 2.2848414215374486], [4.215358966060551, 3.277249601452972, 4.887982148621424], [7.060359619268652, 2.8583974025934245, 5.2392586225644475], [7.813589802104854, 1.847052289001872, 7.848389277574016], [7.415305935590161, 3.7108781995001516, 9.988549555205855], [8.309362173706772, 2.675857070907682, 12.194970809939775], [-0.7684957084581776, 0.8036921050757153, 1.7230305140151096], [-0.7379680247884239, 1.086608681825093, -1.5785638042829715], [-0.7282937059220609, -1.9108164406069, -0.16428706040279162], [3.550590699124826, -0.9961962572571033, -1.6713069944700343], [3.572091009087743, -1.0856317126084247, 1.6051850080679966], [3.4804527074109144, 3.63333029844427, -1.6947514480023387], [6.124844906777258, 2.4359664077547096, -0.17583019039826286], [4.412760582123721, 6.131649221666756, 2.0140843801107584], [1.4639433279153806, 4.732894991459088, 2.3018918768098118], [3.533617521597383, 4.603263642660732, 6.301082367380855], [3.22502148290986, 1.5131716006229694, 5.248985594239142], [7.731860150462141, 1.5232646004864847, 3.8350559111837947], [8.060166828007375, 4.619880487902103, 4.871706766800921], [9.802794505046485, 1.341983855806605, 7.836600696356163], [6.77200369664382, 0.12833354492915383, 8.271406275176677], [5.44199247217255, 4.156534017936837, 10.280484830303932], [8.440292684849924, 5.452833008190707, 9.657682196591406]], "name": "C8FH17", "identifiers": {"molecule_hash": "447ce0c4048344036ed53e02eed8a3debb2b65ef", "molecular_formula": "C8FH17"}, "molecular_charge": 0.0, "molecular_multiplicity": 1, "connectivity": [[0, 1, 1.0], [0, 9, 1.0], [0, 10, 1.0], [0, 11, 1.0], [1, 2, 1.0], [1, 12, 1.0], [1, 13, 1.0], [2, 3, 1.0], [2, 14, 1.0], [2, 15, 1.0], [3, 4, 1.0], [3, 16, 1.0], [3, 17, 1.0], [4, 5, 1.0], [4, 18, 1.0], [4, 19, 1.0], [5, 6, 1.0], [5, 20, 1.0], [5, 21, 1.0], [6, 7, 1.0], [6, 22, 1.0], [6, 23, 1.0], [7, 8, 1.0], [7, 24, 1.0], [7, 25, 1.0]], "fix_com": true, "fix_orientation": true, "provenance": {"creator": "QCElemental", "version": "v0.22.0", "routine": "qcelemental.molparse.from_schema"}, "id": "97968"}, "charge": 0, "optimize_geometry": false, "conformers": [], "conformer_generation_options": {"n_conformer_pool": 4000, "n_max_conformers": 0, "rms_tolerance": 0.05, "energy_window": 15, "keep_original_conformer": true}, "stage_1_unrestrained_charges": null, "stage_1_restrained_charges": null, "stage_2_unrestrained_charges": null, "stage_2_restrained_charges": null, "keep_original_orientation": false, "reorientations": [], "translations": [], "rotations": []}}, {"index": 1, "molecule": {"qcmol": {"schema_name": "qcschema_molecule", "schema_version": 2, "validated": true, "symbols": ["C", "C", "C", "C", "C", "C", "C", "C", "F", "H", "H", "H", "H", "H", "H", "H", "H", "H", "H", "H", "H", "H", "H", "H", "H", "H"], "geometry": [[0.0, 0.0, 0.0], [2.8906715399499023, 5.645062772325091e-17, -3.9629622506739696e-16], [4.08903530009195, 2.639963016465999, 0.0], [3.4754845718633254, 4.32122551559112, 2.2848414215374486], [4.215358966060551, 3.277249601452972, 4.887982148621424], [7.060359619268652, 2.8583974025934245, 5.2392586225644475], [7.813589802104854, 1.847052289001872, 7.848389277574016], [7.415305935590161, 3.7108781995001516, 9.988549555205855], [8.309362173706772, 2.675857070907682, 12.194970809939775], [-0.7684957084581776, 0.8036921050757153, 1.7230305140151096], [-0.7379680247884239, 1.086608681825093, -1.5785638042829715], [-0.7282937059220609, -1.9108164406069, -0.16428706040279162], [3.550590699124826, -0.9961962572571033, -1.6713069944700343], [3.572091009087743, -1.0856317126084247, 1.6051850080679966], [3.4804527074109144, 3.63333029844427, -1.6947514480023387], [6.124844906777258, 2.4359664077547096, -0.17583019039826286], [4.412760582123721, 6.131649221666756, 2.0140843801107584], [1.4639433279153806, 4.732894991459088, 2.3018918768098118], [3.533617521597383, 4.603263642660732, 6.301082367380855], [3.22502148290986, 1.5131716006229694, 5.248985594239142], [7.731860150462141, 1.5232646004864847, 3.8350559111837947], [8.060166828007375, 4.619880487902103, 4.871706766800921], [9.802794505046485, 1.341983855806605, 7.836600696356163], [6.77200369664382, 0.12833354492915383, 8.271406275176677], [5.44199247217255, 4.156534017936837, 10.280484830303932], [8.440292684849924, 5.452833008190707, 9.657682196591406]], "name": "C8FH17", "identifiers": {"molecule_hash": "447ce0c4048344036ed53e02eed8a3debb2b65ef", "molecular_formula": "C8FH17"}, "molecular_charge": 0.0, "molecular_multiplicity": 1, "connectivity": [[0, 1, 1.0], [0, 9, 1.0], [0, 10, 1.0], [0, 11, 1.0], [1, 2, 1.0], [1, 12, 1.0], [1, 13, 1.0], [2, 3, 1.0], [2, 14, 1.0], [2, 15, 1.0], [3, 4, 1.0], [3, 16, 1.0], [3, 17, 1.0], [4, 5, 1.0], [4, 18, 1.0], [4, 19, 1.0], [5, 6, 1.0], [5, 20, 1.0], [5, 21, 1.0], [6, 7, 1.0], [6, 22, 1.0], [6, 23, 1.0], [7, 8, 1.0], [7, 24, 1.0], [7, 25, 1.0]], "fix_com": true, "fix_orientation": true, "provenance": {"creator": "QCElemental", "version": "v0.22.0", "routine": "qcelemental.molparse.from_schema"}, "id": "97968"}, "charge": 0, "optimize_geometry": false, "conformers": [], "conformer_generation_options": {"n_conformer_pool": 4000, "n_max_conformers": 0, "rms_tolerance": 0.05, "energy_window": 15, "keep_original_conformer": true}, "stage_1_unrestrained_charges": null, "stage_1_restrained_charges": null, "stage_2_unrestrained_charges": null, "stage_2_restrained_charges": null, "keep_original_orientation": false, "reorientations": [], "translations": [], "rotations": []}}, {"index": 2, "molecule": {"qcmol": {"schema_name": "qcschema_molecule", "schema_version": 2, "validated": true, "symbols": ["C", "C", "C", "C", "C", "C", "C", "C", "F", "H", "H", "H", "H", "H", "H", "H", "H", "H", "H", "H", "H", "H", "H", "H", "H", "H"], "geometry": [[0.0, 0.0, 0.0], [2.8906715399499023, 5.645062772325091e-17, -3.9629622506739696e-16], [4.08903530009195, 2.639963016465999, 0.0], [3.4754845718633254, 4.32122551559112, 2.2848414215374486], [4.215358966060551, 3.277249601452972, 4.887982148621424], [7.060359619268652, 2.8583974025934245, 5.2392586225644475], [7.813589802104854, 1.847052289001872, 7.848389277574016], [7.415305935590161, 3.7108781995001516, 9.988549555205855], [8.309362173706772, 2.675857070907682, 12.194970809939775], [-0.7684957084581776, 0.8036921050757153, 1.7230305140151096], [-0.7379680247884239, 1.086608681825093, -1.5785638042829715], [-0.7282937059220609, -1.9108164406069, -0.16428706040279162], [3.550590699124826, -0.9961962572571033, -1.6713069944700343], [3.572091009087743, -1.0856317126084247, 1.6051850080679966], [3.4804527074109144, 3.63333029844427, -1.6947514480023387], [6.124844906777258, 2.4359664077547096, -0.17583019039826286], [4.412760582123721, 6.131649221666756, 2.0140843801107584], [1.4639433279153806, 4.732894991459088, 2.3018918768098118], [3.533617521597383, 4.603263642660732, 6.301082367380855], [3.22502148290986, 1.5131716006229694, 5.248985594239142], [7.731860150462141, 1.5232646004864847, 3.8350559111837947], [8.060166828007375, 4.619880487902103, 4.871706766800921], [9.802794505046485, 1.341983855806605, 7.836600696356163], [6.77200369664382, 0.12833354492915383, 8.271406275176677], [5.44199247217255, 4.156534017936837, 10.280484830303932], [8.440292684849924, 5.452833008190707, 9.657682196591406]], "name": "C8FH17", "identifiers": {"molecule_hash": "447ce0c4048344036ed53e02eed8a3debb2b65ef", "molecular_formula": "C8FH17"}, "molecular_charge": 0.0, "molecular_multiplicity": 1, "connectivity": [[0, 1, 1.0], [0, 9, 1.0], [0, 10, 1.0], [0, 11, 1.0], [1, 2, 1.0], [1, 12, 1.0], [1, 13, 1.0], [2, 3, 1.0], [2, 14, 1.0], [2, 15, 1.0], [3, 4, 1.0], [3, 16, 1.0], [3, 17, 1.0], [4, 5, 1.0], [4, 18, 1.0], [4, 19, 1.0], [5, 6, 1.0], [5, 20, 1.0], [5, 21, 1.0], [6, 7, 1.0], [6, 22, 1.0], [6, 23, 1.0], [7, 8, 1.0], [7, 24, 1.0], [7, 25, 1.0]], "fix_com": true, "fix_orientation": true, "provenance": {"creator": "QCElemental", "version": "v0.22.0", "routine": "qcelemental.molparse.from_schema"}, "id": "97968"}, "charge": 0, "optimize_geometry": false, "conformers": [], "conformer_generation_options": {"n_conformer_pool": 4000, "n_max_conformers": 0, "rms_tolerance": 0.05, "energy_window": 15, "keep_original_conformer": true}, "stage_1_unrestrained_charges": null, "stage_1_restrained_charges": null, "stage_2_unrestrained_charges": null, "stage_2_restrained_charges": null, "keep_original_orientation": false, "reorientations": [], "translations": [], "rotations": []}}, {"index": 3, "molecule": {"qcmol": {"schema_name": "qcschema_molecule", "schema_version": 2, "validated": true, "symbols": ["C", "C", "C", "C", "C", "C", "C", "C", "F", "H", "H", "H", "H", "H", "H", "H", "H", "H", "H", "H", "H", "H", "H", "H", "H", "H"], "geometry": [[0.0, 0.0, 0.0], [2.8906715399499023, 5.645062772325091e-17, -3.9629622506739696e-16], [4.08903530009195, 2.639963016465999, 0.0], [3.4754845718633254, 4.32122551559112, 2.2848414215374486], [4.215358966060551, 3.277249601452972, 4.887982148621424], [7.060359619268652, 2.8583974025934245, 5.2392586225644475], [7.813589802104854, 1.847052289001872, 7.848389277574016], [7.415305935590161, 3.7108781995001516, 9.988549555205855], [8.309362173706772, 2.675857070907682, 12.194970809939775], [-0.7684957084581776, 0.8036921050757153, 1.7230305140151096], [-0.7379680247884239, 1.086608681825093, -1.5785638042829715], [-0.7282937059220609, -1.9108164406069, -0.16428706040279162], [3.550590699124826, -0.9961962572571033, -1.6713069944700343], [3.572091009087743, -1.0856317126084247, 1.6051850080679966], [3.4804527074109144, 3.63333029844427, -1.6947514480023387], [6.124844906777258, 2.4359664077547096, -0.17583019039826286], [4.412760582123721, 6.131649221666756, 2.0140843801107584], [1.4639433279153806, 4.732894991459088, 2.3018918768098118], [3.533617521597383, 4.603263642660732, 6.301082367380855], [3.22502148290986, 1.5131716006229694, 5.248985594239142], [7.731860150462141, 1.5232646004864847, 3.8350559111837947], [8.060166828007375, 4.619880487902103, 4.871706766800921], [9.802794505046485, 1.341983855806605, 7.836600696356163], [6.77200369664382, 0.12833354492915383, 8.271406275176677], [5.44199247217255, 4.156534017936837, 10.280484830303932], [8.440292684849924, 5.452833008190707, 9.657682196591406]], "name": "C8FH17", "identifiers": {"molecule_hash": "447ce0c4048344036ed53e02eed8a3debb2b65ef", "molecular_formula": "C8FH17"}, "molecular_charge": 0.0, "molecular_multiplicity": 1, "connectivity": [[0, 1, 1.0], [0, 9, 1.0], [0, 10, 1.0], [0, 11, 1.0], [1, 2, 1.0], [1, 12, 1.0], [1, 13, 1.0], [2, 3, 1.0], [2, 14, 1.0], [2, 15, 1.0], [3, 4, 1.0], [3, 16, 1.0], [3, 17, 1.0], [4, 5, 1.0], [4, 18, 1.0], [4, 19, 1.0], [5, 6, 1.0], [5, 20, 1.0], [5, 21, 1.0], [6, 7, 1.0], [6, 22, 1.0], [6, 23, 1.0], [7, 8, 1.0], [7, 24, 1.0], [7, 25, 1.0]], "fix_com": true, "fix_orientation": true, "provenance": {"creator": "QCElemental", "version": "v0.22.0", "routine": "qcelemental.molparse.from_schema"}, "id": "97968"}, "charge": 0, "optimize_geometry": false, "conformers": [], "conformer_generation_options": {"n_conformer_pool": 4000, "n_max_conformers": 0, "rms_tolerance": 0.05, "energy_window": 15, "keep_original_conformer": true}, "stage_1_unrestrained_charges": null, "stage_1_restrained_charges": null, "stage_2_unrestrained_charges": null, "stage_2_restrained_charges": null, "keep_original_orientation": false, "reorientations": [], "translations": [], "rotations": []}}, {"index": 4, "molecule": {"qcmol": {"schema_name": "qcschema_molecule", "schema_version": 2, "validated": true, "symbols": ["C", "C", "C", "C", "C", "C", "C", "C", "F", "H", "H", "H", "H", "H", "H", "H", "H", "H", "H", "H", "H", "H", "H", "H", "H", "H"], "geometry": [[0.0, 0.0, 0.0], [2.8906715399499023, 5.645062772325091e-17, -3.9629622506739696e-16], [4.08903530009195, 2.639963016465999, 0.0], [3.4754845718633254, 4.32122551559112, 2.2848414215374486], [4.215358966060551, 3.277249601452972, 4.887982148621424], [7.060359619268652, 2.8583974025934245, 5.2392586225644475], [7.813589802104854, 1.847052289001872, 7.848389277574016], [7.415305935590161, 3.7108781995001516, 9.988549555205855], [8.309362173706772, 2.675857070907682, 12.194970809939775], [-0.7684957084581776, 0.8036921050757153, 1.7230305140151096], [-0.7379680247884239, 1.086608681825093, -1.5785638042829715], [-0.7282937059220609, -1.9108164406069, -0.16428706040279162], [3.550590699124826, -0.9961962572571033, -1.6713069944700343], [3.572091009087743, -1.0856317126084247, 1.6051850080679966], [3.4804527074109144, 3.63333029844427, -1.6947514480023387], [6.124844906777258, 2.4359664077547096, -0.17583019039826286], [4.412760582123721, 6.131649221666756, 2.0140843801107584], [1.4639433279153806, 4.732894991459088, 2.3018918768098118], [3.533617521597383, 4.603263642660732, 6.301082367380855], [3.22502148290986, 1.5131716006229694, 5.248985594239142], [7.731860150462141, 1.5232646004864847, 3.8350559111837947], [8.060166828007375, 4.619880487902103, 4.871706766800921], [9.802794505046485, 1.341983855806605, 7.836600696356163], [6.77200369664382, 0.12833354492915383, 8.271406275176677], [5.44199247217255, 4.156534017936837, 10.280484830303932], [8.440292684849924, 5.452833008190707, 9.657682196591406]], "name": "C8FH17", "identifiers": {"molecule_hash": "447ce0c4048344036ed53e02eed8a3debb2b65ef", "molecular_formula": "C8FH17"}, "molecular_charge": 0.0, "molecular_multiplicity": 1, "connectivity": [[0, 1, 1.0], [0, 9, 1.0], [0, 10, 1.0], [0, 11, 1.0], [1, 2, 1.0], [1, 12, 1.0], [1, 13, 1.0], [2, 3, 1.0], [2, 14, 1.0], [2, 15, 1.0], [3, 4, 1.0], [3, 16, 1.0], [3, 17, 1.0], [4, 5, 1.0], [4, 18, 1.0], [4, 19, 1.0], [5, 6, 1.0], [5, 20, 1.0], [5, 21, 1.0], [6, 7, 1.0], [6, 22, 1.0], [6, 23, 1.0], [7, 8, 1.0], [7, 24, 1.0], [7, 25, 1.0]], "fix_com": true, "fix_orientation": true, "provenance": {"creator": "QCElemental", "version": "v0.22.0", "routine": "qcelemental.molparse.from_schema"}, "id": "97968"}, "charge": 0, "optimize_geometry": false, "conformers": [], "conformer_generation_options": {"n_conformer_pool": 4000, "n_max_conformers": 0, "rms_tolerance": 0.05, "energy_window": 15, "keep_original_conformer": true}, "stage_1_unrestrained_charges": null, "stage_1_restrained_charges": null, "stage_2_unrestrained_charges": null, "stage_2_restrained_charges": null, "keep_original_orientation": false, "reorientations": [], "translations": [], "rotations": []}}, {"index": 5, "molecule": {"qcmol": {"schema_name": "qcschema_molecule", "schema_version": 2, "validated": true, "symbols": ["C", "C", "C", "C", "C", "C", "C", "C", "F", "H", "H", "H", "H", "H", "H", "H", "H", "H", "H", "H", "H", "H", "H", "H", "H", "H"], "geometry": [[0.0, 0.0, 0.0], [2.8906715399499023, 5.645062772325091e-17, -3.9629622506739696e-16], [4.08903530009195, 2.639963016465999, 0.0], [3.4754845718633254, 4.32122551559112, 2.2848414215374486], [4.215358966060551, 3.277249601452972, 4.887982148621424], [7.060359619268652, 2.8583974025934245, 5.2392586225644475], [7.813589802104854, 1.847052289001872, 7.848389277574016], [7.415305935590161, 3.7108781995001516, 9.988549555205855], [8.309362173706772, 2.675857070907682, 12.194970809939775], [-0.7684957084581776, 0.8036921050757153, 1.7230305140151096], [-0.7379680247884239, 1.086608681825093, -1.5785638042829715], [-0.7282937059220609, -1.9108164406069, -0.16428706040279162], [3.550590699124826, -0.9961962572571033, -1.6713069944700343], [3.572091009087743, -1.0856317126084247, 1.6051850080679966], [3.4804527074109144, 3.63333029844427, -1.6947514480023387], [6.124844906777258, 2.4359664077547096, -0.17583019039826286], [4.412760582123721, 6.131649221666756, 2.0140843801107584], [1.4639433279153806, 4.732894991459088, 2.3018918768098118], [3.533617521597383, 4.603263642660732, 6.301082367380855], [3.22502148290986, 1.5131716006229694, 5.248985594239142], [7.731860150462141, 1.5232646004864847, 3.8350559111837947], [8.060166828007375, 4.619880487902103, 4.871706766800921], [9.802794505046485, 1.341983855806605, 7.836600696356163], [6.77200369664382, 0.12833354492915383, 8.271406275176677], [5.44199247217255, 4.156534017936837, 10.280484830303932], [8.440292684849924, 5.452833008190707, 9.657682196591406]], "name": "C8FH17", "identifiers": {"molecule_hash": "447ce0c4048344036ed53e02eed8a3debb2b65ef", "molecular_formula": "C8FH17"}, "molecular_charge": 0.0, "molecular_multiplicity": 1, "connectivity": [[0, 1, 1.0], [0, 9, 1.0], [0, 10, 1.0], [0, 11, 1.0], [1, 2, 1.0], [1, 12, 1.0], [1, 13, 1.0], [2, 3, 1.0], [2, 14, 1.0], [2, 15, 1.0], [3, 4, 1.0], [3, 16, 1.0], [3, 17, 1.0], [4, 5, 1.0], [4, 18, 1.0], [4, 19, 1.0], [5, 6, 1.0], [5, 20, 1.0], [5, 21, 1.0], [6, 7, 1.0], [6, 22, 1.0], [6, 23, 1.0], [7, 8, 1.0], [7, 24, 1.0], [7, 25, 1.0]], "fix_com": true, "fix_orientation": true, "provenance": {"creator": "QCElemental", "version": "v0.22.0", "routine": "qcelemental.molparse.from_schema"}, "id": "97968"}, "charge": 0, "optimize_geometry": false, "conformers": [], "conformer_generation_options": {"n_conformer_pool": 4000, "n_max_conformers": 0, "rms_tolerance": 0.05, "energy_window": 15, "keep_original_conformer": true}, "stage_1_unrestrained_charges": null, "stage_1_restrained_charges": null, "stage_2_unrestrained_charges": null, "stage_2_restrained_charges": null, "keep_original_orientation": false, "reorientations": [], "translations": [], "rotations": []}}, {"index": 6, "molecule": {"qcmol": {"schema_name": "qcschema_molecule", "schema_version": 2, "validated": true, "symbols": ["C", "C", "C", "C", "C", "C", "C", "C", "F", "H", "H", "H", "H", "H", "H", "H", "H", "H", "H", "H", "H", "H", "H", "H", "H", "H"], "geometry": [[0.0, 0.0, 0.0], [2.8906715399499023, 5.645062772325091e-17, -3.9629622506739696e-16], [4.08903530009195, 2.639963016465999, 0.0], [3.4754845718633254, 4.32122551559112, 2.2848414215374486], [4.215358966060551, 3.277249601452972, 4.887982148621424], [7.060359619268652, 2.8583974025934245, 5.2392586225644475], [7.813589802104854, 1.847052289001872, 7.848389277574016], [7.415305935590161, 3.7108781995001516, 9.988549555205855], [8.309362173706772, 2.675857070907682, 12.194970809939775], [-0.7684957084581776, 0.8036921050757153, 1.7230305140151096], [-0.7379680247884239, 1.086608681825093, -1.5785638042829715], [-0.7282937059220609, -1.9108164406069, -0.16428706040279162], [3.550590699124826, -0.9961962572571033, -1.6713069944700343], [3.572091009087743, -1.0856317126084247, 1.6051850080679966], [3.4804527074109144, 3.63333029844427, -1.6947514480023387], [6.124844906777258, 2.4359664077547096, -0.17583019039826286], [4.412760582123721, 6.131649221666756, 2.0140843801107584], [1.4639433279153806, 4.732894991459088, 2.3018918768098118], [3.533617521597383, 4.603263642660732, 6.301082367380855], [3.22502148290986, 1.5131716006229694, 5.248985594239142], [7.731860150462141, 1.5232646004864847, 3.8350559111837947], [8.060166828007375, 4.619880487902103, 4.871706766800921], [9.802794505046485, 1.341983855806605, 7.836600696356163], [6.77200369664382, 0.12833354492915383, 8.271406275176677], [5.44199247217255, 4.156534017936837, 10.280484830303932], [8.440292684849924, 5.452833008190707, 9.657682196591406]], "name": "C8FH17", "identifiers": {"molecule_hash": "447ce0c4048344036ed53e02eed8a3debb2b65ef", "molecular_formula": "C8FH17"}, "molecular_charge": 0.0, "molecular_multiplicity": 1, "connectivity": [[0, 1, 1.0], [0, 9, 1.0], [0, 10, 1.0], [0, 11, 1.0], [1, 2, 1.0], [1, 12, 1.0], [1, 13, 1.0], [2, 3, 1.0], [2, 14, 1.0], [2, 15, 1.0], [3, 4, 1.0], [3, 16, 1.0], [3, 17, 1.0], [4, 5, 1.0], [4, 18, 1.0], [4, 19, 1.0], [5, 6, 1.0], [5, 20, 1.0], [5, 21, 1.0], [6, 7, 1.0], [6, 22, 1.0], [6, 23, 1.0], [7, 8, 1.0], [7, 24, 1.0], [7, 25, 1.0]], "fix_com": true, "fix_orientation": true, "provenance": {"creator": "QCElemental", "version": "v0.22.0", "routine": "qcelemental.molparse.from_schema"}, "id": "97968"}, "charge": 0, "optimize_geometry": false, "conformers": [], "conformer_generation_options": {"n_conformer_pool": 4000, "n_max_conformers": 0, "rms_tolerance": 0.05, "energy_window": 15, "keep_original_conformer": true}, "stage_1_unrestrained_charges": null, "stage_1_restrained_charges": null, "stage_2_unrestrained_charges": null, "stage_2_restrained_charges": null, "keep_original_orientation": false, "reorientations": [], "translations": [], "rotations": []}}, {"index": 7, "molecule": {"qcmol": {"schema_name": "qcschema_molecule", "schema_version": 2, "validated": true, "symbols": ["C", "C", "C", "C", "C", "C", "C", "C", "F", "H", "H", "H", "H", "H", "H", "H", "H", "H", "H", "H", "H", "H", "H", "H", "H", "H"], "geometry": [[0.0, 0.0, 0.0], [2.8906715399499023, 5.645062772325091e-17, -3.9629622506739696e-16], [4.08903530009195, 2.639963016465999, 0.0], [3.4754845718633254, 4.32122551559112, 2.2848414215374486], [4.215358966060551, 3.277249601452972, 4.887982148621424], [7.060359619268652, 2.8583974025934245, 5.2392586225644475], [7.813589802104854, 1.847052289001872, 7.848389277574016], [7.415305935590161, 3.7108781995001516, 9.988549555205855], [8.309362173706772, 2.675857070907682, 12.194970809939775], [-0.7684957084581776, 0.8036921050757153, 1.7230305140151096], [-0.7379680247884239, 1.086608681825093, -1.5785638042829715], [-0.7282937059220609, -1.9108164406069, -0.16428706040279162], [3.550590699124826, -0.9961962572571033, -1.6713069944700343], [3.572091009087743, -1.0856317126084247, 1.6051850080679966], [3.4804527074109144, 3.63333029844427, -1.6947514480023387], [6.124844906777258, 2.4359664077547096, -0.17583019039826286], [4.412760582123721, 6.131649221666756, 2.0140843801107584], [1.4639433279153806, 4.732894991459088, 2.3018918768098118], [3.533617521597383, 4.603263642660732, 6.301082367380855], [3.22502148290986, 1.5131716006229694, 5.248985594239142], [7.731860150462141, 1.5232646004864847, 3.8350559111837947], [8.060166828007375, 4.619880487902103, 4.871706766800921], [9.802794505046485, 1.341983855806605, 7.836600696356163], [6.77200369664382, 0.12833354492915383, 8.271406275176677], [5.44199247217255, 4.156534017936837, 10.280484830303932], [8.440292684849924, 5.452833008190707, 9.657682196591406]], "name": "C8FH17", "identifiers": {"molecule_hash": "447ce0c4048344036ed53e02eed8a3debb2b65ef", "molecular_formula": "C8FH17"}, "molecular_charge": 0.0, "molecular_multiplicity": 1, "connectivity": [[0, 1, 1.0], [0, 9, 1.0], [0, 10, 1.0], [0, 11, 1.0], [1, 2, 1.0], [1, 12, 1.0], [1, 13, 1.0], [2, 3, 1.0], [2, 14, 1.0], [2, 15, 1.0], [3, 4, 1.0], [3, 16, 1.0], [3, 17, 1.0], [4, 5, 1.0], [4, 18, 1.0], [4, 19, 1.0], [5, 6, 1.0], [5, 20, 1.0], [5, 21, 1.0], [6, 7, 1.0], [6, 22, 1.0], [6, 23, 1.0], [7, 8, 1.0], [7, 24, 1.0], [7, 25, 1.0]], "fix_com": true, "fix_orientation": true, "provenance": {"creator": "QCElemental", "version": "v0.22.0", "routine": "qcelemental.molparse.from_schema"}, "id": "97968"}, "charge": 0, "optimize_geometry": false, "conformers": [], "conformer_generation_options": {"n_conformer_pool": 4000, "n_max_conformers": 0, "rms_tolerance": 0.05, "energy_window": 15, "keep_original_conformer": true}, "stage_1_unrestrained_charges": null, "stage_1_restrained_charges": null, "stage_2_unrestrained_charges": null, "stage_2_restrained_charges": null, "keep_original_orientation": false, "reorientations": [], "translations": [], "rotations": []}}]}, "surface_constraints": {"matrix": [[1962.900945707225, 1904.709666763638, 1836.9923791391896, 1762.4198950511282, 1687.1253847456571, 1585.874436942143, 1523.5442630685689, 1427.7504432372607, 1346.6579193715222, 1971.3923714307127, 1972.6888475083367, 1965.049025750478, 1896.9083415964537, 1893.4395539286554, 1840.33709395764, 1823.1635601563773, 1730.2050697121174, 1783.1639152190762, 1672.5669218955095, 1710.7577138874437, 1562.0784765912497, 1567.418657215369, 1553.5929333897545, 1508.4753134863174, 1404.3046972335867, 1431.9802717852422], [1904.709666763638, 1953.0860640817007, 1907.5531511077927, 1839.1684376574738, 1770.337964799788, 1665.8842680746714, 1595.7719414565986, 1495.148075919378, 1416.5111222163946, 1886.0382513782947, 1886.5135063265639, 1881.4747679807108, 1976.267093464069, 1973.6611719576426, 1907.749672669783, 1906.0089849203093, 1816.9788239362722, 1847.2859839195173, 1760.811138313611, 1795.3503418883997, 1643.584894370798, 1648.5470061090512, 1627.044893105773, 1576.1901791518694, 1467.8492665214542, 1497.0623948316515], [1836.9923791391896, 1907.5531511077927, 1962.138612410237, 1916.0440519188069, 1844.8388805558902, 1752.6459737720868, 1695.536221479469, 1599.8084280480289, 1518.6718369784876, 1817.2231463761107, 1840.533798514869, 1781.5516891359518, 1901.103319332207, 1900.2614603787522, 1991.1105289550414, 1990.2509404779496, 1920.283679829204, 1914.181565071069, 1836.3875552630602, 1854.7336278978898, 1726.8147327691133, 1734.680731862713, 1729.5418736478873, 1676.9313124914136, 1573.3355506124071, 1604.9088148828012], [1762.4198950511282, 1839.1684376574738, 1916.0440519188069, 1967.128959706517, 1916.1933885824396, 1844.7463924373637, 1776.0401766241887, 1674.4622785954784, 1595.4631723129928, 1741.2031458038323, 1769.4043370007494, 1703.6194447420303, 1835.8078789861115, 1821.169374535403, 1915.717278764282, 1915.9620385133323, 1998.9097753110839, 1995.9112135752505, 1916.8711515052628, 1912.0301023550394, 1816.5234840195756, 1850.8731199254219, 1801.325654452968, 1760.4484432393594, 1646.0588882166387, 1673.3565372358655], [1687.1253847456571, 1770.337964799788, 1844.8388805558902, 1916.1933885824396, 1964.5559925151463, 1912.4030818468107, 1834.6708668578922, 1741.0991243678468, 1682.5334400412873, 1664.010208133747, 1689.2918239881815, 1632.4131387277146, 1777.8431258103403, 1750.9784482756695, 1840.4992741076105, 1833.5717610044817, 1916.1984950575368, 1916.7577468271459, 1994.4459334704734, 1992.105402673791, 1911.0972636276003, 1911.3417622211255, 1833.9966178086395, 1830.2105475294857, 1702.680989324397, 1737.5825983653833], [1585.874436942143, 1665.8842680746714, 1752.6459737720868, 1844.7463924373637, 1912.4030818468107, 1954.417093477735, 1898.515172937082, 1818.2341926057425, 1763.886258096371, 1564.1868652795004, 1587.769658896327, 1533.983034557462, 1670.2249395461233, 1640.2404308368402, 1751.4408416908725, 1736.0370798745485, 1858.9546181352866, 1836.8096078007673, 1912.9677008647427, 1912.282777367206, 1980.5200783812707, 1981.6461987664113, 1898.134893199845, 1896.1349533268603, 1776.3254601417154, 1821.168425640915], [1523.5442630685689, 1595.7719414565986, 1695.536221479469, 1776.0401766241887, 1834.6708668578922, 1898.515172937082, 1943.400300728055, 1883.7236533793302, 1826.2139206641407, 1514.965070189299, 1518.9023799872136, 1471.4265073669578, 1587.0196989818498, 1568.9486837578572, 1704.9874862293925, 1689.3899714185723, 1793.2758590957333, 1763.0403904483885, 1814.4304492528615, 1833.308860313246, 1895.8200176272999, 1895.7862097813347, 1974.1894380225692, 1970.853094332779, 1868.5164855462954, 1873.2392592966876], [1427.7504432372607, 1495.148075919378, 1599.8084280480289, 1674.4622785954784, 1741.0991243678468, 1818.2341926057425, 1883.7236533793302, 1924.0652580289222, 1888.1216702152844, 1421.7665141793016, 1425.085366836615, 1375.4212450197015, 1481.9179963237123, 1467.3920644542009, 1616.9260070808573, 1597.3735211818164, 1689.829679204648, 1654.4093303782606, 1727.0773799324409, 1733.1115800397106, 1810.84177202711, 1818.562696774783, 1887.2660321660474, 1880.797912186057, 1936.4819640761618, 1943.2429659208644], [1346.6579193715222, 1416.5111222163946, 1518.6718369784876, 1595.4631723129928, 1682.5334400412873, 1763.886258096371, 1826.2139206641407, 1888.1216702152844, 1954.872821835048, 1336.4798135779563, 1345.2448722742847, 1296.2914443323928, 1407.7340647361546, 1390.5003488875293, 1534.3752481955826, 1514.107237419574, 1607.0914794011153, 1567.593622302493, 1676.5019632379158, 1682.4967301553768, 1761.3809149951253, 1766.8656362424922, 1809.9837946219595, 1825.7460898451284, 1870.519155380417, 1877.628890653315], [1971.3923714307127, 1886.0382513782947, 1817.2231463761107, 1741.2031458038323, 1664.010208133747, 1564.1868652795004, 1514.965070189299, 1421.7665141793016, 1336.4798135779563, 2061.3631514616063, 1952.5136781337076, 1944.1677769543885, 1865.6740193210335, 1868.2182150034948, 1830.943880117783, 1793.710209155489, 1708.7373318641528, 1763.2282968112663, 1642.442120158109, 1691.8218259144069, 1534.0304159232082, 1542.9925345291283, 1550.5565851606027, 1502.6170539283655, 1403.7574618808985, 1425.4983886201223], [1972.6888475083367, 1886.5135063265639, 1840.533798514869, 1769.4043370007494, 1689.2918239881815, 1587.769658896327, 1518.9023799872136, 1425.085366836615, 1345.2448722742847, 1952.5136781337076, 2065.543069842993, 1945.3910922228056, 1865.7657878175673, 1848.895561152837, 1852.7737738305038, 1829.1740072501736, 1737.0954254613648, 1797.7681874380498, 1680.0150544798037, 1703.796290715446, 1567.2426590902178, 1571.525415098826, 1543.7819743100833, 1502.263508045984, 1399.5055078942094, 1432.226390637179], [1965.049025750478, 1881.4747679807108, 1781.5516891359518, 1703.6194447420303, 1632.4131387277146, 1533.983034557462, 1471.4265073669578, 1375.4212450197015, 1296.2914443323928, 1944.1677769543885, 1945.3910922228056, 2046.706545746896, 1874.4906197415905, 1877.7439999719265, 1767.617678964257, 1767.1674439837343, 1664.9470115779848, 1725.1840158100533, 1616.4830957449965, 1659.4146191189277, 1512.3173618986577, 1516.0794888662642, 1499.9816943431135, 1458.7477003057938, 1351.9272989482456, 1378.5820218755296], [1896.9083415964537, 1976.267093464069, 1901.103319332207, 1835.8078789861115, 1777.8431258103403, 1670.2249395461233, 1587.0196989818498, 1481.9179963237123, 1407.7340647361546, 1865.6740193210335, 1865.7657878175673, 1874.4906197415905, 2077.592539605088, 1968.0626047059104, 1894.7182333022436, 1879.6969894744211, 1804.6840136218043, 1845.8682136349028, 1772.28873313835, 1810.3172350737036, 1650.465329642789, 1659.0017438181956, 1619.150629677087, 1560.9423549176445, 1449.7449329959268, 1482.0340065044925], [1893.4395539286554, 1973.6611719576426, 1900.2614603787522, 1821.169374535403, 1750.9784482756695, 1640.2404308368402, 1568.9486837578572, 1467.3920644542009, 1390.5003488875293, 1868.2182150034948, 1848.895561152837, 1877.7439999719265, 1968.0626047059104, 2071.3336213534117, 1880.82042336902, 1905.4218518612208, 1798.8418839700007, 1823.1930924914436, 1741.1815937216015, 1781.0615647022246, 1619.5772379995747, 1618.1405593936365, 1597.5067155690124, 1552.1454413531162, 1441.6012365723361, 1466.4932959903422], [1840.33709395764, 1907.749672669783, 1991.1105289550414, 1915.717278764282, 1840.4992741076105, 1751.4408416908725, 1704.9874862293925, 1616.9260070808573, 1534.3752481955826, 1830.943880117783, 1852.7737738305038, 1767.617678964257, 1894.7182333022436, 1880.82042336902, 2095.4100054933356, 1991.3015754766423, 1915.237093770637, 1898.4741593542278, 1837.2226116066663, 1839.096599115429, 1722.80791956167, 1730.6512393252476, 1743.5369143361183, 1684.1516874871086, 1591.7764147248292, 1626.5173553499644], [1823.1635601563773, 1906.0089849203093, 1990.2509404779496, 1915.9620385133323, 1833.5717610044817, 1736.0370798745485, 1689.3899714185723, 1597.3735211818164, 1514.107237419574, 1793.710209155489, 1829.1740072501736, 1767.1674439837343, 1879.6969894744211, 1905.4218518612208, 1991.3015754766423, 2093.8761787065637, 1925.1626630604026, 1895.9010498384664, 1814.41234824112, 1851.25878935332, 1712.5457116043267, 1703.3989089450404, 1726.655372242126, 1671.5823742412927, 1573.285311455228, 1605.7173126500138], [1730.2050697121174, 1816.9788239362722, 1920.283679829204, 1998.9097753110839, 1916.1984950575368, 1858.9546181352866, 1793.2758590957333, 1689.829679204648, 1607.0914794011153, 1708.7373318641528, 1737.0954254613648, 1664.9470115779848, 1804.6840136218043, 1798.8418839700007, 1915.237093770637, 1925.1626630604026, 2104.2820442862435, 2002.2020939455533, 1896.2239611679333, 1894.9933036389807, 1825.4797338902033, 1876.778654808439, 1827.5625749123028, 1772.1554386305145, 1657.9269344407594, 1693.4431204512064], [1783.1639152190762, 1847.2859839195173, 1914.181565071069, 1995.9112135752505, 1916.7577468271459, 1836.8096078007673, 1763.0403904483885, 1654.4093303782606, 1567.593622302493, 1763.2282968112663, 1797.7681874380498, 1725.1840158100533, 1845.8682136349028, 1823.1930924914436, 1898.4741593542278, 1895.9010498384664, 2002.2020939455533, 2098.383060352645, 1922.0415135379976, 1892.5464794314512, 1793.8334184349005, 1856.0943959879858, 1791.0034774927058, 1747.0725897588172, 1636.1190737536238, 1644.5420332833482], [1672.5669218955095, 1760.811138313611, 1836.3875552630602, 1916.8711515052628, 1994.4459334704734, 1912.9677008647427, 1814.4304492528615, 1727.0773799324409, 1676.5019632379158, 1642.442120158109, 1680.0150544798037, 1616.4830957449965, 1772.28873313835, 1741.1815937216015, 1837.2226116066663, 1814.41234824112, 1896.2239611679333, 1922.0415135379976, 2097.1907020353747, 1996.512811189412, 1908.7940597034958, 1908.6714615911505, 1796.1266545106016, 1808.3495542861817, 1691.510554786737, 1719.7248483431856], [1710.7577138874437, 1795.3503418883997, 1854.7336278978898, 1912.0301023550394, 1992.105402673791, 1912.282777367206, 1833.308860313246, 1733.1115800397106, 1682.4967301553768, 1691.8218259144069, 1703.796290715446, 1659.4146191189277, 1810.3172350737036, 1781.0615647022246, 1839.096599115429, 1851.25878935332, 1894.9933036389807, 1892.5464794314512, 1996.512811189412, 2094.528163184512, 1915.5951212520833, 1884.8623561109575, 1827.6141229809957, 1838.1290044511386, 1686.470141266901, 1727.3008605825755], [1562.0784765912497, 1643.584894370798, 1726.8147327691133, 1816.5234840195756, 1911.0972636276003, 1980.5200783812707, 1895.8200176272999, 1810.84177202711, 1761.3809149951253, 1534.0304159232082, 1567.2426590902178, 1512.3173618986577, 1650.465329642789, 1619.5772379995747, 1722.80791956167, 1712.5457116043267, 1825.4797338902033, 1793.8334184349005, 1908.7940597034958, 1915.5951212520833, 2080.944784563435, 1979.467889546858, 1871.0479774463352, 1898.3577574745923, 1751.9294060766301, 1824.179335105385], [1567.418657215369, 1648.5470061090512, 1734.680731862713, 1850.8731199254219, 1911.3417622211255, 1981.6461987664113, 1895.7862097813347, 1818.562696774783, 1766.8656362424922, 1542.9925345291283, 1571.525415098826, 1516.0794888662642, 1659.0017438181956, 1618.1405593936365, 1730.6512393252476, 1703.3989089450404, 1876.778654808439, 1856.0943959879858, 1908.6714615911505, 1884.8623561109575, 1979.467889546858, 2084.8363249734675, 1895.6982052367812, 1866.4000566976279, 1773.293619282912, 1825.0317965607603], [1553.5929333897545, 1627.044893105773, 1729.5418736478873, 1801.325654452968, 1833.9966178086395, 1898.134893199845, 1974.1894380225692, 1887.2660321660474, 1809.9837946219595, 1550.5565851606027, 1543.7819743100833, 1499.9816943431135, 1619.150629677087, 1597.5067155690124, 1743.5369143361183, 1726.655372242126, 1827.5625749123028, 1791.0034774927058, 1796.1266545106016, 1827.6141229809957, 1871.0479774463352, 1895.6982052367812, 2080.742647131333, 1973.2853689618441, 1873.7648109085403, 1869.0705178686349], [1508.4753134863174, 1576.1901791518694, 1676.9313124914136, 1760.4484432393594, 1830.2105475294857, 1896.1349533268603, 1970.853094332779, 1880.797912186057, 1825.7460898451284, 1502.6170539283655, 1502.263508045984, 1458.7477003057938, 1560.9423549176445, 1552.1454413531162, 1684.1516874871086, 1671.5823742412927, 1772.1554386305145, 1747.0725897588172, 1808.3495542861817, 1838.1290044511386, 1898.3577574745923, 1866.4000566976279, 1973.2853689618441, 2074.8361952429536, 1866.0652303603376, 1843.680304512177], [1404.3046972335867, 1467.8492665214542, 1573.3355506124071, 1646.0588882166387, 1702.680989324397, 1776.3254601417154, 1868.5164855462954, 1936.4819640761618, 1870.519155380417, 1403.7574618808985, 1399.5055078942094, 1351.9272989482456, 1449.7449329959268, 1441.6012365723361, 1591.7764147248292, 1573.285311455228, 1657.9269344407594, 1636.1190737536238, 1691.510554786737, 1686.470141266901, 1751.9294060766301, 1773.293619282912, 1873.7648109085403, 1866.0652303603376, 2024.9900652963067, 1925.1528944238926], [1431.9802717852422, 1497.0623948316515, 1604.9088148828012, 1673.3565372358655, 1737.5825983653833, 1821.168425640915, 1873.2392592966876, 1943.