{"resp_b": 0.1, "restrained_fit": true, "exclude_hydrogens": true, "convergence_tolerance": 1e-06, "max_iter": 500, "resp_a": 0.0005, "charge_constraints": {"charge_sum_constraints": [], "charge_equivalence_constraints": [], "molecules": [{"qcmol": {"schema_name": "qcschema_molecule", "schema_version": 2, "validated": true, "symbols": ["C", "C", "C", "C", "C", "C", "C", "C", "F", "H", "H", "H", "H", "H", "H", "H", "H", "H", "H", "H", "H", "H", "H", "H", "H", "H"], "geometry": [[0.0, 0.0, 0.0], [2.8906715399499023, 5.645062772325091e-17, -3.9629622506739696e-16], [4.08903530009195, 2.639963016465999, 0.0], [3.4754845718633254, 4.32122551559112, 2.2848414215374486], [4.215358966060551, 3.277249601452972, 4.887982148621424], [7.060359619268652, 2.8583974025934245, 5.2392586225644475], [7.813589802104854, 1.847052289001872, 7.848389277574016], [7.415305935590161, 3.7108781995001516, 9.988549555205855], [8.309362173706772, 2.675857070907682, 12.194970809939775], [-0.7684957084581776, 0.8036921050757153, 1.7230305140151096], [-0.7379680247884239, 1.086608681825093, -1.5785638042829715], [-0.7282937059220609, -1.9108164406069, -0.16428706040279162], [3.550590699124826, -0.9961962572571033, -1.6713069944700343], [3.572091009087743, -1.0856317126084247, 1.6051850080679966], [3.4804527074109144, 3.63333029844427, -1.6947514480023387], [6.124844906777258, 2.4359664077547096, -0.17583019039826286], [4.412760582123721, 6.131649221666756, 2.0140843801107584], [1.4639433279153806, 4.732894991459088, 2.3018918768098118], [3.533617521597383, 4.603263642660732, 6.301082367380855], [3.22502148290986, 1.5131716006229694, 5.248985594239142], [7.731860150462141, 1.5232646004864847, 3.8350559111837947], [8.060166828007375, 4.619880487902103, 4.871706766800921], [9.802794505046485, 1.341983855806605, 7.836600696356163], [6.77200369664382, 0.12833354492915383, 8.271406275176677], [5.44199247217255, 4.156534017936837, 10.280484830303932], [8.440292684849924, 5.452833008190707, 9.657682196591406]], "name": "C8FH17", "identifiers": {"molecule_hash": "447ce0c4048344036ed53e02eed8a3debb2b65ef", "molecular_formula": "C8FH17"}, "molecular_charge": 0.0, "molecular_multiplicity": 1, "connectivity": [[0, 1, 1.0], [0, 9, 1.0], [0, 10, 1.0], [0, 11, 1.0], [1, 2, 1.0], [1, 12, 1.0], [1, 13, 1.0], [2, 3, 1.0], [2, 14, 1.0], [2, 15, 1.0], [3, 4, 1.0], [3, 16, 1.0], [3, 17, 1.0], [4, 5, 1.0], [4, 18, 1.0], [4, 19, 1.0], [5, 6, 1.0], [5, 20, 1.0], [5, 21, 1.0], [6, 7, 1.0], [6, 22, 1.0], [6, 23, 1.0], [7, 8, 1.0], [7, 24, 1.0], [7, 25, 1.0]], "fix_com": true, "fix_orientation": true, "provenance": {"creator": "QCElemental", "version": "v0.22.0", "routine": "qcelemental.molparse.from_schema"}, "id": "97968"}, "charge": 0, "optimize_geometry": false, "conformers": [], "conformer_generation_options": {"n_conformer_pool": 4000, "n_max_conformers": 0, "rms_tolerance": 0.05, "energy_window": 15, "keep_original_conformer": true}, "stage_1_unrestrained_charges": null, "stage_1_restrained_charges": null, "stage_2_unrestrained_charges": null, "stage_2_restrained_charges": null, "keep_original_orientation": false, "reorientations": [], "translations": [], "rotations": []}], "unconstrained_atoms": [{"index": 0, "molecule": {"qcmol": {"schema_name": "qcschema_molecule", "schema_version": 2, "validated": true, "symbols": ["C", "C", "C", "C", "C", "C", "C", "C", "F", "H", "H", "H", "H", "H", "H", "H", "H", "H", "H", "H", "H", "H", "H", "H", "H", "H"], "geometry": [[0.0, 0.0, 0.0], [2.8906715399499023, 5.645062772325091e-17, -3.9629622506739696e-16], [4.08903530009195, 2.639963016465999, 0.0], [3.4754845718633254, 4.32122551559112, 2.2848414215374486], [4.215358966060551, 3.277249601452972, 4.887982148621424], [7.060359619268652, 2.8583974025934245, 5.2392586225644475], [7.813589802104854, 1.847052289001872, 7.848389277574016], [7.415305935590161, 3.7108781995001516, 9.988549555205855], [8.309362173706772, 2.675857070907682, 12.194970809939775], [-0.7684957084581776, 0.8036921050757153, 1.7230305140151096], [-0.7379680247884239, 1.086608681825093, -1.5785638042829715], [-0.7282937059220609, -1.9108164406069, -0.16428706040279162], [3.550590699124826, -0.9961962572571033, -1.6713069944700343], [3.572091009087743, -1.0856317126084247, 1.6051850080679966], [3.4804527074109144, 3.63333029844427, -1.6947514480023387], [6.124844906777258, 2.4359664077547096, -0.17583019039826286], [4.412760582123721, 6.131649221666756, 2.0140843801107584], [1.4639433279153806, 4.732894991459088, 2.3018918768098118], [3.533617521597383, 4.603263642660732, 6.301082367380855], [3.22502148290986, 1.5131716006229694, 5.248985594239142], [7.731860150462141, 1.5232646004864847, 3.8350559111837947], [8.060166828007375, 4.619880487902103, 4.871706766800921], [9.802794505046485, 1.341983855806605, 7.836600696356163], [6.77200369664382, 0.12833354492915383, 8.271406275176677], [5.44199247217255, 4.156534017936837, 10.280484830303932], [8.440292684849924, 5.452833008190707, 9.657682196591406]], "name": "C8FH17", "identifiers": {"molecule_hash": "447ce0c4048344036ed53e02eed8a3debb2b65ef", "molecular_formula": "C8FH17"}, "molecular_charge": 0.0, "molecular_multiplicity": 1, "connectivity": [[0, 1, 1.0], [0, 9, 1.0], [0, 10, 1.0], [0, 11, 1.0], [1, 2, 1.0], [1, 12, 1.0], [1, 13, 1.0], [2, 3, 1.0], [2, 14, 1.0], [2, 15, 1.0], [3, 4, 1.0], [3, 16, 1.0], [3, 17, 1.0], [4, 5, 1.0], [4, 18, 1.0], [4, 19, 1.0], [5, 6, 1.0], [5, 20, 1.0], [5, 21, 1.0], [6, 7, 1.0], [6, 22, 1.0], [6, 23, 1.0], [7, 8, 1.0], [7, 24, 1.0], [7, 25, 1.0]], "fix_com": true, "fix_orientation": true, "provenance": {"creator": "QCElemental", "version": "v0.22.0", "routine": "qcelemental.molparse.from_schema"}, "id": "97968"}, "charge": 0, "optimize_geometry": false, "conformers": [], "conformer_generation_options": {"n_conformer_pool": 4000, "n_max_conformers": 0, "rms_tolerance": 0.05, "energy_window": 15, "keep_original_conformer": true}, "stage_1_unrestrained_charges": null, "stage_1_restrained_charges": null, "stage_2_unrestrained_charges": null, "stage_2_restrained_charges": null, "keep_original_orientation": false, "reorientations": [], "translations": [], "rotations": []}}, {"index": 1, "molecule": {"qcmol": {"schema_name": "qcschema_molecule", "schema_version": 2, "validated": true, "symbols": ["C", "C", "C", "C", "C", "C", "C", "C", "F", "H", "H", "H", "H", "H", "H", "H", "H", "H", "H", "H", "H", "H", "H", "H", "H", "H"], "geometry": [[0.0, 0.0, 0.0], [2.8906715399499023, 5.645062772325091e-17, -3.9629622506739696e-16], [4.08903530009195, 2.639963016465999, 0.0], [3.4754845718633254, 4.32122551559112, 2.2848414215374486], [4.215358966060551, 3.277249601452972, 4.887982148621424], [7.060359619268652, 2.8583974025934245, 5.2392586225644475], [7.813589802104854, 1.847052289001872, 7.848389277574016], [7.415305935590161, 3.7108781995001516, 9.988549555205855], [8.309362173706772, 2.675857070907682, 12.194970809939775], [-0.7684957084581776, 0.8036921050757153, 1.7230305140151096], [-0.7379680247884239, 1.086608681825093, -1.5785638042829715], [-0.7282937059220609, -1.9108164406069, -0.16428706040279162], [3.550590699124826, -0.9961962572571033, -1.6713069944700343], [3.572091009087743, -1.0856317126084247, 1.6051850080679966], [3.4804527074109144, 3.63333029844427, -1.6947514480023387], [6.124844906777258, 2.4359664077547096, -0.17583019039826286], [4.412760582123721, 6.131649221666756, 2.0140843801107584], [1.4639433279153806, 4.732894991459088, 2.3018918768098118], [3.533617521597383, 4.603263642660732, 6.301082367380855], [3.22502148290986, 1.5131716006229694, 5.248985594239142], [7.731860150462141, 1.5232646004864847, 3.8350559111837947], [8.060166828007375, 4.619880487902103, 4.871706766800921], [9.802794505046485, 1.341983855806605, 7.836600696356163], [6.77200369664382, 0.12833354492915383, 8.271406275176677], [5.44199247217255, 4.156534017936837, 10.280484830303932], [8.440292684849924, 5.452833008190707, 9.657682196591406]], "name": "C8FH17", "identifiers": {"molecule_hash": "447ce0c4048344036ed53e02eed8a3debb2b65ef", "molecular_formula": "C8FH17"}, "molecular_charge": 0.0, "molecular_multiplicity": 1, "connectivity": [[0, 1, 1.0], [0, 9, 1.0], [0, 10, 1.0], [0, 11, 1.0], [1, 2, 1.0], [1, 12, 1.0], [1, 13, 1.0], [2, 3, 1.0], [2, 14, 1.0], [2, 15, 1.0], [3, 4, 1.0], [3, 16, 1.0], [3, 17, 1.0], [4, 5, 1.0], [4, 18, 1.0], [4, 19, 1.0], [5, 6, 1.0], [5, 20, 1.0], [5, 21, 1.0], [6, 7, 1.0], [6, 22, 1.0], [6, 23, 1.0], [7, 8, 1.0], [7, 24, 1.0], [7, 25, 1.0]], "fix_com": true, "fix_orientation": true, "provenance": {"creator": "QCElemental", "version": "v0.22.0", "routine": "qcelemental.molparse.from_schema"}, "id": "97968"}, "charge": 0, "optimize_geometry": false, "conformers": [], "conformer_generation_options": {"n_conformer_pool": 4000, "n_max_conformers": 0, "rms_tolerance": 0.05, "energy_window": 15, "keep_original_conformer": true}, "stage_1_unrestrained_charges": null, "stage_1_restrained_charges": null, "stage_2_unrestrained_charges": null, "stage_2_restrained_charges": null, "keep_original_orientation": false, "reorientations": [], "translations": [], "rotations": []}}, {"index": 2, "molecule": {"qcmol": {"schema_name": "qcschema_molecule", "schema_version": 2, "validated": true, "symbols": ["C", "C", "C", "C", "C", "C", "C", "C", "F", "H", "H", "H", "H", "H", "H", "H", "H", "H", "H", "H", "H", "H", "H", "H", "H", "H"], "geometry": [[0.0, 0.0, 0.0], [2.8906715399499023, 5.645062772325091e-17, -3.9629622506739696e-16], [4.08903530009195, 2.639963016465999, 0.0], [3.4754845718633254, 4.32122551559112, 2.2848414215374486], [4.215358966060551, 3.277249601452972, 4.887982148621424], [7.060359619268652, 2.8583974025934245, 5.2392586225644475], [7.813589802104854, 1.847052289001872, 7.848389277574016], [7.415305935590161, 3.7108781995001516, 9.988549555205855], [8.309362173706772, 2.675857070907682, 12.194970809939775], [-0.7684957084581776, 0.8036921050757153, 1.7230305140151096], [-0.7379680247884239, 1.086608681825093, -1.5785638042829715], [-0.7282937059220609, -1.9108164406069, -0.16428706040279162], [3.550590699124826, -0.9961962572571033, -1.6713069944700343], [3.572091009087743, -1.0856317126084247, 1.6051850080679966], [3.4804527074109144, 3.63333029844427, -1.6947514480023387], [6.124844906777258, 2.4359664077547096, -0.17583019039826286], [4.412760582123721, 6.131649221666756, 2.0140843801107584], [1.4639433279153806, 4.732894991459088, 2.3018918768098118], [3.533617521597383, 4.603263642660732, 6.301082367380855], [3.22502148290986, 1.5131716006229694, 5.248985594239142], [7.731860150462141, 1.5232646004864847, 3.8350559111837947], [8.060166828007375, 4.619880487902103, 4.871706766800921], [9.802794505046485, 1.341983855806605, 7.836600696356163], [6.77200369664382, 0.12833354492915383, 8.271406275176677], [5.44199247217255, 4.156534017936837, 10.280484830303932], [8.440292684849924, 5.452833008190707, 9.657682196591406]], "name": "C8FH17", "identifiers": {"molecule_hash": "447ce0c4048344036ed53e02eed8a3debb2b65ef", "molecular_formula": "C8FH17"}, "molecular_charge": 0.0, "molecular_multiplicity": 1, "connectivity": [[0, 1, 1.0], [0, 9, 1.0], [0, 10, 1.0], [0, 11, 1.0], [1, 2, 1.0], [1, 12, 1.0], [1, 13, 1.0], [2, 3, 1.0], [2, 14, 1.0], [2, 15, 1.0], [3, 4, 1.0], [3, 16, 1.0], [3, 17, 1.0], [4, 5, 1.0], [4, 18, 1.0], [4, 19, 1.0], [5, 6, 1.0], [5, 20, 1.0], [5, 21, 1.0], [6, 7, 1.0], [6, 22, 1.0], [6, 23, 1.0], [7, 8, 1.0], [7, 24, 1.0], [7, 25, 1.0]], "fix_com": true, "fix_orientation": true, "provenance": {"creator": "QCElemental", "version": "v0.22.0", "routine": "qcelemental.molparse.from_schema"}, "id": "97968"}, "charge": 0, "optimize_geometry": false, "conformers": [], "conformer_generation_options": {"n_conformer_pool": 4000, "n_max_conformers": 0, "rms_tolerance": 0.05, "energy_window": 15, "keep_original_conformer": true}, "stage_1_unrestrained_charges": null, "stage_1_restrained_charges": null, "stage_2_unrestrained_charges": null, "stage_2_restrained_charges": null, "keep_original_orientation": false, "reorientations": [], "translations": [], "rotations": []}}, {"index": 3, "molecule": {"qcmol": {"schema_name": "qcschema_molecule", "schema_version": 2, "validated": true, "symbols": ["C", "C", "C", "C", "C", "C", "C", "C", "F", "H", "H", "H", "H", "H", "H", "H", "H", "H", "H", "H", "H", "H", "H", "H", "H", "H"], "geometry": [[0.0, 0.0, 0.0], [2.8906715399499023, 5.645062772325091e-17, -3.9629622506739696e-16], [4.08903530009195, 2.639963016465999, 0.0], [3.4754845718633254, 4.32122551559112, 2.2848414215374486], [4.215358966060551, 3.277249601452972, 4.887982148621424], [7.060359619268652, 2.8583974025934245, 5.2392586225644475], [7.813589802104854, 1.847052289001872, 7.848389277574016], [7.415305935590161, 3.7108781995001516, 9.988549555205855], [8.309362173706772, 2.675857070907682, 12.194970809939775], [-0.7684957084581776, 0.8036921050757153, 1.7230305140151096], [-0.7379680247884239, 1.086608681825093, -1.5785638042829715], [-0.7282937059220609, -1.9108164406069, -0.16428706040279162], [3.550590699124826, -0.9961962572571033, -1.6713069944700343], [3.572091009087743, -1.0856317126084247, 1.6051850080679966], [3.4804527074109144, 3.63333029844427, -1.6947514480023387], [6.124844906777258, 2.4359664077547096, -0.17583019039826286], [4.412760582123721, 6.131649221666756, 2.0140843801107584], [1.4639433279153806, 4.732894991459088, 2.3018918768098118], [3.533617521597383, 4.603263642660732, 6.301082367380855], [3.22502148290986, 1.5131716006229694, 5.248985594239142], [7.731860150462141, 1.5232646004864847, 3.8350559111837947], [8.060166828007375, 4.619880487902103, 4.871706766800921], [9.802794505046485, 1.341983855806605, 7.836600696356163], [6.77200369664382, 0.12833354492915383, 8.271406275176677], [5.44199247217255, 4.156534017936837, 10.280484830303932], [8.440292684849924, 5.452833008190707, 9.657682196591406]], "name": "C8FH17", "identifiers": {"molecule_hash": "447ce0c4048344036ed53e02eed8a3debb2b65ef", "molecular_formula": "C8FH17"}, "molecular_charge": 0.0, "molecular_multiplicity": 1, "connectivity": [[0, 1, 1.0], [0, 9, 1.0], [0, 10, 1.0], [0, 11, 1.0], [1, 2, 1.0], [1, 12, 1.0], [1, 13, 1.0], [2, 3, 1.0], [2, 14, 1.0], [2, 15, 1.0], [3, 4, 1.0], [3, 16, 1.0], [3, 17, 1.0], [4, 5, 1.0], [4, 18, 1.0], [4, 19, 1.0], [5, 6, 1.0], [5, 20, 1.0], [5, 21, 1.0], [6, 7, 1.0], [6, 22, 1.0], [6, 23, 1.0], [7, 8, 1.0], [7, 24, 1.0], [7, 25, 1.0]], "fix_com": true, "fix_orientation": true, "provenance": {"creator": "QCElemental", "version": "v0.22.0", "routine": "qcelemental.molparse.from_schema"}, "id": "97968"}, "charge": 0, "optimize_geometry": false, "conformers": [], "conformer_generation_options": {"n_conformer_pool": 4000, "n_max_conformers": 0, "rms_tolerance": 0.05, "energy_window": 15, "keep_original_conformer": true}, "stage_1_unrestrained_charges": null, "stage_1_restrained_charges": null, "stage_2_unrestrained_charges": null, "stage_2_restrained_charges": null, "keep_original_orientation": false, "reorientations": [], "translations": [], "rotations": []}}, {"index": 4, "molecule": {"qcmol": {"schema_name": "qcschema_molecule", "schema_version": 2, "validated": true, "symbols": ["C", "C", "C", "C", "C", "C", "C", "C", "F", "H", "H", "H", "H", "H", "H", "H", "H", "H", "H", "H", "H", "H", "H", "H", "H", "H"], "geometry": [[0.0, 0.0, 0.0], [2.8906715399499023, 5.645062772325091e-17, -3.9629622506739696e-16], [4.08903530009195, 2.639963016465999, 0.0], [3.4754845718633254, 4.32122551559112, 2.2848414215374486], [4.215358966060551, 3.277249601452972, 4.887982148621424], [7.060359619268652, 2.8583974025934245, 5.2392586225644475], [7.813589802104854, 1.847052289001872, 7.848389277574016], [7.415305935590161, 3.7108781995001516, 9.988549555205855], [8.309362173706772, 2.675857070907682, 12.194970809939775], [-0.7684957084581776, 0.8036921050757153, 1.7230305140151096], [-0.7379680247884239, 1.086608681825093, -1.5785638042829715], [-0.7282937059220609, -1.9108164406069, -0.16428706040279162], [3.550590699124826, -0.9961962572571033, -1.6713069944700343], [3.572091009087743, -1.0856317126084247, 1.6051850080679966], [3.4804527074109144, 3.63333029844427, -1.6947514480023387], [6.124844906777258, 2.4359664077547096, -0.17583019039826286], [4.412760582123721, 6.131649221666756, 2.0140843801107584], [1.4639433279153806, 4.732894991459088, 2.3018918768098118], [3.533617521597383, 4.603263642660732, 6.301082367380855], [3.22502148290986, 1.5131716006229694, 5.248985594239142], [7.731860150462141, 1.5232646004864847, 3.8350559111837947], [8.060166828007375, 4.619880487902103, 4.871706766800921], [9.802794505046485, 1.341983855806605, 7.836600696356163], [6.77200369664382, 0.12833354492915383, 8.271406275176677], [5.44199247217255, 4.156534017936837, 10.280484830303932], [8.440292684849924, 5.452833008190707, 9.657682196591406]], "name": "C8FH17", "identifiers": {"molecule_hash": "447ce0c4048344036ed53e02eed8a3debb2b65ef", "molecular_formula": "C8FH17"}, "molecular_charge": 0.0, "molecular_multiplicity": 1, "connectivity": [[0, 1, 1.0], [0, 9, 1.0], [0, 10, 1.0], [0, 11, 1.0], [1, 2, 1.0], [1, 12, 1.0], [1, 13, 1.0], [2, 3, 1.0], [2, 14, 1.0], [2, 15, 1.0], [3, 4, 1.0], [3, 16, 1.0], [3, 17, 1.0], [4, 5, 1.0], [4, 18, 1.0], [4, 19, 1.0], [5, 6, 1.0], [5, 20, 1.0], [5, 21, 1.0], [6, 7, 1.0], [6, 22, 1.0], [6, 23, 1.0], [7, 8, 1.0], [7, 24, 1.0], [7, 25, 1.0]], "fix_com": true, "fix_orientation": true, "provenance": {"creator": "QCElemental", "version": "v0.22.0", "routine": "qcelemental.molparse.from_schema"}, "id": "97968"}, "charge": 0, "optimize_geometry": false, "conformers": [], "conformer_generation_options": {"n_conformer_pool": 4000, "n_max_conformers": 0, "rms_tolerance": 0.05, "energy_window": 15, "keep_original_conformer": true}, "stage_1_unrestrained_charges": null, "stage_1_restrained_charges": null, "stage_2_unrestrained_charges": null, "stage_2_restrained_charges": null, "keep_original_orientation": false, "reorientations": [], "translations": [], "rotations": []}}, {"index": 5, "molecule": {"qcmol": {"schema_name": "qcschema_molecule", "schema_version": 2, "validated": true, "symbols": ["C", "C", "C", "C", "C", "C", "C", "C", "F", "H", "H", "H", "H", "H", "H", "H", "H", "H", "H", "H", "H", "H", "H", "H", "H", "H"], "geometry": [[0.0, 0.0, 0.0], [2.8906715399499023, 5.645062772325091e-17, -3.9629622506739696e-16], [4.08903530009195, 2.639963016465999, 0.0], [3.4754845718633254, 4.32122551559112, 2.2848414215374486], [4.215358966060551, 3.277249601452972, 4.887982148621424], [7.060359619268652, 2.8583974025934245, 5.2392586225644475], [7.813589802104854, 1.847052289001872, 7.848389277574016], [7.415305935590161, 3.7108781995001516, 9.988549555205855], [8.309362173706772, 2.675857070907682, 12.194970809939775], [-0.7684957084581776, 0.8036921050757153, 1.7230305140151096], [-0.7379680247884239, 1.086608681825093, -1.5785638042829715], [-0.7282937059220609, -1.9108164406069, -0.16428706040279162], [3.550590699124826, -0.9961962572571033, -1.6713069944700343], [3.572091009087743, -1.0856317126084247, 1.6051850080679966], [3.4804527074109144, 3.63333029844427, -1.6947514480023387], [6.124844906777258, 2.4359664077547096, -0.17583019039826286], [4.412760582123721, 6.131649221666756, 2.0140843801107584], [1.4639433279153806, 4.732894991459088, 2.3018918768098118], [3.533617521597383, 4.603263642660732, 6.301082367380855], [3.22502148290986, 1.5131716006229694, 5.248985594239142], [7.731860150462141, 1.5232646004864847, 3.8350559111837947], [8.060166828007375, 4.619880487902103, 4.871706766800921], [9.802794505046485, 1.341983855806605, 7.836600696356163], [6.77200369664382, 0.12833354492915383, 8.271406275176677], [5.44199247217255, 4.156534017936837, 10.280484830303932], [8.440292684849924, 5.452833008190707, 9.657682196591406]], "name": "C8FH17", "identifiers": {"molecule_hash": "447ce0c4048344036ed53e02eed8a3debb2b65ef", "molecular_formula": "C8FH17"}, "molecular_charge": 0.0, "molecular_multiplicity": 1, "connectivity": [[0, 1, 1.0], [0, 9, 1.0], [0, 10, 1.0], [0, 11, 1.0], [1, 2, 1.0], [1, 12, 1.0], [1, 13, 1.0], [2, 3, 1.0], [2, 14, 1.0], [2, 15, 1.0], [3, 4, 1.0], [3, 16, 1.0], [3, 17, 1.0], [4, 5, 1.0], [4, 18, 1.0], [4, 19, 1.0], [5, 6, 1.0], [5, 20, 1.0], [5, 21, 1.0], [6, 7, 1.0], [6, 22, 1.0], [6, 23, 1.0], [7, 8, 1.0], [7, 24, 1.0], [7, 25, 1.0]], "fix_com": true, "fix_orientation": true, "provenance": {"creator": "QCElemental", "version": "v0.22.0", "routine": "qcelemental.molparse.from_schema"}, "id": "97968"}, "charge": 0, "optimize_geometry": false, "conformers": [], "conformer_generation_options": {"n_conformer_pool": 4000, "n_max_conformers": 0, "rms_tolerance": 0.05, "energy_window": 15, "keep_original_conformer": true}, "stage_1_unrestrained_charges": null, "stage_1_restrained_charges": null, "stage_2_unrestrained_charges": null, "stage_2_restrained_charges": null, "keep_original_orientation": false, "reorientations": [], "translations": [], "rotations": []}}, {"index": 6, "molecule": {"qcmol": {"schema_name": "qcschema_molecule", "schema_version": 2, "validated": true, "symbols": ["C", "C", "C", "C", "C", "C", "C", "C", "F", "H", "H", "H", "H", "H", "H", "H", "H", "H", "H", "H", "H", "H", "H", "H", "H", "H"], "geometry": [[0.0, 0.0, 0.0], [2.8906715399499023, 5.645062772325091e-17, -3.9629622506739696e-16], [4.08903530009195, 2.639963016465999, 0.0], [3.4754845718633254, 4.32122551559112, 2.2848414215374486], [4.215358966060551, 3.277249601452972, 4.887982148621424], [7.060359619268652, 2.8583974025934245, 5.2392586225644475], [7.813589802104854, 1.847052289001872, 7.848389277574016], [7.415305935590161, 3.7108781995001516, 9.988549555205855], [8.309362173706772, 2.675857070907682, 12.194970809939775], [-0.7684957084581776, 0.8036921050757153, 1.7230305140151096], [-0.7379680247884239, 1.086608681825093, -1.5785638042829715], [-0.7282937059220609, -1.9108164406069, -0.16428706040279162], [3.550590699124826, -0.9961962572571033, -1.6713069944700343], [3.572091009087743, -1.0856317126084247, 1.6051850080679966], [3.4804527074109144, 3.63333029844427, -1.6947514480023387], [6.124844906777258, 2.4359664077547096, -0.17583019039826286], [4.412760582123721, 6.131649221666756, 2.0140843801107584], [1.4639433279153806, 4.732894991459088, 2.3018918768098118], [3.533617521597383, 4.603263642660732, 6.301082367380855], [3.22502148290986, 1.5131716006229694, 5.248985594239142], [7.731860150462141, 1.5232646004864847, 3.8350559111837947], [8.060166828007375, 4.619880487902103, 4.871706766800921], [9.802794505046485, 1.341983855806605, 7.836600696356163], [6.77200369664382, 0.12833354492915383, 8.271406275176677], [5.44199247217255, 4.156534017936837, 10.280484830303932], [8.440292684849924, 5.452833008190707, 9.657682196591406]], "name": "C8FH17", "identifiers": {"molecule_hash": "447ce0c4048344036ed53e02eed8a3debb2b65ef", "molecular_formula": "C8FH17"}, "molecular_charge": 0.0, "molecular_multiplicity": 1, "connectivity": [[0, 1, 1.0], [0, 9, 1.0], [0, 10, 1.0], [0, 11, 1.0], [1, 2, 1.0], [1, 12, 1.0], [1, 13, 1.0], [2, 3, 1.0], [2, 14, 1.0], [2, 15, 1.0], [3, 4, 1.0], [3, 16, 1.0], [3, 17, 1.0], [4, 5, 1.0], [4, 18, 1.0], [4, 19, 1.0], [5, 6, 1.0], [5, 20, 1.0], [5, 21, 1.0], [6, 7, 1.0], [6, 22, 1.0], [6, 23, 1.0], [7, 8, 1.0], [7, 24, 1.0], [7, 25, 1.0]], "fix_com": true, "fix_orientation": true, "provenance": {"creator": "QCElemental", "version": "v0.22.0", "routine": "qcelemental.molparse.from_schema"}, "id": "97968"}, "charge": 0, "optimize_geometry": false, "conformers": [], "conformer_generation_options": {"n_conformer_pool": 4000, "n_max_conformers": 0, "rms_tolerance": 0.05, "energy_window": 15, "keep_original_conformer": true}, "stage_1_unrestrained_charges": null, "stage_1_restrained_charges": null, "stage_2_unrestrained_charges": null, "stage_2_restrained_charges": null, "keep_original_orientation": false, "reorientations": [], "translations": [], "rotations": []}}, {"index": 7, "molecule": {"qcmol": {"schema_name": "qcschema_molecule", "schema_version": 2, "validated": true, "symbols": ["C", "C", "C", "C", "C", "C", "C", "C", "F", "H", "H", "H", "H", "H", "H", "H", "H", "H", "H", "H", "H", "H", "H", "H", "H", "H"], "geometry": [[0.0, 0.0, 0.0], [2.8906715399499023, 5.645062772325091e-17, -3.9629622506739696e-16], [4.08903530009195, 2.639963016465999, 0.0], [3.4754845718633254, 4.32122551559112, 2.2848414215374486], [4.215358966060551, 3.277249601452972, 4.887982148621424], [7.060359619268652, 2.8583974025934245, 5.2392586225644475], [7.813589802104854, 1.847052289001872, 7.848389277574016], [7.415305935590161, 3.7108781995001516, 9.988549555205855], [8.309362173706772, 2.675857070907682, 12.194970809939775], [-0.7684957084581776, 0.8036921050757153, 1.7230305140151096], [-0.7379680247884239, 1.086608681825093, -1.5785638042829715], [-0.7282937059220609, -1.9108164406069, -0.16428706040279162], [3.550590699124826, -0.9961962572571033, -1.6713069944700343], [3.572091009087743, -1.0856317126084247, 1.6051850080679966], [3.4804527074109144, 3.63333029844427, -1.6947514480023387], [6.124844906777258, 2.4359664077547096, -0.17583019039826286], [4.412760582123721, 6.131649221666756, 2.0140843801107584], [1.4639433279153806, 4.732894991459088, 2.3018918768098118], [3.533617521597383, 4.603263642660732, 6.301082367380855], [3.22502148290986, 1.5131716006229694, 5.248985594239142], [7.731860150462141, 1.5232646004864847, 3.8350559111837947], [8.060166828007375, 4.619880487902103, 4.871706766800921], [9.802794505046485, 1.341983855806605, 7.836600696356163], [6.77200369664382, 0.12833354492915383, 8.271406275176677], [5.44199247217255, 4.156534017936837, 10.280484830303932], [8.440292684849924, 5.452833008190707, 9.657682196591406]], "name": "C8FH17", "identifiers": {"molecule_hash": "447ce0c4048344036ed53e02eed8a3debb2b65ef", "molecular_formula": "C8FH17"}, "molecular_charge": 0.0, "molecular_multiplicity": 1, "connectivity": [[0, 1, 1.0], [0, 9, 1.0], [0, 10, 1.0], [0, 11, 1.0], [1, 2, 1.0], [1, 12, 1.0], [1, 13, 1.0], [2, 3, 1.0], [2, 14, 1.0], [2, 15, 1.0], [3, 4, 1.0], [3, 16, 1.0], [3, 17, 1.0], [4, 5, 1.0], [4, 18, 1.0], [4, 19, 1.0], [5, 6, 1.0], [5, 20, 1.0], [5, 21, 1.0], [6, 7, 1.0], [6, 22, 1.0], [6, 23, 1.0], [7, 8, 1.0], [7, 24, 1.0], [7, 25, 1.0]], "fix_com": true, "fix_orientation": true, "provenance": {"creator": "QCElemental", "version": "v0.22.0", "routine": "qcelemental.molparse.from_schema"}, "id": "97968"}, "charge": 0, "optimize_geometry": false, "conformers": [], "conformer_generation_options": {"n_conformer_pool": 4000, "n_max_conformers": 0, "rms_tolerance": 0.05, "energy_window": 15, "keep_original_conformer": true}, "stage_1_unrestrained_charges": null, "stage_1_restrained_charges": null, "stage_2_unrestrained_charges": null, "stage_2_restrained_charges": null, "keep_original_orientation": false, "reorientations": [], "translations": [], "rotations": []}}]}, "surface_constraints": {"matrix": [[921061217547808.0, 895148927701348.2, 865684549222712.5, 832646214306620.0, 802222923742926.9, 762434328700334.1, 739778890611283.9, 700686822163357.4, 667567261749317.1, 927663124402527.8, 926936353048697.8, 923563091830675.8, 892655403283357.4, 891666367651228.5, 867924276483518.9, 860951472286697.2, 818837426350059.8, 840329650635176.6, 793457982390251.5, 814305709200216.8, 751265018316325.9, 755523926094996.0, 756625792775361.5, 732103009907747.2, 692538619790915.6, 701237409380069.0], [895148927701348.2, 914951569447484.5, 895390387440155.0, 865712703168268.9, 837772845073102.2, 794960903366556.8, 766382798333883.5, 726117723588226.6, 695831821585471.6, 889175685789343.9, 888375699978775.1, 886186857200485.2, 926290048104570.4, 925808768887027.1, 896220962931515.9, 896054243668047.0, 856205859512719.2, 869029789284498.8, 832895863321733.5, 850263114749184.5, 785064359214072.2, 788978894764725.8, 781872700729124.9, 755892365749316.9, 714763517301050.6, 726821230261910.9], [865684549222712.5, 895390387440155.0, 918947737955226.4, 898858638494411.1, 868516265188763.9, 830695530198583.6, 806930981162201.4, 769941449483105.1, 740613944938273.6, 858834307787907.8, 868324901343570.6, 842255430967593.9, 893533736120196.0, 893740396835572.8, 932598571031769.5, 933131113761688.9, 901516176252872.5, 898646338917277.0, 865134701383985.4, 872900869355286.8, 818768168330071.9, 825851241642673.2, 822403137975719.1, 796855579578296.0, 758703098520071.4, 771940032746784.1], [832646214306620.0, 865712703168268.9, 898858638494411.1, 920533520467583.2, 899657096531714.8, 869720468938875.6, 840751909258861.1, 800941410551547.6, 772279914355688.8, 825237444816010.6, 836343744251765.5, 807033095716546.8, 865569913895263.0, 859394981063025.0, 899509572575927.5, 900250792106592.5, 935418754421486.6, 933816105333303.5, 900707127817351.9, 899317656353565.4, 857756050376361.0, 874397207488057.8, 850945046216474.5, 833813230484520.6, 789148333498036.8, 800230037591832.1], [802222923742926.9, 837772845073102.2, 868516265188763.9, 899657096531714.8, 921030819625634.4, 899980956412877.1, 868181984326495.0, 832163924786788.4, 813348001358531.6, 794406291113072.0, 804717238210567.4, 776720147653224.5, 843812281132466.8, 829903437642178.9, 866482801273957.4, 863955597446340.1, 900804759749716.5, 900565805814106.8, 934901048236479.4, 934545121558395.0, 900051140399871.6, 901247852499135.9, 867167498962366.5, 866780094346666.9, 815988898509477.5, 830267109241909.0], [762434328700334.1, 794960903366556.8, 830695530198583.6, 869720468938875.6, 899980956412877.1, 919873044590830.8, 897772977680466.5, 867328193251861.9, 849933351805633.5, 754821265166176.8, 765550150118341.1, 738952026276990.6, 798373352848966.8, 783959031019942.4, 829108997695205.1, 824732228935643.9, 876143202754467.8, 866044815012265.9, 900828893941848.2, 900893519692368.4, 932250493581414.6, 934103896128769.1, 897415792341922.6, 897482759031235.4, 849991528394263.9, 868643090565292.8], [739778890611283.9, 766382798333883.5, 806930981162201.4, 840751909258861.1, 868181984326495.0, 897772977680466.5, 919053837894035.5, 897902947111904.5, 879317516862636.9, 737991500722423.8, 741586624151619.9, 716609822191293.5, 762981600751454.8, 754125280710412.8, 808824980662748.6, 806081225793777.2, 847266136719355.0, 834827408684782.4, 859766711748760.9, 868923954457659.8, 897481915117629.1, 898510798701208.2, 932499411341940.1, 932141533974434.8, 892621169409064.5, 893369032776995.6], [700686822163357.4, 726117723588226.6, 769941449483105.1, 800941410551547.6, 832163924786788.4, 867328193251861.9, 897902947111904.5, 920262008583234.9, 912008159061427.0, 698975489795594.6, 703152690266826.0, 677841440802004.0, 720210946401746.1, 713370347507119.4, 774297084623554.6, 772601778647368.5, 806641251172396.6, 790955424187528.5, 826564306555849.1, 829874340029691.8, 864215140418527.8, 869504981006377.4, 899278617069633.8, 897285766410050.2, 927437298523040.2, 929026649554795.0], [667567261749317.1, 695831821585471.6, 740613944938273.6, 772279914355688.8, 813348001358531.6, 849933351805633.5, 879317516862636.9, 912008159061427.0, 950968626492948.8, 663322610425221.4, 669099335397175.4, 646042386029269.4, 691074782255386.4, 684344252826257.8, 743952939897616.6, 744585022965048.2, 776289739869309.4, 757464680726210.1, 811257626316170.5, 815435171945334.9, 848785141315514.9, 852801284653961.4, 871413421432922.6, 879396435080294.9, 905185075174919.8, 906980363008154.6], [927663124402527.8, 889175685789343.9, 858834307787907.8, 825237444816010.6, 794406291113072.0, 754821265166176.8, 737991500722423.8, 698975489795594.6, 663322610425221.4, 971137549952863.4, 921049930832614.4, 916971110666603.4, 880889158183758.0, 882334622348153.1, 865791868712012.9, 849193318104740.1, 810873361737229.2, 833495000622638.9, 782284348747138.2, 809183861555902.6, 740349344677073.4, 746531303984717.8, 757567142570499.2, 732325267829373.2, 693404729646109.5, 698858480814415.8], [926936353048697.8, 888375699978775.1, 868324901343570.6, 836343744251765.5, 804717238210567.4, 765550150118341.1, 741586624151619.9, 703152690266826.0, 669099335397175.4, 921049930832614.4, 969952095055560.5, 916351677189660.9, 879709535628849.2, 872904279820414.0, 874280098236380.4, 865387370209419.6, 822231875290951.5, 846562137458596.0, 796872984373422.2, 814368368437244.8, 756289546803181.2, 758266619398592.9, 755354974541138.8, 735282228830680.2, 694570999951472.0, 705519774329877.0], [923563091830675.8, 886186857200485.2, 842255430967593.9, 807033095716546.8, 776720147653224.5, 738952026276990.6, 716609822191293.5, 677841440802004.0, 646042386029269.4, 916971110666603.4, 916351677189660.9, 962015229131135.1, 883884163659671.9, 885932559789526.1, 837024858521582.6, 837037691747693.9, 790924508101978.0, 815310182473441.6, 767478214956942.4, 787902404658664.4, 728152057512315.9, 733351914001240.5, 734893873270413.4, 707824449458443.2, 670277651445343.4, 676957537733351.2], [892655403283357.4, 926290048104570.4, 893533736120196.0, 865569913895263.0, 843812281132466.8, 798373352848966.8, 762981600751454.8, 720210946401746.1, 691074782255386.4, 880889158183758.0, 879709535628849.2, 883884163659671.9, 973181058866057.6, 924374691887158.8, 890647865404148.6, 885418244993821.0, 851235870271223.4, 869712724974388.6, 841196000653747.4, 861276808973540.5, 790414759492240.2, 794169327462156.5, 777638404031110.6, 750178452787767.0, 706004577677168.4, 721053715056906.1], [891666367651228.5, 925808768887027.1, 893740396835572.8, 859394981063025.0, 829903437642178.9, 783959031019942.4, 754125280710412.8, 713370347507119.4, 684344252826257.8, 882334622348153.1, 872904279820414.0, 885932559789526.1, 924374691887158.8, 971849442147702.5, 885987214976786.9, 896624771560804.8, 849938452579589.8, 860611734252513.2, 824965742631354.1, 844035851742021.0, 774749531390832.5, 776053541717716.9, 768744593481683.9, 743992098750147.6, 702265984354669.4, 712776999809579.0], [867924276483518.9, 896220962931515.9, 932598571031769.5, 899509572575927.5, 866482801273957.4, 829108997695205.1, 808824980662748.6, 774297084623554.6, 743952939897616.6, 865791868712012.9, 874280098236380.4, 837024858521582.6, 890647865404148.6, 885987214976786.9, 980505076578440.0, 934403073656109.2, 899346225292314.2, 893597870239551.5, 866179311692572.6, 865259178790211.6, 815934929430120.1, 823246596078960.8, 825298001858011.8, 798606680539206.0, 763153444359819.8, 778574760564686.0], [860951472286697.2, 896054243668047.0, 933131113761688.9, 900250792106592.5, 863955597446340.1, 824732228935643.9, 806081225793777.2, 772601778647368.5, 744585022965048.2, 849193318104740.1, 865387370209419.6, 837037691747693.9, 885418244993821.0, 896624771560804.8, 934403073656109.2, 981839563898947.6, 905971035921115.5, 891095657999379.5, 855642861936211.8, 870247700893040.0, 812648315442067.8, 814750661828883.2, 824456700539869.2, 793849812920705.0, 762419642189260.9, 775627519192794.2], [818837426350059.8, 856205859512719.2, 901516176252872.5, 935418754421486.6, 900804759749716.5, 876143202754467.8, 847266136719355.0, 806641251172396.6, 776289739869309.4, 810873361737229.2, 822231875290951.5, 790924508101978.0, 851235870271223.4, 849938452579589.8, 899346225292314.2, 905971035921115.5, 984178289486420.8, 936592047250033.8, 893295204068459.6, 892750582587800.8, 862069449342860.6, 886307655717068.1, 859905893373146.1, 838537939406753.1, 793038142559739.8, 808408295114237.9], [840329650635176.6, 869029789284498.8, 898646338917277.0, 933816105333303.5, 900565805814106.8, 866044815012265.9, 834827408684782.4, 790955424187528.5, 757464680726210.1, 833495000622638.9, 846562137458596.0, 815310182473441.6, 869712724974388.6, 860611734252513.2, 893597870239551.5, 891095657999379.5, 936592047250033.8, 981278306468036.6, 903262224099725.4, 892187520114808.0, 847756995173839.8, 875654796712538.2, 846667697506285.5, 827956541374933.9, 784184366279769.8, 786041283568619.8], [793457982390251.5, 832895863321733.5, 865134701383985.4, 900707127817351.9, 934901048236479.4, 900828893941848.2, 859766711748760.9, 826564306555849.1, 811257626316170.5, 782284348747138.2, 796872984373422.2, 767478214956942.4, 841196000653747.4, 824965742631354.1, 866179311692572.6, 855642861936211.8, 893295204068459.6, 903262224099725.4, 981879928212809.4, 937026525502115.8, 900235344009511.5, 899762308171569.4, 850013364343948.1, 858189169437337.2, 811466348335928.5, 823279602412257.1], [814305709200216.8, 850263114749184.5, 872900869355286.8, 899317656353565.4, 934545121558395.0, 900893519692368.4, 868923954457659.8, 829874340029691.8, 815435171945334.9, 809183861555902.6, 814368368437244.8, 787902404658664.4, 861276808973540.5, 844035851742021.0, 865259178790211.6, 870247700893040.0, 892750582587800.8, 892187520114808.0, 937026525502115.8, 982122452940308.2, 902279270896934.6, 890176659253614.0, 866195163375720.9, 871580115423605.0, 809826809966473.1, 826225448796059.4], [751265018316325.9, 785064359214072.2, 818768168330071.9, 857756050376361.0, 900051140399871.6, 932250493581414.6, 897481915117629.1, 864215140418527.8, 848785141315514.9, 740349344677073.4, 756289546803181.2, 728152057512315.9, 790414759492240.2, 774749531390832.5, 815934929430120.1, 812648315442067.8, 862069449342860.6, 847756995173839.8, 900235344009511.5, 902279270896934.6, 978536687675546.9, 933767745134814.2, 886280858951671.6, 899709972748584.2, 838970264824011.0, 870143182788167.5], [755523926094996.0, 788978894764725.8, 825851241642673.2, 874397207488057.8, 901247852499135.9, 934103896128769.1, 898510798701208.2, 869504981006377.4, 852801284653961.4, 746531303984717.8, 758266619398592.9, 733351914001240.5, 794169327462156.5, 776053541717716.9, 823246596078960.8, 814750661828883.2, 886307655717068.1, 875654796712538.2, 899762308171569.4, 890176659253614.0, 933767745134814.2, 983238469348622.5, 898272771395259.2, 885422068975471.9, 850676610833594.5, 872967721202319.1], [756625792775361.5, 781872700729124.9, 822403137975719.1, 850945046216474.5, 867167498962366.5, 897415792341922.6, 932499411341940.1, 899278617069633.8, 871413421432922.6, 757567142570499.2, 755354974541138.8, 734893873270413.4, 777638404031110.6, 768744593481683.9, 825298001858011.8, 824456700539869.2, 859905893373146.1, 846667697506285.5, 850013364343948.1, 866195163375720.9, 886280858951671.6, 898272771395259.2, 980223343784869.9, 932780394842512.0, 894544111435583.5, 891374010157117.0], [732103009907747.2, 755892365749316.9, 796855579578296.0, 833813230484520.6, 866780094346666.9, 897482759031235.4, 932141533974434.8, 897285766410050.2, 879396435080294.9, 732325267829373.2, 735282228830680.2, 707824449458443.2, 750178452787767.0, 743992098750147.6, 798606680539206.0, 793849812920705.0, 838537939406753.1, 827956541374933.9, 858189169437337.2, 871580115423605.0, 899709972748584.2, 885422068975471.9, 932780394842512.0, 980373185018015.4, 892227892695495.6, 880369219116133.8], [692538619790915.6, 714763517301050.6, 758703098520071.4, 789148333498036.8, 815988898509477.5, 849991528394263.9, 892621169409064.5, 927437298523040.2, 905185075174919.8, 693404729646109.5, 694570999951472.0, 670277651445343.4, 706004577677168.4, 702265984354669.4, 763153444359819.8, 762419642189260.9, 793038142559739.8, 784184366279769.8, 811466348335928.5, 809826809966473.1, 838970264824011.0, 850676610833594.5, 894544111435583.5, 892227892695495.6, 969717376639760.0, 922394813188429.2], [701237409380069.0, 726821230261910.9, 771940032746784.1, 800230037591832.1, 830267109241909.0, 868643090565292.8, 893369032776995.6, 929026649554795.0, 906980363008154.6, 698858480814415.8, 705519774329877.0, 676957537733351.2, 721053715056906.1, 712776999809579.0, 778574760564686.0, 775627519192794.2, 808408295114237.9, 786041283568619.8, 823279602412257.1, 826225448796059.4, 870143182788167.5, 872967721202319.1, 891374010157117.0, 880369219116133.8, 922394813188429.2, 974132054305139.2], [13315121548248.766, 13045631354842.229, 12603667127609.95, 12329700298176.936, 9111287986290.79, 8088334810089.45, 7525555403512.662, 