{"resp_b": 0.1, "restrained_fit": true, "exclude_hydrogens": true, "convergence_tolerance": 1e-06, "max_iter": 500, "resp_a": 0.0005, "charge_constraints": {"charge_sum_constraints": [], "charge_equivalence_constraints": [], "molecules": [{"qcmol": {"schema_name": "qcschema_molecule", "schema_version": 2, "validated": true, "symbols": ["C", "C", "C", "C", "C", "C", "C", "C", "F", "H", "H", "H", "H", "H", "H", "H", "H", "H", "H", "H", "H", "H", "H", "H", "H", "H"], "geometry": [[0.0, 0.0, 0.0], [2.8906715399499023, 5.645062772325091e-17, -3.9629622506739696e-16], [4.08903530009195, 2.639963016465999, 0.0], [3.4754845718633254, 4.32122551559112, 2.2848414215374486], [4.215358966060551, 3.277249601452972, 4.887982148621424], [7.060359619268652, 2.8583974025934245, 5.2392586225644475], [7.813589802104854, 1.847052289001872, 7.848389277574016], [7.415305935590161, 3.7108781995001516, 9.988549555205855], [8.309362173706772, 2.675857070907682, 12.194970809939775], [-0.7684957084581776, 0.8036921050757153, 1.7230305140151096], [-0.7379680247884239, 1.086608681825093, -1.5785638042829715], [-0.7282937059220609, -1.9108164406069, -0.16428706040279162], [3.550590699124826, -0.9961962572571033, -1.6713069944700343], [3.572091009087743, -1.0856317126084247, 1.6051850080679966], [3.4804527074109144, 3.63333029844427, -1.6947514480023387], [6.124844906777258, 2.4359664077547096, -0.17583019039826286], [4.412760582123721, 6.131649221666756, 2.0140843801107584], [1.4639433279153806, 4.732894991459088, 2.3018918768098118], [3.533617521597383, 4.603263642660732, 6.301082367380855], [3.22502148290986, 1.5131716006229694, 5.248985594239142], [7.731860150462141, 1.5232646004864847, 3.8350559111837947], [8.060166828007375, 4.619880487902103, 4.871706766800921], [9.802794505046485, 1.341983855806605, 7.836600696356163], [6.77200369664382, 0.12833354492915383, 8.271406275176677], [5.44199247217255, 4.156534017936837, 10.280484830303932], [8.440292684849924, 5.452833008190707, 9.657682196591406]], "name": "C8FH17", "identifiers": {"molecule_hash": "447ce0c4048344036ed53e02eed8a3debb2b65ef", "molecular_formula": "C8FH17"}, "molecular_charge": 0.0, "molecular_multiplicity": 1, "connectivity": [[0, 1, 1.0], [0, 9, 1.0], [0, 10, 1.0], [0, 11, 1.0], [1, 2, 1.0], [1, 12, 1.0], [1, 13, 1.0], [2, 3, 1.0], [2, 14, 1.0], [2, 15, 1.0], [3, 4, 1.0], [3, 16, 1.0], [3, 17, 1.0], [4, 5, 1.0], [4, 18, 1.0], [4, 19, 1.0], [5, 6, 1.0], [5, 20, 1.0], [5, 21, 1.0], [6, 7, 1.0], [6, 22, 1.0], [6, 23, 1.0], [7, 8, 1.0], [7, 24, 1.0], [7, 25, 1.0]], "fix_com": true, "fix_orientation": true, "provenance": {"creator": "QCElemental", "version": "v0.22.0", "routine": "qcelemental.molparse.from_schema"}, "id": "97968"}, "charge": 0, "optimize_geometry": false, "conformers": [], "conformer_generation_options": {"n_conformer_pool": 4000, "n_max_conformers": 0, "rms_tolerance": 0.05, "energy_window": 15, "keep_original_conformer": true}, "stage_1_unrestrained_charges": null, "stage_1_restrained_charges": null, "stage_2_unrestrained_charges": null, "stage_2_restrained_charges": null, "keep_original_orientation": false, "reorientations": [], "translations": [], "rotations": []}], "unconstrained_atoms": [{"index": 0, "molecule": {"qcmol": {"schema_name": "qcschema_molecule", "schema_version": 2, "validated": true, "symbols": ["C", "C", "C", "C", "C", "C", "C", "C", "F", "H", "H", "H", "H", "H", "H", "H", "H", "H", "H", "H", "H", "H", "H", "H", "H", "H"], "geometry": [[0.0, 0.0, 0.0], [2.8906715399499023, 5.645062772325091e-17, -3.9629622506739696e-16], [4.08903530009195, 2.639963016465999, 0.0], [3.4754845718633254, 4.32122551559112, 2.2848414215374486], [4.215358966060551, 3.277249601452972, 4.887982148621424], [7.060359619268652, 2.8583974025934245, 5.2392586225644475], [7.813589802104854, 1.847052289001872, 7.848389277574016], [7.415305935590161, 3.7108781995001516, 9.988549555205855], [8.309362173706772, 2.675857070907682, 12.194970809939775], [-0.7684957084581776, 0.8036921050757153, 1.7230305140151096], [-0.7379680247884239, 1.086608681825093, -1.5785638042829715], [-0.7282937059220609, -1.9108164406069, -0.16428706040279162], [3.550590699124826, -0.9961962572571033, -1.6713069944700343], [3.572091009087743, -1.0856317126084247, 1.6051850080679966], [3.4804527074109144, 3.63333029844427, -1.6947514480023387], [6.124844906777258, 2.4359664077547096, -0.17583019039826286], [4.412760582123721, 6.131649221666756, 2.0140843801107584], [1.4639433279153806, 4.732894991459088, 2.3018918768098118], [3.533617521597383, 4.603263642660732, 6.301082367380855], [3.22502148290986, 1.5131716006229694, 5.248985594239142], [7.731860150462141, 1.5232646004864847, 3.8350559111837947], [8.060166828007375, 4.619880487902103, 4.871706766800921], [9.802794505046485, 1.341983855806605, 7.836600696356163], [6.77200369664382, 0.12833354492915383, 8.271406275176677], [5.44199247217255, 4.156534017936837, 10.280484830303932], [8.440292684849924, 5.452833008190707, 9.657682196591406]], "name": "C8FH17", "identifiers": {"molecule_hash": "447ce0c4048344036ed53e02eed8a3debb2b65ef", "molecular_formula": "C8FH17"}, "molecular_charge": 0.0, "molecular_multiplicity": 1, "connectivity": [[0, 1, 1.0], [0, 9, 1.0], [0, 10, 1.0], [0, 11, 1.0], [1, 2, 1.0], [1, 12, 1.0], [1, 13, 1.0], [2, 3, 1.0], [2, 14, 1.0], [2, 15, 1.0], [3, 4, 1.0], [3, 16, 1.0], [3, 17, 1.0], [4, 5, 1.0], [4, 18, 1.0], [4, 19, 1.0], [5, 6, 1.0], [5, 20, 1.0], [5, 21, 1.0], [6, 7, 1.0], [6, 22, 1.0], [6, 23, 1.0], [7, 8, 1.0], [7, 24, 1.0], [7, 25, 1.0]], "fix_com": true, "fix_orientation": true, "provenance": {"creator": "QCElemental", "version": "v0.22.0", "routine": "qcelemental.molparse.from_schema"}, "id": "97968"}, "charge": 0, "optimize_geometry": false, "conformers": [], "conformer_generation_options": {"n_conformer_pool": 4000, "n_max_conformers": 0, "rms_tolerance": 0.05, "energy_window": 15, "keep_original_conformer": true}, "stage_1_unrestrained_charges": null, "stage_1_restrained_charges": null, "stage_2_unrestrained_charges": null, "stage_2_restrained_charges": null, "keep_original_orientation": false, "reorientations": [], "translations": [], "rotations": []}}, {"index": 1, "molecule": {"qcmol": {"schema_name": "qcschema_molecule", "schema_version": 2, "validated": true, "symbols": ["C", "C", "C", "C", "C", "C", "C", "C", "F", "H", "H", "H", "H", "H", "H", "H", "H", "H", "H", "H", "H", "H", "H", "H", "H", "H"], "geometry": [[0.0, 0.0, 0.0], [2.8906715399499023, 5.645062772325091e-17, -3.9629622506739696e-16], [4.08903530009195, 2.639963016465999, 0.0], [3.4754845718633254, 4.32122551559112, 2.2848414215374486], [4.215358966060551, 3.277249601452972, 4.887982148621424], [7.060359619268652, 2.8583974025934245, 5.2392586225644475], [7.813589802104854, 1.847052289001872, 7.848389277574016], [7.415305935590161, 3.7108781995001516, 9.988549555205855], [8.309362173706772, 2.675857070907682, 12.194970809939775], [-0.7684957084581776, 0.8036921050757153, 1.7230305140151096], [-0.7379680247884239, 1.086608681825093, -1.5785638042829715], [-0.7282937059220609, -1.9108164406069, -0.16428706040279162], [3.550590699124826, -0.9961962572571033, -1.6713069944700343], [3.572091009087743, -1.0856317126084247, 1.6051850080679966], [3.4804527074109144, 3.63333029844427, -1.6947514480023387], [6.124844906777258, 2.4359664077547096, -0.17583019039826286], [4.412760582123721, 6.131649221666756, 2.0140843801107584], [1.4639433279153806, 4.732894991459088, 2.3018918768098118], [3.533617521597383, 4.603263642660732, 6.301082367380855], [3.22502148290986, 1.5131716006229694, 5.248985594239142], [7.731860150462141, 1.5232646004864847, 3.8350559111837947], [8.060166828007375, 4.619880487902103, 4.871706766800921], [9.802794505046485, 1.341983855806605, 7.836600696356163], [6.77200369664382, 0.12833354492915383, 8.271406275176677], [5.44199247217255, 4.156534017936837, 10.280484830303932], [8.440292684849924, 5.452833008190707, 9.657682196591406]], "name": "C8FH17", "identifiers": {"molecule_hash": "447ce0c4048344036ed53e02eed8a3debb2b65ef", "molecular_formula": "C8FH17"}, "molecular_charge": 0.0, "molecular_multiplicity": 1, "connectivity": [[0, 1, 1.0], [0, 9, 1.0], [0, 10, 1.0], [0, 11, 1.0], [1, 2, 1.0], [1, 12, 1.0], [1, 13, 1.0], [2, 3, 1.0], [2, 14, 1.0], [2, 15, 1.0], [3, 4, 1.0], [3, 16, 1.0], [3, 17, 1.0], [4, 5, 1.0], [4, 18, 1.0], [4, 19, 1.0], [5, 6, 1.0], [5, 20, 1.0], [5, 21, 1.0], [6, 7, 1.0], [6, 22, 1.0], [6, 23, 1.0], [7, 8, 1.0], [7, 24, 1.0], [7, 25, 1.0]], "fix_com": true, "fix_orientation": true, "provenance": {"creator": "QCElemental", "version": "v0.22.0", "routine": "qcelemental.molparse.from_schema"}, "id": "97968"}, "charge": 0, "optimize_geometry": false, "conformers": [], "conformer_generation_options": {"n_conformer_pool": 4000, "n_max_conformers": 0, "rms_tolerance": 0.05, "energy_window": 15, "keep_original_conformer": true}, "stage_1_unrestrained_charges": null, "stage_1_restrained_charges": null, "stage_2_unrestrained_charges": null, "stage_2_restrained_charges": null, "keep_original_orientation": false, "reorientations": [], "translations": [], "rotations": []}}, {"index": 2, "molecule": {"qcmol": {"schema_name": "qcschema_molecule", "schema_version": 2, "validated": true, "symbols": ["C", "C", "C", "C", "C", "C", "C", "C", "F", "H", "H", "H", "H", "H", "H", "H", "H", "H", "H", "H", "H", "H", "H", "H", "H", "H"], "geometry": [[0.0, 0.0, 0.0], [2.8906715399499023, 5.645062772325091e-17, -3.9629622506739696e-16], [4.08903530009195, 2.639963016465999, 0.0], [3.4754845718633254, 4.32122551559112, 2.2848414215374486], [4.215358966060551, 3.277249601452972, 4.887982148621424], [7.060359619268652, 2.8583974025934245, 5.2392586225644475], [7.813589802104854, 1.847052289001872, 7.848389277574016], [7.415305935590161, 3.7108781995001516, 9.988549555205855], [8.309362173706772, 2.675857070907682, 12.194970809939775], [-0.7684957084581776, 0.8036921050757153, 1.7230305140151096], [-0.7379680247884239, 1.086608681825093, -1.5785638042829715], [-0.7282937059220609, -1.9108164406069, -0.16428706040279162], [3.550590699124826, -0.9961962572571033, -1.6713069944700343], [3.572091009087743, -1.0856317126084247, 1.6051850080679966], [3.4804527074109144, 3.63333029844427, -1.6947514480023387], [6.124844906777258, 2.4359664077547096, -0.17583019039826286], [4.412760582123721, 6.131649221666756, 2.0140843801107584], [1.4639433279153806, 4.732894991459088, 2.3018918768098118], [3.533617521597383, 4.603263642660732, 6.301082367380855], [3.22502148290986, 1.5131716006229694, 5.248985594239142], [7.731860150462141, 1.5232646004864847, 3.8350559111837947], [8.060166828007375, 4.619880487902103, 4.871706766800921], [9.802794505046485, 1.341983855806605, 7.836600696356163], [6.77200369664382, 0.12833354492915383, 8.271406275176677], [5.44199247217255, 4.156534017936837, 10.280484830303932], [8.440292684849924, 5.452833008190707, 9.657682196591406]], "name": "C8FH17", "identifiers": {"molecule_hash": "447ce0c4048344036ed53e02eed8a3debb2b65ef", "molecular_formula": "C8FH17"}, "molecular_charge": 0.0, "molecular_multiplicity": 1, "connectivity": [[0, 1, 1.0], [0, 9, 1.0], [0, 10, 1.0], [0, 11, 1.0], [1, 2, 1.0], [1, 12, 1.0], [1, 13, 1.0], [2, 3, 1.0], [2, 14, 1.0], [2, 15, 1.0], [3, 4, 1.0], [3, 16, 1.0], [3, 17, 1.0], [4, 5, 1.0], [4, 18, 1.0], [4, 19, 1.0], [5, 6, 1.0], [5, 20, 1.0], [5, 21, 1.0], [6, 7, 1.0], [6, 22, 1.0], [6, 23, 1.0], [7, 8, 1.0], [7, 24, 1.0], [7, 25, 1.0]], "fix_com": true, "fix_orientation": true, "provenance": {"creator": "QCElemental", "version": "v0.22.0", "routine": "qcelemental.molparse.from_schema"}, "id": "97968"}, "charge": 0, "optimize_geometry": false, "conformers": [], "conformer_generation_options": {"n_conformer_pool": 4000, "n_max_conformers": 0, "rms_tolerance": 0.05, "energy_window": 15, "keep_original_conformer": true}, "stage_1_unrestrained_charges": null, "stage_1_restrained_charges": null, "stage_2_unrestrained_charges": null, "stage_2_restrained_charges": null, "keep_original_orientation": false, "reorientations": [], "translations": [], "rotations": []}}, {"index": 3, "molecule": {"qcmol": {"schema_name": "qcschema_molecule", "schema_version": 2, "validated": true, "symbols": ["C", "C", "C", "C", "C", "C", "C", "C", "F", "H", "H", "H", "H", "H", "H", "H", "H", "H", "H", "H", "H", "H", "H", "H", "H", "H"], "geometry": [[0.0, 0.0, 0.0], [2.8906715399499023, 5.645062772325091e-17, -3.9629622506739696e-16], [4.08903530009195, 2.639963016465999, 0.0], [3.4754845718633254, 4.32122551559112, 2.2848414215374486], [4.215358966060551, 3.277249601452972, 4.887982148621424], [7.060359619268652, 2.8583974025934245, 5.2392586225644475], [7.813589802104854, 1.847052289001872, 7.848389277574016], [7.415305935590161, 3.7108781995001516, 9.988549555205855], [8.309362173706772, 2.675857070907682, 12.194970809939775], [-0.7684957084581776, 0.8036921050757153, 1.7230305140151096], [-0.7379680247884239, 1.086608681825093, -1.5785638042829715], [-0.7282937059220609, -1.9108164406069, -0.16428706040279162], [3.550590699124826, -0.9961962572571033, -1.6713069944700343], [3.572091009087743, -1.0856317126084247, 1.6051850080679966], [3.4804527074109144, 3.63333029844427, -1.6947514480023387], [6.124844906777258, 2.4359664077547096, -0.17583019039826286], [4.412760582123721, 6.131649221666756, 2.0140843801107584], [1.4639433279153806, 4.732894991459088, 2.3018918768098118], [3.533617521597383, 4.603263642660732, 6.301082367380855], [3.22502148290986, 1.5131716006229694, 5.248985594239142], [7.731860150462141, 1.5232646004864847, 3.8350559111837947], [8.060166828007375, 4.619880487902103, 4.871706766800921], [9.802794505046485, 1.341983855806605, 7.836600696356163], [6.77200369664382, 0.12833354492915383, 8.271406275176677], [5.44199247217255, 4.156534017936837, 10.280484830303932], [8.440292684849924, 5.452833008190707, 9.657682196591406]], "name": "C8FH17", "identifiers": {"molecule_hash": "447ce0c4048344036ed53e02eed8a3debb2b65ef", "molecular_formula": "C8FH17"}, "molecular_charge": 0.0, "molecular_multiplicity": 1, "connectivity": [[0, 1, 1.0], [0, 9, 1.0], [0, 10, 1.0], [0, 11, 1.0], [1, 2, 1.0], [1, 12, 1.0], [1, 13, 1.0], [2, 3, 1.0], [2, 14, 1.0], [2, 15, 1.0], [3, 4, 1.0], [3, 16, 1.0], [3, 17, 1.0], [4, 5, 1.0], [4, 18, 1.0], [4, 19, 1.0], [5, 6, 1.0], [5, 20, 1.0], [5, 21, 1.0], [6, 7, 1.0], [6, 22, 1.0], [6, 23, 1.0], [7, 8, 1.0], [7, 24, 1.0], [7, 25, 1.0]], "fix_com": true, "fix_orientation": true, "provenance": {"creator": "QCElemental", "version": "v0.22.0", "routine": "qcelemental.molparse.from_schema"}, "id": "97968"}, "charge": 0, "optimize_geometry": false, "conformers": [], "conformer_generation_options": {"n_conformer_pool": 4000, "n_max_conformers": 0, "rms_tolerance": 0.05, "energy_window": 15, "keep_original_conformer": true}, "stage_1_unrestrained_charges": null, "stage_1_restrained_charges": null, "stage_2_unrestrained_charges": null, "stage_2_restrained_charges": null, "keep_original_orientation": false, "reorientations": [], "translations": [], "rotations": []}}, {"index": 4, "molecule": {"qcmol": {"schema_name": "qcschema_molecule", "schema_version": 2, "validated": true, "symbols": ["C", "C", "C", "C", "C", "C", "C", "C", "F", "H", "H", "H", "H", "H", "H", "H", "H", "H", "H", "H", "H", "H", "H", "H", "H", "H"], "geometry": [[0.0, 0.0, 0.0], [2.8906715399499023, 5.645062772325091e-17, -3.9629622506739696e-16], [4.08903530009195, 2.639963016465999, 0.0], [3.4754845718633254, 4.32122551559112, 2.2848414215374486], [4.215358966060551, 3.277249601452972, 4.887982148621424], [7.060359619268652, 2.8583974025934245, 5.2392586225644475], [7.813589802104854, 1.847052289001872, 7.848389277574016], [7.415305935590161, 3.7108781995001516, 9.988549555205855], [8.309362173706772, 2.675857070907682, 12.194970809939775], [-0.7684957084581776, 0.8036921050757153, 1.7230305140151096], [-0.7379680247884239, 1.086608681825093, -1.5785638042829715], [-0.7282937059220609, -1.9108164406069, -0.16428706040279162], [3.550590699124826, -0.9961962572571033, -1.6713069944700343], [3.572091009087743, -1.0856317126084247, 1.6051850080679966], [3.4804527074109144, 3.63333029844427, -1.6947514480023387], [6.124844906777258, 2.4359664077547096, -0.17583019039826286], [4.412760582123721, 6.131649221666756, 2.0140843801107584], [1.4639433279153806, 4.732894991459088, 2.3018918768098118], [3.533617521597383, 4.603263642660732, 6.301082367380855], [3.22502148290986, 1.5131716006229694, 5.248985594239142], [7.731860150462141, 1.5232646004864847, 3.8350559111837947], [8.060166828007375, 4.619880487902103, 4.871706766800921], [9.802794505046485, 1.341983855806605, 7.836600696356163], [6.77200369664382, 0.12833354492915383, 8.271406275176677], [5.44199247217255, 4.156534017936837, 10.280484830303932], [8.440292684849924, 5.452833008190707, 9.657682196591406]], "name": "C8FH17", "identifiers": {"molecule_hash": "447ce0c4048344036ed53e02eed8a3debb2b65ef", "molecular_formula": "C8FH17"}, "molecular_charge": 0.0, "molecular_multiplicity": 1, "connectivity": [[0, 1, 1.0], [0, 9, 1.0], [0, 10, 1.0], [0, 11, 1.0], [1, 2, 1.0], [1, 12, 1.0], [1, 13, 1.0], [2, 3, 1.0], [2, 14, 1.0], [2, 15, 1.0], [3, 4, 1.0], [3, 16, 1.0], [3, 17, 1.0], [4, 5, 1.0], [4, 18, 1.0], [4, 19, 1.0], [5, 6, 1.0], [5, 20, 1.0], [5, 21, 1.0], [6, 7, 1.0], [6, 22, 1.0], [6, 23, 1.0], [7, 8, 1.0], [7, 24, 1.0], [7, 25, 1.0]], "fix_com": true, "fix_orientation": true, "provenance": {"creator": "QCElemental", "version": "v0.22.0", "routine": "qcelemental.molparse.from_schema"}, "id": "97968"}, "charge": 0, "optimize_geometry": false, "conformers": [], "conformer_generation_options": {"n_conformer_pool": 4000, "n_max_conformers": 0, "rms_tolerance": 0.05, "energy_window": 15, "keep_original_conformer": true}, "stage_1_unrestrained_charges": null, "stage_1_restrained_charges": null, "stage_2_unrestrained_charges": null, "stage_2_restrained_charges": null, "keep_original_orientation": false, "reorientations": [], "translations": [], "rotations": []}}, {"index": 5, "molecule": {"qcmol": {"schema_name": "qcschema_molecule", "schema_version": 2, "validated": true, "symbols": ["C", "C", "C", "C", "C", "C", "C", "C", "F", "H", "H", "H", "H", "H", "H", "H", "H", "H", "H", "H", "H", "H", "H", "H", "H", "H"], "geometry": [[0.0, 0.0, 0.0], [2.8906715399499023, 5.645062772325091e-17, -3.9629622506739696e-16], [4.08903530009195, 2.639963016465999, 0.0], [3.4754845718633254, 4.32122551559112, 2.2848414215374486], [4.215358966060551, 3.277249601452972, 4.887982148621424], [7.060359619268652, 2.8583974025934245, 5.2392586225644475], [7.813589802104854, 1.847052289001872, 7.848389277574016], [7.415305935590161, 3.7108781995001516, 9.988549555205855], [8.309362173706772, 2.675857070907682, 12.194970809939775], [-0.7684957084581776, 0.8036921050757153, 1.7230305140151096], [-0.7379680247884239, 1.086608681825093, -1.5785638042829715], [-0.7282937059220609, -1.9108164406069, -0.16428706040279162], [3.550590699124826, -0.9961962572571033, -1.6713069944700343], [3.572091009087743, -1.0856317126084247, 1.6051850080679966], [3.4804527074109144, 3.63333029844427, -1.6947514480023387], [6.124844906777258, 2.4359664077547096, -0.17583019039826286], [4.412760582123721, 6.131649221666756, 2.0140843801107584], [1.4639433279153806, 4.732894991459088, 2.3018918768098118], [3.533617521597383, 4.603263642660732, 6.301082367380855], [3.22502148290986, 1.5131716006229694, 5.248985594239142], [7.731860150462141, 1.5232646004864847, 3.8350559111837947], [8.060166828007375, 4.619880487902103, 4.871706766800921], [9.802794505046485, 1.341983855806605, 7.836600696356163], [6.77200369664382, 0.12833354492915383, 8.271406275176677], [5.44199247217255, 4.156534017936837, 10.280484830303932], [8.440292684849924, 5.452833008190707, 9.657682196591406]], "name": "C8FH17", "identifiers": {"molecule_hash": "447ce0c4048344036ed53e02eed8a3debb2b65ef", "molecular_formula": "C8FH17"}, "molecular_charge": 0.0, "molecular_multiplicity": 1, "connectivity": [[0, 1, 1.0], [0, 9, 1.0], [0, 10, 1.0], [0, 11, 1.0], [1, 2, 1.0], [1, 12, 1.0], [1, 13, 1.0], [2, 3, 1.0], [2, 14, 1.0], [2, 15, 1.0], [3, 4, 1.0], [3, 16, 1.0], [3, 17, 1.0], [4, 5, 1.0], [4, 18, 1.0], [4, 19, 1.0], [5, 6, 1.0], [5, 20, 1.0], [5, 21, 1.0], [6, 7, 1.0], [6, 22, 1.0], [6, 23, 1.0], [7, 8, 1.0], [7, 24, 1.0], [7, 25, 1.0]], "fix_com": true, "fix_orientation": true, "provenance": {"creator": "QCElemental", "version": "v0.22.0", "routine": "qcelemental.molparse.from_schema"}, "id": "97968"}, "charge": 0, "optimize_geometry": false, "conformers": [], "conformer_generation_options": {"n_conformer_pool": 4000, "n_max_conformers": 0, "rms_tolerance": 0.05, "energy_window": 15, "keep_original_conformer": true}, "stage_1_unrestrained_charges": null, "stage_1_restrained_charges": null, "stage_2_unrestrained_charges": null, "stage_2_restrained_charges": null, "keep_original_orientation": false, "reorientations": [], "translations": [], "rotations": []}}, {"index": 6, "molecule": {"qcmol": {"schema_name": "qcschema_molecule", "schema_version": 2, "validated": true, "symbols": ["C", "C", "C", "C", "C", "C", "C", "C", "F", "H", "H", "H", "H", "H", "H", "H", "H", "H", "H", "H", "H", "H", "H", "H", "H", "H"], "geometry": [[0.0, 0.0, 0.0], [2.8906715399499023, 5.645062772325091e-17, -3.9629622506739696e-16], [4.08903530009195, 2.639963016465999, 0.0], [3.4754845718633254, 4.32122551559112, 2.2848414215374486], [4.215358966060551, 3.277249601452972, 4.887982148621424], [7.060359619268652, 2.8583974025934245, 5.2392586225644475], [7.813589802104854, 1.847052289001872, 7.848389277574016], [7.415305935590161, 3.7108781995001516, 9.988549555205855], [8.309362173706772, 2.675857070907682, 12.194970809939775], [-0.7684957084581776, 0.8036921050757153, 1.7230305140151096], [-0.7379680247884239, 1.086608681825093, -1.5785638042829715], [-0.7282937059220609, -1.9108164406069, -0.16428706040279162], [3.550590699124826, -0.9961962572571033, -1.6713069944700343], [3.572091009087743, -1.0856317126084247, 1.6051850080679966], [3.4804527074109144, 3.63333029844427, -1.6947514480023387], [6.124844906777258, 2.4359664077547096, -0.17583019039826286], [4.412760582123721, 6.131649221666756, 2.0140843801107584], [1.4639433279153806, 4.732894991459088, 2.3018918768098118], [3.533617521597383, 4.603263642660732, 6.301082367380855], [3.22502148290986, 1.5131716006229694, 5.248985594239142], [7.731860150462141, 1.5232646004864847, 3.8350559111837947], [8.060166828007375, 4.619880487902103, 4.871706766800921], [9.802794505046485, 1.341983855806605, 7.836600696356163], [6.77200369664382, 0.12833354492915383, 8.271406275176677], [5.44199247217255, 4.156534017936837, 10.280484830303932], [8.440292684849924, 5.452833008190707, 9.657682196591406]], "name": "C8FH17", "identifiers": {"molecule_hash": "447ce0c4048344036ed53e02eed8a3debb2b65ef", "molecular_formula": "C8FH17"}, "molecular_charge": 0.0, "molecular_multiplicity": 1, "connectivity": [[0, 1, 1.0], [0, 9, 1.0], [0, 10, 1.0], [0, 11, 1.0], [1, 2, 1.0], [1, 12, 1.0], [1, 13, 1.0], [2, 3, 1.0], [2, 14, 1.0], [2, 15, 1.0], [3, 4, 1.0], [3, 16, 1.0], [3, 17, 1.0], [4, 5, 1.0], [4, 18, 1.0], [4, 19, 1.0], [5, 6, 1.0], [5, 20, 1.0], [5, 21, 1.0], [6, 7, 1.0], [6, 22, 1.0], [6, 23, 1.0], [7, 8, 1.0], [7, 24, 1.0], [7, 25, 1.0]], "fix_com": true, "fix_orientation": true, "provenance": {"creator": "QCElemental", "version": "v0.22.0", "routine": "qcelemental.molparse.from_schema"}, "id": "97968"}, "charge": 0, "optimize_geometry": false, "conformers": [], "conformer_generation_options": {"n_conformer_pool": 4000, "n_max_conformers": 0, "rms_tolerance": 0.05, "energy_window": 15, "keep_original_conformer": true}, "stage_1_unrestrained_charges": null, "stage_1_restrained_charges": null, "stage_2_unrestrained_charges": null, "stage_2_restrained_charges": null, "keep_original_orientation": false, "reorientations": [], "translations": [], "rotations": []}}, {"index": 7, "molecule": {"qcmol": {"schema_name": "qcschema_molecule", "schema_version": 2, "validated": true, "symbols": ["C", "C", "C", "C", "C", "C", "C", "C", "F", "H", "H", "H", "H", "H", "H", "H", "H", "H", "H", "H", "H", "H", "H", "H", "H", "H"], "geometry": [[0.0, 0.0, 0.0], [2.8906715399499023, 5.645062772325091e-17, -3.9629622506739696e-16], [4.08903530009195, 2.639963016465999, 0.0], [3.4754845718633254, 4.32122551559112, 2.2848414215374486], [4.215358966060551, 3.277249601452972, 4.887982148621424], [7.060359619268652, 2.8583974025934245, 5.2392586225644475], [7.813589802104854, 1.847052289001872, 7.848389277574016], [7.415305935590161, 3.7108781995001516, 9.988549555205855], [8.309362173706772, 2.675857070907682, 12.194970809939775], [-0.7684957084581776, 0.8036921050757153, 1.7230305140151096], [-0.7379680247884239, 1.086608681825093, -1.5785638042829715], [-0.7282937059220609, -1.9108164406069, -0.16428706040279162], [3.550590699124826, -0.9961962572571033, -1.6713069944700343], [3.572091009087743, -1.0856317126084247, 1.6051850080679966], [3.4804527074109144, 3.63333029844427, -1.6947514480023387], [6.124844906777258, 2.4359664077547096, -0.17583019039826286], [4.412760582123721, 6.131649221666756, 2.0140843801107584], [1.4639433279153806, 4.732894991459088, 2.3018918768098118], [3.533617521597383, 4.603263642660732, 6.301082367380855], [3.22502148290986, 1.5131716006229694, 5.248985594239142], [7.731860150462141, 1.5232646004864847, 3.8350559111837947], [8.060166828007375, 4.619880487902103, 4.871706766800921], [9.802794505046485, 1.341983855806605, 7.836600696356163], [6.77200369664382, 0.12833354492915383, 8.271406275176677], [5.44199247217255, 4.156534017936837, 10.280484830303932], [8.440292684849924, 5.452833008190707, 9.657682196591406]], "name": "C8FH17", "identifiers": {"molecule_hash": "447ce0c4048344036ed53e02eed8a3debb2b65ef", "molecular_formula": "C8FH17"}, "molecular_charge": 0.0, "molecular_multiplicity": 1, "connectivity": [[0, 1, 1.0], [0, 9, 1.0], [0, 10, 1.0], [0, 11, 1.0], [1, 2, 1.0], [1, 12, 1.0], [1, 13, 1.0], [2, 3, 1.0], [2, 14, 1.0], [2, 15, 1.0], [3, 4, 1.0], [3, 16, 1.0], [3, 17, 1.0], [4, 5, 1.0], [4, 18, 1.0], [4, 19, 1.0], [5, 6, 1.0], [5, 20, 1.0], [5, 21, 1.0], [6, 7, 1.0], [6, 22, 1.0], [6, 23, 1.0], [7, 8, 1.0], [7, 24, 1.0], [7, 25, 1.0]], "fix_com": true, "fix_orientation": true, "provenance": {"creator": "QCElemental", "version": "v0.22.0", "routine": "qcelemental.molparse.from_schema"}, "id": "97968"}, "charge": 0, "optimize_geometry": false, "conformers": [], "conformer_generation_options": {"n_conformer_pool": 4000, "n_max_conformers": 0, "rms_tolerance": 0.05, "energy_window": 15, "keep_original_conformer": true}, "stage_1_unrestrained_charges": null, "stage_1_restrained_charges": null, "stage_2_unrestrained_charges": null, "stage_2_restrained_charges": null, "keep_original_orientation": false, "reorientations": [], "translations": [], "rotations": []}}]}, "surface_constraints": {"matrix": [[379665780288147.44, 368101888661891.0, 354655790328272.7, 340118300030316.94, 326594988627321.44, 309253794901815.1, 299226768107351.3, 281766292343154.3, 266428480620885.22, 381466772790564.3, 381445409338948.75, 380374365404497.56, 366534373238552.44, 366155566181276.2, 355097907645062.9, 352218452101925.9, 333957153237118.4, 343242132512685.9, 322688286846850.94, 331299299508789.3, 304313168539843.75, 306011498890767.44, 306404355029927.25, 295840450783993.06, 278149342748894.2, 281874150354755.4], [368101888661891.0, 376881954870318.8, 367718753302934.9, 354568609147361.44, 342052967242852.44, 323283721095878.5, 310633216009810.75, 292531458091737.1, 278169670022098.6, 364581238668101.7, 364450620881142.9, 363825012462306.1, 381335453201231.7, 381161079336016.7, 367537528015881.1, 367549054924850.5, 350159348434001.5, 355809014701505.56, 339763247970067.8, 346940708634133.5, 318814386827889.94, 320406988442005.44, 317290355384890.75, 306003308977731.1, 287589257308985.9, 292700186393378.3], [354655790328272.7, 367718753302934.9, 377693964683719.0, 368858195171775.9, 355077822127304.44, 338352077410273.8, 327642199007955.06, 310685728608829.7, 296415551074466.56, 350944249626140.0, 355263354444660.3, 344159122734157.3, 366442117324822.56, 366615105569884.1, 382993722194550.25, 383374801443122.2, 369695168205753.0, 368720489983325.94, 353373778842715.94, 356370418220063.5, 332932296854026.75, 335965637735475.1, 334372006066283.56, 323130116270495.2, 305757769688100.4, 311385799750544.1], [340118300030316.94, 354568609147361.44, 368858195171775.9, 378617838009209.44, 368923227021333.0, 355441403533165.94, 342332077185104.75, 323910775678048.75, 309689762192645.5, 336265901616826.25, 341289055784116.3, 328795045355739.75, 354114825120879.94, 351452739213884.94, 368540298238357.25, 369022705902014.8, 384817642584536.75, 384343885831958.75, 369128078674088.6, 368071765013180.25, 349904844315895.6, 357038087437234.25, 346829281956017.75, 339112728389558.1, 318643134987331.9, 323441998846456.0], [326594988627321.44, 342052967242852.44, 355077822127304.44, 368923227021333.0, 378072385627230.7, 368384574749019.6, 353764781893510.7, 336759905514016.44, 326383690792205.94, 322647056517301.25, 327269854662301.9, 315449694624694.9, 344417174059728.1, 338372834506333.2, 353684360911990.94, 352573048187076.2, 369125427822947.4, 369228941993621.6, 383913754013536.6, 383249165185340.94, 368006139008076.25, 368524433022465.06, 353409724039798.25, 352811694810450.44, 329587000962966.8, 335783082553519.06], [309253794901815.1, 323283721095878.5, 338352077410273.8, 355441403533165.94, 368384574749019.6, 376787156130538.94, 366389428649478.25, 351536144864656.8, 341444220328233.06, 305494040287652.7, 310232203307579.9, 299084537949454.8, 324537178286375.75, 318377984838962.44, 337192273250897.0, 335387515362217.2, 357909770904472.25, 353855174403521.5, 368519062505491.7, 368128011751061.94, 381728991794337.5, 382497408187588.8, 366320820466053.3, 365898850993182.75, 343758040843560.9, 351844013820757.7], [299226768107351.3, 310633216009810.75, 327642199007955.06, 342332077185104.75, 353764781893510.7, 366389428649478.25, 375299392695668.94, 364415262278024.94, 353464164344208.3, 297948879099943.1, 299675177145743.1, 289287926883300.94, 308995064874284.7, 305283427528351.9, 328029058908592.3, 326886004762301.5, 344893643808871.1, 339901038047488.06, 349928875147212.8, 353386028509340.44, 365826760151948.44, 366267716186817.6, 381263132933428.0, 380616243000551.9, 361818783541688.3, 362122795569464.8], [281766292343154.3, 292531458091737.1, 310685728608829.7, 323910775678048.75, 336759905514016.44, 351536144864656.8, 364415262278024.94, 372665109634990.9, 365874168332416.9, 280595683747586.72, 282516115039120.56, 272080872738253.56, 289887981565713.2, 287061911048264.8, 312182109291136.5, 311422834371459.4, 326113681678845.3, 319820370943395.6, 334189352827085.4, 335174942082545.4, 349748797916538.25, 352066985979389.4, 365187903547380.94, 363803396320665.4, 375479389395746.6, 376095309086936.06], [266428480620885.22, 278169670022098.6, 296415551074466.56, 309689762192645.5, 326383690792205.94, 341444220328233.06, 353464164344208.3, 365874168332416.9, 379266424128031.06, 264272016461877.7, 266828471938308.12, 257433693455421.72, 276064828007713.84, 273295679468538.72, 297456279840804.8, 297691956255926.0, 311163282368634.2, 303711447279263.1, 325296356167469.94, 326703967949817.0, 340538834091080.7, 342306515901330.56, 350391916225020.94, 353125039024340.56, 362711141197961.8, 363451953862428.44], [381466772790564.3, 364581238668101.7, 350944249626140.0, 336265901616826.25, 322647056517301.25, 305494040287652.7, 297948879099943.1, 280595683747586.72, 264272016461877.7, 399135781403431.5, 377865339603660.7, 376411554185597.7, 360542745679508.9, 361276569912912.06, 353424937130038.44, 346491238385871.06, 329954655797790.6, 339611350768430.3, 317393273606592.4, 328433120919124.1, 299204952636781.2, 301712616499417.06, 306223196217033.5, 295412507047868.56, 278049693156813.47, 280441506962307.66], [381445409338948.75, 364450620881142.9, 355263354444660.3, 341289055784116.3, 327269854662301.9, 310232203307579.9, 299675177145743.1, 282516115039120.56, 266828471938308.12, 377865339603660.7, 399348602092947.94, 376415830064583.5, 360272540049954.6, 357346681189851.75, 357284696550492.06, 353610018239025.2, 335021369304399.1, 345543505405705.6, 323737283913708.25, 330929453832881.7, 306092520595720.8, 306850254873608.94, 305556954476587.9, 296871255278700.0, 278714561264180.06, 283369061526261.3], [380374365404497.56, 363825012462306.1, 344159122734157.3, 328795045355739.75, 315449694624694.9, 299084537949454.8, 289287926883300.94, 272080872738253.56, 257433693455421.72, 376411554185597.7, 376415830064583.5, 396685166985525.1, 362366455656459.6, 363263386549464.4, 341428481687802.44, 341542181468798.56, 321717161300625.6, 332130712092706.7, 311371637938737.4, 319803126607788.9, 294351397140274.94, 296403025212185.7, 297024657999819.7, 285494195920958.6, 268724498020754.03, 271582940877191.2], [366534373238552.44, 381335453201231.7, 366442117324822.56, 354114825120879.94, 344417174059728.1, 324537178286375.75, 308995064874284.7, 289887981565713.2, 276064828007713.84, 360542745679508.9, 360272540049954.6, 362366455656459.6, 401153844180612.56, 380047896350759.94, 364689663671667.1, 362474817568931.94, 347636380218757.94, 355656813866706.2, 343123482058120.56, 351494020562235.6, 320911564040246.44, 322394603509560.1, 315262743267986.25, 303415558951332.4, 283764639791987.3, 290118006686498.5], [366155566181276.2, 381161079336016.7, 366615105569884.1, 351452739213884.94, 338372834506333.2, 318377984838962.44, 305283427528351.9, 287061911048264.8, 273295679468538.72, 361276569912912.06, 357346681189851.75, 363263386549464.4, 380047896350759.94, 400527043361399.0, 362806103060634.7, 367424122367189.94, 347069621701797.1, 351736787167840.5, 336058142728450.2, 343982050059550.5, 314212416355614.06, 314709495536011.6, 311570775150846.2, 300823797077510.94, 282268167553945.44, 286695083866911.75], [355097907645062.9, 367537528015881.1, 382993722194550.25, 368540298238357.25, 353684360911990.94, 337192273250897.0, 328029058908592.3, 312182109291136.5, 297456279840804.8, 353424937130038.44, 357284696550492.06, 341428481687802.44, 364689663671667.1, 362806103060634.7, 402960102788802.94, 383273965250351.9, 368115192676793.1, 366010207612523.25, 353271772911264.94, 352659394738771.44, 331259833058550.3, 334390260734239.7, 335196774175180.0, 323454696541937.44, 307336593491869.6, 313852933573062.0], [352218452101925.9, 367549054924850.5, 383374801443122.2, 369022705902014.8, 352573048187076.2, 335387515362217.2, 326886004762301.5, 311422834371459.4, 297691956255926.0, 346491238385871.06, 353610018239025.2, 341542181468798.56, 362474817568931.94, 367424122367189.94, 383273965250351.9, 403887198516973.56, 371212829399445.44, 365150873797319.5, 348745167122004.06, 354581874050741.3, 329922307447630.75, 330918620385641.1, 334856698244447.25, 321476307280880.06, 306970393756852.8, 312550864125842.25], [333957153237118.4, 350159348434001.5, 369695168205753.0, 384817642584536.75, 369125427822947.4, 357909770904472.25, 344893643808871.1, 326113681678845.3, 311163282368634.2, 329954655797790.6, 335021369304399.1, 321717161300625.6, 347636380218757.94, 347069621701797.1, 368115192676793.1, 371212829399445.44, 405461778943784.7, 385463417233298.4, 365640485463446.06, 364991356809993.56, 351498388887951.1, 361744628304310.5, 350436621282325.06, 340955234297429.4, 320111467474961.0, 326656435716615.25], [343242132512685.9, 355809014701505.56, 368720489983325.94, 384343885831958.75, 369228941993621.6, 353855174403521.5, 339901038047488.06, 319820370943395.6, 303711447279263.1, 339611350768430.3, 345543505405705.6, 332130712092706.7, 355656813866706.2, 351736787167840.5, 366010207612523.25, 365150873797319.5, 385463417233298.4, 404637890847096.06, 370106642653419.8, 364881055953712.8, 345624134661588.0, 357547552824184.5, 345127379715109.0, 336738699746942.94, 316622759700081.3, 317611337257613.8], [322688286846850.94, 339763247970067.8, 353373778842715.94, 369128078674088.6, 383913754013536.6, 368519062505491.7, 349928875147212.8, 334189352827085.4, 325296356167469.94, 317393273606592.4, 323737283913708.25, 311371637938737.4, 343123482058120.56, 336058142728450.2, 353271772911264.94, 348745167122004.06, 365640485463446.06, 370106642653419.8, 403937130068789.9, 384257901669638.25, 367803389066670.1, 367648256377510.5, 345883358423662.56, 348883237938344.1, 327488119204996.06, 332690169978440.4], [331299299508789.3, 346940708634133.5, 356370418220063.5, 368071765013180.25, 383249165185340.94, 368128011751061.94, 353386028509340.44, 335174942082545.4, 326703967949817.0, 328433120919124.1, 330929453832881.7, 319803126607788.9, 351494020562235.6, 343982050059550.5, 352659394738771.44, 354581874050741.3, 364991356809993.56, 364881055953712.8, 384257901669638.25, 403003237455743.2, 368381169244637.5, 363212639499091.6, 352272941619876.56, 354118880794681.56, 326434522166014.0, 333477482564932.5], [304313168539843.75, 318814386827889.94, 332932296854026.75, 349904844315895.6, 368006139008076.25, 381728991794337.5, 365826760151948.44, 349748797916538.25, 340538834091080.7, 299204952636781.2, 306092520595720.8, 294351397140274.94, 320911564040246.44, 314212416355614.06, 331259833058550.3, 329922307447630.75, 351498388887951.1, 345624134661588.0, 367803389066670.1, 368381169244637.5, 401177588456415.06, 381992365455315.4, 361081581329532.9, 366479441786858.0, 338646042166359.6, 352000328180855.1], [306011498890767.44, 320406988442005.44, 335965637735475.1, 357038087437234.25, 368524433022465.06, 382497408187588.8, 366267716186817.6, 352066985979389.4, 342306515901330.56, 301712616499417.06, 306850254873608.94, 296403025212185.7, 322394603509560.1, 314709495536011.6, 334390260734239.7, 330918620385641.1, 361744628304310.5, 357547552824184.5, 367648256377510.5, 363212639499091.6, 381992365455315.4, 403059986136328.56, 366313545663922.75, 360260843096361.1, 343642441244143.94, 353288266286359.44], [306404355029927.25, 317290355384890.75, 334372006066283.56, 346829281956017.75, 353409724039798.25, 366320820466053.3, 381263132933428.0, 365187903547380.94, 350391916225020.94, 306223196217033.5, 305556954476587.9, 297024657999819.7, 315262743267986.25, 311570775150846.2, 335196774175180.0, 334856698244447.25, 350436621282325.06, 345127379715109.0, 345883358423662.56, 352272941619876.56, 361081581329532.9, 366313545663922.75, 401957899659257.8, 381050247285478.2, 362848512302373.94, 361412397092834.3], [295840450783993.06, 306003308977731.1, 323130116270495.2, 339112728389558.1, 352811694810450.44, 365898850993182.75, 380616243000551.9, 363803396320665.4, 353125039024340.56, 295412507047868.56, 296871255278700.0, 285494195920958.6, 303415558951332.4, 300823797077510.94, 323454696541937.44, 321476307280880.06, 340955234297429.4, 336738699746942.94, 348883237938344.1, 354118880794681.56, 366479441786858.0, 360260843096361.1, 381050247285478.2, 400981886596252.75, 361315977285353.56, 356285940875716.56], [278149342748894.2, 287589257308985.9, 305757769688100.4, 318643134987331.9, 329587000962966.8, 343758040843560.9, 361818783541688.3, 375479389395746.6, 362711141197961.8, 278049693156813.47, 278714561264180.06, 268724498020754.03, 283764639791987.3, 282268167553945.44, 307336593491869.6, 306970393756852.8, 320111467474961.0, 316622759700081.3, 327488119204996.06, 326434522166014.0, 338646042166359.6, 343642441244143.94, 362848512302373.94, 361315977285353.56, 393280049565054.4, 372972952707916.3], [281874150354755.4, 292700186393378.3, 311385799750544.1, 323441998846456.0, 335783082553519.06, 351844013820757.7, 362122795569464.8, 376095309086936.06, 363451953862428.44, 280441506962307.66, 283369061526261.3, 271582940877191.2, 290118006686498.5, 286695083866911.75, 313852933573062.0, 312550864125842.25, 326656435716615.25, 317611337257613.8, 332690169978440.4