{"resp_b": 0.1, "restrained_fit": true, "exclude_hydrogens": true, "convergence_tolerance": 1e-06, "max_iter": 500, "resp_a": 0.0005, "charge_constraints": {"charge_sum_constraints": [], "charge_equivalence_constraints": [], "molecules": [{"qcmol": {"schema_name": "qcschema_molecule", "schema_version": 2, "validated": true, "symbols": ["C", "C", "C", "C", "C", "C", "C", "C", "F", "H", "H", "H", "H", "H", "H", "H", "H", "H", "H", "H", "H", "H", "H", "H", "H", "H"], "geometry": [[0.0, 0.0, 0.0], [2.8906715399499023, 5.645062772325091e-17, -3.9629622506739696e-16], [4.08903530009195, 2.639963016465999, 0.0], [3.4754845718633254, 4.32122551559112, 2.2848414215374486], [4.215358966060551, 3.277249601452972, 4.887982148621424], [7.060359619268652, 2.8583974025934245, 5.2392586225644475], [7.813589802104854, 1.847052289001872, 7.848389277574016], [7.415305935590161, 3.7108781995001516, 9.988549555205855], [8.309362173706772, 2.675857070907682, 12.194970809939775], [-0.7684957084581776, 0.8036921050757153, 1.7230305140151096], [-0.7379680247884239, 1.086608681825093, -1.5785638042829715], [-0.7282937059220609, -1.9108164406069, -0.16428706040279162], [3.550590699124826, -0.9961962572571033, -1.6713069944700343], [3.572091009087743, -1.0856317126084247, 1.6051850080679966], [3.4804527074109144, 3.63333029844427, -1.6947514480023387], [6.124844906777258, 2.4359664077547096, -0.17583019039826286], [4.412760582123721, 6.131649221666756, 2.0140843801107584], [1.4639433279153806, 4.732894991459088, 2.3018918768098118], [3.533617521597383, 4.603263642660732, 6.301082367380855], [3.22502148290986, 1.5131716006229694, 5.248985594239142], [7.731860150462141, 1.5232646004864847, 3.8350559111837947], [8.060166828007375, 4.619880487902103, 4.871706766800921], [9.802794505046485, 1.341983855806605, 7.836600696356163], [6.77200369664382, 0.12833354492915383, 8.271406275176677], [5.44199247217255, 4.156534017936837, 10.280484830303932], [8.440292684849924, 5.452833008190707, 9.657682196591406]], "name": "C8FH17", "identifiers": {"molecule_hash": "447ce0c4048344036ed53e02eed8a3debb2b65ef", "molecular_formula": "C8FH17"}, "molecular_charge": 0.0, "molecular_multiplicity": 1, "connectivity": [[0, 1, 1.0], [0, 9, 1.0], [0, 10, 1.0], [0, 11, 1.0], [1, 2, 1.0], [1, 12, 1.0], [1, 13, 1.0], [2, 3, 1.0], [2, 14, 1.0], [2, 15, 1.0], [3, 4, 1.0], [3, 16, 1.0], [3, 17, 1.0], [4, 5, 1.0], [4, 18, 1.0], [4, 19, 1.0], [5, 6, 1.0], [5, 20, 1.0], [5, 21, 1.0], [6, 7, 1.0], [6, 22, 1.0], [6, 23, 1.0], [7, 8, 1.0], [7, 24, 1.0], [7, 25, 1.0]], "fix_com": true, "fix_orientation": true, "provenance": {"creator": "QCElemental", "version": "v0.22.0", "routine": "qcelemental.molparse.from_schema"}, "id": "97968"}, "charge": 0, "optimize_geometry": false, "conformers": [], "conformer_generation_options": {"n_conformer_pool": 4000, "n_max_conformers": 0, "rms_tolerance": 0.05, "energy_window": 15, "keep_original_conformer": true}, "stage_1_unrestrained_charges": null, "stage_1_restrained_charges": null, "stage_2_unrestrained_charges": null, "stage_2_restrained_charges": null, "keep_original_orientation": false, "reorientations": [], "translations": [], "rotations": []}], "unconstrained_atoms": [{"index": 0, "molecule": {"qcmol": {"schema_name": "qcschema_molecule", "schema_version": 2, "validated": true, "symbols": ["C", "C", "C", "C", "C", "C", "C", "C", "F", "H", "H", "H", "H", "H", "H", "H", "H", "H", "H", "H", "H", "H", "H", "H", "H", "H"], "geometry": [[0.0, 0.0, 0.0], [2.8906715399499023, 5.645062772325091e-17, -3.9629622506739696e-16], [4.08903530009195, 2.639963016465999, 0.0], [3.4754845718633254, 4.32122551559112, 2.2848414215374486], [4.215358966060551, 3.277249601452972, 4.887982148621424], [7.060359619268652, 2.8583974025934245, 5.2392586225644475], [7.813589802104854, 1.847052289001872, 7.848389277574016], [7.415305935590161, 3.7108781995001516, 9.988549555205855], [8.309362173706772, 2.675857070907682, 12.194970809939775], [-0.7684957084581776, 0.8036921050757153, 1.7230305140151096], [-0.7379680247884239, 1.086608681825093, -1.5785638042829715], [-0.7282937059220609, -1.9108164406069, -0.16428706040279162], [3.550590699124826, -0.9961962572571033, -1.6713069944700343], [3.572091009087743, -1.0856317126084247, 1.6051850080679966], [3.4804527074109144, 3.63333029844427, -1.6947514480023387], [6.124844906777258, 2.4359664077547096, -0.17583019039826286], [4.412760582123721, 6.131649221666756, 2.0140843801107584], [1.4639433279153806, 4.732894991459088, 2.3018918768098118], [3.533617521597383, 4.603263642660732, 6.301082367380855], [3.22502148290986, 1.5131716006229694, 5.248985594239142], [7.731860150462141, 1.5232646004864847, 3.8350559111837947], [8.060166828007375, 4.619880487902103, 4.871706766800921], [9.802794505046485, 1.341983855806605, 7.836600696356163], [6.77200369664382, 0.12833354492915383, 8.271406275176677], [5.44199247217255, 4.156534017936837, 10.280484830303932], [8.440292684849924, 5.452833008190707, 9.657682196591406]], "name": "C8FH17", "identifiers": {"molecule_hash": "447ce0c4048344036ed53e02eed8a3debb2b65ef", "molecular_formula": "C8FH17"}, "molecular_charge": 0.0, "molecular_multiplicity": 1, "connectivity": [[0, 1, 1.0], [0, 9, 1.0], [0, 10, 1.0], [0, 11, 1.0], [1, 2, 1.0], [1, 12, 1.0], [1, 13, 1.0], [2, 3, 1.0], [2, 14, 1.0], [2, 15, 1.0], [3, 4, 1.0], [3, 16, 1.0], [3, 17, 1.0], [4, 5, 1.0], [4, 18, 1.0], [4, 19, 1.0], [5, 6, 1.0], [5, 20, 1.0], [5, 21, 1.0], [6, 7, 1.0], [6, 22, 1.0], [6, 23, 1.0], [7, 8, 1.0], [7, 24, 1.0], [7, 25, 1.0]], "fix_com": true, "fix_orientation": true, "provenance": {"creator": "QCElemental", "version": "v0.22.0", "routine": "qcelemental.molparse.from_schema"}, "id": "97968"}, "charge": 0, "optimize_geometry": false, "conformers": [], "conformer_generation_options": {"n_conformer_pool": 4000, "n_max_conformers": 0, "rms_tolerance": 0.05, "energy_window": 15, "keep_original_conformer": true}, "stage_1_unrestrained_charges": null, "stage_1_restrained_charges": null, "stage_2_unrestrained_charges": null, "stage_2_restrained_charges": null, "keep_original_orientation": false, "reorientations": [], "translations": [], "rotations": []}}, {"index": 1, "molecule": {"qcmol": {"schema_name": "qcschema_molecule", "schema_version": 2, "validated": true, "symbols": ["C", "C", "C", "C", "C", "C", "C", "C", "F", "H", "H", "H", "H", "H", "H", "H", "H", "H", "H", "H", "H", "H", "H", "H", "H", "H"], "geometry": [[0.0, 0.0, 0.0], [2.8906715399499023, 5.645062772325091e-17, -3.9629622506739696e-16], [4.08903530009195, 2.639963016465999, 0.0], [3.4754845718633254, 4.32122551559112, 2.2848414215374486], [4.215358966060551, 3.277249601452972, 4.887982148621424], [7.060359619268652, 2.8583974025934245, 5.2392586225644475], [7.813589802104854, 1.847052289001872, 7.848389277574016], [7.415305935590161, 3.7108781995001516, 9.988549555205855], [8.309362173706772, 2.675857070907682, 12.194970809939775], [-0.7684957084581776, 0.8036921050757153, 1.7230305140151096], [-0.7379680247884239, 1.086608681825093, -1.5785638042829715], [-0.7282937059220609, -1.9108164406069, -0.16428706040279162], [3.550590699124826, -0.9961962572571033, -1.6713069944700343], [3.572091009087743, -1.0856317126084247, 1.6051850080679966], [3.4804527074109144, 3.63333029844427, -1.6947514480023387], [6.124844906777258, 2.4359664077547096, -0.17583019039826286], [4.412760582123721, 6.131649221666756, 2.0140843801107584], [1.4639433279153806, 4.732894991459088, 2.3018918768098118], [3.533617521597383, 4.603263642660732, 6.301082367380855], [3.22502148290986, 1.5131716006229694, 5.248985594239142], [7.731860150462141, 1.5232646004864847, 3.8350559111837947], [8.060166828007375, 4.619880487902103, 4.871706766800921], [9.802794505046485, 1.341983855806605, 7.836600696356163], [6.77200369664382, 0.12833354492915383, 8.271406275176677], [5.44199247217255, 4.156534017936837, 10.280484830303932], [8.440292684849924, 5.452833008190707, 9.657682196591406]], "name": "C8FH17", "identifiers": {"molecule_hash": "447ce0c4048344036ed53e02eed8a3debb2b65ef", "molecular_formula": "C8FH17"}, "molecular_charge": 0.0, "molecular_multiplicity": 1, "connectivity": [[0, 1, 1.0], [0, 9, 1.0], [0, 10, 1.0], [0, 11, 1.0], [1, 2, 1.0], [1, 12, 1.0], [1, 13, 1.0], [2, 3, 1.0], [2, 14, 1.0], [2, 15, 1.0], [3, 4, 1.0], [3, 16, 1.0], [3, 17, 1.0], [4, 5, 1.0], [4, 18, 1.0], [4, 19, 1.0], [5, 6, 1.0], [5, 20, 1.0], [5, 21, 1.0], [6, 7, 1.0], [6, 22, 1.0], [6, 23, 1.0], [7, 8, 1.0], [7, 24, 1.0], [7, 25, 1.0]], "fix_com": true, "fix_orientation": true, "provenance": {"creator": "QCElemental", "version": "v0.22.0", "routine": "qcelemental.molparse.from_schema"}, "id": "97968"}, "charge": 0, "optimize_geometry": false, "conformers": [], "conformer_generation_options": {"n_conformer_pool": 4000, "n_max_conformers": 0, "rms_tolerance": 0.05, "energy_window": 15, "keep_original_conformer": true}, "stage_1_unrestrained_charges": null, "stage_1_restrained_charges": null, "stage_2_unrestrained_charges": null, "stage_2_restrained_charges": null, "keep_original_orientation": false, "reorientations": [], "translations": [], "rotations": []}}, {"index": 2, "molecule": {"qcmol": {"schema_name": "qcschema_molecule", "schema_version": 2, "validated": true, "symbols": ["C", "C", "C", "C", "C", "C", "C", "C", "F", "H", "H", "H", "H", "H", "H", "H", "H", "H", "H", "H", "H", "H", "H", "H", "H", "H"], "geometry": [[0.0, 0.0, 0.0], [2.8906715399499023, 5.645062772325091e-17, -3.9629622506739696e-16], [4.08903530009195, 2.639963016465999, 0.0], [3.4754845718633254, 4.32122551559112, 2.2848414215374486], [4.215358966060551, 3.277249601452972, 4.887982148621424], [7.060359619268652, 2.8583974025934245, 5.2392586225644475], [7.813589802104854, 1.847052289001872, 7.848389277574016], [7.415305935590161, 3.7108781995001516, 9.988549555205855], [8.309362173706772, 2.675857070907682, 12.194970809939775], [-0.7684957084581776, 0.8036921050757153, 1.7230305140151096], [-0.7379680247884239, 1.086608681825093, -1.5785638042829715], [-0.7282937059220609, -1.9108164406069, -0.16428706040279162], [3.550590699124826, -0.9961962572571033, -1.6713069944700343], [3.572091009087743, -1.0856317126084247, 1.6051850080679966], [3.4804527074109144, 3.63333029844427, -1.6947514480023387], [6.124844906777258, 2.4359664077547096, -0.17583019039826286], [4.412760582123721, 6.131649221666756, 2.0140843801107584], [1.4639433279153806, 4.732894991459088, 2.3018918768098118], [3.533617521597383, 4.603263642660732, 6.301082367380855], [3.22502148290986, 1.5131716006229694, 5.248985594239142], [7.731860150462141, 1.5232646004864847, 3.8350559111837947], [8.060166828007375, 4.619880487902103, 4.871706766800921], [9.802794505046485, 1.341983855806605, 7.836600696356163], [6.77200369664382, 0.12833354492915383, 8.271406275176677], [5.44199247217255, 4.156534017936837, 10.280484830303932], [8.440292684849924, 5.452833008190707, 9.657682196591406]], "name": "C8FH17", "identifiers": {"molecule_hash": "447ce0c4048344036ed53e02eed8a3debb2b65ef", "molecular_formula": "C8FH17"}, "molecular_charge": 0.0, "molecular_multiplicity": 1, "connectivity": [[0, 1, 1.0], [0, 9, 1.0], [0, 10, 1.0], [0, 11, 1.0], [1, 2, 1.0], [1, 12, 1.0], [1, 13, 1.0], [2, 3, 1.0], [2, 14, 1.0], [2, 15, 1.0], [3, 4, 1.0], [3, 16, 1.0], [3, 17, 1.0], [4, 5, 1.0], [4, 18, 1.0], [4, 19, 1.0], [5, 6, 1.0], [5, 20, 1.0], [5, 21, 1.0], [6, 7, 1.0], [6, 22, 1.0], [6, 23, 1.0], [7, 8, 1.0], [7, 24, 1.0], [7, 25, 1.0]], "fix_com": true, "fix_orientation": true, "provenance": {"creator": "QCElemental", "version": "v0.22.0", "routine": "qcelemental.molparse.from_schema"}, "id": "97968"}, "charge": 0, "optimize_geometry": false, "conformers": [], "conformer_generation_options": {"n_conformer_pool": 4000, "n_max_conformers": 0, "rms_tolerance": 0.05, "energy_window": 15, "keep_original_conformer": true}, "stage_1_unrestrained_charges": null, "stage_1_restrained_charges": null, "stage_2_unrestrained_charges": null, "stage_2_restrained_charges": null, "keep_original_orientation": false, "reorientations": [], "translations": [], "rotations": []}}, {"index": 3, "molecule": {"qcmol": {"schema_name": "qcschema_molecule", "schema_version": 2, "validated": true, "symbols": ["C", "C", "C", "C", "C", "C", "C", "C", "F", "H", "H", "H", "H", "H", "H", "H", "H", "H", "H", "H", "H", "H", "H", "H", "H", "H"], "geometry": [[0.0, 0.0, 0.0], [2.8906715399499023, 5.645062772325091e-17, -3.9629622506739696e-16], [4.08903530009195, 2.639963016465999, 0.0], [3.4754845718633254, 4.32122551559112, 2.2848414215374486], [4.215358966060551, 3.277249601452972, 4.887982148621424], [7.060359619268652, 2.8583974025934245, 5.2392586225644475], [7.813589802104854, 1.847052289001872, 7.848389277574016], [7.415305935590161, 3.7108781995001516, 9.988549555205855], [8.309362173706772, 2.675857070907682, 12.194970809939775], [-0.7684957084581776, 0.8036921050757153, 1.7230305140151096], [-0.7379680247884239, 1.086608681825093, -1.5785638042829715], [-0.7282937059220609, -1.9108164406069, -0.16428706040279162], [3.550590699124826, -0.9961962572571033, -1.6713069944700343], [3.572091009087743, -1.0856317126084247, 1.6051850080679966], [3.4804527074109144, 3.63333029844427, -1.6947514480023387], [6.124844906777258, 2.4359664077547096, -0.17583019039826286], [4.412760582123721, 6.131649221666756, 2.0140843801107584], [1.4639433279153806, 4.732894991459088, 2.3018918768098118], [3.533617521597383, 4.603263642660732, 6.301082367380855], [3.22502148290986, 1.5131716006229694, 5.248985594239142], [7.731860150462141, 1.5232646004864847, 3.8350559111837947], [8.060166828007375, 4.619880487902103, 4.871706766800921], [9.802794505046485, 1.341983855806605, 7.836600696356163], [6.77200369664382, 0.12833354492915383, 8.271406275176677], [5.44199247217255, 4.156534017936837, 10.280484830303932], [8.440292684849924, 5.452833008190707, 9.657682196591406]], "name": "C8FH17", "identifiers": {"molecule_hash": "447ce0c4048344036ed53e02eed8a3debb2b65ef", "molecular_formula": "C8FH17"}, "molecular_charge": 0.0, "molecular_multiplicity": 1, "connectivity": [[0, 1, 1.0], [0, 9, 1.0], [0, 10, 1.0], [0, 11, 1.0], [1, 2, 1.0], [1, 12, 1.0], [1, 13, 1.0], [2, 3, 1.0], [2, 14, 1.0], [2, 15, 1.0], [3, 4, 1.0], [3, 16, 1.0], [3, 17, 1.0], [4, 5, 1.0], [4, 18, 1.0], [4, 19, 1.0], [5, 6, 1.0], [5, 20, 1.0], [5, 21, 1.0], [6, 7, 1.0], [6, 22, 1.0], [6, 23, 1.0], [7, 8, 1.0], [7, 24, 1.0], [7, 25, 1.0]], "fix_com": true, "fix_orientation": true, "provenance": {"creator": "QCElemental", "version": "v0.22.0", "routine": "qcelemental.molparse.from_schema"}, "id": "97968"}, "charge": 0, "optimize_geometry": false, "conformers": [], "conformer_generation_options": {"n_conformer_pool": 4000, "n_max_conformers": 0, "rms_tolerance": 0.05, "energy_window": 15, "keep_original_conformer": true}, "stage_1_unrestrained_charges": null, "stage_1_restrained_charges": null, "stage_2_unrestrained_charges": null, "stage_2_restrained_charges": null, "keep_original_orientation": false, "reorientations": [], "translations": [], "rotations": []}}, {"index": 4, "molecule": {"qcmol": {"schema_name": "qcschema_molecule", "schema_version": 2, "validated": true, "symbols": ["C", "C", "C", "C", "C", "C", "C", "C", "F", "H", "H", "H", "H", "H", "H", "H", "H", "H", "H", "H", "H", "H", "H", "H", "H", "H"], "geometry": [[0.0, 0.0, 0.0], [2.8906715399499023, 5.645062772325091e-17, -3.9629622506739696e-16], [4.08903530009195, 2.639963016465999, 0.0], [3.4754845718633254, 4.32122551559112, 2.2848414215374486], [4.215358966060551, 3.277249601452972, 4.887982148621424], [7.060359619268652, 2.8583974025934245, 5.2392586225644475], [7.813589802104854, 1.847052289001872, 7.848389277574016], [7.415305935590161, 3.7108781995001516, 9.988549555205855], [8.309362173706772, 2.675857070907682, 12.194970809939775], [-0.7684957084581776, 0.8036921050757153, 1.7230305140151096], [-0.7379680247884239, 1.086608681825093, -1.5785638042829715], [-0.7282937059220609, -1.9108164406069, -0.16428706040279162], [3.550590699124826, -0.9961962572571033, -1.6713069944700343], [3.572091009087743, -1.0856317126084247, 1.6051850080679966], [3.4804527074109144, 3.63333029844427, -1.6947514480023387], [6.124844906777258, 2.4359664077547096, -0.17583019039826286], [4.412760582123721, 6.131649221666756, 2.0140843801107584], [1.4639433279153806, 4.732894991459088, 2.3018918768098118], [3.533617521597383, 4.603263642660732, 6.301082367380855], [3.22502148290986, 1.5131716006229694, 5.248985594239142], [7.731860150462141, 1.5232646004864847, 3.8350559111837947], [8.060166828007375, 4.619880487902103, 4.871706766800921], [9.802794505046485, 1.341983855806605, 7.836600696356163], [6.77200369664382, 0.12833354492915383, 8.271406275176677], [5.44199247217255, 4.156534017936837, 10.280484830303932], [8.440292684849924, 5.452833008190707, 9.657682196591406]], "name": "C8FH17", "identifiers": {"molecule_hash": "447ce0c4048344036ed53e02eed8a3debb2b65ef", "molecular_formula": "C8FH17"}, "molecular_charge": 0.0, "molecular_multiplicity": 1, "connectivity": [[0, 1, 1.0], [0, 9, 1.0], [0, 10, 1.0], [0, 11, 1.0], [1, 2, 1.0], [1, 12, 1.0], [1, 13, 1.0], [2, 3, 1.0], [2, 14, 1.0], [2, 15, 1.0], [3, 4, 1.0], [3, 16, 1.0], [3, 17, 1.0], [4, 5, 1.0], [4, 18, 1.0], [4, 19, 1.0], [5, 6, 1.0], [5, 20, 1.0], [5, 21, 1.0], [6, 7, 1.0], [6, 22, 1.0], [6, 23, 1.0], [7, 8, 1.0], [7, 24, 1.0], [7, 25, 1.0]], "fix_com": true, "fix_orientation": true, "provenance": {"creator": "QCElemental", "version": "v0.22.0", "routine": "qcelemental.molparse.from_schema"}, "id": "97968"}, "charge": 0, "optimize_geometry": false, "conformers": [], "conformer_generation_options": {"n_conformer_pool": 4000, "n_max_conformers": 0, "rms_tolerance": 0.05, "energy_window": 15, "keep_original_conformer": true}, "stage_1_unrestrained_charges": null, "stage_1_restrained_charges": null, "stage_2_unrestrained_charges": null, "stage_2_restrained_charges": null, "keep_original_orientation": false, "reorientations": [], "translations": [], "rotations": []}}, {"index": 5, "molecule": {"qcmol": {"schema_name": "qcschema_molecule", "schema_version": 2, "validated": true, "symbols": ["C", "C", "C", "C", "C", "C", "C", "C", "F", "H", "H", "H", "H", "H", "H", "H", "H", "H", "H", "H", "H", "H", "H", "H", "H", "H"], "geometry": [[0.0, 0.0, 0.0], [2.8906715399499023, 5.645062772325091e-17, -3.9629622506739696e-16], [4.08903530009195, 2.639963016465999, 0.0], [3.4754845718633254, 4.32122551559112, 2.2848414215374486], [4.215358966060551, 3.277249601452972, 4.887982148621424], [7.060359619268652, 2.8583974025934245, 5.2392586225644475], [7.813589802104854, 1.847052289001872, 7.848389277574016], [7.415305935590161, 3.7108781995001516, 9.988549555205855], [8.309362173706772, 2.675857070907682, 12.194970809939775], [-0.7684957084581776, 0.8036921050757153, 1.7230305140151096], [-0.7379680247884239, 1.086608681825093, -1.5785638042829715], [-0.7282937059220609, -1.9108164406069, -0.16428706040279162], [3.550590699124826, -0.9961962572571033, -1.6713069944700343], [3.572091009087743, -1.0856317126084247, 1.6051850080679966], [3.4804527074109144, 3.63333029844427, -1.6947514480023387], [6.124844906777258, 2.4359664077547096, -0.17583019039826286], [4.412760582123721, 6.131649221666756, 2.0140843801107584], [1.4639433279153806, 4.732894991459088, 2.3018918768098118], [3.533617521597383, 4.603263642660732, 6.301082367380855], [3.22502148290986, 1.5131716006229694, 5.248985594239142], [7.731860150462141, 1.5232646004864847, 3.8350559111837947], [8.060166828007375, 4.619880487902103, 4.871706766800921], [9.802794505046485, 1.341983855806605, 7.836600696356163], [6.77200369664382, 0.12833354492915383, 8.271406275176677], [5.44199247217255, 4.156534017936837, 10.280484830303932], [8.440292684849924, 5.452833008190707, 9.657682196591406]], "name": "C8FH17", "identifiers": {"molecule_hash": "447ce0c4048344036ed53e02eed8a3debb2b65ef", "molecular_formula": "C8FH17"}, "molecular_charge": 0.0, "molecular_multiplicity": 1, "connectivity": [[0, 1, 1.0], [0, 9, 1.0], [0, 10, 1.0], [0, 11, 1.0], [1, 2, 1.0], [1, 12, 1.0], [1, 13, 1.0], [2, 3, 1.0], [2, 14, 1.0], [2, 15, 1.0], [3, 4, 1.0], [3, 16, 1.0], [3, 17, 1.0], [4, 5, 1.0], [4, 18, 1.0], [4, 19, 1.0], [5, 6, 1.0], [5, 20, 1.0], [5, 21, 1.0], [6, 7, 1.0], [6, 22, 1.0], [6, 23, 1.0], [7, 8, 1.0], [7, 24, 1.0], [7, 25, 1.0]], "fix_com": true, "fix_orientation": true, "provenance": {"creator": "QCElemental", "version": "v0.22.0", "routine": "qcelemental.molparse.from_schema"}, "id": "97968"}, "charge": 0, "optimize_geometry": false, "conformers": [], "conformer_generation_options": {"n_conformer_pool": 4000, "n_max_conformers": 0, "rms_tolerance": 0.05, "energy_window": 15, "keep_original_conformer": true}, "stage_1_unrestrained_charges": null, "stage_1_restrained_charges": null, "stage_2_unrestrained_charges": null, "stage_2_restrained_charges": null, "keep_original_orientation": false, "reorientations": [], "translations": [], "rotations": []}}, {"index": 6, "molecule": {"qcmol": {"schema_name": "qcschema_molecule", "schema_version": 2, "validated": true, "symbols": ["C", "C", "C", "C", "C", "C", "C", "C", "F", "H", "H", "H", "H", "H", "H", "H", "H", "H", "H", "H", "H", "H", "H", "H", "H", "H"], "geometry": [[0.0, 0.0, 0.0], [2.8906715399499023, 5.645062772325091e-17, -3.9629622506739696e-16], [4.08903530009195, 2.639963016465999, 0.0], [3.4754845718633254, 4.32122551559112, 2.2848414215374486], [4.215358966060551, 3.277249601452972, 4.887982148621424], [7.060359619268652, 2.8583974025934245, 5.2392586225644475], [7.813589802104854, 1.847052289001872, 7.848389277574016], [7.415305935590161, 3.7108781995001516, 9.988549555205855], [8.309362173706772, 2.675857070907682, 12.194970809939775], [-0.7684957084581776, 0.8036921050757153, 1.7230305140151096], [-0.7379680247884239, 1.086608681825093, -1.5785638042829715], [-0.7282937059220609, -1.9108164406069, -0.16428706040279162], [3.550590699124826, -0.9961962572571033, -1.6713069944700343], [3.572091009087743, -1.0856317126084247, 1.6051850080679966], [3.4804527074109144, 3.63333029844427, -1.6947514480023387], [6.124844906777258, 2.4359664077547096, -0.17583019039826286], [4.412760582123721, 6.131649221666756, 2.0140843801107584], [1.4639433279153806, 4.732894991459088, 2.3018918768098118], [3.533617521597383, 4.603263642660732, 6.301082367380855], [3.22502148290986, 1.5131716006229694, 5.248985594239142], [7.731860150462141, 1.5232646004864847, 3.8350559111837947], [8.060166828007375, 4.619880487902103, 4.871706766800921], [9.802794505046485, 1.341983855806605, 7.836600696356163], [6.77200369664382, 0.12833354492915383, 8.271406275176677], [5.44199247217255, 4.156534017936837, 10.280484830303932], [8.440292684849924, 5.452833008190707, 9.657682196591406]], "name": "C8FH17", "identifiers": {"molecule_hash": "447ce0c4048344036ed53e02eed8a3debb2b65ef", "molecular_formula": "C8FH17"}, "molecular_charge": 0.0, "molecular_multiplicity": 1, "connectivity": [[0, 1, 1.0], [0, 9, 1.0], [0, 10, 1.0], [0, 11, 1.0], [1, 2, 1.0], [1, 12, 1.0], [1, 13, 1.0], [2, 3, 1.0], [2, 14, 1.0], [2, 15, 1.0], [3, 4, 1.0], [3, 16, 1.0], [3, 17, 1.0], [4, 5, 1.0], [4, 18, 1.0], [4, 19, 1.0], [5, 6, 1.0], [5, 20, 1.0], [5, 21, 1.0], [6, 7, 1.0], [6, 22, 1.0], [6, 23, 1.0], [7, 8, 1.0], [7, 24, 1.0], [7, 25, 1.0]], "fix_com": true, "fix_orientation": true, "provenance": {"creator": "QCElemental", "version": "v0.22.0", "routine": "qcelemental.molparse.from_schema"}, "id": "97968"}, "charge": 0, "optimize_geometry": false, "conformers": [], "conformer_generation_options": {"n_conformer_pool": 4000, "n_max_conformers": 0, "rms_tolerance": 0.05, "energy_window": 15, "keep_original_conformer": true}, "stage_1_unrestrained_charges": null, "stage_1_restrained_charges": null, "stage_2_unrestrained_charges": null, "stage_2_restrained_charges": null, "keep_original_orientation": false, "reorientations": [], "translations": [], "rotations": []}}, {"index": 7, "molecule": {"qcmol": {"schema_name": "qcschema_molecule", "schema_version": 2, "validated": true, "symbols": ["C", "C", "C", "C", "C", "C", "C", "C", "F", "H", "H", "H", "H", "H", "H", "H", "H", "H", "H", "H", "H", "H", "H", "H", "H", "H"], "geometry": [[0.0, 0.0, 0.0], [2.8906715399499023, 5.645062772325091e-17, -3.9629622506739696e-16], [4.08903530009195, 2.639963016465999, 0.0], [3.4754845718633254, 4.32122551559112, 2.2848414215374486], [4.215358966060551, 3.277249601452972, 4.887982148621424], [7.060359619268652, 2.8583974025934245, 5.2392586225644475], [7.813589802104854, 1.847052289001872, 7.848389277574016], [7.415305935590161, 3.7108781995001516, 9.988549555205855], [8.309362173706772, 2.675857070907682, 12.194970809939775], [-0.7684957084581776, 0.8036921050757153, 1.7230305140151096], [-0.7379680247884239, 1.086608681825093, -1.5785638042829715], [-0.7282937059220609, -1.9108164406069, -0.16428706040279162], [3.550590699124826, -0.9961962572571033, -1.6713069944700343], [3.572091009087743, -1.0856317126084247, 1.6051850080679966], [3.4804527074109144, 3.63333029844427, -1.6947514480023387], [6.124844906777258, 2.4359664077547096, -0.17583019039826286], [4.412760582123721, 6.131649221666756, 2.0140843801107584], [1.4639433279153806, 4.732894991459088, 2.3018918768098118], [3.533617521597383, 4.603263642660732, 6.301082367380855], [3.22502148290986, 1.5131716006229694, 5.248985594239142], [7.731860150462141, 1.5232646004864847, 3.8350559111837947], [8.060166828007375, 4.619880487902103, 4.871706766800921], [9.802794505046485, 1.341983855806605, 7.836600696356163], [6.77200369664382, 0.12833354492915383, 8.271406275176677], [5.44199247217255, 4.156534017936837, 10.280484830303932], [8.440292684849924, 5.452833008190707, 9.657682196591406]], "name": "C8FH17", "identifiers": {"molecule_hash": "447ce0c4048344036ed53e02eed8a3debb2b65ef", "molecular_formula": "C8FH17"}, "molecular_charge": 0.0, "molecular_multiplicity": 1, "connectivity": [[0, 1, 1.0], [0, 9, 1.0], [0, 10, 1.0], [0, 11, 1.0], [1, 2, 1.0], [1, 12, 1.0], [1, 13, 1.0], [2, 3, 1.0], [2, 14, 1.0], [2, 15, 1.0], [3, 4, 1.0], [3, 16, 1.0], [3, 17, 1.0], [4, 5, 1.0], [4, 18, 1.0], [4, 19, 1.0], [5, 6, 1.0], [5, 20, 1.0], [5, 21, 1.0], [6, 7, 1.0], [6, 22, 1.0], [6, 23, 1.0], [7, 8, 1.0], [7, 24, 1.0], [7, 25, 1.0]], "fix_com": true, "fix_orientation": true, "provenance": {"creator": "QCElemental", "version": "v0.22.0", "routine": "qcelemental.molparse.from_schema"}, "id": "97968"}, "charge": 0, "optimize_geometry": false, "conformers": [], "conformer_generation_options": {"n_conformer_pool": 4000, "n_max_conformers": 0, "rms_tolerance": 0.05, "energy_window": 15, "keep_original_conformer": true}, "stage_1_unrestrained_charges": null, "stage_1_restrained_charges": null, "stage_2_unrestrained_charges": null, "stage_2_restrained_charges": null, "keep_original_orientation": false, "reorientations": [], "translations": [], "rotations": []}}]}, "surface_constraints": {"matrix": [[1960.9696579949486, 1901.2422298609845, 1831.7932267153983, 1756.7073355057798, 1686.8597278236284, 1597.2927747431336, 1545.5037488628327, 1455.320703680915, 1376.1007909817206, 1970.2718416346972, 1970.1613935728835, 1964.629519228315, 1893.1460203590568, 1891.1895212645668, 1834.0766614429542, 1819.2043873874277, 1724.8850376656844, 1772.841881343494, 1666.6816097059354, 1711.1574797740504, 1571.7742066922585, 1580.5463487659883, 1582.5761016663719, 1528.0135252215903, 1436.6396149052391, 1455.8776617729793], [1901.2422298609845, 1946.591141681854, 1899.263270757875, 1831.3428556939343, 1766.6996640479465, 1669.7567941484638, 1604.4174966986282, 1510.9223026942113, 1436.7436069390717, 1883.0581812714952, 1882.3834344695206, 1879.1522391716267, 1969.5934026683265, 1968.6927980723651, 1898.3272596621696, 1898.3868076951503, 1808.5689896024091, 1837.7496279513116, 1754.8732393816974, 1791.944738747203, 1646.6724308953292, 1654.8985165865706, 1638.8018035114035, 1580.503998536562, 1485.3962745863394, 1511.7936995536186], [1831.7932267153983, 1899.263270757875, 1950.7850842131497, 1905.1483722700784, 1833.9728702110367, 1747.5847295297845, 1692.2685836142643, 1604.6889125184925, 1530.9834882827092, 1812.6232384737123, 1834.9312120806712, 1777.5781035282723, 1892.6694494533067, 1893.5629873006433, 1978.1582946708183, 1980.1265588817564, 1909.4713436720008, 1904.4371204806273, 1825.171389871875, 1840.6490806146423, 1719.591335673526, 1735.2589871298787, 1727.0281655017814, 1668.9634808549567, 1579.2364160955826, 1608.304727430487], [1756.7073355057798, 1831.3428556939343, 1905.1483722700784, 1955.5567853299026, 1905.4842404863296, 1835.8507615655049, 1768.141245353309, 1672.995726172517, 1599.544305143209, 1736.8097750298896, 1762.7545038399587, 1698.2227376330477, 1828.9991882904733, 1815.2491965340346, 1903.5064731903142, 1905.9980599105352, 1987.5787008917223, 1985.13176289927, 1906.5423251251736, 1901.086446312014, 1807.2543010703255, 1844.0978194673742, 1791.3692909780623, 1751.5130932467885, 1645.7887117806094, 1670.5744710155868], [1686.8597278236284, 1766.6996640479465, 1833.9728702110367, 1905.4842404863296, 1952.7395563997898, 1902.702125339343, 1827.1910883116288, 1739.3612727313205, 1685.76807082748, 1666.4687160447775, 1690.345770385254, 1629.2943106655268, 1778.9107814070546, 1747.6915278592282, 1826.7753929381374, 1821.0360067968948, 1906.5286098655529, 1907.0632779977966, 1982.9101871047537, 1979.47755464768, 1900.747533051659, 1903.4244729979034, 1825.3572715257515, 1822.268248159682, 1702.3135615145347, 1734.3160079998054], [1597.2927747431336, 1669.7567941484638, 1747.5847295297845, 1835.8507615655049, 1902.702125339343, 1946.1013913571317, 1892.3972973281839, 1815.6803124666862, 1763.5555970880403, 1577.8736943233005, 1602.346594679259, 1544.7686292759695, 1676.2307675287382, 1644.4184821776598, 1741.5941221500898, 1732.2731906894076, 1848.5998652747649, 1827.657761697307, 1903.3967893454478, 1901.3769540829037, 1971.6259256827523, 1975.5947728355836, 1892.0429106970255, 1889.8635078972338, 1775.5066853098497, 1817.2703478036283], [1545.5037488628327, 1604.4174966986282, 1692.2685836142643, 1768.141245353309, 1827.1910883116288, 1892.3972973281839, 1938.417220803579, 1882.2008860245332, 1825.6385982698541, 1538.9034782873214, 1547.8200172194936, 1494.1698325158686, 1595.9563170005733, 1576.7857712630205, 1694.2664825757774, 1688.3632707648987, 1781.3716317566618, 1755.5846601432645, 1807.3785498915083, 1825.2349585372317, 1889.4911268012147, 1891.7686623511304, 1969.2198426430245, 1965.8787258646787, 1868.790181442133, 1870.3602989164438], [1455.320703680915, 1510.9223026942113, 1604.6889125184925, 1672.995726172517, 1739.3612727313205, 1815.6803124666862, 1882.2008860245332, 1924.8113324419912, 1889.7362012086041, 1449.2745458257998, 1459.1936924806546, 1405.295720325678, 1497.268533699849, 1482.672082144016, 1612.4174529183974, 1608.4966074664515, 1684.373744807042, 1651.8684957010926, 1726.0842585369273, 1731.1750797693273, 1806.4486653825008, 1818.4220154561976, 1886.1915581141, 1879.0406355202754, 1939.3471422550774, 1942.5282488084367], [1376.1007909817206, 1436.7436069390717, 1530.9834882827092, 1599.544305143209, 1685.76807082748, 1763.5555970880403, 1825.6385982698541, 1889.7362012086041, 1958.9070540059063, 1364.962664428838, 1378.1668638355627, 1329.642937241826, 1425.871849118561, 1411.569439130627, 1536.3585712982945, 1537.5767238972594, 1607.1551803694317, 1568.6660597828206, 1680.151781841981, 1687.422297163386, 1758.8793047855763, 1768.0093006184197, 1809.7706529768084, 1823.886898115755, 1873.3992840331434, 1877.2254616627743], [1970.2718416346972, 1883.0581812714952, 1812.6232384737123, 1736.8097750298896, 1666.4687160447775, 1577.8736943233005, 1538.9034782873214, 1449.2745458257998, 1364.962664428838, 2061.5321435599885, 1951.67047667648, 1944.1617048416556, 1862.1993249812106, 1865.9896828414076, 1825.4360169865004, 1789.623353804852, 1704.2121585623095, 1754.0889972449659, 1639.3329418347043, 1696.353688855406, 1545.3903199514868, 1558.3426942551228, 1581.6404043761165, 1525.803230153637, 1436.1249477576337, 1448.4781375775638], [1970.1613935728835, 1882.3834344695206, 1834.9312120806712, 1762.7545038399587, 1690.345770385254, 1602.346594679259, 1547.8200172194936, 1459.1936924806546, 1378.1668638355627, 1951.67047667648, 2062.6311225298014, 1944.1837131893553, 1860.803846636757, 1845.6915665720064, 1845.3710770726898, 1826.3916931856297, 1730.382005968953, 1784.728708737746, 1672.1000314040095, 1709.2477263545047, 1580.9649397679545, 1584.8788789858056, 1578.1994299276203, 1533.337942098365, 1439.5591030382927, 1463.5990208605187], [1964.629519228315, 1879.1522391716267, 1777.5781035282723, 1698.2227376330477, 1629.2943106655268, 1544.7686292759695, 1494.1698325158686, 1405.295720325678, 1329.642937241826, 1944.1617048416556, 1944.1837131893553, 2048.8746594753775, 1871.6187062312597, 1876.2515418710402, 1763.4742945779735, 1764.0617498391166, 1661.6655148810735, 1715.451255742376, 1608.231145415807, 1651.7797435576897, 1520.3217127050955, 1530.918592651092, 1534.130234304269, 1474.5753395593958, 1387.9605437053085, 1402.7237121409694], [1893.1460203590568, 1969.5934026683265, 1892.6694494533067, 1828.9991882904733, 1778.9107814070546, 1676.2307675287382, 1595.9563170005733, 1497.268533699849, 1425.871849118561, 1862.1993249812106, 1860.803846636757, 1871.6187062312597, 2071.955179353883, 1962.9432016437156, 1883.6179451991145, 1872.1784125668812, 1795.5379265439108, 1836.9638952642772, 1772.2288884455465, 1815.4625352445044, 1657.5042432350674, 1665.164299021785, 1628.3290586136557, 1567.138202062258, 1465.641905542412, 1498.4565160953562], [1891.1895212645668, 1968.6927980723651, 1893.5629873006433, 1815.2491965340346, 1747.6915278592282, 1644.4184821776598, 1576.7857712630205, 1482.672082144016, 1411.569439130627, 1865.9896828414076, 1845.6915665720064, 1876.2515418710402, 1962.9432016437156, 2068.717802751688, 1873.8897512115773, 1897.7416288666823, 1792.610341109486, 1816.716284590638, 1735.7361013461855, 1776.662932969779, 1622.90301889616, 1625.4707840491658, 1609.2601825696431, 1553.7517075714059, 1457.9128407856185, 1480.7773681702308], [1834.0766614429542, 1898.3272596621696, 1978.1582946708183, 1903.5064731903142, 1826.7753929381374, 1741.5941221500898, 1694.2664825757774, 1612.4174529183974, 1536.3585712982945, 1825.4360169865004, 1845.3710770726898, 1763.4742945779735, 1883.6179451991145, 1873.8897512115773, 2081.2844239973306, 1979.6057788619419, 1901.3109848836382, 1890.4386926007926, 1824.6440788239345, 1821.4813695634318, 1710.9527638519937, 1727.1220464657852, 1731.2879154026964, 1670.639680896172, 1587.3908055434388, 1621.04717123974], [1819.2043873874277, 1898.3868076951503, 1980.1265588817564, 1905.9980599105352, 1821.0360067968948, 1732.2731906894076, 1688.3632707648987, 1608.4966074664515, 1537.5767238972594, 1789.623353804852, 1826.3916931856297, 1764.0617498391166, 1872.1784125668812, 1897.7416288666823, 1979.6057788619419, 2086.072875468465, 1917.3099827874157, 1885.9998751373455, 1801.264961462074, 1831.4115742694103, 1704.0451849352235, 1709.1916388375503, 1729.5320418844185, 1660.4218850329326, 1585.5001505779508, 1614.3228582630036], [1724.8850376656844, 1808.5689896024091, 1909.4713436720008, 1987.5787008917223, 1906.5286098655529, 1848.5998652747649, 1781.3716317566618, 1684.373744807042, 1607.1551803694317, 1704.2121585623095, 1730.382005968953, 1661.6655148810735, 1795.5379265439108, 1792.610341109486, 1901.3109848836382, 1917.3099827874157, 2094.205409807743, 1990.9141156758033, 1888.5290234700258, 1885.176103130889, 1815.4848172766212, 1868.4072806263289, 1810.0010330764496, 1761.0294270442905, 1653.37262963286, 1687.1770572591092], [1772.841881343494, 1837.7496279513116, 1904.4371204806273, 1985.13176289927, 1907.0632779977966, 1827.657761697307, 1755.5846601432645, 1651.8684957010926, 1568.6660597828206, 1754.0889972449659, 1784.728708737746, 1715.451255742376, 1836.9638952642772, 1816.716284590638, 1890.4386926007926, 1885.9998751373455, 1990.9141156758033, 2089.9500836880707, 1911.5966819565022, 1884.606593076107, 1785.144403799887, 1846.7290033266172, 1782.5785739735816, 1739.2510032224375, 1635.3531617456858, 1640.45879632683], [1666.6816097059354, 1754.8732393816974, 1825.171389871875, 1906.5423251251736, 1982.9101871047537, 1903.3967893454478, 1807.3785498915083, 1726.0842585369273, 1680.151781841981, 1639.3329418347043, 1672.1000314040095, 1608.231145415807, 1772.2288884455465, 1735.7361013461855, 1824.6440788239345, 1801.264961462074, 1888.5290234700258, 1911.5966819565022, 2086.3307095995033, 1984.687713362187, 1899.7005728148758, 1898.8990057187448, 1786.4835720791452, 1801.9775753569959, 1691.472716080627, 1718.3410681873695], [1711.1574797740504, 1791.944738747203, 1840.6490806146423, 1901.086446312014, 1979.47755464768, 1901.3769540829037, 1825.2349585372317, 1731.1750797693273, 1687.422297163386, 1696.353688855406, 1709.2477263545047, 1651.7797435576897, 1815.4625352445044, 1776.662932969779, 1821.4813695634318, 1831.4115742694103, 1885.176103130889, 1884.606593076107, 1984.687713362187, 2081.50709549998, 1902.6845343667833, 1875.9889526363843, 1819.4859719462108, 1829.0200407932086, 1686.031193397241, 1722.407806315976], [1571.7742066922585, 1646.6724308953292, 1719.591335673526, 1807.2543010703255, 1900.747533051659, 1971.6259256827523, 1889.4911268012147, 1806.4486653825008, 1758.8793047855763, 1545.3903199514868, 1580.9649397679545, 1520.3217127050955, 1657.5042432350674, 1622.90301889616, 1710.9527638519937, 1704.0451849352235, 1815.4848172766212, 1785.144403799887, 1899.7005728148758, 1902.6845343667833, 2072.0777056455954, 1972.9862372298799, 1864.9822333134969, 1892.8623468657677, 1749.1032176106721, 1818.077671654429], [1580.5463487659883, 1654.8985165865706, 1735.2589871298787, 1844.0978194673742, 1903.4244729979034, 1975.5947728355836, 1891.7686623511304, 1818.4220154561976, 1768.0093006184197, 1558.3426942551228, 1584.8788789858056, 1530.918592651092, 1665.164299021785, 1625.4707840491658, 1727.1220464657852, 1709.1916388375503, 1868.4072806263289, 1846.7290033266172, 1898.8990057187448, 1875.9889526363843, 1972.9862372298799, 2081.8002560959562, 1892.0053487341256, 1860.7433546247419, 1774.9095721581502, 1824.729672542709], [1582.5761016663719, 1638.8018035114035, 1727.0281655017814, 1791.3692909780623, 1825.3572715257515, 1892.0429106970255, 1969.2198426430245, 1886.1915581141, 1809.7706529768084, 1581.6404043761165, 1578.1994299276203, 1534.130234304269, 1628.3290586136557, 1609.2601825696431, 1731.2879154026964, 1729.5320418844185, 1810.0010330764496, 1782.5785739735816, 1786.4835720791452, 1819.4859719462108, 1864.9822333134969, 1892.0053487341256, 2076.1080332057672, 1968.1203254563154, 1874.108610655173, 1866.6910440423067], [1528.0135252215903, 1580.503998536562, 1668.9634808549567, 1751.5130932467885, 1822.268248159682, 1889.8635078972338, 1965.8787258646787, 1879.0406355202754, 1823.886898115755, 1525.803230153637, 1533.337942098365, 1474.5753395593958, 1567.138202062258, 1553.7517075714059, 1670.639680896172, 1660.4218850329326, 1761.0294270442905, 1739.2510032224375, 1801.9775753569959, 1829.0200407932086, 1892.8623468657677, 1860.7433546247419, 1968.1203254563154, 2071.067067652268, 1866.1932122076375, 1840.2131639062968], [1436.6396149052391, 1485.3962745863394, 1579.2364160955826, 1645.7887117806094, 1702.3135615145347, 1775.5066853098497, 1868.790181442133, 1939.3471422550774, 1873.3992840331434, 1436.1249477576337, 1439.5591030382927, 1387.9605437053085, 1465.641905542412, 1457.9128407856185, 1587.3908055434388, 1585.5001505779508, 1653.37262963286, 1635.3531617456858, 1691.472716080627, 1686.031193397241, 1749.1032176106721, 1774.9095721581502, 1874.108610655173, 1866.1932122076375, 2031.2874443334, 1926.4014061830012], [1455.8776617729793, 1511.7936995536186, 1608.304727430487, 1670.5744710155868, 1734.3160079998054, 1817.2703478036283, 1870.3602989164438, 194