,stage_1_charge,stage_2_charge,grid,weight,state,method,atom_number,smiles,mapped_smiles
0,-0.894029329560123,-0.894029329560123,hf,1,gas,hf/6-31g*,1,Cc1cnccn1,[H:12][c:5]1[c:6]([n:7][c:2]([c:3]([n:4]1)[H:11])[C:1]([H:8])([H:9])[H:10])[H:13]
1,0.5805697179991157,0.5805697179991157,hf,1,gas,hf/6-31g*,2,Cc1cnccn1,[H:12][c:5]1[c:6]([n:7][c:2]([c:3]([n:4]1)[H:11])[C:1]([H:8])([H:9])[H:10])[H:13]
2,0.10265014418973353,0.10265014418973353,hf,1,gas,hf/6-31g*,3,Cc1cnccn1,[H:12][c:5]1[c:6]([n:7][c:2]([c:3]([n:4]1)[H:11])[C:1]([H:8])([H:9])[H:10])[H:13]
3,-0.46340991282355803,-0.46340991282355803,hf,1,gas,hf/6-31g*,4,Cc1cnccn1,[H:12][c:5]1[c:6]([n:7][c:2]([c:3]([n:4]1)[H:11])[C:1]([H:8])([H:9])[H:10])[H:13]
4,0.13499022048067072,0.13499022048067072,hf,1,gas,hf/6-31g*,5,Cc1cnccn1,[H:12][c:5]1[c:6]([n:7][c:2]([c:3]([n:4]1)[H:11])[C:1]([H:8])([H:9])[H:10])[H:13]
5,0.10485757358561887,0.10485757358561887,hf,1,gas,hf/6-31g*,6,Cc1cnccn1,[H:12][c:5]1[c:6]([n:7][c:2]([c:3]([n:4]1)[H:11])[C:1]([H:8])([H:9])[H:10])[H:13]
6,-0.5005758168007627,-0.5005758168007627,hf,1,gas,hf/6-31g*,7,Cc1cnccn1,[H:12][c:5]1[c:6]([n:7][c:2]([c:3]([n:4]1)[H:11])[C:1]([H:8])([H:9])[H:10])[H:13]
7,0.21846063509681632,0.21846063509681632,hf,1,gas,hf/6-31g*,8,Cc1cnccn1,[H:12][c:5]1[c:6]([n:7][c:2]([c:3]([n:4]1)[H:11])[C:1]([H:8])([H:9])[H:10])[H:13]
8,0.24316824027205933,0.24316824027205933,hf,1,gas,hf/6-31g*,9,Cc1cnccn1,[H:12][c:5]1[c:6]([n:7][c:2]([c:3]([n:4]1)[H:11])[C:1]([H:8])([H:9])[H:10])[H:13]
9,0.24453859327010236,0.24453859327010236,hf,1,gas,hf/6-31g*,10,Cc1cnccn1,[H:12][c:5]1[c:6]([n:7][c:2]([c:3]([n:4]1)[H:11])[C:1]([H:8])([H:9])[H:10])[H:13]
10,0.06871495336241115,0.06871495336241115,hf,1,gas,hf/6-31g*,11,Cc1cnccn1,[H:12][c:5]1[c:6]([n:7][c:2]([c:3]([n:4]1)[H:11])[C:1]([H:8])([H:9])[H:10])[H:13]
11,0.07578572722844779,0.07578572722844779,hf,1,gas,hf/6-31g*,12,Cc1cnccn1,[H:12][c:5]1[c:6]([n:7][c:2]([c:3]([n:4]1)[H:11])[C:1]([H:8])([H:9])[H:10])[H:13]
12,0.08631615563310442,0.08631615563310442,hf,1,gas,hf/6-31g*,13,Cc1cnccn1,[H:12][c:5]1[c:6]([n:7][c:2]([c:3]([n:4]1)[H:11])[C:1]([H:8])([H:9])[H:10])[H:13]
0,-0.894029329559099,-0.894029329559099,hf,,gas,hf/6-31g*,1,Cc1cnccn1,[H:12][c:5]1[c:6]([n:7][c:2]([c:3]([n:4]1)[H:11])[C:1]([H:8])([H:9])[H:10])[H:13]
1,0.58056971799894,0.58056971799894,hf,,gas,hf/6-31g*,2,Cc1cnccn1,[H:12][c:5]1[c:6]([n:7][c:2]([c:3]([n:4]1)[H:11])[C:1]([H:8])([H:9])[H:10])[H:13]
2,0.1026501441895725,0.1026501441895725,hf,,gas,hf/6-31g*,3,Cc1cnccn1,[H:12][c:5]1[c:6]([n:7][c:2]([c:3]([n:4]1)[H:11])[C:1]([H:8])([H:9])[H:10])[H:13]
3,-0.46340991282348637,-0.46340991282348637,hf,,gas,hf/6-31g*,4,Cc1cnccn1,[H:12][c:5]1[c:6]([n:7][c:2]([c:3]([n:4]1)[H:11])[C:1]([H:8])([H:9])[H:10])[H:13]
4,0.1349902204805777,0.1349902204805777,hf,,gas,hf/6-31g*,5,Cc1cnccn1,[H:12][c:5]1[c:6]([n:7][c:2]([c:3]([n:4]1)[H:11])[C:1]([H:8])([H:9])[H:10])[H:13]
5,0.10485757358584646,0.10485757358584646,hf,,gas,hf/6-31g*,6,Cc1cnccn1,[H:12][c:5]1[c:6]([n:7][c:2]([c:3]([n:4]1)[H:11])[C:1]([H:8])([H:9])[H:10])[H:13]
6,-0.5005758168008757,-0.5005758168008757,hf,,gas,hf/6-31g*,7,Cc1cnccn1,[H:12][c:5]1[c:6]([n:7][c:2]([c:3]([n:4]1)[H:11])[C:1]([H:8])([H:9])[H:10])[H:13]
7,0.21846063509654284,0.21846063509654284,hf,,gas,hf/6-31g*,8,Cc1cnccn1,[H:12][c:5]1[c:6]([n:7][c:2]([c:3]([n:4]1)[H:11])[C:1]([H:8])([H:9])[H:10])[H:13]
8,0.2431682402718013,0.2431682402718013,hf,,gas,hf/6-31g*,9,Cc1cnccn1,[H:12][c:5]1[c:6]([n:7][c:2]([c:3]([n:4]1)[H:11])[C:1]([H:8])([H:9])[H:10])[H:13]
9,0.2445385932698426,0.2445385932698426,hf,,gas,hf/6-31g*,10,Cc1cnccn1,[H:12][c:5]1[c:6]([n:7][c:2]([c:3]([n:4]1)[H:11])[C:1]([H:8])([H:9])[H:10])[H:13]
10,0.06871495336246908,0.06871495336246908,hf,,gas,hf/6-31g*,11,Cc1cnccn1,[H:12][c:5]1[c:6]([n:7][c:2]([c:3]([n:4]1)[H:11])[C:1]([H:8])([H:9])[H:10])[H:13]
11,0.07578572722846133,0.07578572722846133,hf,,gas,hf/6-31g*,12,Cc1cnccn1,[H:12][c:5]1[c:6]([n:7][c:2]([c:3]([n:4]1)[H:11])[C:1]([H:8])([H:9])[H:10])[H:13]
12,0.08631615563304078,0.08631615563304078,hf,,gas,hf/6-31g*,13,Cc1cnccn1,[H:12][c:5]1[c:6]([n:7][c:2]([c:3]([n:4]1)[H:11])[C:1]([H:8])([H:9])[H:10])[H:13]
0,-0.9355028083607664,-0.9355028083607664,resp2,1,gas,hf/6-31g*,1,Cc1cnccn1,[H:12][c:5]1[c:6]([n:7][c:2]([c:3]([n:4]1)[H:11])[C:1]([H:8])([H:9])[H:10])[H:13]
1,0.5944435905305618,0.5944435905305618,resp2,1,gas,hf/6-31g*,2,Cc1cnccn1,[H:12][c:5]1[c:6]([n:7][c:2]([c:3]([n:4]1)[H:11])[C:1]([H:8])([H:9])[H:10])[H:13]
2,0.10218330354688349,0.10218330354688349,resp2,1,gas,hf/6-31g*,3,Cc1cnccn1,[H:12][c:5]1[c:6]([n:7][c:2]([c:3]([n:4]1)[H:11])[C:1]([H:8])([H:9])[H:10])[H:13]
3,-0.47740385104937355,-0.47740385104937355,resp2,1,gas,hf/6-31g*,4,Cc1cnccn1,[H:12][c:5]1[c:6]([n:7][c:2]([c:3]([n:4]1)[H:11])[C:1]([H:8])([H:9])[H:10])[H:13]
4,0.13516970379529933,0.13516970379529933,resp2,1,gas,hf/6-31g*,5,Cc1cnccn1,[H:12][c:5]1[c:6]([n:7][c:2]([c:3]([n:4]1)[H:11])[C:1]([H:8])([H:9])[H:10])[H:13]
5,0.08665447683522826,0.08665447683522826,resp2,1,gas,hf/6-31g*,6,Cc1cnccn1,[H:12][c:5]1[c:6]([n:7][c:2]([c:3]([n:4]1)[H:11])[C:1]([H:8])([H:9])[H:10])[H:13]
6,-0.5035593065576742,-0.5035593065576742,resp2,1,gas,hf/6-31g*,7,Cc1cnccn1,[H:12][c:5]1[c:6]([n:7][c:2]([c:3]([n:4]1)[H:11])[C:1]([H:8])([H:9])[H:10])[H:13]
7,0.2251913653033294,0.2251913653033294,resp2,1,gas,hf/6-31g*,8,Cc1cnccn1,[H:12][c:5]1[c:6]([n:7][c:2]([c:3]([n:4]1)[H:11])[C:1]([H:8])([H:9])[H:10])[H:13]
8,0.2550563747806188,0.2550563747806188,resp2,1,gas,hf/6-31g*,9,Cc1cnccn1,[H:12][c:5]1[c:6]([n:7][c:2]([c:3]([n:4]1)[H:11])[C:1]([H:8])([H:9])[H:10])[H:13]
9,0.2562899233257923,0.2562899233257923,resp2,1,gas,hf/6-31g*,10,Cc1cnccn1,[H:12][c:5]1[c:6]([n:7][c:2]([c:3]([n:4]1)[H:11])[C:1]([H:8])([H:9])[H:10])[H:13]
10,0.07884025607441356,0.07884025607441356,resp2,1,gas,hf/6-31g*,11,Cc1cnccn1,[H:12][c:5]1[c:6]([n:7][c:2]([c:3]([n:4]1)[H:11])[C:1]([H:8])([H:9])[H:10])[H:13]
11,0.08495021653278759,0.08495021653278759,resp2,1,gas,hf/6-31g*,12,Cc1cnccn1,[H:12][c:5]1[c:6]([n:7][c:2]([c:3]([n:4]1)[H:11])[C:1]([H:8])([H:9])[H:10])[H:13]
12,0.09841241794059474,0.09841241794059474,resp2,1,gas,hf/6-31g*,13,Cc1cnccn1,[H:12][c:5]1[c:6]([n:7][c:2]([c:3]([n:4]1)[H:11])[C:1]([H:8])([H:9])[H:10])[H:13]
0,-0.9355028083592303,-0.9355028083592303,resp2,,gas,hf/6-31g*,1,Cc1cnccn1,[H:12][c:5]1[c:6]([n:7][c:2]([c:3]([n:4]1)[H:11])[C:1]([H:8])([H:9])[H:10])[H:13]
1,0.5944435905298041,0.5944435905298041,resp2,,gas,hf/6-31g*,2,Cc1cnccn1,[H:12][c:5]1[c:6]([n:7][c:2]([c:3]([n:4]1)[H:11])[C:1]([H:8])([H:9])[H:10])[H:13]
2,0.1021833035473444,0.1021833035473444,resp2,,gas,hf/6-31g*,3,Cc1cnccn1,[H:12][c:5]1[c:6]([n:7][c:2]([c:3]([n:4]1)[H:11])[C:1]([H:8])([H:9])[H:10])[H:13]
3,-0.47740385104926153,-0.47740385104926153,resp2,,gas,hf/6-31g*,4,Cc1cnccn1,[H:12][c:5]1[c:6]([n:7][c:2]([c:3]([n:4]1)[H:11])[C:1]([H:8])([H:9])[H:10])[H:13]
4,0.1351697037945046,0.1351697037945046,resp2,,gas,hf/6-31g*,5,Cc1cnccn1,[H:12][c:5]1[c:6]([n:7][c:2]([c:3]([n:4]1)[H:11])[C:1]([H:8])([H:9])[H:10])[H:13]
5,0.08665447683611646,0.08665447683611646,resp2,,gas,hf/6-31g*,6,Cc1cnccn1,[H:12][c:5]1[c:6]([n:7][c:2]([c:3]([n:4]1)[H:11])[C:1]([H:8])([H:9])[H:10])[H:13]
6,-0.5035593065578421,-0.5035593065578421,resp2,,gas,hf/6-31g*,7,Cc1cnccn1,[H:12][c:5]1[c:6]([n:7][c:2]([c:3]([n:4]1)[H:11])[C:1]([H:8])([H:9])[H:10])[H:13]
7,0.22519136530294778,0.22519136530294778,resp2,,gas,hf/6-31g*,8,Cc1cnccn1,[H:12][c:5]1[c:6]([n:7][c:2]([c:3]([n:4]1)[H:11])[C:1]([H:8])([H:9])[H:10])[H:13]
8,0.2550563747802663,0.2550563747802663,resp2,,gas,hf/6-31g*,9,Cc1cnccn1,[H:12][c:5]1[c:6]([n:7][c:2]([c:3]([n:4]1)[H:11])[C:1]([H:8])([H:9])[H:10])[H:13]
9,0.25628992332544004,0.25628992332544004,resp2,,gas,hf/6-31g*,10,Cc1cnccn1,[H:12][c:5]1[c:6]([n:7][c:2]([c:3]([n:4]1)[H:11])[C:1]([H:8])([H:9])[H:10])[H:13]
10,0.07884025607425078,0.07884025607425078,resp2,,gas,hf/6-31g*,11,Cc1cnccn1,[H:12][c:5]1[c:6]([n:7][c:2]([c:3]([n:4]1)[H:11])[C:1]([H:8])([H:9])[H:10])[H:13]
11,0.08495021653301521,0.08495021653301521,resp2,,gas,hf/6-31g*,12,Cc1cnccn1,[H:12][c:5]1[c:6]([n:7][c:2]([c:3]([n:4]1)[H:11])[C:1]([H:8])([H:9])[H:10])[H:13]
12,0.0984124179403392,0.0984124179403392,resp2,,gas,hf/6-31g*,13,Cc1cnccn1,[H:12][c:5]1[c:6]([n:7][c:2]([c:3]([n:4]1)[H:11])[C:1]([H:8])([H:9])[H:10])[H:13]
0,-0.9437998432232012,-0.9437998432232012,hf,1,water,hf/6-31g*,1,Cc1cnccn1,[H:12][c:5]1[c:6]([n:7][c:2]([c:3]([n:4]1)[H:11])[C:1]([H:8])([H:9])[H:10])[H:13]
1,0.621199092233879,0.621199092233879,hf,1,water,hf/6-31g*,2,Cc1cnccn1,[H:12][c:5]1[c:6]([n:7][c:2]([c:3]([n:4]1)[H:11])[C:1]([H:8])([H:9])[H:10])[H:13]
2,0.12759264139982363,0.12759264139982363,hf,1,water,hf/6-31g*,3,Cc1cnccn1,[H:12][c:5]1[c:6]([n:7][c:2]([c:3]([n:4]1)[H:11])[C:1]([H:8])([H:9])[H:10])[H:13]
3,-0.5335177056912503,-0.5335177056912503,hf,1,water,hf/6-31g*,4,Cc1cnccn1,[H:12][c:5]1[c:6]([n:7][c:2]([c:3]([n:4]1)[H:11])[C:1]([H:8])([H:9])[H:10])[H:13]
4,0.1540771737815143,0.1540771737815143,hf,1,water,hf/6-31g*,5,Cc1cnccn1,[H:12][c:5]1[c:6]([n:7][c:2]([c:3]([n:4]1)[H:11])[C:1]([H:8])([H:9])[H:10])[H:13]
5,0.13080551843074129,0.13080551843074129,hf,1,water,hf/6-31g*,6,Cc1cnccn1,[H:12][c:5]1[c:6]([n:7][c:2]([c:3]([n:4]1)[H:11])[C:1]([H:8])([H:9])[H:10])[H:13]
6,-0.5684740577019587,-0.5684740577019587,hf,1,water,hf/6-31g*,7,Cc1cnccn1,[H:12][c:5]1[c:6]([n:7][c:2]([c:3]([n:4]1)[H:11])[C:1]([H:8])([H:9])[H:10])[H:13]
7,0.24496377016797596,0.24496377016797596,hf,1,water,hf/6-31g*,8,Cc1cnccn1,[H:12][c:5]1[c:6]([n:7][c:2]([c:3]([n:4]1)[H:11])[C:1]([H:8])([H:9])[H:10])[H:13]
8,0.2546819442413148,0.2546819442413148,hf,1,water,hf/6-31g*,9,Cc1cnccn1,[H:12][c:5]1[c:6]([n:7][c:2]([c:3]([n:4]1)[H:11])[C:1]([H:8])([H:9])[H:10])[H:13]
9,0.25497326243402063,0.25497326243402063,hf,1,water,hf/6-31g*,10,Cc1cnccn1,[H:12][c:5]1[c:6]([n:7][c:2]([c:3]([n:4]1)[H:11])[C:1]([H:8])([H:9])[H:10])[H:13]
10,0.07668349324924018,0.07668349324924018,hf,1,water,hf/6-31g*,11,Cc1cnccn1,[H:12][c:5]1[c:6]([n:7][c:2]([c:3]([n:4]1)[H:11])[C:1]([H:8])([H:9])[H:10])[H:13]
11,0.08643593711908287,0.08643593711908287,hf,1,water,hf/6-31g*,12,Cc1cnccn1,[H:12][c:5]1[c:6]([n:7][c:2]([c:3]([n:4]1)[H:11])[C:1]([H:8])([H:9])[H:10])[H:13]
12,0.09633167411151014,0.09633167411151014,hf,1,water,hf/6-31g*,13,Cc1cnccn1,[H:12][c:5]1[c:6]([n:7][c:2]([c:3]([n:4]1)[H:11])[C:1]([H:8])([H:9])[H:10])[H:13]
0,-0.9437998432217163,-0.9437998432217163,hf,,water,hf/6-31g*,1,Cc1cnccn1,[H:12][c:5]1[c:6]([n:7][c:2]([c:3]([n:4]1)[H:11])[C:1]([H:8])([H:9])[H:10])[H:13]
1,0.6211990922333418,0.6211990922333418,hf,,water,hf/6-31g*,2,Cc1cnccn1,[H:12][c:5]1[c:6]([n:7][c:2]([c:3]([n:4]1)[H:11])[C:1]([H:8])([H:9])[H:10])[H:13]
2,0.1275926413999176,0.1275926413999176,hf,,water,hf/6-31g*,3,Cc1cnccn1,[H:12][c:5]1[c:6]([n:7][c:2]([c:3]([n:4]1)[H:11])[C:1]([H:8])([H:9])[H:10])[H:13]
3,-0.5335177056911033,-0.5335177056911033,hf,,water,hf/6-31g*,4,Cc1cnccn1,[H:12][c:5]1[c:6]([n:7][c:2]([c:3]([n:4]1)[H:11])[C:1]([H:8])([H:9])[H:10])[H:13]
4,0.15407717378102206,0.15407717378102206,hf,,water,hf/6-31g*,5,Cc1cnccn1,[H:12][c:5]1[c:6]([n:7][c:2]([c:3]([n:4]1)[H:11])[C:1]([H:8])([H:9])[H:10])[H:13]
5,0.13080551843131383,0.13080551843131383,hf,,water,hf/6-31g*,6,Cc1cnccn1,[H:12][c:5]1[c:6]([n:7][c:2]([c:3]([n:4]1)[H:11])[C:1]([H:8])([H:9])[H:10])[H:13]
6,-0.5684740577020674,-0.5684740577020674,hf,,water,hf/6-31g*,7,Cc1cnccn1,[H:12][c:5]1[c:6]([n:7][c:2]([c:3]([n:4]1)[H:11])[C:1]([H:8])([H:9])[H:10])[H:13]
7,0.24496377016761045,0.24496377016761045,hf,,water,hf/6-31g*,8,Cc1cnccn1,[H:12][c:5]1[c:6]([n:7][c:2]([c:3]([n:4]1)[H:11])[C:1]([H:8])([H:9])[H:10])[H:13]
8,0.25468194424095264,0.25468194424095264,hf,,water,hf/6-31g*,9,Cc1cnccn1,[H:12][c:5]1[c:6]([n:7][c:2]([c:3]([n:4]1)[H:11])[C:1]([H:8])([H:9])[H:10])[H:13]
9,0.25497326243365614,0.25497326243365614,hf,,water,hf/6-31g*,10,Cc1cnccn1,[H:12][c:5]1[c:6]([n:7][c:2]([c:3]([n:4]1)[H:11])[C:1]([H:8])([H:9])[H:10])[H:13]
10,0.07668349324920108,0.07668349324920108,hf,,water,hf/6-31g*,11,Cc1cnccn1,[H:12][c:5]1[c:6]([n:7][c:2]([c:3]([n:4]1)[H:11])[C:1]([H:8])([H:9])[H:10])[H:13]
11,0.0864359371192186,0.0864359371192186,hf,,water,hf/6-31g*,12,Cc1cnccn1,[H:12][c:5]1[c:6]([n:7][c:2]([c:3]([n:4]1)[H:11])[C:1]([H:8])([H:9])[H:10])[H:13]
12,0.09633167411134304,0.09633167411134304,hf,,water,hf/6-31g*,13,Cc1cnccn1,[H:12][c:5]1[c:6]([n:7][c:2]([c:3]([n:4]1)[H:11])[C:1]([H:8])([H:9])[H:10])[H:13]
0,-0.978697376431832,-0.978697376431832,resp2,1,water,hf/6-31g*,1,Cc1cnccn1,[H:12][c:5]1[c:6]([n:7][c:2]([c:3]([n:4]1)[H:11])[C:1]([H:8])([H:9])[H:10])[H:13]
1,0.6330418878623946,0.6330418878623946,resp2,1,water,hf/6-31g*,2,Cc1cnccn1,[H:12][c:5]1[c:6]([n:7][c:2]([c:3]([n:4]1)[H:11])[C:1]([H:8])([H:9])[H:10])[H:13]
2,0.12714925502608343,0.12714925502608343,resp2,1,water,hf/6-31g*,3,Cc1cnccn1,[H:12][c:5]1[c:6]([n:7][c:2]([c:3]([n:4]1)[H:11])[C:1]([H:8])([H:9])[H:10])[H:13]
3,-0.5485613604247721,-0.5485613604247721,resp2,1,water,hf/6-31g*,4,Cc1cnccn1,[H:12][c:5]1[c:6]([n:7][c:2]([c:3]([n:4]1)[H:11])[C:1]([H:8])([H:9])[H:10])[H:13]
4,0.15473675577915708,0.15473675577915708,resp2,1,water,hf/6-31g*,5,Cc1cnccn1,[H:12][c:5]1[c:6]([n:7][c:2]([c:3]([n:4]1)[H:11])[C:1]([H:8])([H:9])[H:10])[H:13]
5,0.11297410288906629,0.11297410288906629,resp2,1,water,hf/6-31g*,6,Cc1cnccn1,[H:12][c:5]1[c:6]([n:7][c:2]([c:3]([n:4]1)[H:11])[C:1]([H:8])([H:9])[H:10])[H:13]
6,-0.5721546343679031,-0.5721546343679031,resp2,1,water,hf/6-31g*,7,Cc1cnccn1,[H:12][c:5]1[c:6]([n:7][c:2]([c:3]([n:4]1)[H:11])[C:1]([H:8])([H:9])[H:10])[H:13]
7,0.24962698784771814,0.24962698784771814,resp2,1,water,hf/6-31g*,8,Cc1cnccn1,[H:12][c:5]1[c:6]([n:7][c:2]([c:3]([n:4]1)[H:11])[C:1]([H:8])([H:9])[H:10])[H:13]
8,0.265095433772617,0.265095433772617,resp2,1,water,hf/6-31g*,9,Cc1cnccn1,[H:12][c:5]1[c:6]([n:7][c:2]([c:3]([n:4]1)[H:11])[C:1]([H:8])([H:9])[H:10])[H:13]
9,0.2652539266622446,0.2652539266622446,resp2,1,water,hf/6-31g*,10,Cc1cnccn1,[H:12][c:5]1[c:6]([n:7][c:2]([c:3]([n:4]1)[H:11])[C:1]([H:8])([H:9])[H:10])[H:13]
10,0.08767180064308538,0.08767180064308538,resp2,1,water,hf/6-31g*,11,Cc1cnccn1,[H:12][c:5]1[c:6]([n:7][c:2]([c:3]([n:4]1)[H:11])[C:1]([H:8])([H:9])[H:10])[H:13]
11,0.09584505180825015,0.09584505180825015,resp2,1,water,hf/6-31g*,12,Cc1cnccn1,[H:12][c:5]1[c:6]([n:7][c:2]([c:3]([n:4]1)[H:11])[C:1]([H:8])([H:9])[H:10])[H:13]
12,0.10867774287607673,0.10867774287607673,resp2,1,water,hf/6-31g*,13,Cc1cnccn1,[H:12][c:5]1[c:6]([n:7][c:2]([c:3]([n:4]1)[H:11])[C:1]([H:8])([H:9])[H:10])[H:13]
0,-0.978697376428621,-0.978697376428621,resp2,,water,hf/6-31g*,1,Cc1cnccn1,[H:12][c:5]1[c:6]([n:7][c:2]([c:3]([n:4]1)[H:11])[C:1]([H:8])([H:9])[H:10])[H:13]
1,0.6330418878616527,0.6330418878616527,resp2,,water,hf/6-31g*,2,Cc1cnccn1,[H:12][c:5]1[c:6]([n:7][c:2]([c:3]([n:4]1)[H:11])[C:1]([H:8])([H:9])[H:10])[H:13]
2,0.12714925502571517,0.12714925502571517,resp2,,water,hf/6-31g*,3,Cc1cnccn1,[H:12][c:5]1[c:6]([n:7][c:2]([c:3]([n:4]1)[H:11])[C:1]([H:8])([H:9])[H:10])[H:13]
3,-0.548561360424616,-0.548561360424616,resp2,,water,hf/6-31g*,4,Cc1cnccn1,[H:12][c:5]1[c:6]([n:7][c:2]([c:3]([n:4]1)[H:11])[C:1]([H:8])([H:9])[H:10])[H:13]
4,0.15473675577919405,0.15473675577919405,resp2,,water,hf/6-31g*,5,Cc1cnccn1,[H:12][c:5]1[c:6]([n:7][c:2]([c:3]([n:4]1)[H:11])[C:1]([H:8])([H:9])[H:10])[H:13]
5,0.11297410288935769,0.11297410288935769,resp2,,water,hf/6-31g*,6,Cc1cnccn1,[H:12][c:5]1[c:6]([n:7][c:2]([c:3]([n:4]1)[H:11])[C:1]([H:8])([H:9])[H:10])[H:13]
6,-0.5721546343680193,-0.5721546343680193,resp2,,water,hf/6-31g*,7,Cc1cnccn1,[H:12][c:5]1[c:6]([n:7][c:2]([c:3]([n:4]1)[H:11])[C:1]([H:8])([H:9])[H:10])[H:13]
7,0.24962698784688248,0.24962698784688248,resp2,,water,hf/6-31g*,8,Cc1cnccn1,[H:12][c:5]1[c:6]([n:7][c:2]([c:3]([n:4]1)[H:11])[C:1]([H:8])([H:9])[H:10])[H:13]
8,0.2650954337718117,0.2650954337718117,resp2,,water,hf/6-31g*,9,Cc1cnccn1,[H:12][c:5]1[c:6]([n:7][c:2]([c:3]([n:4]1)[H:11])[C:1]([H:8])([H:9])[H:10])[H:13]
9,0.2652539266614379,0.2652539266614379,resp2,,water,hf/6-31g*,10,Cc1cnccn1,[H:12][c:5]1[c:6]([n:7][c:2]([c:3]([n:4]1)[H:11])[C:1]([H:8])([H:9])[H:10])[H:13]
10,0.08767180064321405,0.08767180064321405,resp2,,water,hf/6-31g*,11,Cc1cnccn1,[H:12][c:5]1[c:6]([n:7][c:2]([c:3]([n:4]1)[H:11])[C:1]([H:8])([H:9])[H:10])[H:13]
11,0.09584505180818742,0.09584505180818742,resp2,,water,hf/6-31g*,12,Cc1cnccn1,[H:12][c:5]1[c:6]([n:7][c:2]([c:3]([n:4]1)[H:11])[C:1]([H:8])([H:9])[H:10])[H:13]
12,0.10867774287598772,0.10867774287598772,resp2,,water,hf/6-31g*,13,Cc1cnccn1,[H:12][c:5]1[c:6]([n:7][c:2]([c:3]([n:4]1)[H:11])[C:1]([H:8])([H:9])[H:10])[H:13]
0,-0.9450242399430061,-0.9450242399430061,hf,1,gas,b3lyp-d3bj/dzvp,1,Cc1cnccn1,[H:12][c:5]1[c:6]([n:7][c:2]([c:3]([n:4]1)[H:11])[C:1]([H:8])([H:9])[H:10])[H:13]
1,0.5964323906049356,0.5964323906049356,hf,1,gas,b3lyp-d3bj/dzvp,2,Cc1cnccn1,[H:12][c:5]1[c:6]([n:7][c:2]([c:3]([n:4]1)[H:11])[C:1]([H:8])([H:9])[H:10])[H:13]
2,0.09685538622761167,0.09685538622761167,hf,1,gas,b3lyp-d3bj/dzvp,3,Cc1cnccn1,[H:12][c:5]1[c:6]([n:7][c:2]([c:3]([n:4]1)[H:11])[C:1]([H:8])([H:9])[H:10])[H:13]
3,-0.4510757485109339,-0.4510757485109339,hf,1,gas,b3lyp-d3bj/dzvp,4,Cc1cnccn1,[H:12][c:5]1[c:6]([n:7][c:2]([c:3]([n:4]1)[H:11])[C:1]([H:8])([H:9])[H:10])[H:13]
4,0.13386491228827688,0.13386491228827688,hf,1,gas,b3lyp-d3bj/dzvp,5,Cc1cnccn1,[H:12][c:5]1[c:6]([n:7][c:2]([c:3]([n:4]1)[H:11])[C:1]([H:8])([H:9])[H:10])[H:13]
5,0.09080699735722808,0.09080699735722808,hf,1,gas,b3lyp-d3bj/dzvp,6,Cc1cnccn1,[H:12][c:5]1[c:6]([n:7][c:2]([c:3]([n:4]1)[H:11])[C:1]([H:8])([H:9])[H:10])[H:13]
6,-0.48441096867484473,-0.48441096867484473,hf,1,gas,b3lyp-d3bj/dzvp,7,Cc1cnccn1,[H:12][c:5]1[c:6]([n:7][c:2]([c:3]([n:4]1)[H:11])[C:1]([H:8])([H:9])[H:10])[H:13]
7,0.2317093193218113,0.2317093193218113,hf,1,gas,b3lyp-d3bj/dzvp,8,Cc1cnccn1,[H:12][c:5]1[c:6]([n:7][c:2]([c:3]([n:4]1)[H:11])[C:1]([H:8])([H:9])[H:10])[H:13]
8,0.25635400703676053,0.25635400703676053,hf,1,gas,b3lyp-d3bj/dzvp,9,Cc1cnccn1,[H:12][c:5]1[c:6]([n:7][c:2]([c:3]([n:4]1)[H:11])[C:1]([H:8])([H:9])[H:10])[H:13]
9,0.2576841263582715,0.2576841263582715,hf,1,gas,b3lyp-d3bj/dzvp,10,Cc1cnccn1,[H:12][c:5]1[c:6]([n:7][c:2]([c:3]([n:4]1)[H:11])[C:1]([H:8])([H:9])[H:10])[H:13]
10,0.06546941161172719,0.06546941161172719,hf,1,gas,b3lyp-d3bj/dzvp,11,Cc1cnccn1,[H:12][c:5]1[c:6]([n:7][c:2]([c:3]([n:4]1)[H:11])[C:1]([H:8])([H:9])[H:10])[H:13]
11,0.07201518788608033,0.07201518788608033,hf,1,gas,b3lyp-d3bj/dzvp,12,Cc1cnccn1,[H:12][c:5]1[c:6]([n:7][c:2]([c:3]([n:4]1)[H:11])[C:1]([H:8])([H:9])[H:10])[H:13]
12,0.08312781121881249,0.08312781121881249,hf,1,gas,b3lyp-d3bj/dzvp,13,Cc1cnccn1,[H:12][c:5]1[c:6]([n:7][c:2]([c:3]([n:4]1)[H:11])[C:1]([H:8])([H:9])[H:10])[H:13]
0,-0.9450242399427349,-0.9450242399427349,hf,,gas,b3lyp-d3bj/dzvp,1,Cc1cnccn1,[H:12][c:5]1[c:6]([n:7][c:2]([c:3]([n:4]1)[H:11])[C:1]([H:8])([H:9])[H:10])[H:13]
1,0.5964323906040897,0.5964323906040897,hf,,gas,b3lyp-d3bj/dzvp,2,Cc1cnccn1,[H:12][c:5]1[c:6]([n:7][c:2]([c:3]([n:4]1)[H:11])[C:1]([H:8])([H:9])[H:10])[H:13]
2,0.09685538622850415,0.09685538622850415,hf,,gas,b3lyp-d3bj/dzvp,3,Cc1cnccn1,[H:12][c:5]1[c:6]([n:7][c:2]([c:3]([n:4]1)[H:11])[C:1]([H:8])([H:9])[H:10])[H:13]
3,-0.45107574851139437,-0.45107574851139437,hf,,gas,b3lyp-d3bj/dzvp,4,Cc1cnccn1,[H:12][c:5]1[c:6]([n:7][c:2]([c:3]([n:4]1)[H:11])[C:1]([H:8])([H:9])[H:10])[H:13]
4,0.13386491228869965,0.13386491228869965,hf,,gas,b3lyp-d3bj/dzvp,5,Cc1cnccn1,[H:12][c:5]1[c:6]([n:7][c:2]([c:3]([n:4]1)[H:11])[C:1]([H:8])([H:9])[H:10])[H:13]
5,0.09080699735681697,0.09080699735681697,hf,,gas,b3lyp-d3bj/dzvp,6,Cc1cnccn1,[H:12][c:5]1[c:6]([n:7][c:2]([c:3]([n:4]1)[H:11])[C:1]([H:8])([H:9])[H:10])[H:13]
6,-0.48441096867440797,-0.48441096867440797,hf,,gas,b3lyp-d3bj/dzvp,7,Cc1cnccn1,[H:12][c:5]1[c:6]([n:7][c:2]([c:3]([n:4]1)[H:11])[C:1]([H:8])([H:9])[H:10])[H:13]
7,0.2317093193217689,0.2317093193217689,hf,,gas,b3lyp-d3bj/dzvp,8,Cc1cnccn1,[H:12][c:5]1[c:6]([n:7][c:2]([c:3]([n:4]1)[H:11])[C:1]([H:8])([H:9])[H:10])[H:13]
8,0.2563540070367262,0.2563540070367262,hf,,gas,b3lyp-d3bj/dzvp,9,Cc1cnccn1,[H:12][c:5]1[c:6]([n:7][c:2]([c:3]([n:4]1)[H:11])[C:1]([H:8])([H:9])[H:10])[H:13]
9,0.2576841263582415,0.2576841263582415,hf,,gas,b3lyp-d3bj/dzvp,10,Cc1cnccn1,[H:12][c:5]1[c:6]([n:7][c:2]([c:3]([n:4]1)[H:11])[C:1]([H:8])([H:9])[H:10])[H:13]
10,0.06546941161153319,0.06546941161153319,hf,,gas,b3lyp-d3bj/dzvp,11,Cc1cnccn1,[H:12][c:5]1[c:6]([n:7][c:2]([c:3]([n:4]1)[H:11])[C:1]([H:8])([H:9])[H:10])[H:13]
11,0.07201518788603559,0.07201518788603559,hf,,gas,b3lyp-d3bj/dzvp,12,Cc1cnccn1,[H:12][c:5]1[c:6]([n:7][c:2]([c:3]([n:4]1)[H:11])[C:1]([H:8])([H:9])[H:10])[H:13]
12,0.08312781121885189,0.08312781121885189,hf,,gas,b3lyp-d3bj/dzvp,13,Cc1cnccn1,[H:12][c:5]1[c:6]([n:7][c:2]([c:3]([n:4]1)[H:11])[C:1]([H:8])([H:9])[H:10])[H:13]
0,-1.0201698493991185,-1.0201698493991185,resp2,1,gas,b3lyp-d3bj/dzvp,1,Cc1cnccn1,[H:12][c:5]1[c:6]([n:7][c:2]([c:3]([n:4]1)[H:11])[C:1]([H:8])([H:9])[H:10])[H:13]
1,0.6282411416421351,0.6282411416421351,resp2,1,gas,b3lyp-d3bj/dzvp,2,Cc1cnccn1,[H:12][c:5]1[c:6]([n:7][c:2]([c:3]([n:4]1)[H:11])[C:1]([H:8])([H:9])[H:10])[H:13]
2,0.08556440144169236,0.08556440144169236,resp2,1,gas,b3lyp-d3bj/dzvp,3,Cc1cnccn1,[H:12][c:5]1[c:6]([n:7][c:2]([c:3]([n:4]1)[H:11])[C:1]([H:8])([H:9])[H:10])[H:13]
3,-0.4608055080656839,-0.4608055080656839,resp2,1,gas,b3lyp-d3bj/dzvp,4,Cc1cnccn1,[H:12][c:5]1[c:6]([n:7][c:2]([c:3]([n:4]1)[H:11])[C:1]([H:8])([H:9])[H:10])[H:13]
4,0.12831549918734314,0.12831549918734314,resp2,1,gas,b3lyp-d3bj/dzvp,5,Cc1cnccn1,[H:12][c:5]1[c:6]([n:7][c:2]([c:3]([n:4]1)[H:11])[C:1]([H:8])([H:9])[H:10])[H:13]
5,0.06561692142332147,0.06561692142332147,resp2,1,gas,b3lyp-d3bj/dzvp,6,Cc1cnccn1,[H:12][c:5]1[c:6]([n:7][c:2]([c:3]([n:4]1)[H:11])[C:1]([H:8])([H:9])[H:10])[H:13]
6,-0.48827427985011773,-0.48827427985011773,resp2,1,gas,b3lyp-d3bj/dzvp,7,Cc1cnccn1,[H:12][c:5]1[c:6]([n:7][c:2]([c:3]([n:4]1)[H:11])[C:1]([H:8])([H:9])[H:10])[H:13]
7,0.24645106028586278,0.24645106028586278,resp2,1,gas,b3lyp-d3bj/dzvp,8,Cc1cnccn1,[H:12][c:5]1[c:6]([n:7][c:2]([c:3]([n:4]1)[H:11])[C:1]([H:8])([H:9])[H:10])[H:13]
8,0.27618226967806925,0.27618226967806925,resp2,1,gas,b3lyp-d3bj/dzvp,9,Cc1cnccn1,[H:12][c:5]1[c:6]([n:7][c:2]([c:3]([n:4]1)[H:11])[C:1]([H:8])([H:9])[H:10])[H:13]
9,0.27751437831203224,0.27751437831203224,resp2,1,gas,b3lyp-d3bj/dzvp,10,Cc1cnccn1,[H:12][c:5]1[c:6]([n:7][c:2]([c:3]([n:4]1)[H:11])[C:1]([H:8])([H:9])[H:10])[H:13]
10,0.07926714941185756,0.07926714941185756,resp2,1,gas,b3lyp-d3bj/dzvp,11,Cc1cnccn1,[H:12][c:5]1[c:6]([n:7][c:2]([c:3]([n:4]1)[H:11])[C:1]([H:8])([H:9])[H:10])[H:13]
11,0.08457584799689533,0.08457584799689533,resp2,1,gas,b3lyp-d3bj/dzvp,12,Cc1cnccn1,[H:12][c:5]1[c:6]([n:7][c:2]([c:3]([n:4]1)[H:11])[C:1]([H:8])([H:9])[H:10])[H:13]
12,0.09934201187410498,0.09934201187410498,resp2,1,gas,b3lyp-d3bj/dzvp,13,Cc1cnccn1,[H:12][c:5]1[c:6]([n:7][c:2]([c:3]([n:4]1)[H:11])[C:1]([H:8])([H:9])[H:10])[H:13]
0,-1.0201698493990015,-1.0201698493990015,resp2,,gas,b3lyp-d3bj/dzvp,1,Cc1cnccn1,[H:12][c:5]1[c:6]([n:7][c:2]([c:3]([n:4]1)[H:11])[C:1]([H:8])([H:9])[H:10])[H:13]
1,0.6282411416427959,0.6282411416427959,resp2,,gas,b3lyp-d3bj/dzvp,2,Cc1cnccn1,[H:12][c:5]1[c:6]([n:7][c:2]([c:3]([n:4]1)[H:11])[C:1]([H:8])([H:9])[H:10])[H:13]
2,0.08556440144079352,0.08556440144079352,resp2,,gas,b3lyp-d3bj/dzvp,3,Cc1cnccn1,[H:12][c:5]1[c:6]([n:7][c:2]([c:3]([n:4]1)[H:11])[C:1]([H:8])([H:9])[H:10])[H:13]
3,-0.4608055080653274,-0.4608055080653274,resp2,,gas,b3lyp-d3bj/dzvp,4,Cc1cnccn1,[H:12][c:5]1[c:6]([n:7][c:2]([c:3]([n:4]1)[H:11])[C:1]([H:8])([H:9])[H:10])[H:13]
4,0.1283154991871674,0.1283154991871674,resp2,,gas,b3lyp-d3bj/dzvp,5,Cc1cnccn1,[H:12][c:5]1[c:6]([n:7][c:2]([c:3]([n:4]1)[H:11])[C:1]([H:8])([H:9])[H:10])[H:13]
5,0.06561692142354657,0.06561692142354657,resp2,,gas,b3lyp-d3bj/dzvp,6,Cc1cnccn1,[H:12][c:5]1[c:6]([n:7][c:2]([c:3]([n:4]1)[H:11])[C:1]([H:8])([H:9])[H:10])[H:13]
6,-0.4882742798504127,-0.4882742798504127,resp2,,gas,b3lyp-d3bj/dzvp,7,Cc1cnccn1,[H:12][c:5]1[c:6]([n:7][c:2]([c:3]([n:4]1)[H:11])[C:1]([H:8])([H:9])[H:10])[H:13]
7,0.2464510602857993,0.2464510602857993,resp2,,gas,b3lyp-d3bj/dzvp,8,Cc1cnccn1,[H:12][c:5]1[c:6]([n:7][c:2]([c:3]([n:4]1)[H:11])[C:1]([H:8])([H:9])[H:10])[H:13]
8,0.27618226967800624,0.27618226967800624,resp2,,gas,b3lyp-d3bj/dzvp,9,Cc1cnccn1,[H:12][c:5]1[c:6]([n:7][c:2]([c:3]([n:4]1)[H:11])[C:1]([H:8])([H:9])[H:10])[H:13]
9,0.27751437831196346,0.27751437831196346,resp2,,gas,b3lyp-d3bj/dzvp,10,Cc1cnccn1,[H:12][c:5]1[c:6]([n:7][c:2]([c:3]([n:4]1)[H:11])[C:1]([H:8])([H:9])[H:10])[H:13]
10,0.07926714941209355,0.07926714941209355,resp2,,gas,b3lyp-d3bj/dzvp,11,Cc1cnccn1,[H:12][c:5]1[c:6]([n:7][c:2]([c:3]([n:4]1)[H:11])[C:1]([H:8])([H:9])[H:10])[H:13]
11,0.08457584799688866,0.08457584799688866,resp2,,gas,b3lyp-d3bj/dzvp,12,Cc1cnccn1,[H:12][c:5]1[c:6]([n:7][c:2]([c:3]([n:4]1)[H:11])[C:1]([H:8])([H:9])[H:10])[H:13]
12,0.09934201187408051,0.09934201187408051,resp2,,gas,b3lyp-d3bj/dzvp,13,Cc1cnccn1,[H:12][c:5]1[c:6]([n:7][c:2]([c:3]([n:4]1)[H:11])[C:1]([H:8])([H:9])[H:10])[H:13]
0,-0.9961187661850469,-0.9961187661850469,hf,1,water,b3lyp-d3bj/dzvp,1,Cc1cnccn1,[H:12][c:5]1[c:6]([n:7][c:2]([c:3]([n:4]1)[H:11])[C:1]([H:8])([H:9])[H:10])[H:13]
1,0.643526044625642,0.643526044625642,hf,1,water,b3lyp-d3bj/dzvp,2,Cc1cnccn1,[H:12][c:5]1[c:6]([n:7][c:2]([c:3]([n:4]1)[H:11])[C:1]([H:8])([H:9])[H:10])[H:13]
2,0.1259054239113944,0.1259054239113944,hf,1,water,b3lyp-d3bj/dzvp,3,Cc1cnccn1,[H:12][c:5]1[c:6]([n:7][c:2]([c:3]([n:4]1)[H:11])[C:1]([H:8])([H:9])[H:10])[H:13]
3,-0.5272981879138878,-0.5272981879138878,hf,1,water,b3lyp-d3bj/dzvp,4,Cc1cnccn1,[H:12][c:5]1[c:6]([n:7][c:2]([c:3]([n:4]1)[H:11])[C:1]([H:8])([H:9])[H:10])[H:13]
4,0.15415672287646257,0.15415672287646257,hf,1,water,b3lyp-d3bj/dzvp,5,Cc1cnccn1,[H:12][c:5]1[c:6]([n:7][c:2]([c:3]([n:4]1)[H:11])[C:1]([H:8])([H:9])[H:10])[H:13]
5,0.12193889294798999,0.12193889294798999,hf,1,water,b3lyp-d3bj/dzvp,6,Cc1cnccn1,[H:12][c:5]1[c:6]([n:7][c:2]([c:3]([n:4]1)[H:11])[C:1]([H:8])([H:9])[H:10])[H:13]
6,-0.5608369217385242,-0.5608369217385242,hf,1,water,b3lyp-d3bj/dzvp,7,Cc1cnccn1,[H:12][c:5]1[c:6]([n:7][c:2]([c:3]([n:4]1)[H:11])[C:1]([H:8])([H:9])[H:10])[H:13]
7,0.25876140320158963,0.25876140320158963,hf,1,water,b3lyp-d3bj/dzvp,8,Cc1cnccn1,[H:12][c:5]1[c:6]([n:7][c:2]([c:3]([n:4]1)[H:11])[C:1]([H:8])([H:9])[H:10])[H:13]
8,0.26888521616342725,0.26888521616342725,hf,1,water,b3lyp-d3bj/dzvp,9,Cc1cnccn1,[H:12][c:5]1[c:6]([n:7][c:2]([c:3]([n:4]1)[H:11])[C:1]([H:8])([H:9])[H:10])[H:13]
9,0.2691063978426512,0.2691063978426512,hf,1,water,b3lyp-d3bj/dzvp,10,Cc1cnccn1,[H:12][c:5]1[c:6]([n:7][c:2]([c:3]([n:4]1)[H:11])[C:1]([H:8])([H:9])[H:10])[H:13]
10,0.0723386519447231,0.0723386519447231,hf,1,water,b3lyp-d3bj/dzvp,11,Cc1cnccn1,[H:12][c:5]1[c:6]([n:7][c:2]([c:3]([n:4]1)[H:11])[C:1]([H:8])([H:9])[H:10])[H:13]
11,0.08189687408477436,0.08189687408477436,hf,1,water,b3lyp-d3bj/dzvp,12,Cc1cnccn1,[H:12][c:5]1[c:6]([n:7][c:2]([c:3]([n:4]1)[H:11])[C:1]([H:8])([H:9])[H:10])[H:13]
12,0.09146069302660885,0.09146069302660885,hf,1,water,b3lyp-d3bj/dzvp,13,Cc1cnccn1,[H:12][c:5]1[c:6]([n:7][c:2]([c:3]([n:4]1)[H:11])[C:1]([H:8])([H:9])[H:10])[H:13]
0,-0.9961187661839374,-0.9961187661839374,hf,,water,b3lyp-d3bj/dzvp,1,Cc1cnccn1,[H:12][c:5]1[c:6]([n:7][c:2]([c:3]([n:4]1)[H:11])[C:1]([H:8])([H:9])[H:10])[H:13]
1,0.643526044624895,0.643526044624895,hf,,water,b3lyp-d3bj/dzvp,2,Cc1cnccn1,[H:12][c:5]1[c:6]([n:7][c:2]([c:3]([n:4]1)[H:11])[C:1]([H:8])([H:9])[H:10])[H:13]
2,0.12590542391184695,0.12590542391184695,hf,,water,b3lyp-d3bj/dzvp,3,Cc1cnccn1,[H:12][c:5]1[c:6]([n:7][c:2]([c:3]([n:4]1)[H:11])[C:1]([H:8])([H:9])[H:10])[H:13]
3,-0.5272981879141082,-0.5272981879141082,hf,,water,b3lyp-d3bj/dzvp,4,Cc1cnccn1,[H:12][c:5]1[c:6]([n:7][c:2]([c:3]([n:4]1)[H:11])[C:1]([H:8])([H:9])[H:10])[H:13]
4,0.15415672287662532,0.15415672287662532,hf,,water,b3lyp-d3bj/dzvp,5,Cc1cnccn1,[H:12][c:5]1[c:6]([n:7][c:2]([c:3]([n:4]1)[H:11])[C:1]([H:8])([H:9])[H:10])[H:13]
5,0.12193889294799898,0.12193889294799898,hf,,water,b3lyp-d3bj/dzvp,6,Cc1cnccn1,[H:12][c:5]1[c:6]([n:7][c:2]([c:3]([n:4]1)[H:11])[C:1]([H:8])([H:9])[H:10])[H:13]
6,-0.560836921738336,-0.560836921738336,hf,,water,b3lyp-d3bj/dzvp,7,Cc1cnccn1,[H:12][c:5]1[c:6]([n:7][c:2]([c:3]([n:4]1)[H:11])[C:1]([H:8])([H:9])[H:10])[H:13]
7,0.2587614032013232,0.2587614032013232,hf,,water,b3lyp-d3bj/dzvp,8,Cc1cnccn1,[H:12][c:5]1[c:6]([n:7][c:2]([c:3]([n:4]1)[H:11])[C:1]([H:8])([H:9])[H:10])[H:13]
8,0.26888521616316924,0.26888521616316924,hf,,water,b3lyp-d3bj/dzvp,9,Cc1cnccn1,[H:12][c:5]1[c:6]([n:7][c:2]([c:3]([n:4]1)[H:11])[C:1]([H:8])([H:9])[H:10])[H:13]
9,0.2691063978423952,0.2691063978423952,hf,,water,b3lyp-d3bj/dzvp,10,Cc1cnccn1,[H:12][c:5]1[c:6]([n:7][c:2]([c:3]([n:4]1)[H:11])[C:1]([H:8])([H:9])[H:10])[H:13]
10,0.07233865194463254,0.07233865194463254,hf,,water,b3lyp-d3bj/dzvp,11,Cc1cnccn1,[H:12][c:5]1[c:6]([n:7][c:2]([c:3]([n:4]1)[H:11])[C:1]([H:8])([H:9])[H:10])[H:13]
11,0.08189687408475799,0.08189687408475799,hf,,water,b3lyp-d3bj/dzvp,12,Cc1cnccn1,[H:12][c:5]1[c:6]([n:7][c:2]([c:3]([n:4]1)[H:11])[C:1]([H:8])([H:9])[H:10])[H:13]
12,0.09146069302653934,0.09146069302653934,hf,,water,b3lyp-d3bj/dzvp,13,Cc1cnccn1,[H:12][c:5]1[c:6]([n:7][c:2]([c:3]([n:4]1)[H:11])[C:1]([H:8])([H:9])[H:10])[H:13]
0,-1.0644785409859199,-1.0644785409859199,resp2,1,water,b3lyp-d3bj/dzvp,1,Cc1cnccn1,[H:12][c:5]1[c:6]([n:7][c:2]([c:3]([n:4]1)[H:11])[C:1]([H:8])([H:9])[H:10])[H:13]
1,0.6737339636446014,0.6737339636446014,resp2,1,water,b3lyp-d3bj/dzvp,2,Cc1cnccn1,[H:12][c:5]1[c:6]([n:7][c:2]([c:3]([n:4]1)[H:11])[C:1]([H:8])([H:9])[H:10])[H:13]
2,0.11502911119448694,0.11502911119448694,resp2,1,water,b3lyp-d3bj/dzvp,3,Cc1cnccn1,[H:12][c:5]1[c:6]([n:7][c:2]([c:3]([n:4]1)[H:11])[C:1]([H:8])([H:9])[H:10])[H:13]
3,-0.5385053811903593,-0.5385053811903593,resp2,1,water,b3lyp-d3bj/dzvp,4,Cc1cnccn1,[H:12][c:5]1[c:6]([n:7][c:2]([c:3]([n:4]1)[H:11])[C:1]([H:8])([H:9])[H:10])[H:13]
4,0.14892540782250746,0.14892540782250746,resp2,1,water,b3lyp-d3bj/dzvp,5,Cc1cnccn1,[H:12][c:5]1[c:6]([n:7][c:2]([c:3]([n:4]1)[H:11])[C:1]([H:8])([H:9])[H:10])[H:13]
5,0.09797153227930683,0.09797153227930683,resp2,1,water,b3lyp-d3bj/dzvp,6,Cc1cnccn1,[H:12][c:5]1[c:6]([n:7][c:2]([c:3]([n:4]1)[H:11])[C:1]([H:8])([H:9])[H:10])[H:13]
6,-0.5662166564308317,-0.5662166564308317,resp2,1,water,b3lyp-d3bj/dzvp,7,Cc1cnccn1,[H:12][c:5]1[c:6]([n:7][c:2]([c:3]([n:4]1)[H:11])[C:1]([H:8])([H:9])[H:10])[H:13]
7,0.2712172322294069,0.2712172322294069,resp2,1,water,b3lyp-d3bj/dzvp,8,Cc1cnccn1,[H:12][c:5]1[c:6]([n:7][c:2]([c:3]([n:4]1)[H:11])[C:1]([H:8])([H:9])[H:10])[H:13]
8,0.28720521680415834,0.28720521680415834,resp2,1,water,b3lyp-d3bj/dzvp,9,Cc1cnccn1,[H:12][c:5]1[c:6]([n:7][c:2]([c:3]([n:4]1)[H:11])[C:1]([H:8])([H:9])[H:10])[H:13]
9,0.2874417531229302,0.2874417531229302,resp2,1,water,b3lyp-d3bj/dzvp,10,Cc1cnccn1,[H:12][c:5]1[c:6]([n:7][c:2]([c:3]([n:4]1)[H:11])[C:1]([H:8])([H:9])[H:10])[H:13]
10,0.08693346030313748,0.08693346030313748,resp2,1,water,b3lyp-d3bj/dzvp,11,Cc1cnccn1,[H:12][c:5]1[c:6]([n:7][c:2]([c:3]([n:4]1)[H:11])[C:1]([H:8])([H:9])[H:10])[H:13]
11,0.09474550112697089,0.09474550112697089,resp2,1,water,b3lyp-d3bj/dzvp,12,Cc1cnccn1,[H:12][c:5]1[c:6]([n:7][c:2]([c:3]([n:4]1)[H:11])[C:1]([H:8])([H:9])[H:10])[H:13]
12,0.10775116123503586,0.10775116123503586,resp2,1,water,b3lyp-d3bj/dzvp,13,Cc1cnccn1,[H:12][c:5]1[c:6]([n:7][c:2]([c:3]([n:4]1)[H:11])[C:1]([H:8])([H:9])[H:10])[H:13]
0,-1.0644785409839914,-1.0644785409839914,resp2,,water,b3lyp-d3bj/dzvp,1,Cc1cnccn1,[H:12][c:5]1[c:6]([n:7][c:2]([c:3]([n:4]1)[H:11])[C:1]([H:8])([H:9])[H:10])[H:13]
1,0.6737339636446897,0.6737339636446897,resp2,,water,b3lyp-d3bj/dzvp,2,Cc1cnccn1,[H:12][c:5]1[c:6]([n:7][c:2]([c:3]([n:4]1)[H:11])[C:1]([H:8])([H:9])[H:10])[H:13]
2,0.11502911119357484,0.11502911119357484,resp2,,water,b3lyp-d3bj/dzvp,3,Cc1cnccn1,[H:12][c:5]1[c:6]([n:7][c:2]([c:3]([n:4]1)[H:11])[C:1]([H:8])([H:9])[H:10])[H:13]
3,-0.5385053811899854,-0.5385053811899854,resp2,,water,b3lyp-d3bj/dzvp,4,Cc1cnccn1,[H:12][c:5]1[c:6]([n:7][c:2]([c:3]([n:4]1)[H:11])[C:1]([H:8])([H:9])[H:10])[H:13]
4,0.14892540782231067,0.14892540782231067,resp2,,water,b3lyp-d3bj/dzvp,5,Cc1cnccn1,[H:12][c:5]1[c:6]([n:7][c:2]([c:3]([n:4]1)[H:11])[C:1]([H:8])([H:9])[H:10])[H:13]
5,0.0979715322798981,0.0979715322798981,resp2,,water,b3lyp-d3bj/dzvp,6,Cc1cnccn1,[H:12][c:5]1[c:6]([n:7][c:2]([c:3]([n:4]1)[H:11])[C:1]([H:8])([H:9])[H:10])[H:13]
6,-0.5662166564312457,-0.5662166564312457,resp2,,water,b3lyp-d3bj/dzvp,7,Cc1cnccn1,[H:12][c:5]1[c:6]([n:7][c:2]([c:3]([n:4]1)[H:11])[C:1]([H:8])([H:9])[H:10])[H:13]
7,0.27121723222886973,0.27121723222886973,resp2,,water,b3lyp-d3bj/dzvp,8,Cc1cnccn1,[H:12][c:5]1[c:6]([n:7][c:2]([c:3]([n:4]1)[H:11])[C:1]([H:8])([H:9])[H:10])[H:13]
8,0.2872052168036628,0.2872052168036628,resp2,,water,b3lyp-d3bj/dzvp,9,Cc1cnccn1,[H:12][c:5]1[c:6]([n:7][c:2]([c:3]([n:4]1)[H:11])[C:1]([H:8])([H:9])[H:10])[H:13]
9,0.28744175312243114,0.28744175312243114,resp2,,water,b3lyp-d3bj/dzvp,10,Cc1cnccn1,[H:12][c:5]1[c:6]([n:7][c:2]([c:3]([n:4]1)[H:11])[C:1]([H:8])([H:9])[H:10])[H:13]
10,0.08693346030339619,0.08693346030339619,resp2,,water,b3lyp-d3bj/dzvp,11,Cc1cnccn1,[H:12][c:5]1[c:6]([n:7][c:2]([c:3]([n:4]1)[H:11])[C:1]([H:8])([H:9])[H:10])[H:13]
11,0.09474550112693197,0.09474550112693197,resp2,,water,b3lyp-d3bj/dzvp,12,Cc1cnccn1,[H:12][c:5]1[c:6]([n:7][c:2]([c:3]([n:4]1)[H:11])[C:1]([H:8])([H:9])[H:10])[H:13]
12,0.1077511612348867,0.1077511612348867,resp2,,water,b3lyp-d3bj/dzvp,13,Cc1cnccn1,[H:12][c:5]1[c:6]([n:7][c:2]([c:3]([n:4]1)[H:11])[C:1]([H:8])([H:9])[H:10])[H:13]
0,-0.7817148759979665,-0.7817148759979665,hf,1,gas,PW6B95/cc-pV(D+d)Z,1,Cc1cnccn1,[H:12][c:5]1[c:6]([n:7][c:2]([c:3]([n:4]1)[H:11])[C:1]([H:8])([H:9])[H:10])[H:13]
1,0.4848386381575764,0.4848386381575764,hf,1,gas,PW6B95/cc-pV(D+d)Z,2,Cc1cnccn1,[H:12][c:5]1[c:6]([n:7][c:2]([c:3]([n:4]1)[H:11])[C:1]([H:8])([H:9])[H:10])[H:13]
2,0.09466193467665349,0.09466193467665349,hf,1,gas,PW6B95/cc-pV(D+d)Z,3,Cc1cnccn1,[H:12][c:5]1[c:6]([n:7][c:2]([c:3]([n:4]1)[H:11])[C:1]([H:8])([H:9])[H:10])[H:13]
3,-0.3982287269176302,-0.3982287269176302,hf,1,gas,PW6B95/cc-pV(D+d)Z,4,Cc1cnccn1,[H:12][c:5]1[c:6]([n:7][c:2]([c:3]([n:4]1)[H:11])[C:1]([H:8])([H:9])[H:10])[H:13]
4,0.1273345711840823,0.1273345711840823,hf,1,gas,PW6B95/cc-pV(D+d)Z,5,Cc1cnccn1,[H:12][c:5]1[c:6]([n:7][c:2]([c:3]([n:4]1)[H:11])[C:1]([H:8])([H:9])[H:10])[H:13]
5,0.07340469877086275,0.07340469877086275,hf,1,gas,PW6B95/cc-pV(D+d)Z,6,Cc1cnccn1,[H:12][c:5]1[c:6]([n:7][c:2]([c:3]([n:4]1)[H:11])[C:1]([H:8])([H:9])[H:10])[H:13]
6,-0.4146220566576619,-0.4146220566576619,hf,1,gas,PW6B95/cc-pV(D+d)Z,7,Cc1cnccn1,[H:12][c:5]1[c:6]([n:7][c:2]([c:3]([n:4]1)[H:11])[C:1]([H:8])([H:9])[H:10])[H:13]
7,0.19401486381957328,0.19401486381957328,hf,1,gas,PW6B95/cc-pV(D+d)Z,8,Cc1cnccn1,[H:12][c:5]1[c:6]([n:7][c:2]([c:3]([n:4]1)[H:11])[C:1]([H:8])([H:9])[H:10])[H:13]
8,0.21692280257692975,0.21692280257692975,hf,1,gas,PW6B95/cc-pV(D+d)Z,9,Cc1cnccn1,[H:12][c:5]1[c:6]([n:7][c:2]([c:3]([n:4]1)[H:11])[C:1]([H:8])([H:9])[H:10])[H:13]
9,0.2174619702430785,0.2174619702430785,hf,1,gas,PW6B95/cc-pV(D+d)Z,10,Cc1cnccn1,[H:12][c:5]1[c:6]([n:7][c:2]([c:3]([n:4]1)[H:11])[C:1]([H:8])([H:9])[H:10])[H:13]
10,0.05528678688136289,0.05528678688136289,hf,1,gas,PW6B95/cc-pV(D+d)Z,11,Cc1cnccn1,[H:12][c:5]1[c:6]([n:7][c:2]([c:3]([n:4]1)[H:11])[C:1]([H:8])([H:9])[H:10])[H:13]
11,0.059881800738772084,0.059881800738772084,hf,1,gas,PW6B95/cc-pV(D+d)Z,12,Cc1cnccn1,[H:12][c:5]1[c:6]([n:7][c:2]([c:3]([n:4]1)[H:11])[C:1]([H:8])([H:9])[H:10])[H:13]
12,0.0732283056872537,0.0732283056872537,hf,1,gas,PW6B95/cc-pV(D+d)Z,13,Cc1cnccn1,[H:12][c:5]1[c:6]([n:7][c:2]([c:3]([n:4]1)[H:11])[C:1]([H:8])([H:9])[H:10])[H:13]
0,-0.7817148759987903,-0.7817148759987903,hf,,gas,PW6B95/cc-pV(D+d)Z,1,Cc1cnccn1,[H:12][c:5]1[c:6]([n:7][c:2]([c:3]([n:4]1)[H:11])[C:1]([H:8])([H:9])[H:10])[H:13]
1,0.4848386381584827,0.4848386381584827,hf,,gas,PW6B95/cc-pV(D+d)Z,2,Cc1cnccn1,[H:12][c:5]1[c:6]([n:7][c:2]([c:3]([n:4]1)[H:11])[C:1]([H:8])([H:9])[H:10])[H:13]
2,0.09466193467595627,0.09466193467595627,hf,,gas,PW6B95/cc-pV(D+d)Z,3,Cc1cnccn1,[H:12][c:5]1[c:6]([n:7][c:2]([c:3]([n:4]1)[H:11])[C:1]([H:8])([H:9])[H:10])[H:13]
3,-0.398228726917162,-0.398228726917162,hf,,gas,PW6B95/cc-pV(D+d)Z,4,Cc1cnccn1,[H:12][c:5]1[c:6]([n:7][c:2]([c:3]([n:4]1)[H:11])[C:1]([H:8])([H:9])[H:10])[H:13]
4,0.1273345711832639,0.1273345711832639,hf,,gas,PW6B95/cc-pV(D+d)Z,5,Cc1cnccn1,[H:12][c:5]1[c:6]([n:7][c:2]([c:3]([n:4]1)[H:11])[C:1]([H:8])([H:9])[H:10])[H:13]
5,0.07340469877169564,0.07340469877169564,hf,,gas,PW6B95/cc-pV(D+d)Z,6,Cc1cnccn1,[H:12][c:5]1[c:6]([n:7][c:2]([c:3]([n:4]1)[H:11])[C:1]([H:8])([H:9])[H:10])[H:13]
6,-0.4146220566582245,-0.4146220566582245,hf,,gas,PW6B95/cc-pV(D+d)Z,7,Cc1cnccn1,[H:12][c:5]1[c:6]([n:7][c:2]([c:3]([n:4]1)[H:11])[C:1]([H:8])([H:9])[H:10])[H:13]
7,0.1940148638197448,0.1940148638197448,hf,,gas,PW6B95/cc-pV(D+d)Z,8,Cc1cnccn1,[H:12][c:5]1[c:6]([n:7][c:2]([c:3]([n:4]1)[H:11])[C:1]([H:8])([H:9])[H:10])[H:13]
8,0.21692280257712085,0.21692280257712085,hf,,gas,PW6B95/cc-pV(D+d)Z,9,Cc1cnccn1,[H:12][c:5]1[c:6]([n:7][c:2]([c:3]([n:4]1)[H:11])[C:1]([H:8])([H:9])[H:10])[H:13]
9,0.21746197024327055,0.21746197024327055,hf,,gas,PW6B95/cc-pV(D+d)Z,10,Cc1cnccn1,[H:12][c:5]1[c:6]([n:7][c:2]([c:3]([n:4]1)[H:11])[C:1]([H:8])([H:9])[H:10])[H:13]
10,0.055286786881495895,0.055286786881495895,hf,,gas,PW6B95/cc-pV(D+d)Z,11,Cc1cnccn1,[H:12][c:5]1[c:6]([n:7][c:2]([c:3]([n:4]1)[H:11])[C:1]([H:8])([H:9])[H:10])[H:13]
11,0.059881800738947694,0.059881800738947694,hf,,gas,PW6B95/cc-pV(D+d)Z,12,Cc1cnccn1,[H:12][c:5]1[c:6]([n:7][c:2]([c:3]([n:4]1)[H:11])[C:1]([H:8])([H:9])[H:10])[H:13]
12,0.07322830568708649,0.07322830568708649,hf,,gas,PW6B95/cc-pV(D+d)Z,13,Cc1cnccn1,[H:12][c:5]1[c:6]([n:7][c:2]([c:3]([n:4]1)[H:11])[C:1]([H:8])([H:9])[H:10])[H:13]
0,-0.8460773214922589,-0.8460773214922589,resp2,1,gas,PW6B95/cc-pV(D+d)Z,1,Cc1cnccn1,[H:12][c:5]1[c:6]([n:7][c:2]([c:3]([n:4]1)[H:11])[C:1]([H:8])([H:9])[H:10])[H:13]
1,0.5115196009880252,0.5115196009880252,resp2,1,gas,PW6B95/cc-pV(D+d)Z,2,Cc1cnccn1,[H:12][c:5]1[c:6]([n:7][c:2]([c:3]([n:4]1)[H:11])[C:1]([H:8])([H:9])[H:10])[H:13]
2,0.09074917854056025,0.09074917854056025,resp2,1,gas,PW6B95/cc-pV(D+d)Z,3,Cc1cnccn1,[H:12][c:5]1[c:6]([n:7][c:2]([c:3]([n:4]1)[H:11])[C:1]([H:8])([H:9])[H:10])[H:13]
3,-0.4082005431640459,-0.4082005431640459,resp2,1,gas,PW6B95/cc-pV(D+d)Z,4,Cc1cnccn1,[H:12][c:5]1[c:6]([n:7][c:2]([c:3]([n:4]1)[H:11])[C:1]([H:8])([H:9])[H:10])[H:13]
4,0.12373571494640488,0.12373571494640488,resp2,1,gas,PW6B95/cc-pV(D+d)Z,5,Cc1cnccn1,[H:12][c:5]1[c:6]([n:7][c:2]([c:3]([n:4]1)[H:11])[C:1]([H:8])([H:9])[H:10])[H:13]
5,0.054668111481457324,0.054668111481457324,resp2,1,gas,PW6B95/cc-pV(D+d)Z,6,Cc1cnccn1,[H:12][c:5]1[c:6]([n:7][c:2]([c:3]([n:4]1)[H:11])[C:1]([H:8])([H:9])[H:10])[H:13]
6,-0.4187186026705597,-0.4187186026705597,resp2,1,gas,PW6B95/cc-pV(D+d)Z,7,Cc1cnccn1,[H:12][c:5]1[c:6]([n:7][c:2]([c:3]([n:4]1)[H:11])[C:1]([H:8])([H:9])[H:10])[H:13]
7,0.20662652057829425,0.20662652057829425,resp2,1,gas,PW6B95/cc-pV(D+d)Z,8,Cc1cnccn1,[H:12][c:5]1[c:6]([n:7][c:2]([c:3]([n:4]1)[H:11])[C:1]([H:8])([H:9])[H:10])[H:13]
8,0.23364330745882134,0.23364330745882134,resp2,1,gas,PW6B95/cc-pV(D+d)Z,9,Cc1cnccn1,[H:12][c:5]1[c:6]([n:7][c:2]([c:3]([n:4]1)[H:11])[C:1]([H:8])([H:9])[H:10])[H:13]
9,0.23429931372108823,0.23429931372108823,resp2,1,gas,PW6B95/cc-pV(D+d)Z,10,Cc1cnccn1,[H:12][c:5]1[c:6]([n:7][c:2]([c:3]([n:4]1)[H:11])[C:1]([H:8])([H:9])[H:10])[H:13]
10,0.0641343393826986,0.0641343393826986,resp2,1,gas,PW6B95/cc-pV(D+d)Z,11,Cc1cnccn1,[H:12][c:5]1[c:6]([n:7][c:2]([c:3]([n:4]1)[H:11])[C:1]([H:8])([H:9])[H:10])[H:13]
11,0.06943529806287979,0.06943529806287979,resp2,1,gas,PW6B95/cc-pV(D+d)Z,12,Cc1cnccn1,[H:12][c:5]1[c:6]([n:7][c:2]([c:3]([n:4]1)[H:11])[C:1]([H:8])([H:9])[H:10])[H:13]
12,0.08537244121262988,0.08537244121262988,resp2,1,gas,PW6B95/cc-pV(D+d)Z,13,Cc1cnccn1,[H:12][c:5]1[c:6]([n:7][c:2]([c:3]([n:4]1)[H:11])[C:1]([H:8])([H:9])[H:10])[H:13]
0,-0.8460773214947885,-0.8460773214947885,resp2,,gas,PW6B95/cc-pV(D+d)Z,1,Cc1cnccn1,[H:12][c:5]1[c:6]([n:7][c:2]([c:3]([n:4]1)[H:11])[C:1]([H:8])([H:9])[H:10])[H:13]
1,0.5115196009888732,0.5115196009888732,resp2,,gas,PW6B95/cc-pV(D+d)Z,2,Cc1cnccn1,[H:12][c:5]1[c:6]([n:7][c:2]([c:3]([n:4]1)[H:11])[C:1]([H:8])([H:9])[H:10])[H:13]
2,0.09074917854074677,0.09074917854074677,resp2,,gas,PW6B95/cc-pV(D+d)Z,3,Cc1cnccn1,[H:12][c:5]1[c:6]([n:7][c:2]([c:3]([n:4]1)[H:11])[C:1]([H:8])([H:9])[H:10])[H:13]
3,-0.40820054316405874,-0.40820054316405874,resp2,,gas,PW6B95/cc-pV(D+d)Z,4,Cc1cnccn1,[H:12][c:5]1[c:6]([n:7][c:2]([c:3]([n:4]1)[H:11])[C:1]([H:8])([H:9])[H:10])[H:13]
4,0.12373571494609059,0.12373571494609059,resp2,,gas,PW6B95/cc-pV(D+d)Z,5,Cc1cnccn1,[H:12][c:5]1[c:6]([n:7][c:2]([c:3]([n:4]1)[H:11])[C:1]([H:8])([H:9])[H:10])[H:13]
5,0.054668111481342055,0.054668111481342055,resp2,,gas,PW6B95/cc-pV(D+d)Z,6,Cc1cnccn1,[H:12][c:5]1[c:6]([n:7][c:2]([c:3]([n:4]1)[H:11])[C:1]([H:8])([H:9])[H:10])[H:13]
6,-0.41871860267060657,-0.41871860267060657,resp2,,gas,PW6B95/cc-pV(D+d)Z,7,Cc1cnccn1,[H:12][c:5]1[c:6]([n:7][c:2]([c:3]([n:4]1)[H:11])[C:1]([H:8])([H:9])[H:10])[H:13]
7,0.20662652057893016,0.20662652057893016,resp2,,gas,PW6B95/cc-pV(D+d)Z,8,Cc1cnccn1,[H:12][c:5]1[c:6]([n:7][c:2]([c:3]([n:4]1)[H:11])[C:1]([H:8])([H:9])[H:10])[H:13]
8,0.23364330745943154,0.23364330745943154,resp2,,gas,PW6B95/cc-pV(D+d)Z,9,Cc1cnccn1,[H:12][c:5]1[c:6]([n:7][c:2]([c:3]([n:4]1)[H:11])[C:1]([H:8])([H:9])[H:10])[H:13]
9,0.23429931372170615,0.23429931372170615,resp2,,gas,PW6B95/cc-pV(D+d)Z,10,Cc1cnccn1,[H:12][c:5]1[c:6]([n:7][c:2]([c:3]([n:4]1)[H:11])[C:1]([H:8])([H:9])[H:10])[H:13]
10,0.064134339382594,0.064134339382594,resp2,,gas,PW6B95/cc-pV(D+d)Z,11,Cc1cnccn1,[H:12][c:5]1[c:6]([n:7][c:2]([c:3]([n:4]1)[H:11])[C:1]([H:8])([H:9])[H:10])[H:13]
11,0.06943529806302556,0.06943529806302556,resp2,,gas,PW6B95/cc-pV(D+d)Z,12,Cc1cnccn1,[H:12][c:5]1[c:6]([n:7][c:2]([c:3]([n:4]1)[H:11])[C:1]([H:8])([H:9])[H:10])[H:13]
12,0.08537244121270998,0.08537244121270998,resp2,,gas,PW6B95/cc-pV(D+d)Z,13,Cc1cnccn1,[H:12][c:5]1[c:6]([n:7][c:2]([c:3]([n:4]1)[H:11])[C:1]([H:8])([H:9])[H:10])[H:13]
0,-0.8248340731467001,-0.8248340731467001,hf,1,water,PW6B95/cc-pV(D+d)Z,1,Cc1cnccn1,[H:12][c:5]1[c:6]([n:7][c:2]([c:3]([n:4]1)[H:11])[C:1]([H:8])([H:9])[H:10])[H:13]
1,0.518146270796959,0.518146270796959,hf,1,water,PW6B95/cc-pV(D+d)Z,2,Cc1cnccn1,[H:12][c:5]1[c:6]([n:7][c:2]([c:3]([n:4]1)[H:11])[C:1]([H:8])([H:9])[H:10])[H:13]
2,0.11584435375919153,0.11584435375919153,hf,1,water,PW6B95/cc-pV(D+d)Z,3,Cc1cnccn1,[H:12][c:5]1[c:6]([n:7][c:2]([c:3]([n:4]1)[H:11])[C:1]([H:8])([H:9])[H:10])[H:13]
3,-0.46012895041703494,-0.46012895041703494,hf,1,water,PW6B95/cc-pV(D+d)Z,4,Cc1cnccn1,[H:12][c:5]1[c:6]([n:7][c:2]([c:3]([n:4]1)[H:11])[C:1]([H:8])([H:9])[H:10])[H:13]
4,0.1429195552595181,0.1429195552595181,hf,1,water,PW6B95/cc-pV(D+d)Z,5,Cc1cnccn1,[H:12][c:5]1[c:6]([n:7][c:2]([c:3]([n:4]1)[H:11])[C:1]([H:8])([H:9])[H:10])[H:13]
5,0.09388237564600033,0.09388237564600033,hf,1,water,PW6B95/cc-pV(D+d)Z,6,Cc1cnccn1,[H:12][c:5]1[c:6]([n:7][c:2]([c:3]([n:4]1)[H:11])[C:1]([H:8])([H:9])[H:10])[H:13]
6,-0.47336147423871333,-0.47336147423871333,hf,1,water,PW6B95/cc-pV(D+d)Z,7,Cc1cnccn1,[H:12][c:5]1[c:6]([n:7][c:2]([c:3]([n:4]1)[H:11])[C:1]([H:8])([H:9])[H:10])[H:13]
7,0.21798206627799213,0.21798206627799213,hf,1,water,PW6B95/cc-pV(D+d)Z,8,Cc1cnccn1,[H:12][c:5]1[c:6]([n:7][c:2]([c:3]([n:4]1)[H:11])[C:1]([H:8])([H:9])[H:10])[H:13]
8,0.22859580925237802,0.22859580925237802,hf,1,water,PW6B95/cc-pV(D+d)Z,9,Cc1cnccn1,[H:12][c:5]1[c:6]([n:7][c:2]([c:3]([n:4]1)[H:11])[C:1]([H:8])([H:9])[H:10])[H:13]
9,0.22790748076500322,0.22790748076500322,hf,1,water,PW6B95/cc-pV(D+d)Z,10,Cc1cnccn1,[H:12][c:5]1[c:6]([n:7][c:2]([c:3]([n:4]1)[H:11])[C:1]([H:8])([H:9])[H:10])[H:13]
10,0.06299987576653687,0.06299987576653687,hf,1,water,PW6B95/cc-pV(D+d)Z,11,Cc1cnccn1,[H:12][c:5]1[c:6]([n:7][c:2]([c:3]([n:4]1)[H:11])[C:1]([H:8])([H:9])[H:10])[H:13]
11,0.06966333817349879,0.06966333817349879,hf,1,water,PW6B95/cc-pV(D+d)Z,12,Cc1cnccn1,[H:12][c:5]1[c:6]([n:7][c:2]([c:3]([n:4]1)[H:11])[C:1]([H:8])([H:9])[H:10])[H:13]
12,0.08272572587612143,0.08272572587612143,hf,1,water,PW6B95/cc-pV(D+d)Z,13,Cc1cnccn1,[H:12][c:5]1[c:6]([n:7][c:2]([c:3]([n:4]1)[H:11])[C:1]([H:8])([H:9])[H:10])[H:13]
0,-0.8248340731468508,-0.8248340731468508,hf,,water,PW6B95/cc-pV(D+d)Z,1,Cc1cnccn1,[H:12][c:5]1[c:6]([n:7][c:2]([c:3]([n:4]1)[H:11])[C:1]([H:8])([H:9])[H:10])[H:13]
1,0.5181462707970107,0.5181462707970107,hf,,water,PW6B95/cc-pV(D+d)Z,2,Cc1cnccn1,[H:12][c:5]1[c:6]([n:7][c:2]([c:3]([n:4]1)[H:11])[C:1]([H:8])([H:9])[H:10])[H:13]
2,0.11584435375918334,0.11584435375918334,hf,,water,PW6B95/cc-pV(D+d)Z,3,Cc1cnccn1,[H:12][c:5]1[c:6]([n:7][c:2]([c:3]([n:4]1)[H:11])[C:1]([H:8])([H:9])[H:10])[H:13]
3,-0.4601289504168086,-0.4601289504168086,hf,,water,PW6B95/cc-pV(D+d)Z,4,Cc1cnccn1,[H:12][c:5]1[c:6]([n:7][c:2]([c:3]([n:4]1)[H:11])[C:1]([H:8])([H:9])[H:10])[H:13]
4,0.14291955525877698,0.14291955525877698,hf,,water,PW6B95/cc-pV(D+d)Z,5,Cc1cnccn1,[H:12][c:5]1[c:6]([n:7][c:2]([c:3]([n:4]1)[H:11])[C:1]([H:8])([H:9])[H:10])[H:13]
5,0.09388237564676849,0.09388237564676849,hf,,water,PW6B95/cc-pV(D+d)Z,6,Cc1cnccn1,[H:12][c:5]1[c:6]([n:7][c:2]([c:3]([n:4]1)[H:11])[C:1]([H:8])([H:9])[H:10])[H:13]
6,-0.4733614742389632,-0.4733614742389632,hf,,water,PW6B95/cc-pV(D+d)Z,7,Cc1cnccn1,[H:12][c:5]1[c:6]([n:7][c:2]([c:3]([n:4]1)[H:11])[C:1]([H:8])([H:9])[H:10])[H:13]
7,0.21798206627803193,0.21798206627803193,hf,,water,PW6B95/cc-pV(D+d)Z,8,Cc1cnccn1,[H:12][c:5]1[c:6]([n:7][c:2]([c:3]([n:4]1)[H:11])[C:1]([H:8])([H:9])[H:10])[H:13]
8,0.22859580925242926,0.22859580925242926,hf,,water,PW6B95/cc-pV(D+d)Z,9,Cc1cnccn1,[H:12][c:5]1[c:6]([n:7][c:2]([c:3]([n:4]1)[H:11])[C:1]([H:8])([H:9])[H:10])[H:13]
9,0.2279074807650558,0.2279074807650558,hf,,water,PW6B95/cc-pV(D+d)Z,10,Cc1cnccn1,[H:12][c:5]1[c:6]([n:7][c:2]([c:3]([n:4]1)[H:11])[C:1]([H:8])([H:9])[H:10])[H:13]
10,0.06299987576650942,0.06299987576650942,hf,,water,PW6B95/cc-pV(D+d)Z,11,Cc1cnccn1,[H:12][c:5]1[c:6]([n:7][c:2]([c:3]([n:4]1)[H:11])[C:1]([H:8])([H:9])[H:10])[H:13]
11,0.06966333817369463,0.06966333817369463,hf,,water,PW6B95/cc-pV(D+d)Z,12,Cc1cnccn1,[H:12][c:5]1[c:6]([n:7][c:2]([c:3]([n:4]1)[H:11])[C:1]([H:8])([H:9])[H:10])[H:13]
12,0.08272572587591401,0.08272572587591401,hf,,water,PW6B95/cc-pV(D+d)Z,13,Cc1cnccn1,[H:12][c:5]1[c:6]([n:7][c:2]([c:3]([n:4]1)[H:11])[C:1]([H:8])([H:9])[H:10])[H:13]
0,-0.8817979827435546,-0.8817979827435546,resp2,1,water,PW6B95/cc-pV(D+d)Z,1,Cc1cnccn1,[H:12][c:5]1[c:6]([n:7][c:2]([c:3]([n:4]1)[H:11])[C:1]([H:8])([H:9])[H:10])[H:13]
1,0.5423313081461815,0.5423313081461815,resp2,1,water,PW6B95/cc-pV(D+d)Z,2,Cc1cnccn1,[H:12][c:5]1[c:6]([n:7][c:2]([c:3]([n:4]1)[H:11])[C:1]([H:8])([H:9])[H:10])[H:13]
2,0.11205934298997922,0.11205934298997922,resp2,1,water,PW6B95/cc-pV(D+d)Z,3,Cc1cnccn1,[H:12][c:5]1[c:6]([n:7][c:2]([c:3]([n:4]1)[H:11])[C:1]([H:8])([H:9])[H:10])[H:13]
3,-0.47108173974660134,-0.47108173974660134,resp2,1,water,PW6B95/cc-pV(D+d)Z,4,Cc1cnccn1,[H:12][c:5]1[c:6]([n:7][c:2]([c:3]([n:4]1)[H:11])[C:1]([H:8])([H:9])[H:10])[H:13]
4,0.13986042128158724,0.13986042128158724,resp2,1,water,PW6B95/cc-pV(D+d)Z,5,Cc1cnccn1,[H:12][c:5]1[c:6]([n:7][c:2]([c:3]([n:4]1)[H:11])[C:1]([H:8])([H:9])[H:10])[H:13]
5,0.07556176721306779,0.07556176721306779,resp2,1,water,PW6B95/cc-pV(D+d)Z,6,Cc1cnccn1,[H:12][c:5]1[c:6]([n:7][c:2]([c:3]([n:4]1)[H:11])[C:1]([H:8])([H:9])[H:10])[H:13]
6,-0.47801636789449986,-0.47801636789449986,resp2,1,water,PW6B95/cc-pV(D+d)Z,7,Cc1cnccn1,[H:12][c:5]1[c:6]([n:7][c:2]([c:3]([n:4]1)[H:11])[C:1]([H:8])([H:9])[H:10])[H:13]
7,0.22837195461959273,0.22837195461959273,resp2,1,water,PW6B95/cc-pV(D+d)Z,8,Cc1cnccn1,[H:12][c:5]1[c:6]([n:7][c:2]([c:3]([n:4]1)[H:11])[C:1]([H:8])([H:9])[H:10])[H:13]
8,0.24363613387294025,0.24363613387294025,resp2,1,water,PW6B95/cc-pV(D+d)Z,9,Cc1cnccn1,[H:12][c:5]1[c:6]([n:7][c:2]([c:3]([n:4]1)[H:11])[C:1]([H:8])([H:9])[H:10])[H:13]
9,0.24310371316434878,0.24310371316434878,resp2,1,water,PW6B95/cc-pV(D+d)Z,10,Cc1cnccn1,[H:12][c:5]1[c:6]([n:7][c:2]([c:3]([n:4]1)[H:11])[C:1]([H:8])([H:9])[H:10])[H:13]
10,0.0726376661031498,0.0726376661031498,resp2,1,water,PW6B95/cc-pV(D+d)Z,11,Cc1cnccn1,[H:12][c:5]1[c:6]([n:7][c:2]([c:3]([n:4]1)[H:11])[C:1]([H:8])([H:9])[H:10])[H:13]
11,0.07939080058979181,0.07939080058979181,resp2,1,water,PW6B95/cc-pV(D+d)Z,12,Cc1cnccn1,[H:12][c:5]1[c:6]([n:7][c:2]([c:3]([n:4]1)[H:11])[C:1]([H:8])([H:9])[H:10])[H:13]
12,0.09503631958326336,0.09503631958326336,resp2,1,water,PW6B95/cc-pV(D+d)Z,13,Cc1cnccn1,[H:12][c:5]1[c:6]([n:7][c:2]([c:3]([n:4]1)[H:11])[C:1]([H:8])([H:9])[H:10])[H:13]
0,-0.8817979827449394,-0.8817979827449394,resp2,,water,PW6B95/cc-pV(D+d)Z,1,Cc1cnccn1,[H:12][c:5]1[c:6]([n:7][c:2]([c:3]([n:4]1)[H:11])[C:1]([H:8])([H:9])[H:10])[H:13]
1,0.5423313081456922,0.5423313081456922,resp2,,water,PW6B95/cc-pV(D+d)Z,2,Cc1cnccn1,[H:12][c:5]1[c:6]([n:7][c:2]([c:3]([n:4]1)[H:11])[C:1]([H:8])([H:9])[H:10])[H:13]
2,0.1120593429912784,0.1120593429912784,resp2,,water,PW6B95/cc-pV(D+d)Z,3,Cc1cnccn1,[H:12][c:5]1[c:6]([n:7][c:2]([c:3]([n:4]1)[H:11])[C:1]([H:8])([H:9])[H:10])[H:13]
3,-0.4710817397469505,-0.4710817397469505,resp2,,water,PW6B95/cc-pV(D+d)Z,4,Cc1cnccn1,[H:12][c:5]1[c:6]([n:7][c:2]([c:3]([n:4]1)[H:11])[C:1]([H:8])([H:9])[H:10])[H:13]
4,0.1398604212812615,0.1398604212812615,resp2,,water,PW6B95/cc-pV(D+d)Z,5,Cc1cnccn1,[H:12][c:5]1[c:6]([n:7][c:2]([c:3]([n:4]1)[H:11])[C:1]([H:8])([H:9])[H:10])[H:13]
5,0.07556176721305896,0.07556176721305896,resp2,,water,PW6B95/cc-pV(D+d)Z,6,Cc1cnccn1,[H:12][c:5]1[c:6]([n:7][c:2]([c:3]([n:4]1)[H:11])[C:1]([H:8])([H:9])[H:10])[H:13]
6,-0.47801636789420326,-0.47801636789420326,resp2,,water,PW6B95/cc-pV(D+d)Z,7,Cc1cnccn1,[H:12][c:5]1[c:6]([n:7][c:2]([c:3]([n:4]1)[H:11])[C:1]([H:8])([H:9])[H:10])[H:13]
7,0.22837195461999105,0.22837195461999105,resp2,,water,PW6B95/cc-pV(D+d)Z,8,Cc1cnccn1,[H:12][c:5]1[c:6]([n:7][c:2]([c:3]([n:4]1)[H:11])[C:1]([H:8])([H:9])[H:10])[H:13]
8,0.2436361338733246,0.2436361338733246,resp2,,water,PW6B95/cc-pV(D+d)Z,9,Cc1cnccn1,[H:12][c:5]1[c:6]([n:7][c:2]([c:3]([n:4]1)[H:11])[C:1]([H:8])([H:9])[H:10])[H:13]
9,0.24310371316473878,0.24310371316473878,resp2,,water,PW6B95/cc-pV(D+d)Z,10,Cc1cnccn1,[H:12][c:5]1[c:6]([n:7][c:2]([c:3]([n:4]1)[H:11])[C:1]([H:8])([H:9])[H:10])[H:13]
10,0.07263766610276703,0.07263766610276703,resp2,,water,PW6B95/cc-pV(D+d)Z,11,Cc1cnccn1,[H:12][c:5]1[c:6]([n:7][c:2]([c:3]([n:4]1)[H:11])[C:1]([H:8])([H:9])[H:10])[H:13]
11,0.0793908005899833,0.0793908005899833,resp2,,water,PW6B95/cc-pV(D+d)Z,12,Cc1cnccn1,[H:12][c:5]1[c:6]([n:7][c:2]([c:3]([n:4]1)[H:11])[C:1]([H:8])([H:9])[H:10])[H:13]
12,0.0950363195832459,0.0950363195832459,resp2,,water,PW6B95/cc-pV(D+d)Z,13,Cc1cnccn1,[H:12][c:5]1[c:6]([n:7][c:2]([c:3]([n:4]1)[H:11])[C:1]([H:8])([H:9])[H:10])[H:13]
