{"resp_b": 0.1, "restrained_fit": true, "exclude_hydrogens": true, "convergence_tolerance": 1e-06, "max_iter": 500, "resp_a": 0.001, "charge_constraints": {"charge_sum_constraints": [{"atoms": [{"index": 0, "molecule": {"qcmol": {"schema_name": "qcschema_molecule", "schema_version": 2, "validated": true, "symbols": ["C", "C", "C", "C", "O", "H", "H", "H", "H", "H", "H", "H", "H"], "geometry": [[-0.0, -0.0, 0.0], [2.8867634685882155, -7.379876941987739e-16, -1.0020971606935618e-16], [3.9918786677198073, 2.6810205529965145, -8.881784197001252e-16], [6.83766130868079, 2.6611812088296736, -0.09871407980250724], [8.174443628532199, 3.6567983450623505, 1.4060751686780253], [-0.7385789616430688, 0.9634201789128916, 1.653815879418087], [-0.7338971828499283, -1.9144452645903112, 0.00882932763529809], [-0.7400837838840293, 0.949471524155654, -1.6621953986497802], [3.5701815969527986, -1.0245197284856933, -1.645461955901062], [3.5736514210229555, -1.015662513181391, 1.6474925822518116], [3.3126595698835795, 3.6967203237521113, -1.656971742417662], [3.413105357021026, 3.7254186734161983, 1.663955967375124], [7.657976471795018, 1.6307797447794092, -1.6986566402042782]], "name": "C4H8O", "identifiers": {"molecule_hash": "535a19af0fe337166ccf8bd348dcdeb4bca8c050", "molecular_formula": "C4H8O"}, "molecular_charge": 0.0, "molecular_multiplicity": 1, "connectivity": [[0, 1, 1.0], [0, 5, 1.0], [0, 6, 1.0], [0, 7, 1.0], [1, 2, 1.0], [1, 8, 1.0], [1, 9, 1.0], [2, 3, 1.0], [2, 10, 1.0], [2, 11, 1.0], [3, 4, 2.0], [3, 12, 1.0]], "fix_com": true, "fix_orientation": true, "provenance": {"creator": "QCElemental", "version": "v0.22.0", "routine": "qcelemental.molparse.from_schema"}, "id": "30951"}, "charge": 0, "optimize_geometry": false, "conformers": [], "conformer_generation_options": {"n_conformer_pool": 4000, "n_max_conformers": 0, "rms_tolerance": 0.05, "energy_window": 15, "keep_original_conformer": true}, "stage_1_unrestrained_charges": null, "stage_1_restrained_charges": null, "stage_2_unrestrained_charges": null, "stage_2_restrained_charges": null, "keep_original_orientation": false, "reorientations": [], "translations": [], "rotations": []}}], "charge": -0.2988639944291901}, {"atoms": [{"index": 1, "molecule": {"qcmol": {"schema_name": "qcschema_molecule", "schema_version": 2, "validated": true, "symbols": ["C", "C", "C", "C", "O", "H", "H", "H", "H", "H", "H", "H", "H"], "geometry": [[-0.0, -0.0, 0.0], [2.8867634685882155, -7.379876941987739e-16, -1.0020971606935618e-16], [3.9918786677198073, 2.6810205529965145, -8.881784197001252e-16], [6.83766130868079, 2.6611812088296736, -0.09871407980250724], [8.174443628532199, 3.6567983450623505, 1.4060751686780253], [-0.7385789616430688, 0.9634201789128916, 1.653815879418087], [-0.7338971828499283, -1.9144452645903112, 0.00882932763529809], [-0.7400837838840293, 0.949471524155654, -1.6621953986497802], [3.5701815969527986, -1.0245197284856933, -1.645461955901062], [3.5736514210229555, -1.015662513181391, 1.6474925822518116], [3.3126595698835795, 3.6967203237521113, -1.656971742417662], [3.413105357021026, 3.7254186734161983, 1.663955967375124], [7.657976471795018, 1.6307797447794092, -1.6986566402042782]], "name": "C4H8O", "identifiers": {"molecule_hash": "535a19af0fe337166ccf8bd348dcdeb4bca8c050", "molecular_formula": "C4H8O"}, "molecular_charge": 0.0, "molecular_multiplicity": 1, "connectivity": [[0, 1, 1.0], [0, 5, 1.0], [0, 6, 1.0], [0, 7, 1.0], [1, 2, 1.0], [1, 8, 1.0], [1, 9, 1.0], [2, 3, 1.0], [2, 10, 1.0], [2, 11, 1.0], [3, 4, 2.0], [3, 12, 1.0]], "fix_com": true, "fix_orientation": true, "provenance": {"creator": "QCElemental", "version": "v0.22.0", "routine": "qcelemental.molparse.from_schema"}, "id": "30951"}, "charge": 0, "optimize_geometry": false, "conformers": [], "conformer_generation_options": {"n_conformer_pool": 4000, "n_max_conformers": 0, "rms_tolerance": 0.05, "energy_window": 15, "keep_original_conformer": true}, "stage_1_unrestrained_charges": null, "stage_1_restrained_charges": null, "stage_2_unrestrained_charges": null, "stage_2_restrained_charges": null, "keep_original_orientation": false, "reorientations": [], "translations": [], "rotations": []}}], "charge": 0.24454266027925703}, {"atoms": [{"index": 2, "molecule": {"qcmol": {"schema_name": "qcschema_molecule", "schema_version": 2, "validated": true, "symbols": ["C", "C", "C", "C", "O", "H", "H", "H", "H", "H", "H", "H", "H"], "geometry": [[-0.0, -0.0, 0.0], [2.8867634685882155, -7.379876941987739e-16, -1.0020971606935618e-16], [3.9918786677198073, 2.6810205529965145, -8.881784197001252e-16], [6.83766130868079, 2.6611812088296736, -0.09871407980250724], [8.174443628532199, 3.6567983450623505, 1.4060751686780253], [-0.7385789616430688, 0.9634201789128916, 1.653815879418087], [-0.7338971828499283, -1.9144452645903112, 0.00882932763529809], [-0.7400837838840293, 0.949471524155654, -1.6621953986497802], [3.5701815969527986, -1.0245197284856933, -1.645461955901062], [3.5736514210229555, -1.015662513181391, 1.6474925822518116], [3.3126595698835795, 3.6967203237521113, -1.656971742417662], [3.413105357021026, 3.7254186734161983, 1.663955967375124], [7.657976471795018, 1.6307797447794092, -1.6986566402042782]], "name": "C4H8O", "identifiers": {"molecule_hash": "535a19af0fe337166ccf8bd348dcdeb4bca8c050", "molecular_formula": "C4H8O"}, "molecular_charge": 0.0, "molecular_multiplicity": 1, "connectivity": [[0, 1, 1.0], [0, 5, 1.0], [0, 6, 1.0], [0, 7, 1.0], [1, 2, 1.0], [1, 8, 1.0], [1, 9, 1.0], [2, 3, 1.0], [2, 10, 1.0], [2, 11, 1.0], [3, 4, 2.0], [3, 12, 1.0]], "fix_com": true, "fix_orientation": true, "provenance": {"creator": "QCElemental", "version": "v0.22.0", "routine": "qcelemental.molparse.from_schema"}, "id": "30951"}, "charge": 0, "optimize_geometry": false, "conformers": [], "conformer_generation_options": {"n_conformer_pool": 4000, "n_max_conformers": 0, "rms_tolerance": 0.05, "energy_window": 15, "keep_original_conformer": true}, "stage_1_unrestrained_charges": null, "stage_1_restrained_charges": null, "stage_2_unrestrained_charges": null, "stage_2_restrained_charges": null, "keep_original_orientation": false, "reorientations": [], "translations": [], "rotations": []}}], "charge": -0.1600542764150785}, {"atoms": [{"index": 3, "molecule": {"qcmol": {"schema_name": "qcschema_molecule", "schema_version": 2, "validated": true, "symbols": ["C", "C", "C", "C", "O", "H", "H", "H", "H", "H", "H", "H", "H"], "geometry": [[-0.0, -0.0, 0.0], [2.8867634685882155, -7.379876941987739e-16, -1.0020971606935618e-16], [3.9918786677198073, 2.6810205529965145, -8.881784197001252e-16], [6.83766130868079, 2.6611812088296736, -0.09871407980250724], [8.174443628532199, 3.6567983450623505, 1.4060751686780253], [-0.7385789616430688, 0.9634201789128916, 1.653815879418087], [-0.7338971828499283, -1.9144452645903112, 0.00882932763529809], [-0.7400837838840293, 0.949471524155654, -1.6621953986497802], [3.5701815969527986, -1.0245197284856933, -1.645461955901062], [3.5736514210229555, -1.015662513181391, 1.6474925822518116], [3.3126595698835795, 3.6967203237521113, -1.656971742417662], [3.413105357021026, 3.7254186734161983, 1.663955967375124], [7.657976471795018, 1.6307797447794092, -1.6986566402042782]], "name": "C4H8O", "identifiers": {"molecule_hash": "535a19af0fe337166ccf8bd348dcdeb4bca8c050", "molecular_formula": "C4H8O"}, "molecular_charge": 0.0, "molecular_multiplicity": 1, "connectivity": [[0, 1, 1.0], [0, 5, 1.0], [0, 6, 1.0], [0, 7, 1.0], [1, 2, 1.0], [1, 8, 1.0], [1, 9, 1.0], [2, 3, 1.0], [2, 10, 1.0], [2, 11, 1.0], [3, 4, 2.0], [3, 12, 1.0]], "fix_com": true, "fix_orientation": true, "provenance": {"creator": "QCElemental", "version": "v0.22.0", "routine": "qcelemental.molparse.from_schema"}, "id": "30951"}, "charge": 0, "optimize_geometry": false, "conformers": [], "conformer_generation_options": {"n_conformer_pool": 4000, "n_max_conformers": 0, "rms_tolerance": 0.05, "energy_window": 15, "keep_original_conformer": true}, "stage_1_unrestrained_charges": null, "stage_1_restrained_charges": null, "stage_2_unrestrained_charges": null, "stage_2_restrained_charges": null, "keep_original_orientation": false, "reorientations": [], "translations": [], "rotations": []}}], "charge": 0.4754720042341084}, {"atoms": [{"index": 4, "molecule": {"qcmol": {"schema_name": "qcschema_molecule", "schema_version": 2, "validated": true, "symbols": ["C", "C", "C", "C", "O", "H", "H", "H", "H", "H", "H", "H", "H"], "geometry": [[-0.0, -0.0, 0.0], [2.8867634685882155, -7.379876941987739e-16, -1.0020971606935618e-16], [3.9918786677198073, 2.6810205529965145, -8.881784197001252e-16], [6.83766130868079, 2.6611812088296736, -0.09871407980250724], [8.174443628532199, 3.6567983450623505, 1.4060751686780253], [-0.7385789616430688, 0.9634201789128916, 1.653815879418087], [-0.7338971828499283, -1.9144452645903112, 0.00882932763529809], [-0.7400837838840293, 0.949471524155654, -1.6621953986497802], [3.5701815969527986, -1.0245197284856933, -1.645461955901062], [3.5736514210229555, -1.015662513181391, 1.6474925822518116], [3.3126595698835795, 3.6967203237521113, -1.656971742417662], [3.413105357021026, 3.7254186734161983, 1.663955967375124], [7.657976471795018, 1.6307797447794092, -1.6986566402042782]], "name": "C4H8O", "identifiers": {"molecule_hash": "535a19af0fe337166ccf8bd348dcdeb4bca8c050", "molecular_formula": "C4H8O"}, "molecular_charge": 0.0, "molecular_multiplicity": 1, "connectivity": [[0, 1, 1.0], [0, 5, 1.0], [0, 6, 1.0], [0, 7, 1.0], [1, 2, 1.0], [1, 8, 1.0], [1, 9, 1.0], [2, 3, 1.0], [2, 10, 1.0], [2, 11, 1.0], [3, 4, 2.0], [3, 12, 1.0]], "fix_com": true, "fix_orientation": true, "provenance": {"creator": "QCElemental", "version": "v0.22.0", "routine": "qcelemental.molparse.from_schema"}, "id": "30951"}, "charge": 0, "optimize_geometry": false, "conformers": [], "conformer_generation_options": {"n_conformer_pool": 4000, "n_max_conformers": 0, "rms_tolerance": 0.05, "energy_window": 15, "keep_original_conformer": true}, "stage_1_unrestrained_charges": null, "stage_1_restrained_charges": null, "stage_2_unrestrained_charges": null, "stage_2_restrained_charges": null, "keep_original_orientation": false, "reorientations": [], "translations": [], "rotations": []}}], "charge": -0.5426753039290582}, {"atoms": [{"index": 5, "molecule": {"qcmol": {"schema_name": "qcschema_molecule", "schema_version": 2, "validated": true, "symbols": ["C", "C", "C", "C", "O", "H", "H", "H", "H", "H", "H", "H", "H"], "geometry": [[-0.0, -0.0, 0.0], [2.8867634685882155, -7.379876941987739e-16, -1.0020971606935618e-16], [3.9918786677198073, 2.6810205529965145, -8.881784197001252e-16], [6.83766130868079, 2.6611812088296736, -0.09871407980250724], [8.174443628532199, 3.6567983450623505, 1.4060751686780253], [-0.7385789616430688, 0.9634201789128916, 1.653815879418087], [-0.7338971828499283, -1.9144452645903112, 0.00882932763529809], [-0.7400837838840293, 0.949471524155654, -1.6621953986497802], [3.5701815969527986, -1.0245197284856933, -1.645461955901062], [3.5736514210229555, -1.015662513181391, 1.6474925822518116], [3.3126595698835795, 3.6967203237521113, -1.656971742417662], [3.413105357021026, 3.7254186734161983, 1.663955967375124], [7.657976471795018, 1.6307797447794092, -1.6986566402042782]], "name": "C4H8O", "identifiers": {"molecule_hash": "535a19af0fe337166ccf8bd348dcdeb4bca8c050", "molecular_formula": "C4H8O"}, "molecular_charge": 0.0, "molecular_multiplicity": 1, "connectivity": [[0, 1, 1.0], [0, 5, 1.0], [0, 6, 1.0], [0, 7, 1.0], [1, 2, 1.0], [1, 8, 1.0], [1, 9, 1.0], [2, 3, 1.0], [2, 10, 1.0], [2, 11, 1.0], [3, 4, 2.0], [3, 12, 1.0]], "fix_com": true, "fix_orientation": true, "provenance": {"creator": "QCElemental", "version": "v0.22.0", "routine": "qcelemental.molparse.from_schema"}, "id": "30951"}, "charge": 0, "optimize_geometry": false, "conformers": [], "conformer_generation_options": {"n_conformer_pool": 4000, "n_max_conformers": 0, "rms_tolerance": 0.05, "energy_window": 15, "keep_original_conformer": true}, "stage_1_unrestrained_charges": null, "stage_1_restrained_charges": null, "stage_2_unrestrained_charges": null, "stage_2_restrained_charges": null, "keep_original_orientation": false, "reorientations": [], "translations": [], "rotations": []}}], "charge": 0.07178254824415348}, {"atoms": [{"index": 6, "molecule": {"qcmol": {"schema_name": "qcschema_molecule", "schema_version": 2, "validated": true, "symbols": ["C", "C", "C", "C", "O", "H", "H", "H", "H", "H", "H", "H", "H"], "geometry": [[-0.0, -0.0, 0.0], [2.8867634685882155, -7.379876941987739e-16, -1.0020971606935618e-16], [3.9918786677198073, 2.6810205529965145, -8.881784197001252e-16], [6.83766130868079, 2.6611812088296736, -0.09871407980250724], [8.174443628532199, 3.6567983450623505, 1.4060751686780253], [-0.7385789616430688, 0.9634201789128916, 1.653815879418087], [-0.7338971828499283, -1.9144452645903112, 0.00882932763529809], [-0.7400837838840293, 0.949471524155654, -1.6621953986497802], [3.5701815969527986, -1.0245197284856933, -1.645461955901062], [3.5736514210229555, -1.015662513181391, 1.6474925822518116], [3.3126595698835795, 3.6967203237521113, -1.656971742417662], [3.413105357021026, 3.7254186734161983, 1.663955967375124], [7.657976471795018, 1.6307797447794092, -1.6986566402042782]], "name": "C4H8O", "identifiers": {"molecule_hash": "535a19af0fe337166ccf8bd348dcdeb4bca8c050", "molecular_formula": "C4H8O"}, "molecular_charge": 0.0, "molecular_multiplicity": 1, "connectivity": [[0, 1, 1.0], [0, 5, 1.0], [0, 6, 1.0], [0, 7, 1.0], [1, 2, 1.0], [1, 8, 1.0], [1, 9, 1.0], [2, 3, 1.0], [2, 10, 1.0], [2, 11, 1.0], [3, 4, 2.0], [3, 12, 1.0]], "fix_com": true, "fix_orientation": true, "provenance": {"creator": "QCElemental", "version": "v0.22.0", "routine": "qcelemental.molparse.from_schema"}, "id": "30951"}, "charge": 0, "optimize_geometry": false, "conformers": [], "conformer_generation_options": {"n_conformer_pool": 4000, "n_max_conformers": 0, "rms_tolerance": 0.05, "energy_window": 15, "keep_original_conformer": true}, "stage_1_unrestrained_charges": null, "stage_1_restrained_charges": null, "stage_2_unrestrained_charges": null, "stage_2_restrained_charges": null, "keep_original_orientation": false, "reorientations": [], "translations": [], "rotations": []}}], "charge": 0.07165359273109392}, {"atoms": [{"index": 7, "molecule": {"qcmol": {"schema_name": "qcschema_molecule", "schema_version": 2, "validated": true, "symbols": ["C", "C", "C", "C", "O", "H", "H", "H", "H", "H", "H", "H", "H"], "geometry": [[-0.0, -0.0, 0.0], [2.8867634685882155, -7.379876941987739e-16, -1.0020971606935618e-16], [3.9918786677198073, 2.6810205529965145, -8.881784197001252e-16], [6.83766130868079, 2.6611812088296736, -0.09871407980250724], [8.174443628532199, 3.6567983450623505, 1.4060751686780253], [-0.7385789616430688, 0.9634201789128916, 1.653815879418087], [-0.7338971828499283, -1.9144452645903112, 0.00882932763529809], [-0.7400837838840293, 0.949471524155654, -1.6621953986497802], [3.5701815969527986, -1.0245197284856933, -1.645461955901062], [3.5736514210229555, -1.015662513181391, 1.6474925822518116], [3.3126595698835795, 3.6967203237521113, -1.656971742417662], [3.413105357021026, 3.7254186734161983, 1.663955967375124], [7.657976471795018, 1.6307797447794092, -1.6986566402042782]], "name": "C4H8O", "identifiers": {"molecule_hash": "535a19af0fe337166ccf8bd348dcdeb4bca8c050", "molecular_formula": "C4H8O"}, "molecular_charge": 0.0, "molecular_multiplicity": 1, "connectivity": [[0, 1, 1.0], [0, 5, 1.0], [0, 6, 1.0], [0, 7, 1.0], [1, 2, 1.0], [1, 8, 1.0], [1, 9, 1.0], [2, 3, 1.0], [2, 10, 1.0], [2, 11, 1.0], [3, 4, 2.0], [3, 12, 1.0]], "fix_com": true, "fix_orientation": true, "provenance": {"creator": "QCElemental", "version": "v0.22.0", "routine": "qcelemental.molparse.from_schema"}, "id": "30951"}, "charge": 0, "optimize_geometry": false, "conformers": [], "conformer_generation_options": {"n_conformer_pool": 4000, "n_max_conformers": 0, "rms_tolerance": 0.05, "energy_window": 15, "keep_original_conformer": true}, "stage_1_unrestrained_charges": null, "stage_1_restrained_charges": null, "stage_2_unrestrained_charges": null, "stage_2_restrained_charges": null, "keep_original_orientation": false, "reorientations": [], "translations": [], "rotations": []}}], "charge": 0.07150192055110036}, {"atoms": [{"index": 8, "molecule": {"qcmol": {"schema_name": "qcschema_molecule", "schema_version": 2, "validated": true, "symbols": ["C", "C", "C", "C", "O", "H", "H", "H", "H", "H", "H", "H", "H"], "geometry": [[-0.0, -0.0, 0.0], [2.8867634685882155, -7.379876941987739e-16, -1.0020971606935618e-16], [3.9918786677198073, 2.6810205529965145, -8.881784197001252e-16], [6.83766130868079, 2.6611812088296736, -0.09871407980250724], [8.174443628532199, 3.6567983450623505, 1.4060751686780253], [-0.7385789616430688, 0.9634201789128916, 1.653815879418087], [-0.7338971828499283, -1.9144452645903112, 0.00882932763529809], [-0.7400837838840293, 0.949471524155654, -1.6621953986497802], [3.5701815969527986, -1.0245197284856933, -1.645461955901062], [3.5736514210229555, -1.015662513181391, 1.6474925822518116], [3.3126595698835795, 3.6967203237521113, -1.656971742417662], [3.413105357021026, 3.7254186734161983, 1.663955967375124], [7.657976471795018, 1.6307797447794092, -1.6986566402042782]], "name": "C4H8O", "identifiers": {"molecule_hash": "535a19af0fe337166ccf8bd348dcdeb4bca8c050", "molecular_formula": "C4H8O"}, "molecular_charge": 0.0, "molecular_multiplicity": 1, "connectivity": [[0, 1, 1.0], [0, 5, 1.0], [0, 6, 1.0], [0, 7, 1.0], [1, 2, 1.0], [1, 8, 1.0], [1, 9, 1.0], [2, 3, 1.0], [2, 10, 1.0], [2, 11, 1.0], [3, 4, 2.0], [3, 12, 1.0]], "fix_com": true, "fix_orientation": true, "provenance": {"creator": "QCElemental", "version": "v0.22.0", "routine": "qcelemental.molparse.from_schema"}, "id": "30951"}, "charge": 0, "optimize_geometry": false, "conformers": [], "conformer_generation_options": {"n_conformer_pool": 4000, "n_max_conformers": 0, "rms_tolerance": 0.05, "energy_window": 15, "keep_original_conformer": true}, "stage_1_unrestrained_charges": null, "stage_1_restrained_charges": null, "stage_2_unrestrained_charges": null, "stage_2_restrained_charges": null, "keep_original_orientation": false, "reorientations": [], "translations": [], "rotations": []}}], "charge": -0.03012585209086478}, {"atoms": [{"index": 9, "molecule": {"qcmol": {"schema_name": "qcschema_molecule", "schema_version": 2, "validated": true, "symbols": ["C", "C", "C", "C", "O", "H", "H", "H", "H", "H", "H", "H", "H"], "geometry": [[-0.0, -0.0, 0.0], [2.8867634685882155, -7.379876941987739e-16, -1.0020971606935618e-16], [3.9918786677198073, 2.6810205529965145, -8.881784197001252e-16], [6.83766130868079, 2.6611812088296736, -0.09871407980250724], [8.174443628532199, 3.6567983450623505, 1.4060751686780253], [-0.7385789616430688, 0.9634201789128916, 1.653815879418087], [-0.7338971828499283, -1.9144452645903112, 0.00882932763529809], [-0.7400837838840293, 0.949471524155654, -1.6621953986497802], [3.5701815969527986, -1.0245197284856933, -1.645461955901062], [3.5736514210229555, -1.015662513181391, 1.6474925822518116], [3.3126595698835795, 3.6967203237521113, -1.656971742417662], [3.413105357021026, 3.7254186734161983, 1.663955967375124], [7.657976471795018, 1.6307797447794092, -1.6986566402042782]], "name": "C4H8O", "identifiers": {"molecule_hash": "535a19af0fe337166ccf8bd348dcdeb4bca8c050", "molecular_formula": "C4H8O"}, "molecular_charge": 0.0, "molecular_multiplicity": 1, "connectivity": [[0, 1, 1.0], [0, 5, 1.0], [0, 6, 1.0], [0, 7, 1.0], [1, 2, 1.0], [1, 8, 1.0], [1, 9, 1.0], [2, 3, 1.0], [2, 10, 1.0], [2, 11, 1.0], [3, 4, 2.0], [3, 12, 1.0]], "fix_com": true, "fix_orientation": true, "provenance": {"creator": "QCElemental", "version": "v0.22.0", "routine": "qcelemental.molparse.from_schema"}, "id": "30951"}, "charge": 0, "optimize_geometry": false, "conformers": [], "conformer_generation_options": {"n_conformer_pool": 4000, "n_max_conformers": 0, "rms_tolerance": 0.05, "energy_window": 15, "keep_original_conformer": true}, "stage_1_unrestrained_charges": null, "stage_1_restrained_charges": null, "stage_2_unrestrained_charges": null, "stage_2_restrained_charges": null, "keep_original_orientation": false, "reorientations": [], "translations": [], "rotations": []}}], "charge": -0.028287286875629227}, {"atoms": [{"index": 10, "molecule": {"qcmol": {"schema_name": "qcschema_molecule", "schema_version": 2, "validated": true, "symbols": ["C", "C", "C", "C", "O", "H", "H", "H", "H", "H", "H", "H", "H"], "geometry": [[-0.0, -0.0, 0.0], [2.8867634685882155, -7.379876941987739e-16, -1.0020971606935618e-16], [3.9918786677198073, 2.6810205529965145, -8.881784197001252e-16], [6.83766130868079, 2.6611812088296736, -0.09871407980250724], [8.174443628532199, 3.6567983450623505, 1.4060751686780253], [-0.7385789616430688, 0.9634201789128916, 1.653815879418087], [-0.7338971828499283, -1.9144452645903112, 0.00882932763529809], [-0.7400837838840293, 0.949471524155654, -1.6621953986497802], [3.5701815969527986, -1.0245197284856933, -1.645461955901062], [3.5736514210229555, -1.015662513181391, 1.6474925822518116], [3.3126595698835795, 3.6967203237521113, -1.656971742417662], [3.413105357021026, 3.7254186734161983, 1.663955967375124], [7.657976471795018, 1.6307797447794092, -1.6986566402042782]], "name": "C4H8O", "identifiers": {"molecule_hash": "535a19af0fe337166ccf8bd348dcdeb4bca8c050", "molecular_formula": "C4H8O"}, "molecular_charge": 0.0, "molecular_multiplicity": 1, "connectivity": [[0, 1, 1.0], [0, 5, 1.0], [0, 6, 1.0], [0, 7, 1.0], [1, 2, 1.0], [1, 8, 1.0], [1, 9, 1.0], [2, 3, 1.0], [2, 10, 1.0], [2, 11, 1.0], [3, 4, 2.0], [3, 12, 1.0]], "fix_com": true, "fix_orientation": true, "provenance": {"creator": "QCElemental", "version": "v0.22.0", "routine": "qcelemental.molparse.from_schema"}, "id": "30951"}, "charge": 0, "optimize_geometry": false, "conformers": [], "conformer_generation_options": {"n_conformer_pool": 4000, "n_max_conformers": 0, "rms_tolerance": 0.05, "energy_window": 15, "keep_original_conformer": true}, "stage_1_unrestrained_charges": null, "stage_1_restrained_charges": null, "stage_2_unrestrained_charges": null, "stage_2_restrained_charges": null, "keep_original_orientation": false, "reorientations": [], "translations": [], "rotations": []}}], "charge": 0.05945413429443297}, {"atoms": [{"index": 11, "molecule": {"qcmol": {"schema_name": "qcschema_molecule", "schema_version": 2, "validated": true, "symbols": ["C", "C", "C", "C", "O", "H", "H", "H", "H", "H", "H", "H", "H"], "geometry": [[-0.0, -0.0, 0.0], [2.8867634685882155, -7.379876941987739e-16, -1.0020971606935618e-16], [3.9918786677198073, 2.6810205529965145, -8.881784197001252e-16], [6.83766130868079, 2.6611812088296736, -0.09871407980250724], [8.174443628532199, 3.6567983450623505, 1.4060751686780253], [-0.7385789616430688, 0.9634201789128916, 1.653815879418087], [-0.7338971828499283, -1.9144452645903112, 0.00882932763529809], [-0.7400837838840293, 0.949471524155654, -1.6621953986497802], [3.5701815969527986, -1.0245197284856933, -1.645461955901062], [3.5736514210229555, -1.015662513181391, 1.6474925822518116], [3.3126595698835795, 3.6967203237521113, -1.656971742417662], [3.413105357021026, 3.7254186734161983, 1.663955967375124], [7.657976471795018, 1.6307797447794092, -1.6986566402042782]], "name": "C4H8O", "identifiers": {"molecule_hash": "535a19af0fe337166ccf8bd348dcdeb4bca8c050", "molecular_formula": "C4H8O"}, "molecular_charge": 0.0, "molecular_multiplicity": 1, "connectivity": [[0, 1, 1.0], [0, 5, 1.0], [0, 6, 1.0], [0, 7, 1.0], [1, 2, 1.0], [1, 8, 1.0], [1, 9, 1.0], [2, 3, 1.0], [2, 10, 1.0], [2, 11, 1.0], [3, 4, 2.0], [3, 12, 1.0]], "fix_com": true, "fix_orientation": true, "provenance": {"creator": "QCElemental", "version": "v0.22.0", "routine": "qcelemental.molparse.from_schema"}, "id": "30951"}, "charge": 0, "optimize_geometry": false, "conformers": [], "conformer_generation_options": {"n_conformer_pool": 4000, "n_max_conformers": 0, "rms_tolerance": 0.05, "energy_window": 15, "keep_original_conformer": true}, "stage_1_unrestrained_charges": null, "stage_1_restrained_charges": null, "stage_2_unrestrained_charges": null, "stage_2_restrained_charges": null, "keep_original_orientation": false, "reorientations": [], "translations": [], "rotations": []}}], "charge": 0.06075214332853829}, {"atoms": [{"index": 12, "molecule": {"qcmol": {"schema_name": "qcschema_molecule", "schema_version": 2, "validated": true, "symbols": ["C", "C", "C", "C", "O", "H", "H", "H", "H", "H", "H", "H", "H"], "geometry": [[-0.0, -0.0, 0.0], [2.8867634685882155, -7.379876941987739e-16, -1.0020971606935618e-16], [3.9918786677198073, 2.6810205529965145, -8.881784197001252e-16], [6.83766130868079, 2.6611812088296736, -0.09871407980250724], [8.174443628532199, 3.6567983450623505, 1.4060751686780253], [-0.7385789616430688, 0.9634201789128916, 1.653815879418087], [-0.7338971828499283, -1.9144452645903112, 0.00882932763529809], [-0.7400837838840293, 0.949471524155654, -1.6621953986497802], [3.5701815969527986, -1.0245197284856933, -1.645461955901062], [3.5736514210229555, -1.015662513181391, 1.6474925822518116], [3.3126595698835795, 3.6967203237521113, -1.656971742417662], [3.413105357021026, 3.7254186734161983, 1.663955967375124], [7.657976471795018, 1.6307797447794092, -1.6986566402042782]], "name": "C4H8O", "identifiers": {"molecule_hash": "535a19af0fe337166ccf8bd348dcdeb4bca8c050", "molecular_formula": "C4H8O"}, "molecular_charge": 0.0, "molecular_multiplicity": 1, "connectivity": [[0, 1, 1.0], [0, 5, 1.0], [0, 6, 1.0], [0, 7, 1.0], [1, 2, 1.0], [1, 8, 1.0], [1, 9, 1.0], [2, 3, 1.0], [2, 10, 1.0], [2, 11, 1.0], [3, 4, 2.0], [3, 12, 1.0]], "fix_com": true, "fix_orientation": true, "provenance": {"creator": "QCElemental", "version": "v0.22.0", "routine": "qcelemental.molparse.from_schema"}, "id": "30951"}, "charge": 0, "optimize_geometry": false, "conformers": [], "conformer_generation_options": {"n_conformer_pool": 4000, "n_max_conformers": 0, "rms_tolerance": 0.05, "energy_window": 15, "keep_original_conformer": true}, "stage_1_unrestrained_charges": null, "stage_1_restrained_charges": null, "stage_2_unrestrained_charges": null, "stage_2_restrained_charges": null, "keep_original_orientation": false, "reorientations": [], "translations": [], "rotations": []}}], "charge": 0.006586893870805424}], "charge_equivalence_constraints": [], "molecules": [{"qcmol": {"schema_name": "qcschema_molecule", "schema_version": 2, "validated": true, "symbols": ["C", "C", "C", "C", "O", "H", "H", "H", "H", "H", "H", "H", "H"], "geometry": [[-0.0, -0.0, 0.0], [2.8867634685882155, -7.379876941987739e-16, -1.0020971606935618e-16], [3.9918786677198073, 2.6810205529965145, -8.881784197001252e-16], [6.83766130868079, 2.6611812088296736, -0.09871407980250724], [8.174443628532199, 3.6567983450623505, 1.4060751686780253], [-0.7385789616430688, 0.9634201789128916, 1.653815879418087], [-0.7338971828499283, -1.9144452645903112, 0.00882932763529809], [-0.7400837838840293, 0.949471524155654, -1.6621953986497802], [3.5701815969527986, -1.0245197284856933, -1.645461955901062], [3.5736514210229555, -1.015662513181391, 1.6474925822518116], [3.3126595698835795, 3.6967203237521113, -1.656971742417662], [3.413105357021026, 3.7254186734161983, 1.663955967375124], [7.657976471795018, 1.6307797447794092, -1.6986566402042782]], "name": "C4H8O", "identifiers": {"molecule_hash": "535a19af0fe337166ccf8bd348dcdeb4bca8c050", "molecular_formula": "C4H8O"}, "molecular_charge": 0.0, "molecular_multiplicity": 1, "connectivity": [[0, 1, 1.0], [0, 5, 1.0], [0, 6, 1.0], [0, 7, 1.0], [1, 2, 1.0], [1, 8, 1.0], [1, 9, 1.0], [2, 3, 1.0], [2, 10, 1.0], [2, 11, 1.0], [3, 4, 2.0], [3, 12, 1.0]], "fix_com": true, "fix_orientation": true, "provenance": {"creator": "QCElemental", "version": "v0.22.0", "routine": "qcelemental.molparse.from_schema"}, "id": "30951"}, "charge": 0, "optimize_geometry": false, "conformers": [], "conformer_generation_options": {"n_conformer_pool": 4000, "n_max_conformers": 0, "rms_tolerance": 0.05, "energy_window": 15, "keep_original_conformer": true}, "stage_1_unrestrained_charges": null, "stage_1_restrained_charges": null, "stage_2_unrestrained_charges": null, "stage_2_restrained_charges": null, "keep_original_orientation": false, "reorientations": [], "translations": [], "rotations": []}], "unconstrained_atoms": []}, "surface_constraints": {"matrix": [[1788.5895844632569, 1726.6261294858484, 1650.1231346302416, 1590.0956305362952, 1534.863387877157, 1796.2132329107296, 1796.522577592968, 1796.3375270203717, 1717.0860297834606, 1719.4128055086387, 1615.020888110989, 1647.9186440025107, 1572.5204792662078], [1726.6261294858484, 1773.3667000447965, 1719.931875623634, 1652.665896316194, 1596.5560480883964, 1706.7830685130762, 1707.2874248077449, 1707.6934182904254, 1796.219899180849, 1797.8488114190682, 1711.2040910340243, 1710.924209919342, 1628.6283733174764], [1650.1231346302416, 1719.931875623634, 1770.80774566371, 1726.2948486178063, 1675.2373458719799, 1627.9388734668892, 1629.0657702312599, 1623.048057063406, 1715.0529990116208, 1714.5230139520606, 1791.5107694475628, 1792.9755177495151, 1705.818106288272], [1590.0956305362952, 1652.665896316194, 1726.2948486178063, 1785.9965636458735, 1772.7886132557542, 1579.1320680380845, 1574.5632605110484, 1553.3630261878482, 1614.2237308311257, 1661.4742260050057, 1717.8963272998792, 1719.8002095267416, 1799.5211113112837], [1534.863387877157, 1596.5560480883964, 1675.2373458719799, 1772.7886132557542, 1841.5586686662562, 1530.03941408946, 1520.7812209337187, 1492.6076035908159, 1542.2939060874116, 1618.4173312260043, 1660.039577723885, 1652.3245941646219, 1742.4587713523845], [1796.2132329107296, 1706.7830685130762, 1627.9388734668892, 1579.1320680380845, 1530.03941408946, 1884.472270155604, 1775.885403357058, 1774.903790533871, 1663.720689625954, 1714.898840433632, 1584.0766218187662, 1623.8806992474924, 1564.7706190687966], [1796.522577592968, 1707.2874248077449, 1629.0657702312599, 1574.5632605110484, 1520.7812209337187, 1775.885403357058, 1885.812509029134, 1774.7784039617432, 1698.8823921240098, 1680.1505935922867, 1586.2592936774242, 1629.5846156996847, 1559.7731795521509], [1796.3375270203717, 1707.6934182904254, 1623.048057063406, 1553.3630261878482, 1492.6076035908159, 1774.903790533871, 1774.7784039617432, 1885.449127172579, 1704.9921871027018, 1680.202014857422, 1587.8034619657494, 1624.3126601330098, 1535.0042278663295], [1717.0860297834606, 1796.219899180849, 1715.0529990116208, 1614.2237308311257, 1542.2939060874116, 1663.720689625954, 1698.8823921240098, 1704.9921871027018, 1897.0373474370776, 1790.2263487522096, 1715.0743893560018, 1703.0767991895161, 1589.1945336994604], [1719.4128055086387, 1797.8488114190682, 1714.5230139520606, 1661.4742260050057, 1618.4173312260043, 1714.898840433632, 1680.1505935922867, 1680.202014857422, 1790.2263487522096, 1902.9498592835157, 1696.968295882622, 1678.562232739911, 1630.710436132389], [1615.020888110989, 1711.2040910340243, 1791.5107694475628, 1717.8963272998792, 1660.039577723885, 1584.0766218187662, 1586.2592936774242, 1587.8034619657494, 1715.0743893560018, 1696.968295882622, 1890.1509585178599, 1782.5062467832001, 1683.4258523853434], [1647.9186440025107, 1710.924209919342, 1792.9755177495151, 1719.8002095267416, 1652.3245941646219, 1623.8806992474924, 1629.5846156996847, 1624.3126601330098, 1703.0767991895161, 1678.562232739911, 1782.5062467832001, 1894.7830130356515, 1695.8916209369052], [1572.5204792662078, 1628.6283733174764, 1705.818106288272, 1799.5211113112837, 1742.4587713523845, 1564.7706190687966, 1559.7731795521509, 1535.0042278663295, 1589.1945336994604, 1630.710436132389, 1683.4258523853434, 1695.8916209369052, 1894.7851646217894], [38.92468014366236, 40.13283182014861, 31.85021059306311, -0.14506646313439803, -49.039105418201785, 34.457814504992655, 37.60028567879678, 43.23661336499299, 53.30753989042153, 32.54704891230583, 37.988410403639364, 42.90301514638195, 20.742984585839594]]}}