{"resp_b": 0.1, "restrained_fit": true, "exclude_hydrogens": true, "convergence_tolerance": 1e-06, "max_iter": 500, "resp_a": 0.0005, "charge_constraints": {"charge_sum_constraints": [], "charge_equivalence_constraints": [], "molecules": [{"qcmol": {"schema_name": "qcschema_molecule", "schema_version": 2, "validated": true, "symbols": ["C", "C", "C", "C", "O", "H", "H", "H", "H", "H", "H", "H", "H"], "geometry": [[-0.0, -0.0, 0.0], [2.8867634685882155, -7.379876941987739e-16, -1.0020971606935618e-16], [3.9918786677198073, 2.6810205529965145, -8.881784197001252e-16], [6.83766130868079, 2.6611812088296736, -0.09871407980250724], [8.174443628532199, 3.6567983450623505, 1.4060751686780253], [-0.7385789616430688, 0.9634201789128916, 1.653815879418087], [-0.7338971828499283, -1.9144452645903112, 0.00882932763529809], [-0.7400837838840293, 0.949471524155654, -1.6621953986497802], [3.5701815969527986, -1.0245197284856933, -1.645461955901062], [3.5736514210229555, -1.015662513181391, 1.6474925822518116], [3.3126595698835795, 3.6967203237521113, -1.656971742417662], [3.413105357021026, 3.7254186734161983, 1.663955967375124], [7.657976471795018, 1.6307797447794092, -1.6986566402042782]], "name": "C4H8O", "identifiers": {"molecule_hash": "535a19af0fe337166ccf8bd348dcdeb4bca8c050", "molecular_formula": "C4H8O"}, "molecular_charge": 0.0, "molecular_multiplicity": 1, "connectivity": [[0, 1, 1.0], [0, 5, 1.0], [0, 6, 1.0], [0, 7, 1.0], [1, 2, 1.0], [1, 8, 1.0], [1, 9, 1.0], [2, 3, 1.0], [2, 10, 1.0], [2, 11, 1.0], [3, 4, 2.0], [3, 12, 1.0]], "fix_com": true, "fix_orientation": true, "provenance": {"creator": "QCElemental", "version": "v0.22.0", "routine": "qcelemental.molparse.from_schema"}, "id": "30951"}, "charge": 0, "optimize_geometry": false, "conformers": [], "conformer_generation_options": {"n_conformer_pool": 4000, "n_max_conformers": 0, "rms_tolerance": 0.05, "energy_window": 15, "keep_original_conformer": true}, "stage_1_unrestrained_charges": null, "stage_1_restrained_charges": null, "stage_2_unrestrained_charges": null, "stage_2_restrained_charges": null, "keep_original_orientation": false, "reorientations": [], "translations": [], "rotations": []}], "unconstrained_atoms": [{"index": 0, "molecule": {"qcmol": {"schema_name": "qcschema_molecule", "schema_version": 2, "validated": true, "symbols": ["C", "C", "C", "C", "O", "H", "H", "H", "H", "H", "H", "H", "H"], "geometry": [[-0.0, -0.0, 0.0], [2.8867634685882155, -7.379876941987739e-16, -1.0020971606935618e-16], [3.9918786677198073, 2.6810205529965145, -8.881784197001252e-16], [6.83766130868079, 2.6611812088296736, -0.09871407980250724], [8.174443628532199, 3.6567983450623505, 1.4060751686780253], [-0.7385789616430688, 0.9634201789128916, 1.653815879418087], [-0.7338971828499283, -1.9144452645903112, 0.00882932763529809], [-0.7400837838840293, 0.949471524155654, -1.6621953986497802], [3.5701815969527986, -1.0245197284856933, -1.645461955901062], [3.5736514210229555, -1.015662513181391, 1.6474925822518116], [3.3126595698835795, 3.6967203237521113, -1.656971742417662], [3.413105357021026, 3.7254186734161983, 1.663955967375124], [7.657976471795018, 1.6307797447794092, -1.6986566402042782]], "name": "C4H8O", "identifiers": {"molecule_hash": "535a19af0fe337166ccf8bd348dcdeb4bca8c050", "molecular_formula": "C4H8O"}, "molecular_charge": 0.0, "molecular_multiplicity": 1, "connectivity": [[0, 1, 1.0], [0, 5, 1.0], [0, 6, 1.0], [0, 7, 1.0], [1, 2, 1.0], [1, 8, 1.0], [1, 9, 1.0], [2, 3, 1.0], [2, 10, 1.0], [2, 11, 1.0], [3, 4, 2.0], [3, 12, 1.0]], "fix_com": true, "fix_orientation": true, "provenance": {"creator": "QCElemental", "version": "v0.22.0", "routine": "qcelemental.molparse.from_schema"}, "id": "30951"}, "charge": 0, "optimize_geometry": false, "conformers": [], "conformer_generation_options": {"n_conformer_pool": 4000, "n_max_conformers": 0, "rms_tolerance": 0.05, "energy_window": 15, "keep_original_conformer": true}, "stage_1_unrestrained_charges": null, "stage_1_restrained_charges": null, "stage_2_unrestrained_charges": null, "stage_2_restrained_charges": null, "keep_original_orientation": false, "reorientations": [], "translations": [], "rotations": []}}, {"index": 1, "molecule": {"qcmol": {"schema_name": "qcschema_molecule", "schema_version": 2, "validated": true, "symbols": ["C", "C", "C", "C", "O", "H", "H", "H", "H", "H", "H", "H", "H"], "geometry": [[-0.0, -0.0, 0.0], [2.8867634685882155, -7.379876941987739e-16, -1.0020971606935618e-16], [3.9918786677198073, 2.6810205529965145, -8.881784197001252e-16], [6.83766130868079, 2.6611812088296736, -0.09871407980250724], [8.174443628532199, 3.6567983450623505, 1.4060751686780253], [-0.7385789616430688, 0.9634201789128916, 1.653815879418087], [-0.7338971828499283, -1.9144452645903112, 0.00882932763529809], [-0.7400837838840293, 0.949471524155654, -1.6621953986497802], [3.5701815969527986, -1.0245197284856933, -1.645461955901062], [3.5736514210229555, -1.015662513181391, 1.6474925822518116], [3.3126595698835795, 3.6967203237521113, -1.656971742417662], [3.413105357021026, 3.7254186734161983, 1.663955967375124], [7.657976471795018, 1.6307797447794092, -1.6986566402042782]], "name": "C4H8O", "identifiers": {"molecule_hash": "535a19af0fe337166ccf8bd348dcdeb4bca8c050", "molecular_formula": "C4H8O"}, "molecular_charge": 0.0, "molecular_multiplicity": 1, "connectivity": [[0, 1, 1.0], [0, 5, 1.0], [0, 6, 1.0], [0, 7, 1.0], [1, 2, 1.0], [1, 8, 1.0], [1, 9, 1.0], [2, 3, 1.0], [2, 10, 1.0], [2, 11, 1.0], [3, 4, 2.0], [3, 12, 1.0]], "fix_com": true, "fix_orientation": true, "provenance": {"creator": "QCElemental", "version": "v0.22.0", "routine": "qcelemental.molparse.from_schema"}, "id": "30951"}, "charge": 0, "optimize_geometry": false, "conformers": [], "conformer_generation_options": {"n_conformer_pool": 4000, "n_max_conformers": 0, "rms_tolerance": 0.05, "energy_window": 15, "keep_original_conformer": true}, "stage_1_unrestrained_charges": null, "stage_1_restrained_charges": null, "stage_2_unrestrained_charges": null, "stage_2_restrained_charges": null, "keep_original_orientation": false, "reorientations": [], "translations": [], "rotations": []}}, {"index": 2, "molecule": {"qcmol": {"schema_name": "qcschema_molecule", "schema_version": 2, "validated": true, "symbols": ["C", "C", "C", "C", "O", "H", "H", "H", "H", "H", "H", "H", "H"], "geometry": [[-0.0, -0.0, 0.0], [2.8867634685882155, -7.379876941987739e-16, -1.0020971606935618e-16], [3.9918786677198073, 2.6810205529965145, -8.881784197001252e-16], [6.83766130868079, 2.6611812088296736, -0.09871407980250724], [8.174443628532199, 3.6567983450623505, 1.4060751686780253], [-0.7385789616430688, 0.9634201789128916, 1.653815879418087], [-0.7338971828499283, -1.9144452645903112, 0.00882932763529809], [-0.7400837838840293, 0.949471524155654, -1.6621953986497802], [3.5701815969527986, -1.0245197284856933, -1.645461955901062], [3.5736514210229555, -1.015662513181391, 1.6474925822518116], [3.3126595698835795, 3.6967203237521113, -1.656971742417662], [3.413105357021026, 3.7254186734161983, 1.663955967375124], [7.657976471795018, 1.6307797447794092, -1.6986566402042782]], "name": "C4H8O", "identifiers": {"molecule_hash": "535a19af0fe337166ccf8bd348dcdeb4bca8c050", "molecular_formula": "C4H8O"}, "molecular_charge": 0.0, "molecular_multiplicity": 1, "connectivity": [[0, 1, 1.0], [0, 5, 1.0], [0, 6, 1.0], [0, 7, 1.0], [1, 2, 1.0], [1, 8, 1.0], [1, 9, 1.0], [2, 3, 1.0], [2, 10, 1.0], [2, 11, 1.0], [3, 4, 2.0], [3, 12, 1.0]], "fix_com": true, "fix_orientation": true, "provenance": {"creator": "QCElemental", "version": "v0.22.0", "routine": "qcelemental.molparse.from_schema"}, "id": "30951"}, "charge": 0, "optimize_geometry": false, "conformers": [], "conformer_generation_options": {"n_conformer_pool": 4000, "n_max_conformers": 0, "rms_tolerance": 0.05, "energy_window": 15, "keep_original_conformer": true}, "stage_1_unrestrained_charges": null, "stage_1_restrained_charges": null, "stage_2_unrestrained_charges": null, "stage_2_restrained_charges": null, "keep_original_orientation": false, "reorientations": [], "translations": [], "rotations": []}}]}, "surface_constraints": {"matrix": [[265390082793603.16, 256480462664388.25, 246303454358266.44, 238348957015271.12, 231518155239944.28, 267154095313872.8, 267205165675299.06, 267119342987117.7, 255363090817792.16, 255775437674384.75, 241942076289007.88, 246484364936561.66, 236457387661622.7], [256480462664388.25, 262388210655944.56, 255464978418912.12, 246562947227525.56, 239747327996053.28, 254367434138636.25, 254420604382505.1, 254421378039838.16, 265813505122537.0, 266090815824100.3, 254920945373791.06, 254785168331330.06, 243842476985829.6], [246303454358266.44, 255464978418912.12, 262675790927139.3, 256828240465779.56, 250932892979258.4, 243744950607837.78, 243900807165830.5, 243012025536349.53, 255036892243938.06, 255002083020950.34, 266355537932788.44, 266377243586420.66, 254703520540280.4], [238348957015271.12, 246562947227525.56, 256828240465779.56, 264997575887685.8, 264429944798723.47, 237340357170348.8, 236656859726173.53, 233617468014378.88, 241451774839853.6, 248052017762907.4, 256501333569274.66, 256523177974434.7, 267769207586296.3], [231518155239944.28, 239747327996053.28, 250932892979258.4, 264429944798723.47, 274878582979263.66, 231304633647722.8, 229975495248868.66, 225919374202608.84, 232321137550343.75, 243029065993605.0, 249610759645832.12, 248315712087794.62, 261146681007659.3], [267154095313872.8, 254367434138636.25, 243744950607837.78, 237340357170348.8, 231304633647722.8, 280225846626181.97, 265022934656894.53, 264832268937904.78, 248561366252021.62, 255750725271514.9, 238067266324537.5, 243620947748421.7, 235925011310186.25], [267205165675299.06, 254420604382505.1, 243900807165830.5, 236656859726173.53, 229975495248868.66, 265022934656894.53, 280423923973341.38, 264831466031171.94, 253406106902625.3, 250896716920093.7, 238397526977984.34, 244428349636925.25, 235119410135459.22], [267119342987117.7, 254421378039838.16, 243012025536349.53, 233617468014378.88, 225919374202608.84, 264832268937904.78, 264831466031171.94, 280260861275177.8, 254193276025011.28, 250862714196311.3, 238540250714291.88, 243677437663615.12, 231527834333195.6], [255363090817792.16, 265813505122537.0, 255036892243938.06, 241451774839853.6, 232321137550343.75, 248561366252021.62, 253406106902625.3, 254193276025011.28, 280148647356019.38, 265357614970371.38, 255683337630683.28, 253889777815910.7, 238465697925096.16], [255775437674384.75, 266090815824100.3, 255002083020950.34, 248052017762907.4, 243029065993605.0, 255750725271514.9, 250896716920093.7, 250862714196311.3, 265357614970371.38, 281021625190119.75, 253191380187423.06, 250531047161901.0, 244423534683692.4], [241942076289007.88, 254920945373791.06, 266355537932788.44, 256501333569274.66, 249610759645832.12, 238067266324537.5, 238397526977984.34, 238540250714291.88, 255683337630683.28, 253191380187423.06, 281040898917309.38, 265707898266181.7, 252316285595589.03], [246484364936561.66, 254785168331330.06, 266377243586420.66, 256523177974434.7, 248315712087794.62, 243620947748421.7, 244428349636925.25, 243677437663615.12, 253889777815910.7, 250531047161901.0, 265707898266181.7, 281282258474269.88, 253763839474121.78], [236457387661622.7, 243842476985829.6, 254703520540280.4, 267769207586296.3, 261146681007659.3, 235925011310186.25, 235119410135459.22, 231527834333195.6, 238465697925096.16, 244423534683692.4, 252316285595589.03, 253763839474121.78, 281964089168961.8], [4391230706600.0283, 4369478261245.533, 3251930809006.362, -370664956463.95197, -5651999770009.344, 3986745066172.9424, 4292850003756.7217, 4909836380965.997, 5810598297570.902, 3632207638731.542, 3935336804306.944, 4441460539118.768, 1790308811544.2844]]}}