{"resp_b": 0.1, "restrained_fit": true, "exclude_hydrogens": true, "convergence_tolerance": 1e-06, "max_iter": 500, "resp_a": 0.001, "charge_constraints": {"charge_sum_constraints": [{"atoms": [{"index": 0, "molecule": {"qcmol": {"schema_name": "qcschema_molecule", "schema_version": 2, "validated": true, "symbols": ["C", "C", "C", "C", "O", "H", "H", "H", "H", "H", "H", "H", "H"], "geometry": [[-0.0, -0.0, 0.0], [2.8867634685882155, -7.379876941987739e-16, -1.0020971606935618e-16], [3.9918786677198073, 2.6810205529965145, -8.881784197001252e-16], [6.83766130868079, 2.6611812088296736, -0.09871407980250724], [8.174443628532199, 3.6567983450623505, 1.4060751686780253], [-0.7385789616430688, 0.9634201789128916, 1.653815879418087], [-0.7338971828499283, -1.9144452645903112, 0.00882932763529809], [-0.7400837838840293, 0.949471524155654, -1.6621953986497802], [3.5701815969527986, -1.0245197284856933, -1.645461955901062], [3.5736514210229555, -1.015662513181391, 1.6474925822518116], [3.3126595698835795, 3.6967203237521113, -1.656971742417662], [3.413105357021026, 3.7254186734161983, 1.663955967375124], [7.657976471795018, 1.6307797447794092, -1.6986566402042782]], "name": "C4H8O", "identifiers": {"molecule_hash": "535a19af0fe337166ccf8bd348dcdeb4bca8c050", "molecular_formula": "C4H8O"}, "molecular_charge": 0.0, "molecular_multiplicity": 1, "connectivity": [[0, 1, 1.0], [0, 5, 1.0], [0, 6, 1.0], [0, 7, 1.0], [1, 2, 1.0], [1, 8, 1.0], [1, 9, 1.0], [2, 3, 1.0], [2, 10, 1.0], [2, 11, 1.0], [3, 4, 2.0], [3, 12, 1.0]], "fix_com": true, "fix_orientation": true, "provenance": {"creator": "QCElemental", "version": "v0.22.0", "routine": "qcelemental.molparse.from_schema"}, "id": "30951"}, "charge": 0, "optimize_geometry": false, "conformers": [], "conformer_generation_options": {"n_conformer_pool": 4000, "n_max_conformers": 0, "rms_tolerance": 0.05, "energy_window": 15, "keep_original_conformer": true}, "stage_1_unrestrained_charges": null, "stage_1_restrained_charges": null, "stage_2_unrestrained_charges": null, "stage_2_restrained_charges": null, "keep_original_orientation": false, "reorientations": [], "translations": [], "rotations": []}}], "charge": -0.2574554411602602}, {"atoms": [{"index": 1, "molecule": {"qcmol": {"schema_name": "qcschema_molecule", "schema_version": 2, "validated": true, "symbols": ["C", "C", "C", "C", "O", "H", "H", "H", "H", "H", "H", "H", "H"], "geometry": [[-0.0, -0.0, 0.0], [2.8867634685882155, -7.379876941987739e-16, -1.0020971606935618e-16], [3.9918786677198073, 2.6810205529965145, -8.881784197001252e-16], [6.83766130868079, 2.6611812088296736, -0.09871407980250724], [8.174443628532199, 3.6567983450623505, 1.4060751686780253], [-0.7385789616430688, 0.9634201789128916, 1.653815879418087], [-0.7338971828499283, -1.9144452645903112, 0.00882932763529809], [-0.7400837838840293, 0.949471524155654, -1.6621953986497802], [3.5701815969527986, -1.0245197284856933, -1.645461955901062], [3.5736514210229555, -1.015662513181391, 1.6474925822518116], [3.3126595698835795, 3.6967203237521113, -1.656971742417662], [3.413105357021026, 3.7254186734161983, 1.663955967375124], [7.657976471795018, 1.6307797447794092, -1.6986566402042782]], "name": "C4H8O", "identifiers": {"molecule_hash": "535a19af0fe337166ccf8bd348dcdeb4bca8c050", "molecular_formula": "C4H8O"}, "molecular_charge": 0.0, "molecular_multiplicity": 1, "connectivity": [[0, 1, 1.0], [0, 5, 1.0], [0, 6, 1.0], [0, 7, 1.0], [1, 2, 1.0], [1, 8, 1.0], [1, 9, 1.0], [2, 3, 1.0], [2, 10, 1.0], [2, 11, 1.0], [3, 4, 2.0], [3, 12, 1.0]], "fix_com": true, "fix_orientation": true, "provenance": {"creator": "QCElemental", "version": "v0.22.0", "routine": "qcelemental.molparse.from_schema"}, "id": "30951"}, "charge": 0, "optimize_geometry": false, "conformers": [], "conformer_generation_options": {"n_conformer_pool": 4000, "n_max_conformers": 0, "rms_tolerance": 0.05, "energy_window": 15, "keep_original_conformer": true}, "stage_1_unrestrained_charges": null, "stage_1_restrained_charges": null, "stage_2_unrestrained_charges": null, "stage_2_restrained_charges": null, "keep_original_orientation": false, "reorientations": [], "translations": [], "rotations": []}}], "charge": 0.1476778836303294}, {"atoms": [{"index": 2, "molecule": {"qcmol": {"schema_name": "qcschema_molecule", "schema_version": 2, "validated": true, "symbols": ["C", "C", "C", "C", "O", "H", "H", "H", "H", "H", "H", "H", "H"], "geometry": [[-0.0, -0.0, 0.0], [2.8867634685882155, -7.379876941987739e-16, -1.0020971606935618e-16], [3.9918786677198073, 2.6810205529965145, -8.881784197001252e-16], [6.83766130868079, 2.6611812088296736, -0.09871407980250724], [8.174443628532199, 3.6567983450623505, 1.4060751686780253], [-0.7385789616430688, 0.9634201789128916, 1.653815879418087], [-0.7338971828499283, -1.9144452645903112, 0.00882932763529809], [-0.7400837838840293, 0.949471524155654, -1.6621953986497802], [3.5701815969527986, -1.0245197284856933, -1.645461955901062], [3.5736514210229555, -1.015662513181391, 1.6474925822518116], [3.3126595698835795, 3.6967203237521113, -1.656971742417662], [3.413105357021026, 3.7254186734161983, 1.663955967375124], [7.657976471795018, 1.6307797447794092, -1.6986566402042782]], "name": "C4H8O", "identifiers": {"molecule_hash": "535a19af0fe337166ccf8bd348dcdeb4bca8c050", "molecular_formula": "C4H8O"}, "molecular_charge": 0.0, "molecular_multiplicity": 1, "connectivity": [[0, 1, 1.0], [0, 5, 1.0], [0, 6, 1.0], [0, 7, 1.0], [1, 2, 1.0], [1, 8, 1.0], [1, 9, 1.0], [2, 3, 1.0], [2, 10, 1.0], [2, 11, 1.0], [3, 4, 2.0], [3, 12, 1.0]], "fix_com": true, "fix_orientation": true, "provenance": {"creator": "QCElemental", "version": "v0.22.0", "routine": "qcelemental.molparse.from_schema"}, "id": "30951"}, "charge": 0, "optimize_geometry": false, "conformers": [], "conformer_generation_options": {"n_conformer_pool": 4000, "n_max_conformers": 0, "rms_tolerance": 0.05, "energy_window": 15, "keep_original_conformer": true}, "stage_1_unrestrained_charges": null, "stage_1_restrained_charges": null, "stage_2_unrestrained_charges": null, "stage_2_restrained_charges": null, "keep_original_orientation": false, "reorientations": [], "translations": [], "rotations": []}}], "charge": -0.13404196836322005}, {"atoms": [{"index": 3, "molecule": {"qcmol": {"schema_name": "qcschema_molecule", "schema_version": 2, "validated": true, "symbols": ["C", "C", "C", "C", "O", "H", "H", "H", "H", "H", "H", "H", "H"], "geometry": [[-0.0, -0.0, 0.0], [2.8867634685882155, -7.379876941987739e-16, -1.0020971606935618e-16], [3.9918786677198073, 2.6810205529965145, -8.881784197001252e-16], [6.83766130868079, 2.6611812088296736, -0.09871407980250724], [8.174443628532199, 3.6567983450623505, 1.4060751686780253], [-0.7385789616430688, 0.9634201789128916, 1.653815879418087], [-0.7338971828499283, -1.9144452645903112, 0.00882932763529809], [-0.7400837838840293, 0.949471524155654, -1.6621953986497802], [3.5701815969527986, -1.0245197284856933, -1.645461955901062], [3.5736514210229555, -1.015662513181391, 1.6474925822518116], [3.3126595698835795, 3.6967203237521113, -1.656971742417662], [3.413105357021026, 3.7254186734161983, 1.663955967375124], [7.657976471795018, 1.6307797447794092, -1.6986566402042782]], "name": "C4H8O", "identifiers": {"molecule_hash": "535a19af0fe337166ccf8bd348dcdeb4bca8c050", "molecular_formula": "C4H8O"}, "molecular_charge": 0.0, "molecular_multiplicity": 1, "connectivity": [[0, 1, 1.0], [0, 5, 1.0], [0, 6, 1.0], [0, 7, 1.0], [1, 2, 1.0], [1, 8, 1.0], [1, 9, 1.0], [2, 3, 1.0], [2, 10, 1.0], [2, 11, 1.0], [3, 4, 2.0], [3, 12, 1.0]], "fix_com": true, "fix_orientation": true, "provenance": {"creator": "QCElemental", "version": "v0.22.0", "routine": "qcelemental.molparse.from_schema"}, "id": "30951"}, "charge": 0, "optimize_geometry": false, "conformers": [], "conformer_generation_options": {"n_conformer_pool": 4000, "n_max_conformers": 0, "rms_tolerance": 0.05, "energy_window": 15, "keep_original_conformer": true}, "stage_1_unrestrained_charges": null, "stage_1_restrained_charges": null, "stage_2_unrestrained_charges": null, "stage_2_restrained_charges": null, "keep_original_orientation": false, "reorientations": [], "translations": [], "rotations": []}}], "charge": 0.408487646161926}, {"atoms": [{"index": 4, "molecule": {"qcmol": {"schema_name": "qcschema_molecule", "schema_version": 2, "validated": true, "symbols": ["C", "C", "C", "C", "O", "H", "H", "H", "H", "H", "H", "H", "H"], "geometry": [[-0.0, -0.0, 0.0], [2.8867634685882155, -7.379876941987739e-16, -1.0020971606935618e-16], [3.9918786677198073, 2.6810205529965145, -8.881784197001252e-16], [6.83766130868079, 2.6611812088296736, -0.09871407980250724], [8.174443628532199, 3.6567983450623505, 1.4060751686780253], [-0.7385789616430688, 0.9634201789128916, 1.653815879418087], [-0.7338971828499283, -1.9144452645903112, 0.00882932763529809], [-0.7400837838840293, 0.949471524155654, -1.6621953986497802], [3.5701815969527986, -1.0245197284856933, -1.645461955901062], [3.5736514210229555, -1.015662513181391, 1.6474925822518116], [3.3126595698835795, 3.6967203237521113, -1.656971742417662], [3.413105357021026, 3.7254186734161983, 1.663955967375124], [7.657976471795018, 1.6307797447794092, -1.6986566402042782]], "name": "C4H8O", "identifiers": {"molecule_hash": "535a19af0fe337166ccf8bd348dcdeb4bca8c050", "molecular_formula": "C4H8O"}, "molecular_charge": 0.0, "molecular_multiplicity": 1, "connectivity": [[0, 1, 1.0], [0, 5, 1.0], [0, 6, 1.0], [0, 7, 1.0], [1, 2, 1.0], [1, 8, 1.0], [1, 9, 1.0], [2, 3, 1.0], [2, 10, 1.0], [2, 11, 1.0], [3, 4, 2.0], [3, 12, 1.0]], "fix_com": true, "fix_orientation": true, "provenance": {"creator": "QCElemental", "version": "v0.22.0", "routine": "qcelemental.molparse.from_schema"}, "id": "30951"}, "charge": 0, "optimize_geometry": false, "conformers": [], "conformer_generation_options": {"n_conformer_pool": 4000, "n_max_conformers": 0, "rms_tolerance": 0.05, "energy_window": 15, "keep_original_conformer": true}, "stage_1_unrestrained_charges": null, "stage_1_restrained_charges": null, "stage_2_unrestrained_charges": null, "stage_2_restrained_charges": null, "keep_original_orientation": false, "reorientations": [], "translations": [], "rotations": []}}], "charge": -0.4042024882516908}, {"atoms": [{"index": 5, "molecule": {"qcmol": {"schema_name": "qcschema_molecule", "schema_version": 2, "validated": true, "symbols": ["C", "C", "C", "C", "O", "H", "H", "H", "H", "H", "H", "H", "H"], "geometry": [[-0.0, -0.0, 0.0], [2.8867634685882155, -7.379876941987739e-16, -1.0020971606935618e-16], [3.9918786677198073, 2.6810205529965145, -8.881784197001252e-16], [6.83766130868079, 2.6611812088296736, -0.09871407980250724], [8.174443628532199, 3.6567983450623505, 1.4060751686780253], [-0.7385789616430688, 0.9634201789128916, 1.653815879418087], [-0.7338971828499283, -1.9144452645903112, 0.00882932763529809], [-0.7400837838840293, 0.949471524155654, -1.6621953986497802], [3.5701815969527986, -1.0245197284856933, -1.645461955901062], [3.5736514210229555, -1.015662513181391, 1.6474925822518116], [3.3126595698835795, 3.6967203237521113, -1.656971742417662], [3.413105357021026, 3.7254186734161983, 1.663955967375124], [7.657976471795018, 1.6307797447794092, -1.6986566402042782]], "name": "C4H8O", "identifiers": {"molecule_hash": "535a19af0fe337166ccf8bd348dcdeb4bca8c050", "molecular_formula": "C4H8O"}, "molecular_charge": 0.0, "molecular_multiplicity": 1, "connectivity": [[0, 1, 1.0], [0, 5, 1.0], [0, 6, 1.0], [0, 7, 1.0], [1, 2, 1.0], [1, 8, 1.0], [1, 9, 1.0], [2, 3, 1.0], [2, 10, 1.0], [2, 11, 1.0], [3, 4, 2.0], [3, 12, 1.0]], "fix_com": true, "fix_orientation": true, "provenance": {"creator": "QCElemental", "version": "v0.22.0", "routine": "qcelemental.molparse.from_schema"}, "id": "30951"}, "charge": 0, "optimize_geometry": false, "conformers": [], "conformer_generation_options": {"n_conformer_pool": 4000, "n_max_conformers": 0, "rms_tolerance": 0.05, "energy_window": 15, "keep_original_conformer": true}, "stage_1_unrestrained_charges": null, "stage_1_restrained_charges": null, "stage_2_unrestrained_charges": null, "stage_2_restrained_charges": null, "keep_original_orientation": false, "reorientations": [], "translations": [], "rotations": []}}], "charge": 0.06759863355070236}, {"atoms": [{"index": 6, "molecule": {"qcmol": {"schema_name": "qcschema_molecule", "schema_version": 2, "validated": true, "symbols": ["C", "C", "C", "C", "O", "H", "H", "H", "H", "H", "H", "H", "H"], "geometry": [[-0.0, -0.0, 0.0], [2.8867634685882155, -7.379876941987739e-16, -1.0020971606935618e-16], [3.9918786677198073, 2.6810205529965145, -8.881784197001252e-16], [6.83766130868079, 2.6611812088296736, -0.09871407980250724], [8.174443628532199, 3.6567983450623505, 1.4060751686780253], [-0.7385789616430688, 0.9634201789128916, 1.653815879418087], [-0.7338971828499283, -1.9144452645903112, 0.00882932763529809], [-0.7400837838840293, 0.949471524155654, -1.6621953986497802], [3.5701815969527986, -1.0245197284856933, -1.645461955901062], [3.5736514210229555, -1.015662513181391, 1.6474925822518116], [3.3126595698835795, 3.6967203237521113, -1.656971742417662], [3.413105357021026, 3.7254186734161983, 1.663955967375124], [7.657976471795018, 1.6307797447794092, -1.6986566402042782]], "name": "C4H8O", "identifiers": {"molecule_hash": "535a19af0fe337166ccf8bd348dcdeb4bca8c050", "molecular_formula": "C4H8O"}, "molecular_charge": 0.0, "molecular_multiplicity": 1, "connectivity": [[0, 1, 1.0], [0, 5, 1.0], [0, 6, 1.0], [0, 7, 1.0], [1, 2, 1.0], [1, 8, 1.0], [1, 9, 1.0], [2, 3, 1.0], [2, 10, 1.0], [2, 11, 1.0], [3, 4, 2.0], [3, 12, 1.0]], "fix_com": true, "fix_orientation": true, "provenance": {"creator": "QCElemental", "version": "v0.22.0", "routine": "qcelemental.molparse.from_schema"}, "id": "30951"}, "charge": 0, "optimize_geometry": false, "conformers": [], "conformer_generation_options": {"n_conformer_pool": 4000, "n_max_conformers": 0, "rms_tolerance": 0.05, "energy_window": 15, "keep_original_conformer": true}, "stage_1_unrestrained_charges": null, "stage_1_restrained_charges": null, "stage_2_unrestrained_charges": null, "stage_2_restrained_charges": null, "keep_original_orientation": false, "reorientations": [], "translations": [], "rotations": []}}], "charge": 0.06795166378021095}, {"atoms": [{"index": 7, "molecule": {"qcmol": {"schema_name": "qcschema_molecule", "schema_version": 2, "validated": true, "symbols": ["C", "C", "C", "C", "O", "H", "H", "H", "H", "H", "H", "H", "H"], "geometry": [[-0.0, -0.0, 0.0], [2.8867634685882155, -7.379876941987739e-16, -1.0020971606935618e-16], [3.9918786677198073, 2.6810205529965145, -8.881784197001252e-16], [6.83766130868079, 2.6611812088296736, -0.09871407980250724], [8.174443628532199, 3.6567983450623505, 1.4060751686780253], [-0.7385789616430688, 0.9634201789128916, 1.653815879418087], [-0.7338971828499283, -1.9144452645903112, 0.00882932763529809], [-0.7400837838840293, 0.949471524155654, -1.6621953986497802], [3.5701815969527986, -1.0245197284856933, -1.645461955901062], [3.5736514210229555, -1.015662513181391, 1.6474925822518116], [3.3126595698835795, 3.6967203237521113, -1.656971742417662], [3.413105357021026, 3.7254186734161983, 1.663955967375124], [7.657976471795018, 1.6307797447794092, -1.6986566402042782]], "name": "C4H8O", "identifiers": {"molecule_hash": "535a19af0fe337166ccf8bd348dcdeb4bca8c050", "molecular_formula": "C4H8O"}, "molecular_charge": 0.0, "molecular_multiplicity": 1, "connectivity": [[0, 1, 1.0], [0, 5, 1.0], [0, 6, 1.0], [0, 7, 1.0], [1, 2, 1.0], [1, 8, 1.0], [1, 9, 1.0], [2, 3, 1.0], [2, 10, 1.0], [2, 11, 1.0], [3, 4, 2.0], [3, 12, 1.0]], "fix_com": true, "fix_orientation": true, "provenance": {"creator": "QCElemental", "version": "v0.22.0", "routine": "qcelemental.molparse.from_schema"}, "id": "30951"}, "charge": 0, "optimize_geometry": false, "conformers": [], "conformer_generation_options": {"n_conformer_pool": 4000, "n_max_conformers": 0, "rms_tolerance": 0.05, "energy_window": 15, "keep_original_conformer": true}, "stage_1_unrestrained_charges": null, "stage_1_restrained_charges": null, "stage_2_unrestrained_charges": null, "stage_2_restrained_charges": null, "keep_original_orientation": false, "reorientations": [], "translations": [], "rotations": []}}], "charge": 0.06512013923506063}, {"atoms": [{"index": 8, "molecule": {"qcmol": {"schema_name": "qcschema_molecule", "schema_version": 2, "validated": true, "symbols": ["C", "C", "C", "C", "O", "H", "H", "H", "H", "H", "H", "H", "H"], "geometry": [[-0.0, -0.0, 0.0], [2.8867634685882155, -7.379876941987739e-16, -1.0020971606935618e-16], [3.9918786677198073, 2.6810205529965145, -8.881784197001252e-16], [6.83766130868079, 2.6611812088296736, -0.09871407980250724], [8.174443628532199, 3.6567983450623505, 1.4060751686780253], [-0.7385789616430688, 0.9634201789128916, 1.653815879418087], [-0.7338971828499283, -1.9144452645903112, 0.00882932763529809], [-0.7400837838840293, 0.949471524155654, -1.6621953986497802], [3.5701815969527986, -1.0245197284856933, -1.645461955901062], [3.5736514210229555, -1.015662513181391, 1.6474925822518116], [3.3126595698835795, 3.6967203237521113, -1.656971742417662], [3.413105357021026, 3.7254186734161983, 1.663955967375124], [7.657976471795018, 1.6307797447794092, -1.6986566402042782]], "name": "C4H8O", "identifiers": {"molecule_hash": "535a19af0fe337166ccf8bd348dcdeb4bca8c050", "molecular_formula": "C4H8O"}, "molecular_charge": 0.0, "molecular_multiplicity": 1, "connectivity": [[0, 1, 1.0], [0, 5, 1.0], [0, 6, 1.0], [0, 7, 1.0], [1, 2, 1.0], [1, 8, 1.0], [1, 9, 1.0], [2, 3, 1.0], [2, 10, 1.0], [2, 11, 1.0], [3, 4, 2.0], [3, 12, 1.0]], "fix_com": true, "fix_orientation": true, "provenance": {"creator": "QCElemental", "version": "v0.22.0", "routine": "qcelemental.molparse.from_schema"}, "id": "30951"}, "charge": 0, "optimize_geometry": false, "conformers": [], "conformer_generation_options": {"n_conformer_pool": 4000, "n_max_conformers": 0, "rms_tolerance": 0.05, "energy_window": 15, "keep_original_conformer": true}, "stage_1_unrestrained_charges": null, "stage_1_restrained_charges": null, "stage_2_unrestrained_charges": null, "stage_2_restrained_charges": null, "keep_original_orientation": false, "reorientations": [], "translations": [], "rotations": []}}], "charge": -0.014222461754909925}, {"atoms": [{"index": 9, "molecule": {"qcmol": {"schema_name": "qcschema_molecule", "schema_version": 2, "validated": true, "symbols": ["C", "C", "C", "C", "O", "H", "H", "H", "H", "H", "H", "H", "H"], "geometry": [[-0.0, -0.0, 0.0], [2.8867634685882155, -7.379876941987739e-16, -1.0020971606935618e-16], [3.9918786677198073, 2.6810205529965145, -8.881784197001252e-16], [6.83766130868079, 2.6611812088296736, -0.09871407980250724], [8.174443628532199, 3.6567983450623505, 1.4060751686780253], [-0.7385789616430688, 0.9634201789128916, 1.653815879418087], [-0.7338971828499283, -1.9144452645903112, 0.00882932763529809], [-0.7400837838840293, 0.949471524155654, -1.6621953986497802], [3.5701815969527986, -1.0245197284856933, -1.645461955901062], [3.5736514210229555, -1.015662513181391, 1.6474925822518116], [3.3126595698835795, 3.6967203237521113, -1.656971742417662], [3.413105357021026, 3.7254186734161983, 1.663955967375124], [7.657976471795018, 1.6307797447794092, -1.6986566402042782]], "name": "C4H8O", "identifiers": {"molecule_hash": "535a19af0fe337166ccf8bd348dcdeb4bca8c050", "molecular_formula": "C4H8O"}, "molecular_charge": 0.0, "molecular_multiplicity": 1, "connectivity": [[0, 1, 1.0], [0, 5, 1.0], [0, 6, 1.0], [0, 7, 1.0], [1, 2, 1.0], [1, 8, 1.0], [1, 9, 1.0], [2, 3, 1.0], [2, 10, 1.0], [2, 11, 1.0], [3, 4, 2.0], [3, 12, 1.0]], "fix_com": true, "fix_orientation": true, "provenance": {"creator": "QCElemental", "version": "v0.22.0", "routine": "qcelemental.molparse.from_schema"}, "id": "30951"}, "charge": 0, "optimize_geometry": false, "conformers": [], "conformer_generation_options": {"n_conformer_pool": 4000, "n_max_conformers": 0, "rms_tolerance": 0.05, "energy_window": 15, "keep_original_conformer": true}, "stage_1_unrestrained_charges": null, "stage_1_restrained_charges": null, "stage_2_unrestrained_charges": null, "stage_2_restrained_charges": null, "keep_original_orientation": false, "reorientations": [], "translations": [], "rotations": []}}], "charge": -0.005153521210408783}, {"atoms": [{"index": 10, "molecule": {"qcmol": {"schema_name": "qcschema_molecule", "schema_version": 2, "validated": true, "symbols": ["C", "C", "C", "C", "O", "H", "H", "H", "H", "H", "H", "H", "H"], "geometry": [[-0.0, -0.0, 0.0], [2.8867634685882155, -7.379876941987739e-16, -1.0020971606935618e-16], [3.9918786677198073, 2.6810205529965145, -8.881784197001252e-16], [6.83766130868079, 2.6611812088296736, -0.09871407980250724], [8.174443628532199, 3.6567983450623505, 1.4060751686780253], [-0.7385789616430688, 0.9634201789128916, 1.653815879418087], [-0.7338971828499283, -1.9144452645903112, 0.00882932763529809], [-0.7400837838840293, 0.949471524155654, -1.6621953986497802], [3.5701815969527986, -1.0245197284856933, -1.645461955901062], [3.5736514210229555, -1.015662513181391, 1.6474925822518116], [3.3126595698835795, 3.6967203237521113, -1.656971742417662], [3.413105357021026, 3.7254186734161983, 1.663955967375124], [7.657976471795018, 1.6307797447794092, -1.6986566402042782]], "name": "C4H8O", "identifiers": {"molecule_hash": "535a19af0fe337166ccf8bd348dcdeb4bca8c050", "molecular_formula": "C4H8O"}, "molecular_charge": 0.0, "molecular_multiplicity": 1, "connectivity": [[0, 1, 1.0], [0, 5, 1.0], [0, 6, 1.0], [0, 7, 1.0], [1, 2, 1.0], [1, 8, 1.0], [1, 9, 1.0], [2, 3, 1.0], [2, 10, 1.0], [2, 11, 1.0], [3, 4, 2.0], [3, 12, 1.0]], "fix_com": true, "fix_orientation": true, "provenance": {"creator": "QCElemental", "version": "v0.22.0", "routine": "qcelemental.molparse.from_schema"}, "id": "30951"}, "charge": 0, "optimize_geometry": false, "conformers": [], "conformer_generation_options": {"n_conformer_pool": 4000, "n_max_conformers": 0, "rms_tolerance": 0.05, "energy_window": 15, "keep_original_conformer": true}, "stage_1_unrestrained_charges": null, "stage_1_restrained_charges": null, "stage_2_unrestrained_charges": null, "stage_2_restrained_charges": null, "keep_original_orientation": false, "reorientations": [], "translations": [], "rotations": []}}], "charge": 0.046368265782534585}, {"atoms": [{"index": 11, "molecule": {"qcmol": {"schema_name": "qcschema_molecule", "schema_version": 2, "validated": true, "symbols": ["C", "C", "C", "C", "O", "H", "H", "H", "H", "H", "H", "H", "H"], "geometry": [[-0.0, -0.0, 0.0], [2.8867634685882155, -7.379876941987739e-16, -1.0020971606935618e-16], [3.9918786677198073, 2.6810205529965145, -8.881784197001252e-16], [6.83766130868079, 2.6611812088296736, -0.09871407980250724], [8.174443628532199, 3.6567983450623505, 1.4060751686780253], [-0.7385789616430688, 0.9634201789128916, 1.653815879418087], [-0.7338971828499283, -1.9144452645903112, 0.00882932763529809], [-0.7400837838840293, 0.949471524155654, -1.6621953986497802], [3.5701815969527986, -1.0245197284856933, -1.645461955901062], [3.5736514210229555, -1.015662513181391, 1.6474925822518116], [3.3126595698835795, 3.6967203237521113, -1.656971742417662], [3.413105357021026, 3.7254186734161983, 1.663955967375124], [7.657976471795018, 1.6307797447794092, -1.6986566402042782]], "name": "C4H8O", "identifiers": {"molecule_hash": "535a19af0fe337166ccf8bd348dcdeb4bca8c050", "molecular_formula": "C4H8O"}, "molecular_charge": 0.0, "molecular_multiplicity": 1, "connectivity": [[0, 1, 1.0], [0, 5, 1.0], [0, 6, 1.0], [0, 7, 1.0], [1, 2, 1.0], [1, 8, 1.0], [1, 9, 1.0], [2, 3, 1.0], [2, 10, 1.0], [2, 11, 1.0], [3, 4, 2.0], [3, 12, 1.0]], "fix_com": true, "fix_orientation": true, "provenance": {"creator": "QCElemental", "version": "v0.22.0", "routine": "qcelemental.molparse.from_schema"}, "id": "30951"}, "charge": 0, "optimize_geometry": false, "conformers": [], "conformer_generation_options": {"n_conformer_pool": 4000, "n_max_conformers": 0, "rms_tolerance": 0.05, "energy_window": 15, "keep_original_conformer": true}, "stage_1_unrestrained_charges": null, "stage_1_restrained_charges": null, "stage_2_unrestrained_charges": null, "stage_2_restrained_charges": null, "keep_original_orientation": false, "reorientations": [], "translations": [], "rotations": []}}], "charge": 0.044410444578786505}, {"atoms": [{"index": 12, "molecule": {"qcmol": {"schema_name": "qcschema_molecule", "schema_version": 2, "validated": true, "symbols": ["C", "C", "C", "C", "O", "H", "H", "H", "H", "H", "H", "H", "H"], "geometry": [[-0.0, -0.0, 0.0], [2.8867634685882155, -7.379876941987739e-16, -1.0020971606935618e-16], [3.9918786677198073, 2.6810205529965145, -8.881784197001252e-16], [6.83766130868079, 2.6611812088296736, -0.09871407980250724], [8.174443628532199, 3.6567983450623505, 1.4060751686780253], [-0.7385789616430688, 0.9634201789128916, 1.653815879418087], [-0.7338971828499283, -1.9144452645903112, 0.00882932763529809], [-0.7400837838840293, 0.949471524155654, -1.6621953986497802], [3.5701815969527986, -1.0245197284856933, -1.645461955901062], [3.5736514210229555, -1.015662513181391, 1.6474925822518116], [3.3126595698835795, 3.6967203237521113, -1.656971742417662], [3.413105357021026, 3.7254186734161983, 1.663955967375124], [7.657976471795018, 1.6307797447794092, -1.6986566402042782]], "name": "C4H8O", "identifiers": {"molecule_hash": "535a19af0fe337166ccf8bd348dcdeb4bca8c050", "molecular_formula": "C4H8O"}, "molecular_charge": 0.0, "molecular_multiplicity": 1, "connectivity": [[0, 1, 1.0], [0, 5, 1.0], [0, 6, 1.0], [0, 7, 1.0], [1, 2, 1.0], [1, 8, 1.0], [1, 9, 1.0], [2, 3, 1.0], [2, 10, 1.0], [2, 11, 1.0], [3, 4, 2.0], [3, 12, 1.0]], "fix_com": true, "fix_orientation": true, "provenance": {"creator": "QCElemental", "version": "v0.22.0", "routine": "qcelemental.molparse.from_schema"}, "id": "30951"}, "charge": 0, "optimize_geometry": false, "conformers": [], "conformer_generation_options": {"n_conformer_pool": 4000, "n_max_conformers": 0, "rms_tolerance": 0.05, "energy_window": 15, "keep_original_conformer": true}, "stage_1_unrestrained_charges": null, "stage_1_restrained_charges": null, "stage_2_unrestrained_charges": null, "stage_2_restrained_charges": null, "keep_original_orientation": false, "reorientations": [], "translations": [], "rotations": []}}], "charge": -0.030881962012275846}], "charge_equivalence_constraints": [], "molecules": [{"qcmol": {"schema_name": "qcschema_molecule", "schema_version": 2, "validated": true, "symbols": ["C", "C", "C", "C", "O", "H", "H", "H", "H", "H", "H", "H", "H"], "geometry": [[-0.0, -0.0, 0.0], [2.8867634685882155, -7.379876941987739e-16, -1.0020971606935618e-16], [3.9918786677198073, 2.6810205529965145, -8.881784197001252e-16], [6.83766130868079, 2.6611812088296736, -0.09871407980250724], [8.174443628532199, 3.6567983450623505, 1.4060751686780253], [-0.7385789616430688, 0.9634201789128916, 1.653815879418087], [-0.7338971828499283, -1.9144452645903112, 0.00882932763529809], [-0.7400837838840293, 0.949471524155654, -1.6621953986497802], [3.5701815969527986, -1.0245197284856933, -1.645461955901062], [3.5736514210229555, -1.015662513181391, 1.6474925822518116], [3.3126595698835795, 3.6967203237521113, -1.656971742417662], [3.413105357021026, 3.7254186734161983, 1.663955967375124], [7.657976471795018, 1.6307797447794092, -1.6986566402042782]], "name": "C4H8O", "identifiers": {"molecule_hash": "535a19af0fe337166ccf8bd348dcdeb4bca8c050", "molecular_formula": "C4H8O"}, "molecular_charge": 0.0, "molecular_multiplicity": 1, "connectivity": [[0, 1, 1.0], [0, 5, 1.0], [0, 6, 1.0], [0, 7, 1.0], [1, 2, 1.0], [1, 8, 1.0], [1, 9, 1.0], [2, 3, 1.0], [2, 10, 1.0], [2, 11, 1.0], [3, 4, 2.0], [3, 12, 1.0]], "fix_com": true, "fix_orientation": true, "provenance": {"creator": "QCElemental", "version": "v0.22.0", "routine": "qcelemental.molparse.from_schema"}, "id": "30951"}, "charge": 0, "optimize_geometry": false, "conformers": [], "conformer_generation_options": {"n_conformer_pool": 4000, "n_max_conformers": 0, "rms_tolerance": 0.05, "energy_window": 15, "keep_original_conformer": true}, "stage_1_unrestrained_charges": null, "stage_1_restrained_charges": null, "stage_2_unrestrained_charges": null, "stage_2_restrained_charges": null, "keep_original_orientation": false, "reorientations": [], "translations": [], "rotations": []}], "unconstrained_atoms": []}, "surface_constraints": {"matrix": [[265684112705314.03, 256873100391010.7, 246754520558168.47, 238499787140019.4, 231252475889161.7, 267395675066985.6, 267462861289643.3, 267445398505744.44, 255816188277145.72, 256117256659810.5, 242417931794280.22, 247052894792499.47, 236968454558293.28], [256873100391010.7, 262660591636063.25, 255768645695417.75, 246873043182900.1, 239576967687787.78, 254718013584059.5, 254782787145927.3, 254841158241860.9, 266166533310376.9, 266267029364343.66, 255117279314075.62, 255075928360091.47, 244651170543778.28], [246754520558168.47, 255768645695417.75, 262837098023029.7, 257053625692055.5, 251168682418904.5, 244215291852719.53, 244326829941213.4, 243445457644698.16, 255378732376097.8, 255244124407948.88, 266450898551720.28, 266572761531284.3, 254889261310322.47], [238499787140019.4, 246873043182900.1, 257053625692055.5, 265181931121784.16, 264525463260901.3, 237462774710244.28, 236687146938660.44, 233694292696563.78, 241833352750037.78, 248502100919043.62, 256732876103860.4, 256840885959931.03, 267914401585456.12], [231252475889161.7, 239576967687787.78, 251168682418904.5, 264525463260901.3, 274665917211177.88, 230946935115611.9, 229658948956918.3, 225648002279326.06, 232238106693830.2, 242640408147369.5, 250071206473968.34, 248996290802647.38, 261243464740486.03], [267395675066985.6, 254718013584059.5, 244215291852719.53, 237462774710244.28, 230946935115611.9, 280451726933399.2, 265244227380906.06, 265093385936640.53, 248897725240558.03, 256052582779802.28, 238640086309998.8, 244223170005856.47, 236531330394456.28], [267462861289643.3, 254782787145927.3, 244326829941213.4, 236687146938660.44, 229658948956918.3, 265244227380906.06, 280688152006332.12, 265106383842455.03, 253796581386482.25, 251207657374324.28, 238839551278993.2, 245070190016010.3, 235394280310723.62], [267445398505744.44, 254841158241860.9, 243445457644698.16, 233694292696563.78, 225648002279326.06, 265093385936640.53, 265106383842455.03, 280690024754826.97, 254684073063619.62, 251216166598725.06, 238994113570124.5, 244227637887508.94, 231876343257843.53], [255816188277145.72, 266166533310376.9, 255378732376097.8, 241833352750037.78, 232238106693830.2, 248897725240558.03, 253796581386482.25, 254684073063619.62, 280662346504906.38, 265633874689130.0, 255814343086597.5, 254162939319260.75, 239362732963640.78], [256117256659810.5, 266267029364343.66, 255244124407948.88, 248502100919043.62, 242640408147369.5, 256052582779802.28, 251207657374324.28, 251216166598725.06, 265633874689130.0, 281163482636022.53, 253270864715209.53, 250589734648328.38, 245842088558488.22], [242417931794280.22, 255117279314075.62, 266450898551720.28, 256732876103860.4, 250071206473968.34, 238640086309998.8, 238839551278993.2, 238994113570124.5, 255814343086597.5, 253270864715209.53, 281082117721485.03, 265904644554606.06, 252335625470580.4], [247052894792499.47, 255075928360091.47, 266572761531284.3, 256840885959931.03, 248996290802647.38, 244223170005856.47, 245070190016010.3, 244227637887508.94, 254162939319260.75, 250589734648328.38, 265904644554606.06, 281553578497549.1, 253684926063728.66], [236968454558293.28, 244651170543778.28, 254889261310322.47, 267914401585456.12, 261243464740486.03, 236531330394456.28, 235394280310723.62, 231876343257843.53, 239362732963640.78, 245842088558488.22, 252335625470580.4, 253684926063728.66, 282123325844904.25], [4010730001661.0874, 3950144600903.5107, 2830817366495.0127, -329184208872.28894, -4845519013090.862, 3682113749328.324, 3922758934429.4946, 4464234882654.876, 5181504038294.22, 3395238164157.1997, 3371252472612.8306, 3762576106482.0005, 1466627181988.9011]]}}