{"resp_b": 0.1, "restrained_fit": true, "exclude_hydrogens": true, "convergence_tolerance": 1e-06, "max_iter": 500, "resp_a": 0.001, "charge_constraints": {"charge_sum_constraints": [{"atoms": [{"index": 0, "molecule": {"qcmol": {"schema_name": "qcschema_molecule", "schema_version": 2, "validated": true, "symbols": ["C", "C", "C", "C", "O", "H", "H", "H", "H", "H", "H", "H", "H"], "geometry": [[-0.0, -0.0, 0.0], [2.8867634685882155, -7.379876941987739e-16, -1.0020971606935618e-16], [3.9918786677198073, 2.6810205529965145, -8.881784197001252e-16], [6.83766130868079, 2.6611812088296736, -0.09871407980250724], [8.174443628532199, 3.6567983450623505, 1.4060751686780253], [-0.7385789616430688, 0.9634201789128916, 1.653815879418087], [-0.7338971828499283, -1.9144452645903112, 0.00882932763529809], [-0.7400837838840293, 0.949471524155654, -1.6621953986497802], [3.5701815969527986, -1.0245197284856933, -1.645461955901062], [3.5736514210229555, -1.015662513181391, 1.6474925822518116], [3.3126595698835795, 3.6967203237521113, -1.656971742417662], [3.413105357021026, 3.7254186734161983, 1.663955967375124], [7.657976471795018, 1.6307797447794092, -1.6986566402042782]], "name": "C4H8O", "identifiers": {"molecule_hash": "535a19af0fe337166ccf8bd348dcdeb4bca8c050", "molecular_formula": "C4H8O"}, "molecular_charge": 0.0, "molecular_multiplicity": 1, "connectivity": [[0, 1, 1.0], [0, 5, 1.0], [0, 6, 1.0], [0, 7, 1.0], [1, 2, 1.0], [1, 8, 1.0], [1, 9, 1.0], [2, 3, 1.0], [2, 10, 1.0], [2, 11, 1.0], [3, 4, 2.0], [3, 12, 1.0]], "fix_com": true, "fix_orientation": true, "provenance": {"creator": "QCElemental", "version": "v0.22.0", "routine": "qcelemental.molparse.from_schema"}, "id": "30951"}, "charge": 0, "optimize_geometry": false, "conformers": [], "conformer_generation_options": {"n_conformer_pool": 4000, "n_max_conformers": 0, "rms_tolerance": 0.05, "energy_window": 15, "keep_original_conformer": true}, "stage_1_unrestrained_charges": null, "stage_1_restrained_charges": null, "stage_2_unrestrained_charges": null, "stage_2_restrained_charges": null, "keep_original_orientation": false, "reorientations": [], "translations": [], "rotations": []}}], "charge": -0.267369410268391}, {"atoms": [{"index": 1, "molecule": {"qcmol": {"schema_name": "qcschema_molecule", "schema_version": 2, "validated": true, "symbols": ["C", "C", "C", "C", "O", "H", "H", "H", "H", "H", "H", "H", "H"], "geometry": [[-0.0, -0.0, 0.0], [2.8867634685882155, -7.379876941987739e-16, -1.0020971606935618e-16], [3.9918786677198073, 2.6810205529965145, -8.881784197001252e-16], [6.83766130868079, 2.6611812088296736, -0.09871407980250724], [8.174443628532199, 3.6567983450623505, 1.4060751686780253], [-0.7385789616430688, 0.9634201789128916, 1.653815879418087], [-0.7338971828499283, -1.9144452645903112, 0.00882932763529809], [-0.7400837838840293, 0.949471524155654, -1.6621953986497802], [3.5701815969527986, -1.0245197284856933, -1.645461955901062], [3.5736514210229555, -1.015662513181391, 1.6474925822518116], [3.3126595698835795, 3.6967203237521113, -1.656971742417662], [3.413105357021026, 3.7254186734161983, 1.663955967375124], [7.657976471795018, 1.6307797447794092, -1.6986566402042782]], "name": "C4H8O", "identifiers": {"molecule_hash": "535a19af0fe337166ccf8bd348dcdeb4bca8c050", "molecular_formula": "C4H8O"}, "molecular_charge": 0.0, "molecular_multiplicity": 1, "connectivity": [[0, 1, 1.0], [0, 5, 1.0], [0, 6, 1.0], [0, 7, 1.0], [1, 2, 1.0], [1, 8, 1.0], [1, 9, 1.0], [2, 3, 1.0], [2, 10, 1.0], [2, 11, 1.0], [3, 4, 2.0], [3, 12, 1.0]], "fix_com": true, "fix_orientation": true, "provenance": {"creator": "QCElemental", "version": "v0.22.0", "routine": "qcelemental.molparse.from_schema"}, "id": "30951"}, "charge": 0, "optimize_geometry": false, "conformers": [], "conformer_generation_options": {"n_conformer_pool": 4000, "n_max_conformers": 0, "rms_tolerance": 0.05, "energy_window": 15, "keep_original_conformer": true}, "stage_1_unrestrained_charges": null, "stage_1_restrained_charges": null, "stage_2_unrestrained_charges": null, "stage_2_restrained_charges": null, "keep_original_orientation": false, "reorientations": [], "translations": [], "rotations": []}}], "charge": 0.16977224407624528}, {"atoms": [{"index": 2, "molecule": {"qcmol": {"schema_name": "qcschema_molecule", "schema_version": 2, "validated": true, "symbols": ["C", "C", "C", "C", "O", "H", "H", "H", "H", "H", "H", "H", "H"], "geometry": [[-0.0, -0.0, 0.0], [2.8867634685882155, -7.379876941987739e-16, -1.0020971606935618e-16], [3.9918786677198073, 2.6810205529965145, -8.881784197001252e-16], [6.83766130868079, 2.6611812088296736, -0.09871407980250724], [8.174443628532199, 3.6567983450623505, 1.4060751686780253], [-0.7385789616430688, 0.9634201789128916, 1.653815879418087], [-0.7338971828499283, -1.9144452645903112, 0.00882932763529809], [-0.7400837838840293, 0.949471524155654, -1.6621953986497802], [3.5701815969527986, -1.0245197284856933, -1.645461955901062], [3.5736514210229555, -1.015662513181391, 1.6474925822518116], [3.3126595698835795, 3.6967203237521113, -1.656971742417662], [3.413105357021026, 3.7254186734161983, 1.663955967375124], [7.657976471795018, 1.6307797447794092, -1.6986566402042782]], "name": "C4H8O", "identifiers": {"molecule_hash": "535a19af0fe337166ccf8bd348dcdeb4bca8c050", "molecular_formula": "C4H8O"}, "molecular_charge": 0.0, "molecular_multiplicity": 1, "connectivity": [[0, 1, 1.0], [0, 5, 1.0], [0, 6, 1.0], [0, 7, 1.0], [1, 2, 1.0], [1, 8, 1.0], [1, 9, 1.0], [2, 3, 1.0], [2, 10, 1.0], [2, 11, 1.0], [3, 4, 2.0], [3, 12, 1.0]], "fix_com": true, "fix_orientation": true, "provenance": {"creator": "QCElemental", "version": "v0.22.0", "routine": "qcelemental.molparse.from_schema"}, "id": "30951"}, "charge": 0, "optimize_geometry": false, "conformers": [], "conformer_generation_options": {"n_conformer_pool": 4000, "n_max_conformers": 0, "rms_tolerance": 0.05, "energy_window": 15, "keep_original_conformer": true}, "stage_1_unrestrained_charges": null, "stage_1_restrained_charges": null, "stage_2_unrestrained_charges": null, "stage_2_restrained_charges": null, "keep_original_orientation": false, "reorientations": [], "translations": [], "rotations": []}}], "charge": -0.15911375539939468}, {"atoms": [{"index": 3, "molecule": {"qcmol": {"schema_name": "qcschema_molecule", "schema_version": 2, "validated": true, "symbols": ["C", "C", "C", "C", "O", "H", "H", "H", "H", "H", "H", "H", "H"], "geometry": [[-0.0, -0.0, 0.0], [2.8867634685882155, -7.379876941987739e-16, -1.0020971606935618e-16], [3.9918786677198073, 2.6810205529965145, -8.881784197001252e-16], [6.83766130868079, 2.6611812088296736, -0.09871407980250724], [8.174443628532199, 3.6567983450623505, 1.4060751686780253], [-0.7385789616430688, 0.9634201789128916, 1.653815879418087], [-0.7338971828499283, -1.9144452645903112, 0.00882932763529809], [-0.7400837838840293, 0.949471524155654, -1.6621953986497802], [3.5701815969527986, -1.0245197284856933, -1.645461955901062], [3.5736514210229555, -1.015662513181391, 1.6474925822518116], [3.3126595698835795, 3.6967203237521113, -1.656971742417662], [3.413105357021026, 3.7254186734161983, 1.663955967375124], [7.657976471795018, 1.6307797447794092, -1.6986566402042782]], "name": "C4H8O", "identifiers": {"molecule_hash": "535a19af0fe337166ccf8bd348dcdeb4bca8c050", "molecular_formula": "C4H8O"}, "molecular_charge": 0.0, "molecular_multiplicity": 1, "connectivity": [[0, 1, 1.0], [0, 5, 1.0], [0, 6, 1.0], [0, 7, 1.0], [1, 2, 1.0], [1, 8, 1.0], [1, 9, 1.0], [2, 3, 1.0], [2, 10, 1.0], [2, 11, 1.0], [3, 4, 2.0], [3, 12, 1.0]], "fix_com": true, "fix_orientation": true, "provenance": {"creator": "QCElemental", "version": "v0.22.0", "routine": "qcelemental.molparse.from_schema"}, "id": "30951"}, "charge": 0, "optimize_geometry": false, "conformers": [], "conformer_generation_options": {"n_conformer_pool": 4000, "n_max_conformers": 0, "rms_tolerance": 0.05, "energy_window": 15, "keep_original_conformer": true}, "stage_1_unrestrained_charges": null, "stage_1_restrained_charges": null, "stage_2_unrestrained_charges": null, "stage_2_restrained_charges": null, "keep_original_orientation": false, "reorientations": [], "translations": [], "rotations": []}}], "charge": 0.43867723152150867}, {"atoms": [{"index": 4, "molecule": {"qcmol": {"schema_name": "qcschema_molecule", "schema_version": 2, "validated": true, "symbols": ["C", "C", "C", "C", "O", "H", "H", "H", "H", "H", "H", "H", "H"], "geometry": [[-0.0, -0.0, 0.0], [2.8867634685882155, -7.379876941987739e-16, -1.0020971606935618e-16], [3.9918786677198073, 2.6810205529965145, -8.881784197001252e-16], [6.83766130868079, 2.6611812088296736, -0.09871407980250724], [8.174443628532199, 3.6567983450623505, 1.4060751686780253], [-0.7385789616430688, 0.9634201789128916, 1.653815879418087], [-0.7338971828499283, -1.9144452645903112, 0.00882932763529809], [-0.7400837838840293, 0.949471524155654, -1.6621953986497802], [3.5701815969527986, -1.0245197284856933, -1.645461955901062], [3.5736514210229555, -1.015662513181391, 1.6474925822518116], [3.3126595698835795, 3.6967203237521113, -1.656971742417662], [3.413105357021026, 3.7254186734161983, 1.663955967375124], [7.657976471795018, 1.6307797447794092, -1.6986566402042782]], "name": "C4H8O", "identifiers": {"molecule_hash": "535a19af0fe337166ccf8bd348dcdeb4bca8c050", "molecular_formula": "C4H8O"}, "molecular_charge": 0.0, "molecular_multiplicity": 1, "connectivity": [[0, 1, 1.0], [0, 5, 1.0], [0, 6, 1.0], [0, 7, 1.0], [1, 2, 1.0], [1, 8, 1.0], [1, 9, 1.0], [2, 3, 1.0], [2, 10, 1.0], [2, 11, 1.0], [3, 4, 2.0], [3, 12, 1.0]], "fix_com": true, "fix_orientation": true, "provenance": {"creator": "QCElemental", "version": "v0.22.0", "routine": "qcelemental.molparse.from_schema"}, "id": "30951"}, "charge": 0, "optimize_geometry": false, "conformers": [], "conformer_generation_options": {"n_conformer_pool": 4000, "n_max_conformers": 0, "rms_tolerance": 0.05, "energy_window": 15, "keep_original_conformer": true}, "stage_1_unrestrained_charges": null, "stage_1_restrained_charges": null, "stage_2_unrestrained_charges": null, "stage_2_restrained_charges": null, "keep_original_orientation": false, "reorientations": [], "translations": [], "rotations": []}}], "charge": -0.4791365363696031}, {"atoms": [{"index": 5, "molecule": {"qcmol": {"schema_name": "qcschema_molecule", "schema_version": 2, "validated": true, "symbols": ["C", "C", "C", "C", "O", "H", "H", "H", "H", "H", "H", "H", "H"], "geometry": [[-0.0, -0.0, 0.0], [2.8867634685882155, -7.379876941987739e-16, -1.0020971606935618e-16], [3.9918786677198073, 2.6810205529965145, -8.881784197001252e-16], [6.83766130868079, 2.6611812088296736, -0.09871407980250724], [8.174443628532199, 3.6567983450623505, 1.4060751686780253], [-0.7385789616430688, 0.9634201789128916, 1.653815879418087], [-0.7338971828499283, -1.9144452645903112, 0.00882932763529809], [-0.7400837838840293, 0.949471524155654, -1.6621953986497802], [3.5701815969527986, -1.0245197284856933, -1.645461955901062], [3.5736514210229555, -1.015662513181391, 1.6474925822518116], [3.3126595698835795, 3.6967203237521113, -1.656971742417662], [3.413105357021026, 3.7254186734161983, 1.663955967375124], [7.657976471795018, 1.6307797447794092, -1.6986566402042782]], "name": "C4H8O", "identifiers": {"molecule_hash": "535a19af0fe337166ccf8bd348dcdeb4bca8c050", "molecular_formula": "C4H8O"}, "molecular_charge": 0.0, "molecular_multiplicity": 1, "connectivity": [[0, 1, 1.0], [0, 5, 1.0], [0, 6, 1.0], [0, 7, 1.0], [1, 2, 1.0], [1, 8, 1.0], [1, 9, 1.0], [2, 3, 1.0], [2, 10, 1.0], [2, 11, 1.0], [3, 4, 2.0], [3, 12, 1.0]], "fix_com": true, "fix_orientation": true, "provenance": {"creator": "QCElemental", "version": "v0.22.0", "routine": "qcelemental.molparse.from_schema"}, "id": "30951"}, "charge": 0, "optimize_geometry": false, "conformers": [], "conformer_generation_options": {"n_conformer_pool": 4000, "n_max_conformers": 0, "rms_tolerance": 0.05, "energy_window": 15, "keep_original_conformer": true}, "stage_1_unrestrained_charges": null, "stage_1_restrained_charges": null, "stage_2_unrestrained_charges": null, "stage_2_restrained_charges": null, "keep_original_orientation": false, "reorientations": [], "translations": [], "rotations": []}}], "charge": 0.06771701001011957}, {"atoms": [{"index": 6, "molecule": {"qcmol": {"schema_name": "qcschema_molecule", "schema_version": 2, "validated": true, "symbols": ["C", "C", "C", "C", "O", "H", "H", "H", "H", "H", "H", "H", "H"], "geometry": [[-0.0, -0.0, 0.0], [2.8867634685882155, -7.379876941987739e-16, -1.0020971606935618e-16], [3.9918786677198073, 2.6810205529965145, -8.881784197001252e-16], [6.83766130868079, 2.6611812088296736, -0.09871407980250724], [8.174443628532199, 3.6567983450623505, 1.4060751686780253], [-0.7385789616430688, 0.9634201789128916, 1.653815879418087], [-0.7338971828499283, -1.9144452645903112, 0.00882932763529809], [-0.7400837838840293, 0.949471524155654, -1.6621953986497802], [3.5701815969527986, -1.0245197284856933, -1.645461955901062], [3.5736514210229555, -1.015662513181391, 1.6474925822518116], [3.3126595698835795, 3.6967203237521113, -1.656971742417662], [3.413105357021026, 3.7254186734161983, 1.663955967375124], [7.657976471795018, 1.6307797447794092, -1.6986566402042782]], "name": "C4H8O", "identifiers": {"molecule_hash": "535a19af0fe337166ccf8bd348dcdeb4bca8c050", "molecular_formula": "C4H8O"}, "molecular_charge": 0.0, "molecular_multiplicity": 1, "connectivity": [[0, 1, 1.0], [0, 5, 1.0], [0, 6, 1.0], [0, 7, 1.0], [1, 2, 1.0], [1, 8, 1.0], [1, 9, 1.0], [2, 3, 1.0], [2, 10, 1.0], [2, 11, 1.0], [3, 4, 2.0], [3, 12, 1.0]], "fix_com": true, "fix_orientation": true, "provenance": {"creator": "QCElemental", "version": "v0.22.0", "routine": "qcelemental.molparse.from_schema"}, "id": "30951"}, "charge": 0, "optimize_geometry": false, "conformers": [], "conformer_generation_options": {"n_conformer_pool": 4000, "n_max_conformers": 0, "rms_tolerance": 0.05, "energy_window": 15, "keep_original_conformer": true}, "stage_1_unrestrained_charges": null, "stage_1_restrained_charges": null, "stage_2_unrestrained_charges": null, "stage_2_restrained_charges": null, "keep_original_orientation": false, "reorientations": [], "translations": [], "rotations": []}}], "charge": 0.0681602852667733}, {"atoms": [{"index": 7, "molecule": {"qcmol": {"schema_name": "qcschema_molecule", "schema_version": 2, "validated": true, "symbols": ["C", "C", "C", "C", "O", "H", "H", "H", "H", "H", "H", "H", "H"], "geometry": [[-0.0, -0.0, 0.0], [2.8867634685882155, -7.379876941987739e-16, -1.0020971606935618e-16], [3.9918786677198073, 2.6810205529965145, -8.881784197001252e-16], [6.83766130868079, 2.6611812088296736, -0.09871407980250724], [8.174443628532199, 3.6567983450623505, 1.4060751686780253], [-0.7385789616430688, 0.9634201789128916, 1.653815879418087], [-0.7338971828499283, -1.9144452645903112, 0.00882932763529809], [-0.7400837838840293, 0.949471524155654, -1.6621953986497802], [3.5701815969527986, -1.0245197284856933, -1.645461955901062], [3.5736514210229555, -1.015662513181391, 1.6474925822518116], [3.3126595698835795, 3.6967203237521113, -1.656971742417662], [3.413105357021026, 3.7254186734161983, 1.663955967375124], [7.657976471795018, 1.6307797447794092, -1.6986566402042782]], "name": "C4H8O", "identifiers": {"molecule_hash": "535a19af0fe337166ccf8bd348dcdeb4bca8c050", "molecular_formula": "C4H8O"}, "molecular_charge": 0.0, "molecular_multiplicity": 1, "connectivity": [[0, 1, 1.0], [0, 5, 1.0], [0, 6, 1.0], [0, 7, 1.0], [1, 2, 1.0], [1, 8, 1.0], [1, 9, 1.0], [2, 3, 1.0], [2, 10, 1.0], [2, 11, 1.0], [3, 4, 2.0], [3, 12, 1.0]], "fix_com": true, "fix_orientation": true, "provenance": {"creator": "QCElemental", "version": "v0.22.0", "routine": "qcelemental.molparse.from_schema"}, "id": "30951"}, "charge": 0, "optimize_geometry": false, "conformers": [], "conformer_generation_options": {"n_conformer_pool": 4000, "n_max_conformers": 0, "rms_tolerance": 0.05, "energy_window": 15, "keep_original_conformer": true}, "stage_1_unrestrained_charges": null, "stage_1_restrained_charges": null, "stage_2_unrestrained_charges": null, "stage_2_restrained_charges": null, "keep_original_orientation": false, "reorientations": [], "translations": [], "rotations": []}}], "charge": 0.06755706881982103}, {"atoms": [{"index": 8, "molecule": {"qcmol": {"schema_name": "qcschema_molecule", "schema_version": 2, "validated": true, "symbols": ["C", "C", "C", "C", "O", "H", "H", "H", "H", "H", "H", "H", "H"], "geometry": [[-0.0, -0.0, 0.0], [2.8867634685882155, -7.379876941987739e-16, -1.0020971606935618e-16], [3.9918786677198073, 2.6810205529965145, -8.881784197001252e-16], [6.83766130868079, 2.6611812088296736, -0.09871407980250724], [8.174443628532199, 3.6567983450623505, 1.4060751686780253], [-0.7385789616430688, 0.9634201789128916, 1.653815879418087], [-0.7338971828499283, -1.9144452645903112, 0.00882932763529809], [-0.7400837838840293, 0.949471524155654, -1.6621953986497802], [3.5701815969527986, -1.0245197284856933, -1.645461955901062], [3.5736514210229555, -1.015662513181391, 1.6474925822518116], [3.3126595698835795, 3.6967203237521113, -1.656971742417662], [3.413105357021026, 3.7254186734161983, 1.663955967375124], [7.657976471795018, 1.6307797447794092, -1.6986566402042782]], "name": "C4H8O", "identifiers": {"molecule_hash": "535a19af0fe337166ccf8bd348dcdeb4bca8c050", "molecular_formula": "C4H8O"}, "molecular_charge": 0.0, "molecular_multiplicity": 1, "connectivity": [[0, 1, 1.0], [0, 5, 1.0], [0, 6, 1.0], [0, 7, 1.0], [1, 2, 1.0], [1, 8, 1.0], [1, 9, 1.0], [2, 3, 1.0], [2, 10, 1.0], [2, 11, 1.0], [3, 4, 2.0], [3, 12, 1.0]], "fix_com": true, "fix_orientation": true, "provenance": {"creator": "QCElemental", "version": "v0.22.0", "routine": "qcelemental.molparse.from_schema"}, "id": "30951"}, "charge": 0, "optimize_geometry": false, "conformers": [], "conformer_generation_options": {"n_conformer_pool": 4000, "n_max_conformers": 0, "rms_tolerance": 0.05, "energy_window": 15, "keep_original_conformer": true}, "stage_1_unrestrained_charges": null, "stage_1_restrained_charges": null, "stage_2_unrestrained_charges": null, "stage_2_restrained_charges": null, "keep_original_orientation": false, "reorientations": [], "translations": [], "rotations": []}}], "charge": -0.012532328464883235}, {"atoms": [{"index": 9, "molecule": {"qcmol": {"schema_name": "qcschema_molecule", "schema_version": 2, "validated": true, "symbols": ["C", "C", "C", "C", "O", "H", "H", "H", "H", "H", "H", "H", "H"], "geometry": [[-0.0, -0.0, 0.0], [2.8867634685882155, -7.379876941987739e-16, -1.0020971606935618e-16], [3.9918786677198073, 2.6810205529965145, -8.881784197001252e-16], [6.83766130868079, 2.6611812088296736, -0.09871407980250724], [8.174443628532199, 3.6567983450623505, 1.4060751686780253], [-0.7385789616430688, 0.9634201789128916, 1.653815879418087], [-0.7338971828499283, -1.9144452645903112, 0.00882932763529809], [-0.7400837838840293, 0.949471524155654, -1.6621953986497802], [3.5701815969527986, -1.0245197284856933, -1.645461955901062], [3.5736514210229555, -1.015662513181391, 1.6474925822518116], [3.3126595698835795, 3.6967203237521113, -1.656971742417662], [3.413105357021026, 3.7254186734161983, 1.663955967375124], [7.657976471795018, 1.6307797447794092, -1.6986566402042782]], "name": "C4H8O", "identifiers": {"molecule_hash": "535a19af0fe337166ccf8bd348dcdeb4bca8c050", "molecular_formula": "C4H8O"}, "molecular_charge": 0.0, "molecular_multiplicity": 1, "connectivity": [[0, 1, 1.0], [0, 5, 1.0], [0, 6, 1.0], [0, 7, 1.0], [1, 2, 1.0], [1, 8, 1.0], [1, 9, 1.0], [2, 3, 1.0], [2, 10, 1.0], [2, 11, 1.0], [3, 4, 2.0], [3, 12, 1.0]], "fix_com": true, "fix_orientation": true, "provenance": {"creator": "QCElemental", "version": "v0.22.0", "routine": "qcelemental.molparse.from_schema"}, "id": "30951"}, "charge": 0, "optimize_geometry": false, "conformers": [], "conformer_generation_options": {"n_conformer_pool": 4000, "n_max_conformers": 0, "rms_tolerance": 0.05, "energy_window": 15, "keep_original_conformer": true}, "stage_1_unrestrained_charges": null, "stage_1_restrained_charges": null, "stage_2_unrestrained_charges": null, "stage_2_restrained_charges": null, "keep_original_orientation": false, "reorientations": [], "translations": [], "rotations": []}}], "charge": -0.010243329646653783}, {"atoms": [{"index": 10, "molecule": {"qcmol": {"schema_name": "qcschema_molecule", "schema_version": 2, "validated": true, "symbols": ["C", "C", "C", "C", "O", "H", "H", "H", "H", "H", "H", "H", "H"], "geometry": [[-0.0, -0.0, 0.0], [2.8867634685882155, -7.379876941987739e-16, -1.0020971606935618e-16], [3.9918786677198073, 2.6810205529965145, -8.881784197001252e-16], [6.83766130868079, 2.6611812088296736, -0.09871407980250724], [8.174443628532199, 3.6567983450623505, 1.4060751686780253], [-0.7385789616430688, 0.9634201789128916, 1.653815879418087], [-0.7338971828499283, -1.9144452645903112, 0.00882932763529809], [-0.7400837838840293, 0.949471524155654, -1.6621953986497802], [3.5701815969527986, -1.0245197284856933, -1.645461955901062], [3.5736514210229555, -1.015662513181391, 1.6474925822518116], [3.3126595698835795, 3.6967203237521113, -1.656971742417662], [3.413105357021026, 3.7254186734161983, 1.663955967375124], [7.657976471795018, 1.6307797447794092, -1.6986566402042782]], "name": "C4H8O", "identifiers": {"molecule_hash": "535a19af0fe337166ccf8bd348dcdeb4bca8c050", "molecular_formula": "C4H8O"}, "molecular_charge": 0.0, "molecular_multiplicity": 1, "connectivity": [[0, 1, 1.0], [0, 5, 1.0], [0, 6, 1.0], [0, 7, 1.0], [1, 2, 1.0], [1, 8, 1.0], [1, 9, 1.0], [2, 3, 1.0], [2, 10, 1.0], [2, 11, 1.0], [3, 4, 2.0], [3, 12, 1.0]], "fix_com": true, "fix_orientation": true, "provenance": {"creator": "QCElemental", "version": "v0.22.0", "routine": "qcelemental.molparse.from_schema"}, "id": "30951"}, "charge": 0, "optimize_geometry": false, "conformers": [], "conformer_generation_options": {"n_conformer_pool": 4000, "n_max_conformers": 0, "rms_tolerance": 0.05, "energy_window": 15, "keep_original_conformer": true}, "stage_1_unrestrained_charges": null, "stage_1_restrained_charges": null, "stage_2_unrestrained_charges": null, "stage_2_restrained_charges": null, "keep_original_orientation": false, "reorientations": [], "translations": [], "rotations": []}}], "charge": 0.060709212019783076}, {"atoms": [{"index": 11, "molecule": {"qcmol": {"schema_name": "qcschema_molecule", "schema_version": 2, "validated": true, "symbols": ["C", "C", "C", "C", "O", "H", "H", "H", "H", "H", "H", "H", "H"], "geometry": [[-0.0, -0.0, 0.0], [2.8867634685882155, -7.379876941987739e-16, -1.0020971606935618e-16], [3.9918786677198073, 2.6810205529965145, -8.881784197001252e-16], [6.83766130868079, 2.6611812088296736, -0.09871407980250724], [8.174443628532199, 3.6567983450623505, 1.4060751686780253], [-0.7385789616430688, 0.9634201789128916, 1.653815879418087], [-0.7338971828499283, -1.9144452645903112, 0.00882932763529809], [-0.7400837838840293, 0.949471524155654, -1.6621953986497802], [3.5701815969527986, -1.0245197284856933, -1.645461955901062], [3.5736514210229555, -1.015662513181391, 1.6474925822518116], [3.3126595698835795, 3.6967203237521113, -1.656971742417662], [3.413105357021026, 3.7254186734161983, 1.663955967375124], [7.657976471795018, 1.6307797447794092, -1.6986566402042782]], "name": "C4H8O", "identifiers": {"molecule_hash": "535a19af0fe337166ccf8bd348dcdeb4bca8c050", "molecular_formula": "C4H8O"}, "molecular_charge": 0.0, "molecular_multiplicity": 1, "connectivity": [[0, 1, 1.0], [0, 5, 1.0], [0, 6, 1.0], [0, 7, 1.0], [1, 2, 1.0], [1, 8, 1.0], [1, 9, 1.0], [2, 3, 1.0], [2, 10, 1.0], [2, 11, 1.0], [3, 4, 2.0], [3, 12, 1.0]], "fix_com": true, "fix_orientation": true, "provenance": {"creator": "QCElemental", "version": "v0.22.0", "routine": "qcelemental.molparse.from_schema"}, "id": "30951"}, "charge": 0, "optimize_geometry": false, "conformers": [], "conformer_generation_options": {"n_conformer_pool": 4000, "n_max_conformers": 0, "rms_tolerance": 0.05, "energy_window": 15, "keep_original_conformer": true}, "stage_1_unrestrained_charges": null, "stage_1_restrained_charges": null, "stage_2_unrestrained_charges": null, "stage_2_restrained_charges": null, "keep_original_orientation": false, "reorientations": [], "translations": [], "rotations": []}}], "charge": 0.06130929864252024}, {"atoms": [{"index": 12, "molecule": {"qcmol": {"schema_name": "qcschema_molecule", "schema_version": 2, "validated": true, "symbols": ["C", "C", "C", "C", "O", "H", "H", "H", "H", "H", "H", "H", "H"], "geometry": [[-0.0, -0.0, 0.0], [2.8867634685882155, -7.379876941987739e-16, -1.0020971606935618e-16], [3.9918786677198073, 2.6810205529965145, -8.881784197001252e-16], [6.83766130868079, 2.6611812088296736, -0.09871407980250724], [8.174443628532199, 3.6567983450623505, 1.4060751686780253], [-0.7385789616430688, 0.9634201789128916, 1.653815879418087], [-0.7338971828499283, -1.9144452645903112, 0.00882932763529809], [-0.7400837838840293, 0.949471524155654, -1.6621953986497802], [3.5701815969527986, -1.0245197284856933, -1.645461955901062], [3.5736514210229555, -1.015662513181391, 1.6474925822518116], [3.3126595698835795, 3.6967203237521113, -1.656971742417662], [3.413105357021026, 3.7254186734161983, 1.663955967375124], [7.657976471795018, 1.6307797447794092, -1.6986566402042782]], "name": "C4H8O", "identifiers": {"molecule_hash": "535a19af0fe337166ccf8bd348dcdeb4bca8c050", "molecular_formula": "C4H8O"}, "molecular_charge": 0.0, "molecular_multiplicity": 1, "connectivity": [[0, 1, 1.0], [0, 5, 1.0], [0, 6, 1.0], [0, 7, 1.0], [1, 2, 1.0], [1, 8, 1.0], [1, 9, 1.0], [2, 3, 1.0], [2, 10, 1.0], [2, 11, 1.0], [3, 4, 2.0], [3, 12, 1.0]], "fix_com": true, "fix_orientation": true, "provenance": {"creator": "QCElemental", "version": "v0.22.0", "routine": "qcelemental.molparse.from_schema"}, "id": "30951"}, "charge": 0, "optimize_geometry": false, "conformers": [], "conformer_generation_options": {"n_conformer_pool": 4000, "n_max_conformers": 0, "rms_tolerance": 0.05, "energy_window": 15, "keep_original_conformer": true}, "stage_1_unrestrained_charges": null, "stage_1_restrained_charges": null, "stage_2_unrestrained_charges": null, "stage_2_restrained_charges": null, "keep_original_orientation": false, "reorientations": [], "translations": [], "rotations": []}}], "charge": -0.0041062090198037225}], "charge_equivalence_constraints": [], "molecules": [{"qcmol": {"schema_name": "qcschema_molecule", "schema_version": 2, "validated": true, "symbols": ["C", "C", "C", "C", "O", "H", "H", "H", "H", "H", "H", "H", "H"], "geometry": [[-0.0, -0.0, 0.0], [2.8867634685882155, -7.379876941987739e-16, -1.0020971606935618e-16], [3.9918786677198073, 2.6810205529965145, -8.881784197001252e-16], [6.83766130868079, 2.6611812088296736, -0.09871407980250724], [8.174443628532199, 3.6567983450623505, 1.4060751686780253], [-0.7385789616430688, 0.9634201789128916, 1.653815879418087], [-0.7338971828499283, -1.9144452645903112, 0.00882932763529809], [-0.7400837838840293, 0.949471524155654, -1.6621953986497802], [3.5701815969527986, -1.0245197284856933, -1.645461955901062], [3.5736514210229555, -1.015662513181391, 1.6474925822518116], [3.3126595698835795, 3.6967203237521113, -1.656971742417662], [3.413105357021026, 3.7254186734161983, 1.663955967375124], [7.657976471795018, 1.6307797447794092, -1.6986566402042782]], "name": "C4H8O", "identifiers": {"molecule_hash": "535a19af0fe337166ccf8bd348dcdeb4bca8c050", "molecular_formula": "C4H8O"}, "molecular_charge": 0.0, "molecular_multiplicity": 1, "connectivity": [[0, 1, 1.0], [0, 5, 1.0], [0, 6, 1.0], [0, 7, 1.0], [1, 2, 1.0], [1, 8, 1.0], [1, 9, 1.0], [2, 3, 1.0], [2, 10, 1.0], [2, 11, 1.0], [3, 4, 2.0], [3, 12, 1.0]], "fix_com": true, "fix_orientation": true, "provenance": {"creator": "QCElemental", "version": "v0.22.0", "routine": "qcelemental.molparse.from_schema"}, "id": "30951"}, "charge": 0, "optimize_geometry": false, "conformers": [], "conformer_generation_options": {"n_conformer_pool": 4000, "n_max_conformers": 0, "rms_tolerance": 0.05, "energy_window": 15, "keep_original_conformer": true}, "stage_1_unrestrained_charges": null, "stage_1_restrained_charges": null, "stage_2_unrestrained_charges": null, "stage_2_restrained_charges": null, "keep_original_orientation": false, "reorientations": [], "translations": [], "rotations": []}], "unconstrained_atoms": []}, "surface_constraints": {"matrix": [[265696700497809.88, 256885270832185.53, 246766211804547.38, 238511089711581.0, 231263427154044.06, 267408343964495.6, 267475533557105.66, 267458069629038.53, 255828308403738.38, 256129391202572.2, 242429419315111.8, 247064597127470.4, 236979694659272.1], [256885270832185.53, 262673036447270.3, 255780764360017.8, 246884740823360.38, 239588314652214.2, 254730081872498.5, 254794858649980.0, 254853232315243.34, 266179143912296.12, 266279645065993.03, 255129367161272.2, 255088014306070.53, 244662768366726.53], [246766211804547.38, 255780764360017.8, 262849551946787.75, 257065805887903.25, 251180584365821.0, 244226862385342.16, 244338407577982.75, 243456990928938.5, 255390832362309.7, 255256218258875.78, 266463523712273.66, 266585392283112.06, 254901338581709.7], [238511089711581.0, 246884740823360.38, 257065805887903.25, 265194496818893.1, 264537998257692.44, 237474027666345.78, 236698365359217.3, 233705367491870.0, 241844811200742.6, 248513874094276.94, 256745040998852.12, 256853055859286.6, 267927096596952.2], [231263427154044.06, 239588314652214.2, 251180584365821.0, 264537998257692.44, 274678932701717.47, 230957867751454.5, 229669826268760.5, 225658689552783.34, 232249107714796.38, 242651894958900.22, 250083059537458.88, 249008091381205.84, 261255844164909.12], [267408343964495.6, 254730081872498.5, 244226862385342.16, 237474027666345.78, 230957867751454.5, 280465014519872.78, 265256794458339.84, 265105945633668.78, 248909517666166.7, 256064714135970.38, 238651394000107.5, 244234738252025.88, 236542553296230.8], [267475533557105.66, 254794858649980.0, 244338407577982.75, 236698365359217.3, 229669826268760.5, 265256794458339.84, 280701451198679.22, 265118944478660.3, 253808606740776.44, 251219557373486.97, 238850872560647.84, 245081798605429.66, 235405447970478.8], [267458069629038.53, 254853232315243.34, 243456990928938.5, 233705367491870.0, 225658689552783.34, 265105945633668.78, 265118944478660.3, 280703323168641.56, 254696138585317.56, 251228070773355.75, 239005437360661.16, 244239203917455.34, 231887341128881.38], [255828308403738.38, 266179143912296.12, 255390832362309.7, 241844811200742.6, 232249107714796.38, 248909517666166.7, 253808606740776.44, 254696138585317.56, 280675643652412.88, 265646460076586.25, 255826463514029.84, 254174982196027.78, 239374077088993.4], [256129391202572.2, 266279645065993.03, 255256218258875.78, 248513874094276.94, 242651894958900.22, 256064714135970.38, 251219557373486.97, 251228070773355.75, 265646460076586.25, 281176804136671.12, 253282864014575.25, 250601610709216.72, 245853743770544.8], [242429419315111.8, 255129367161272.2, 266463523712273.66, 256745040998852.12, 250083059537458.88, 238651394000107.5, 238850872560647.84, 239005437360661.16, 255826463514029.84, 253282864014575.25, 281095436173901.88, 265917243447537.22, 252347578291001.97], [247064597127470.4, 255088014306070.53, 266585392283112.06, 256853055859286.6, 249008091381205.84, 244234738252025.88, 245081798605429.66, 244239203917455.34, 254174982196027.78, 250601610709216.72, 265917243447537.22, 281566918765290.5, 253696944070172.22], [236979694659272.1, 244662768366726.53, 254901338581709.7, 267927096596952.2, 261255844164909.12, 236542553296230.8, 235405447970478.8, 231887341128881.38, 239374077088993.4, 245853743770544.8, 252347578291001.97, 253696944070172.22, 282136694095212.44], [4601758396648.727, 4613774973286.74, 3341568928686.412, -513605384035.8401, -6166644980091.528, 4134075271344.0166, 4466922877185.782, 5172142536018.027, 6220120591068.488, 3822238337228.224, 4020873533523.1235, 4554600011411.91, 1899716088935.1096]]}}