{"resp_b": 0.1, "restrained_fit": true, "exclude_hydrogens": true, "convergence_tolerance": 1e-06, "max_iter": 500, "resp_a": 0.001, "charge_constraints": {"charge_sum_constraints": [{"atoms": [{"index": 0, "molecule": {"qcmol": {"schema_name": "qcschema_molecule", "schema_version": 2, "validated": true, "symbols": ["C", "C", "C", "C", "O", "H", "H", "H", "H", "H", "H", "H", "H"], "geometry": [[-0.0, -0.0, 0.0], [2.8867634685882155, -7.379876941987739e-16, -1.0020971606935618e-16], [3.9918786677198073, 2.6810205529965145, -8.881784197001252e-16], [6.83766130868079, 2.6611812088296736, -0.09871407980250724], [8.174443628532199, 3.6567983450623505, 1.4060751686780253], [-0.7385789616430688, 0.9634201789128916, 1.653815879418087], [-0.7338971828499283, -1.9144452645903112, 0.00882932763529809], [-0.7400837838840293, 0.949471524155654, -1.6621953986497802], [3.5701815969527986, -1.0245197284856933, -1.645461955901062], [3.5736514210229555, -1.015662513181391, 1.6474925822518116], [3.3126595698835795, 3.6967203237521113, -1.656971742417662], [3.413105357021026, 3.7254186734161983, 1.663955967375124], [7.657976471795018, 1.6307797447794092, -1.6986566402042782]], "name": "C4H8O", "identifiers": {"molecule_hash": "535a19af0fe337166ccf8bd348dcdeb4bca8c050", "molecular_formula": "C4H8O"}, "molecular_charge": 0.0, "molecular_multiplicity": 1, "connectivity": [[0, 1, 1.0], [0, 5, 1.0], [0, 6, 1.0], [0, 7, 1.0], [1, 2, 1.0], [1, 8, 1.0], [1, 9, 1.0], [2, 3, 1.0], [2, 10, 1.0], [2, 11, 1.0], [3, 4, 2.0], [3, 12, 1.0]], "fix_com": true, "fix_orientation": true, "provenance": {"creator": "QCElemental", "version": "v0.22.0", "routine": "qcelemental.molparse.from_schema"}, "id": "30951"}, "charge": 0, "optimize_geometry": false, "conformers": [], "conformer_generation_options": {"n_conformer_pool": 4000, "n_max_conformers": 0, "rms_tolerance": 0.05, "energy_window": 15, "keep_original_conformer": true}, "stage_1_unrestrained_charges": null, "stage_1_restrained_charges": null, "stage_2_unrestrained_charges": null, "stage_2_restrained_charges": null, "keep_original_orientation": false, "reorientations": [], "translations": [], "rotations": []}}], "charge": -0.23401066175350096}, {"atoms": [{"index": 1, "molecule": {"qcmol": {"schema_name": "qcschema_molecule", "schema_version": 2, "validated": true, "symbols": ["C", "C", "C", "C", "O", "H", "H", "H", "H", "H", "H", "H", "H"], "geometry": [[-0.0, -0.0, 0.0], [2.8867634685882155, -7.379876941987739e-16, -1.0020971606935618e-16], [3.9918786677198073, 2.6810205529965145, -8.881784197001252e-16], [6.83766130868079, 2.6611812088296736, -0.09871407980250724], [8.174443628532199, 3.6567983450623505, 1.4060751686780253], [-0.7385789616430688, 0.9634201789128916, 1.653815879418087], [-0.7338971828499283, -1.9144452645903112, 0.00882932763529809], [-0.7400837838840293, 0.949471524155654, -1.6621953986497802], [3.5701815969527986, -1.0245197284856933, -1.645461955901062], [3.5736514210229555, -1.015662513181391, 1.6474925822518116], [3.3126595698835795, 3.6967203237521113, -1.656971742417662], [3.413105357021026, 3.7254186734161983, 1.663955967375124], [7.657976471795018, 1.6307797447794092, -1.6986566402042782]], "name": "C4H8O", "identifiers": {"molecule_hash": "535a19af0fe337166ccf8bd348dcdeb4bca8c050", "molecular_formula": "C4H8O"}, "molecular_charge": 0.0, "molecular_multiplicity": 1, "connectivity": [[0, 1, 1.0], [0, 5, 1.0], [0, 6, 1.0], [0, 7, 1.0], [1, 2, 1.0], [1, 8, 1.0], [1, 9, 1.0], [2, 3, 1.0], [2, 10, 1.0], [2, 11, 1.0], [3, 4, 2.0], [3, 12, 1.0]], "fix_com": true, "fix_orientation": true, "provenance": {"creator": "QCElemental", "version": "v0.22.0", "routine": "qcelemental.molparse.from_schema"}, "id": "30951"}, "charge": 0, "optimize_geometry": false, "conformers": [], "conformer_generation_options": {"n_conformer_pool": 4000, "n_max_conformers": 0, "rms_tolerance": 0.05, "energy_window": 15, "keep_original_conformer": true}, "stage_1_unrestrained_charges": null, "stage_1_restrained_charges": null, "stage_2_unrestrained_charges": null, "stage_2_restrained_charges": null, "keep_original_orientation": false, "reorientations": [], "translations": [], "rotations": []}}], "charge": 0.14023942561182773}, {"atoms": [{"index": 2, "molecule": {"qcmol": {"schema_name": "qcschema_molecule", "schema_version": 2, "validated": true, "symbols": ["C", "C", "C", "C", "O", "H", "H", "H", "H", "H", "H", "H", "H"], "geometry": [[-0.0, -0.0, 0.0], [2.8867634685882155, -7.379876941987739e-16, -1.0020971606935618e-16], [3.9918786677198073, 2.6810205529965145, -8.881784197001252e-16], [6.83766130868079, 2.6611812088296736, -0.09871407980250724], [8.174443628532199, 3.6567983450623505, 1.4060751686780253], [-0.7385789616430688, 0.9634201789128916, 1.653815879418087], [-0.7338971828499283, -1.9144452645903112, 0.00882932763529809], [-0.7400837838840293, 0.949471524155654, -1.6621953986497802], [3.5701815969527986, -1.0245197284856933, -1.645461955901062], [3.5736514210229555, -1.015662513181391, 1.6474925822518116], [3.3126595698835795, 3.6967203237521113, -1.656971742417662], [3.413105357021026, 3.7254186734161983, 1.663955967375124], [7.657976471795018, 1.6307797447794092, -1.6986566402042782]], "name": "C4H8O", "identifiers": {"molecule_hash": "535a19af0fe337166ccf8bd348dcdeb4bca8c050", "molecular_formula": "C4H8O"}, "molecular_charge": 0.0, "molecular_multiplicity": 1, "connectivity": [[0, 1, 1.0], [0, 5, 1.0], [0, 6, 1.0], [0, 7, 1.0], [1, 2, 1.0], [1, 8, 1.0], [1, 9, 1.0], [2, 3, 1.0], [2, 10, 1.0], [2, 11, 1.0], [3, 4, 2.0], [3, 12, 1.0]], "fix_com": true, "fix_orientation": true, "provenance": {"creator": "QCElemental", "version": "v0.22.0", "routine": "qcelemental.molparse.from_schema"}, "id": "30951"}, "charge": 0, "optimize_geometry": false, "conformers": [], "conformer_generation_options": {"n_conformer_pool": 4000, "n_max_conformers": 0, "rms_tolerance": 0.05, "energy_window": 15, "keep_original_conformer": true}, "stage_1_unrestrained_charges": null, "stage_1_restrained_charges": null, "stage_2_unrestrained_charges": null, "stage_2_restrained_charges": null, "keep_original_orientation": false, "reorientations": [], "translations": [], "rotations": []}}], "charge": -0.1284458541264841}, {"atoms": [{"index": 3, "molecule": {"qcmol": {"schema_name": "qcschema_molecule", "schema_version": 2, "validated": true, "symbols": ["C", "C", "C", "C", "O", "H", "H", "H", "H", "H", "H", "H", "H"], "geometry": [[-0.0, -0.0, 0.0], [2.8867634685882155, -7.379876941987739e-16, -1.0020971606935618e-16], [3.9918786677198073, 2.6810205529965145, -8.881784197001252e-16], [6.83766130868079, 2.6611812088296736, -0.09871407980250724], [8.174443628532199, 3.6567983450623505, 1.4060751686780253], [-0.7385789616430688, 0.9634201789128916, 1.653815879418087], [-0.7338971828499283, -1.9144452645903112, 0.00882932763529809], [-0.7400837838840293, 0.949471524155654, -1.6621953986497802], [3.5701815969527986, -1.0245197284856933, -1.645461955901062], [3.5736514210229555, -1.015662513181391, 1.6474925822518116], [3.3126595698835795, 3.6967203237521113, -1.656971742417662], [3.413105357021026, 3.7254186734161983, 1.663955967375124], [7.657976471795018, 1.6307797447794092, -1.6986566402042782]], "name": "C4H8O", "identifiers": {"molecule_hash": "535a19af0fe337166ccf8bd348dcdeb4bca8c050", "molecular_formula": "C4H8O"}, "molecular_charge": 0.0, "molecular_multiplicity": 1, "connectivity": [[0, 1, 1.0], [0, 5, 1.0], [0, 6, 1.0], [0, 7, 1.0], [1, 2, 1.0], [1, 8, 1.0], [1, 9, 1.0], [2, 3, 1.0], [2, 10, 1.0], [2, 11, 1.0], [3, 4, 2.0], [3, 12, 1.0]], "fix_com": true, "fix_orientation": true, "provenance": {"creator": "QCElemental", "version": "v0.22.0", "routine": "qcelemental.molparse.from_schema"}, "id": "30951"}, "charge": 0, "optimize_geometry": false, "conformers": [], "conformer_generation_options": {"n_conformer_pool": 4000, "n_max_conformers": 0, "rms_tolerance": 0.05, "energy_window": 15, "keep_original_conformer": true}, "stage_1_unrestrained_charges": null, "stage_1_restrained_charges": null, "stage_2_unrestrained_charges": null, "stage_2_restrained_charges": null, "keep_original_orientation": false, "reorientations": [], "translations": [], "rotations": []}}], "charge": 0.4180319091998817}, {"atoms": [{"index": 4, "molecule": {"qcmol": {"schema_name": "qcschema_molecule", "schema_version": 2, "validated": true, "symbols": ["C", "C", "C", "C", "O", "H", "H", "H", "H", "H", "H", "H", "H"], "geometry": [[-0.0, -0.0, 0.0], [2.8867634685882155, -7.379876941987739e-16, -1.0020971606935618e-16], [3.9918786677198073, 2.6810205529965145, -8.881784197001252e-16], [6.83766130868079, 2.6611812088296736, -0.09871407980250724], [8.174443628532199, 3.6567983450623505, 1.4060751686780253], [-0.7385789616430688, 0.9634201789128916, 1.653815879418087], [-0.7338971828499283, -1.9144452645903112, 0.00882932763529809], [-0.7400837838840293, 0.949471524155654, -1.6621953986497802], [3.5701815969527986, -1.0245197284856933, -1.645461955901062], [3.5736514210229555, -1.015662513181391, 1.6474925822518116], [3.3126595698835795, 3.6967203237521113, -1.656971742417662], [3.413105357021026, 3.7254186734161983, 1.663955967375124], [7.657976471795018, 1.6307797447794092, -1.6986566402042782]], "name": "C4H8O", "identifiers": {"molecule_hash": "535a19af0fe337166ccf8bd348dcdeb4bca8c050", "molecular_formula": "C4H8O"}, "molecular_charge": 0.0, "molecular_multiplicity": 1, "connectivity": [[0, 1, 1.0], [0, 5, 1.0], [0, 6, 1.0], [0, 7, 1.0], [1, 2, 1.0], [1, 8, 1.0], [1, 9, 1.0], [2, 3, 1.0], [2, 10, 1.0], [2, 11, 1.0], [3, 4, 2.0], [3, 12, 1.0]], "fix_com": true, "fix_orientation": true, "provenance": {"creator": "QCElemental", "version": "v0.22.0", "routine": "qcelemental.molparse.from_schema"}, "id": "30951"}, "charge": 0, "optimize_geometry": false, "conformers": [], "conformer_generation_options": {"n_conformer_pool": 4000, "n_max_conformers": 0, "rms_tolerance": 0.05, "energy_window": 15, "keep_original_conformer": true}, "stage_1_unrestrained_charges": null, "stage_1_restrained_charges": null, "stage_2_unrestrained_charges": null, "stage_2_restrained_charges": null, "keep_original_orientation": false, "reorientations": [], "translations": [], "rotations": []}}], "charge": -0.4070443002820314}, {"atoms": [{"index": 5, "molecule": {"qcmol": {"schema_name": "qcschema_molecule", "schema_version": 2, "validated": true, "symbols": ["C", "C", "C", "C", "O", "H", "H", "H", "H", "H", "H", "H", "H"], "geometry": [[-0.0, -0.0, 0.0], [2.8867634685882155, -7.379876941987739e-16, -1.0020971606935618e-16], [3.9918786677198073, 2.6810205529965145, -8.881784197001252e-16], [6.83766130868079, 2.6611812088296736, -0.09871407980250724], [8.174443628532199, 3.6567983450623505, 1.4060751686780253], [-0.7385789616430688, 0.9634201789128916, 1.653815879418087], [-0.7338971828499283, -1.9144452645903112, 0.00882932763529809], [-0.7400837838840293, 0.949471524155654, -1.6621953986497802], [3.5701815969527986, -1.0245197284856933, -1.645461955901062], [3.5736514210229555, -1.015662513181391, 1.6474925822518116], [3.3126595698835795, 3.6967203237521113, -1.656971742417662], [3.413105357021026, 3.7254186734161983, 1.663955967375124], [7.657976471795018, 1.6307797447794092, -1.6986566402042782]], "name": "C4H8O", "identifiers": {"molecule_hash": "535a19af0fe337166ccf8bd348dcdeb4bca8c050", "molecular_formula": "C4H8O"}, "molecular_charge": 0.0, "molecular_multiplicity": 1, "connectivity": [[0, 1, 1.0], [0, 5, 1.0], [0, 6, 1.0], [0, 7, 1.0], [1, 2, 1.0], [1, 8, 1.0], [1, 9, 1.0], [2, 3, 1.0], [2, 10, 1.0], [2, 11, 1.0], [3, 4, 2.0], [3, 12, 1.0]], "fix_com": true, "fix_orientation": true, "provenance": {"creator": "QCElemental", "version": "v0.22.0", "routine": "qcelemental.molparse.from_schema"}, "id": "30951"}, "charge": 0, "optimize_geometry": false, "conformers": [], "conformer_generation_options": {"n_conformer_pool": 4000, "n_max_conformers": 0, "rms_tolerance": 0.05, "energy_window": 15, "keep_original_conformer": true}, "stage_1_unrestrained_charges": null, "stage_1_restrained_charges": null, "stage_2_unrestrained_charges": null, "stage_2_restrained_charges": null, "keep_original_orientation": false, "reorientations": [], "translations": [], "rotations": []}}], "charge": 0.0617372713825701}, {"atoms": [{"index": 6, "molecule": {"qcmol": {"schema_name": "qcschema_molecule", "schema_version": 2, "validated": true, "symbols": ["C", "C", "C", "C", "O", "H", "H", "H", "H", "H", "H", "H", "H"], "geometry": [[-0.0, -0.0, 0.0], [2.8867634685882155, -7.379876941987739e-16, -1.0020971606935618e-16], [3.9918786677198073, 2.6810205529965145, -8.881784197001252e-16], [6.83766130868079, 2.6611812088296736, -0.09871407980250724], [8.174443628532199, 3.6567983450623505, 1.4060751686780253], [-0.7385789616430688, 0.9634201789128916, 1.653815879418087], [-0.7338971828499283, -1.9144452645903112, 0.00882932763529809], [-0.7400837838840293, 0.949471524155654, -1.6621953986497802], [3.5701815969527986, -1.0245197284856933, -1.645461955901062], [3.5736514210229555, -1.015662513181391, 1.6474925822518116], [3.3126595698835795, 3.6967203237521113, -1.656971742417662], [3.413105357021026, 3.7254186734161983, 1.663955967375124], [7.657976471795018, 1.6307797447794092, -1.6986566402042782]], "name": "C4H8O", "identifiers": {"molecule_hash": "535a19af0fe337166ccf8bd348dcdeb4bca8c050", "molecular_formula": "C4H8O"}, "molecular_charge": 0.0, "molecular_multiplicity": 1, "connectivity": [[0, 1, 1.0], [0, 5, 1.0], [0, 6, 1.0], [0, 7, 1.0], [1, 2, 1.0], [1, 8, 1.0], [1, 9, 1.0], [2, 3, 1.0], [2, 10, 1.0], [2, 11, 1.0], [3, 4, 2.0], [3, 12, 1.0]], "fix_com": true, "fix_orientation": true, "provenance": {"creator": "QCElemental", "version": "v0.22.0", "routine": "qcelemental.molparse.from_schema"}, "id": "30951"}, "charge": 0, "optimize_geometry": false, "conformers": [], "conformer_generation_options": {"n_conformer_pool": 4000, "n_max_conformers": 0, "rms_tolerance": 0.05, "energy_window": 15, "keep_original_conformer": true}, "stage_1_unrestrained_charges": null, "stage_1_restrained_charges": null, "stage_2_unrestrained_charges": null, "stage_2_restrained_charges": null, "keep_original_orientation": false, "reorientations": [], "translations": [], "rotations": []}}], "charge": 0.06200769017108871}, {"atoms": [{"index": 7, "molecule": {"qcmol": {"schema_name": "qcschema_molecule", "schema_version": 2, "validated": true, "symbols": ["C", "C", "C", "C", "O", "H", "H", "H", "H", "H", "H", "H", "H"], "geometry": [[-0.0, -0.0, 0.0], [2.8867634685882155, -7.379876941987739e-16, -1.0020971606935618e-16], [3.9918786677198073, 2.6810205529965145, -8.881784197001252e-16], [6.83766130868079, 2.6611812088296736, -0.09871407980250724], [8.174443628532199, 3.6567983450623505, 1.4060751686780253], [-0.7385789616430688, 0.9634201789128916, 1.653815879418087], [-0.7338971828499283, -1.9144452645903112, 0.00882932763529809], [-0.7400837838840293, 0.949471524155654, -1.6621953986497802], [3.5701815969527986, -1.0245197284856933, -1.645461955901062], [3.5736514210229555, -1.015662513181391, 1.6474925822518116], [3.3126595698835795, 3.6967203237521113, -1.656971742417662], [3.413105357021026, 3.7254186734161983, 1.663955967375124], [7.657976471795018, 1.6307797447794092, -1.6986566402042782]], "name": "C4H8O", "identifiers": {"molecule_hash": "535a19af0fe337166ccf8bd348dcdeb4bca8c050", "molecular_formula": "C4H8O"}, "molecular_charge": 0.0, "molecular_multiplicity": 1, "connectivity": [[0, 1, 1.0], [0, 5, 1.0], [0, 6, 1.0], [0, 7, 1.0], [1, 2, 1.0], [1, 8, 1.0], [1, 9, 1.0], [2, 3, 1.0], [2, 10, 1.0], [2, 11, 1.0], [3, 4, 2.0], [3, 12, 1.0]], "fix_com": true, "fix_orientation": true, "provenance": {"creator": "QCElemental", "version": "v0.22.0", "routine": "qcelemental.molparse.from_schema"}, "id": "30951"}, "charge": 0, "optimize_geometry": false, "conformers": [], "conformer_generation_options": {"n_conformer_pool": 4000, "n_max_conformers": 0, "rms_tolerance": 0.05, "energy_window": 15, "keep_original_conformer": true}, "stage_1_unrestrained_charges": null, "stage_1_restrained_charges": null, "stage_2_unrestrained_charges": null, "stage_2_restrained_charges": null, "keep_original_orientation": false, "reorientations": [], "translations": [], "rotations": []}}], "charge": 0.05931352267755278}, {"atoms": [{"index": 8, "molecule": {"qcmol": {"schema_name": "qcschema_molecule", "schema_version": 2, "validated": true, "symbols": ["C", "C", "C", "C", "O", "H", "H", "H", "H", "H", "H", "H", "H"], "geometry": [[-0.0, -0.0, 0.0], [2.8867634685882155, -7.379876941987739e-16, -1.0020971606935618e-16], [3.9918786677198073, 2.6810205529965145, -8.881784197001252e-16], [6.83766130868079, 2.6611812088296736, -0.09871407980250724], [8.174443628532199, 3.6567983450623505, 1.4060751686780253], [-0.7385789616430688, 0.9634201789128916, 1.653815879418087], [-0.7338971828499283, -1.9144452645903112, 0.00882932763529809], [-0.7400837838840293, 0.949471524155654, -1.6621953986497802], [3.5701815969527986, -1.0245197284856933, -1.645461955901062], [3.5736514210229555, -1.015662513181391, 1.6474925822518116], [3.3126595698835795, 3.6967203237521113, -1.656971742417662], [3.413105357021026, 3.7254186734161983, 1.663955967375124], [7.657976471795018, 1.6307797447794092, -1.6986566402042782]], "name": "C4H8O", "identifiers": {"molecule_hash": "535a19af0fe337166ccf8bd348dcdeb4bca8c050", "molecular_formula": "C4H8O"}, "molecular_charge": 0.0, "molecular_multiplicity": 1, "connectivity": [[0, 1, 1.0], [0, 5, 1.0], [0, 6, 1.0], [0, 7, 1.0], [1, 2, 1.0], [1, 8, 1.0], [1, 9, 1.0], [2, 3, 1.0], [2, 10, 1.0], [2, 11, 1.0], [3, 4, 2.0], [3, 12, 1.0]], "fix_com": true, "fix_orientation": true, "provenance": {"creator": "QCElemental", "version": "v0.22.0", "routine": "qcelemental.molparse.from_schema"}, "id": "30951"}, "charge": 0, "optimize_geometry": false, "conformers": [], "conformer_generation_options": {"n_conformer_pool": 4000, "n_max_conformers": 0, "rms_tolerance": 0.05, "energy_window": 15, "keep_original_conformer": true}, "stage_1_unrestrained_charges": null, "stage_1_restrained_charges": null, "stage_2_unrestrained_charges": null, "stage_2_restrained_charges": null, "keep_original_orientation": false, "reorientations": [], "translations": [], "rotations": []}}], "charge": -0.01426015500035983}, {"atoms": [{"index": 9, "molecule": {"qcmol": {"schema_name": "qcschema_molecule", "schema_version": 2, "validated": true, "symbols": ["C", "C", "C", "C", "O", "H", "H", "H", "H", "H", "H", "H", "H"], "geometry": [[-0.0, -0.0, 0.0], [2.8867634685882155, -7.379876941987739e-16, -1.0020971606935618e-16], [3.9918786677198073, 2.6810205529965145, -8.881784197001252e-16], [6.83766130868079, 2.6611812088296736, -0.09871407980250724], [8.174443628532199, 3.6567983450623505, 1.4060751686780253], [-0.7385789616430688, 0.9634201789128916, 1.653815879418087], [-0.7338971828499283, -1.9144452645903112, 0.00882932763529809], [-0.7400837838840293, 0.949471524155654, -1.6621953986497802], [3.5701815969527986, -1.0245197284856933, -1.645461955901062], [3.5736514210229555, -1.015662513181391, 1.6474925822518116], [3.3126595698835795, 3.6967203237521113, -1.656971742417662], [3.413105357021026, 3.7254186734161983, 1.663955967375124], [7.657976471795018, 1.6307797447794092, -1.6986566402042782]], "name": "C4H8O", "identifiers": {"molecule_hash": "535a19af0fe337166ccf8bd348dcdeb4bca8c050", "molecular_formula": "C4H8O"}, "molecular_charge": 0.0, "molecular_multiplicity": 1, "connectivity": [[0, 1, 1.0], [0, 5, 1.0], [0, 6, 1.0], [0, 7, 1.0], [1, 2, 1.0], [1, 8, 1.0], [1, 9, 1.0], [2, 3, 1.0], [2, 10, 1.0], [2, 11, 1.0], [3, 4, 2.0], [3, 12, 1.0]], "fix_com": true, "fix_orientation": true, "provenance": {"creator": "QCElemental", "version": "v0.22.0", "routine": "qcelemental.molparse.from_schema"}, "id": "30951"}, "charge": 0, "optimize_geometry": false, "conformers": [], "conformer_generation_options": {"n_conformer_pool": 4000, "n_max_conformers": 0, "rms_tolerance": 0.05, "energy_window": 15, "keep_original_conformer": true}, "stage_1_unrestrained_charges": null, "stage_1_restrained_charges": null, "stage_2_unrestrained_charges": null, "stage_2_restrained_charges": null, "keep_original_orientation": false, "reorientations": [], "translations": [], "rotations": []}}], "charge": -0.0059937803066852}, {"atoms": [{"index": 10, "molecule": {"qcmol": {"schema_name": "qcschema_molecule", "schema_version": 2, "validated": true, "symbols": ["C", "C", "C", "C", "O", "H", "H", "H", "H", "H", "H", "H", "H"], "geometry": [[-0.0, -0.0, 0.0], [2.8867634685882155, -7.379876941987739e-16, -1.0020971606935618e-16], [3.9918786677198073, 2.6810205529965145, -8.881784197001252e-16], [6.83766130868079, 2.6611812088296736, -0.09871407980250724], [8.174443628532199, 3.6567983450623505, 1.4060751686780253], [-0.7385789616430688, 0.9634201789128916, 1.653815879418087], [-0.7338971828499283, -1.9144452645903112, 0.00882932763529809], [-0.7400837838840293, 0.949471524155654, -1.6621953986497802], [3.5701815969527986, -1.0245197284856933, -1.645461955901062], [3.5736514210229555, -1.015662513181391, 1.6474925822518116], [3.3126595698835795, 3.6967203237521113, -1.656971742417662], [3.413105357021026, 3.7254186734161983, 1.663955967375124], [7.657976471795018, 1.6307797447794092, -1.6986566402042782]], "name": "C4H8O", "identifiers": {"molecule_hash": "535a19af0fe337166ccf8bd348dcdeb4bca8c050", "molecular_formula": "C4H8O"}, "molecular_charge": 0.0, "molecular_multiplicity": 1, "connectivity": [[0, 1, 1.0], [0, 5, 1.0], [0, 6, 1.0], [0, 7, 1.0], [1, 2, 1.0], [1, 8, 1.0], [1, 9, 1.0], [2, 3, 1.0], [2, 10, 1.0], [2, 11, 1.0], [3, 4, 2.0], [3, 12, 1.0]], "fix_com": true, "fix_orientation": true, "provenance": {"creator": "QCElemental", "version": "v0.22.0", "routine": "qcelemental.molparse.from_schema"}, "id": "30951"}, "charge": 0, "optimize_geometry": false, "conformers": [], "conformer_generation_options": {"n_conformer_pool": 4000, "n_max_conformers": 0, "rms_tolerance": 0.05, "energy_window": 15, "keep_original_conformer": true}, "stage_1_unrestrained_charges": null, "stage_1_restrained_charges": null, "stage_2_unrestrained_charges": null, "stage_2_restrained_charges": null, "keep_original_orientation": false, "reorientations": [], "translations": [], "rotations": []}}], "charge": 0.04382080080010883}, {"atoms": [{"index": 11, "molecule": {"qcmol": {"schema_name": "qcschema_molecule", "schema_version": 2, "validated": true, "symbols": ["C", "C", "C", "C", "O", "H", "H", "H", "H", "H", "H", "H", "H"], "geometry": [[-0.0, -0.0, 0.0], [2.8867634685882155, -7.379876941987739e-16, -1.0020971606935618e-16], [3.9918786677198073, 2.6810205529965145, -8.881784197001252e-16], [6.83766130868079, 2.6611812088296736, -0.09871407980250724], [8.174443628532199, 3.6567983450623505, 1.4060751686780253], [-0.7385789616430688, 0.9634201789128916, 1.653815879418087], [-0.7338971828499283, -1.9144452645903112, 0.00882932763529809], [-0.7400837838840293, 0.949471524155654, -1.6621953986497802], [3.5701815969527986, -1.0245197284856933, -1.645461955901062], [3.5736514210229555, -1.015662513181391, 1.6474925822518116], [3.3126595698835795, 3.6967203237521113, -1.656971742417662], [3.413105357021026, 3.7254186734161983, 1.663955967375124], [7.657976471795018, 1.6307797447794092, -1.6986566402042782]], "name": "C4H8O", "identifiers": {"molecule_hash": "535a19af0fe337166ccf8bd348dcdeb4bca8c050", "molecular_formula": "C4H8O"}, "molecular_charge": 0.0, "molecular_multiplicity": 1, "connectivity": [[0, 1, 1.0], [0, 5, 1.0], [0, 6, 1.0], [0, 7, 1.0], [1, 2, 1.0], [1, 8, 1.0], [1, 9, 1.0], [2, 3, 1.0], [2, 10, 1.0], [2, 11, 1.0], [3, 4, 2.0], [3, 12, 1.0]], "fix_com": true, "fix_orientation": true, "provenance": {"creator": "QCElemental", "version": "v0.22.0", "routine": "qcelemental.molparse.from_schema"}, "id": "30951"}, "charge": 0, "optimize_geometry": false, "conformers": [], "conformer_generation_options": {"n_conformer_pool": 4000, "n_max_conformers": 0, "rms_tolerance": 0.05, "energy_window": 15, "keep_original_conformer": true}, "stage_1_unrestrained_charges": null, "stage_1_restrained_charges": null, "stage_2_unrestrained_charges": null, "stage_2_restrained_charges": null, "keep_original_orientation": false, "reorientations": [], "translations": [], "rotations": []}}], "charge": 0.0416460584377067}, {"atoms": [{"index": 12, "molecule": {"qcmol": {"schema_name": "qcschema_molecule", "schema_version": 2, "validated": true, "symbols": ["C", "C", "C", "C", "O", "H", "H", "H", "H", "H", "H", "H", "H"], "geometry": [[-0.0, -0.0, 0.0], [2.8867634685882155, -7.379876941987739e-16, -1.0020971606935618e-16], [3.9918786677198073, 2.6810205529965145, -8.881784197001252e-16], [6.83766130868079, 2.6611812088296736, -0.09871407980250724], [8.174443628532199, 3.6567983450623505, 1.4060751686780253], [-0.7385789616430688, 0.9634201789128916, 1.653815879418087], [-0.7338971828499283, -1.9144452645903112, 0.00882932763529809], [-0.7400837838840293, 0.949471524155654, -1.6621953986497802], [3.5701815969527986, -1.0245197284856933, -1.645461955901062], [3.5736514210229555, -1.015662513181391, 1.6474925822518116], [3.3126595698835795, 3.6967203237521113, -1.656971742417662], [3.413105357021026, 3.7254186734161983, 1.663955967375124], [7.657976471795018, 1.6307797447794092, -1.6986566402042782]], "name": "C4H8O", "identifiers": {"molecule_hash": "535a19af0fe337166ccf8bd348dcdeb4bca8c050", "molecular_formula": "C4H8O"}, "molecular_charge": 0.0, "molecular_multiplicity": 1, "connectivity": [[0, 1, 1.0], [0, 5, 1.0], [0, 6, 1.0], [0, 7, 1.0], [1, 2, 1.0], [1, 8, 1.0], [1, 9, 1.0], [2, 3, 1.0], [2, 10, 1.0], [2, 11, 1.0], [3, 4, 2.0], [3, 12, 1.0]], "fix_com": true, "fix_orientation": true, "provenance": {"creator": "QCElemental", "version": "v0.22.0", "routine": "qcelemental.molparse.from_schema"}, "id": "30951"}, "charge": 0, "optimize_geometry": false, "conformers": [], "conformer_generation_options": {"n_conformer_pool": 4000, "n_max_conformers": 0, "rms_tolerance": 0.05, "energy_window": 15, "keep_original_conformer": true}, "stage_1_unrestrained_charges": null, "stage_1_restrained_charges": null, "stage_2_unrestrained_charges": null, "stage_2_restrained_charges": null, "keep_original_orientation": false, "reorientations": [], "translations": [], "rotations": []}}], "charge": -0.03543952610101502}], "charge_equivalence_constraints": [], "molecules": [{"qcmol": {"schema_name": "qcschema_molecule", "schema_version": 2, "validated": true, "symbols": ["C", "C", "C", "C", "O", "H", "H", "H", "H", "H", "H", "H", "H"], "geometry": [[-0.0, -0.0, 0.0], [2.8867634685882155, -7.379876941987739e-16, -1.0020971606935618e-16], [3.9918786677198073, 2.6810205529965145, -8.881784197001252e-16], [6.83766130868079, 2.6611812088296736, -0.09871407980250724], [8.174443628532199, 3.6567983450623505, 1.4060751686780253], [-0.7385789616430688, 0.9634201789128916, 1.653815879418087], [-0.7338971828499283, -1.9144452645903112, 0.00882932763529809], [-0.7400837838840293, 0.949471524155654, -1.6621953986497802], [3.5701815969527986, -1.0245197284856933, -1.645461955901062], [3.5736514210229555, -1.015662513181391, 1.6474925822518116], [3.3126595698835795, 3.6967203237521113, -1.656971742417662], [3.413105357021026, 3.7254186734161983, 1.663955967375124], [7.657976471795018, 1.6307797447794092, -1.6986566402042782]], "name": "C4H8O", "identifiers": {"molecule_hash": "535a19af0fe337166ccf8bd348dcdeb4bca8c050", "molecular_formula": "C4H8O"}, "molecular_charge": 0.0, "molecular_multiplicity": 1, "connectivity": [[0, 1, 1.0], [0, 5, 1.0], [0, 6, 1.0], [0, 7, 1.0], [1, 2, 1.0], [1, 8, 1.0], [1, 9, 1.0], [2, 3, 1.0], [2, 10, 1.0], [2, 11, 1.0], [3, 4, 2.0], [3, 12, 1.0]], "fix_com": true, "fix_orientation": true, "provenance": {"creator": "QCElemental", "version": "v0.22.0", "routine": "qcelemental.molparse.from_schema"}, "id": "30951"}, "charge": 0, "optimize_geometry": false, "conformers": [], "conformer_generation_options": {"n_conformer_pool": 4000, "n_max_conformers": 0, "rms_tolerance": 0.05, "energy_window": 15, "keep_original_conformer": true}, "stage_1_unrestrained_charges": null, "stage_1_restrained_charges": null, "stage_2_unrestrained_charges": null, "stage_2_restrained_charges": null, "keep_original_orientation": false, "reorientations": [], "translations": [], "rotations": []}], "unconstrained_atoms": []}, "surface_constraints": {"matrix": [[108709625627716.22, 104987766914350.48, 100406390129827.0, 96668075233146.72, 93118279426978.31, 109119601743105.33, 109172608535967.25, 109203815966179.83, 104411543751518.14, 104505667383591.89, 98302964033987.03, 100305821880344.9, 95770434309266.1], [104987766914350.48, 107759440697980.66, 104573830018057.27, 100543803689635.47, 96904656751355.11, 103736633845221.7, 103804843303111.05, 103855835624771.47, 109156437578923.88, 109176120318881.78, 104013354665706.03, 104006409240279.08, 99324192790644.56], [100406390129827.0, 104573830018057.27, 107665802757392.3, 105036140371737.94, 101917908336504.44, 99039180709448.84, 99121221157693.1, 98758225796664.0, 104270618359163.23, 104184600128687.8, 108931168117223.27, 109016054506173.56, 103781976341690.9], [96668075233146.72, 100543803689635.47, 105036140371737.94, 108712085237102.12, 107842312032663.31, 95973424492322.22, 95666839202743.33, 94403874462437.55, 98226596297133.12, 101109935273950.9, 104562039574432.52, 104651857398049.86, 109540168810632.27], [93118279426978.31, 96904656751355.11, 101917908336504.44, 107842312032663.31, 111841831427097.72, 92769421413878.23, 92241386539534.89, 90555005894395.17, 93640936473254.95, 98105911014496.53, 101126891921096.05, 100693543103108.5, 106034705530764.1], [109119601743105.33, 103736633845221.7, 99039180709448.84, 95973424492322.22, 92769421413878.23, 114449014659703.17, 107864508599312.11, 107850557210008.0, 101089934590923.78, 104196262883551.19, 96437315243094.66, 98824203702778.05, 95334995957235.31], [109172608535967.25, 103804843303111.05, 99121221157693.1, 95666839202743.33, 92241386539534.89, 107864508599312.11, 114592330970141.97, 107873587622489.55, 103294780100256.23, 102105463870099.78, 96552115639105.97, 99229048511186.66, 94876159018854.7], [109203815966179.83, 103855835624771.47, 98758225796664.0, 94403874462437.55, 90555005894395.17, 107850557210008.0, 107873587622489.55, 114662207755084.83, 103694960337497.78, 102140195444741.02, 96639523826277.94, 98874289511130.4, 93410832674977.66], [104411543751518.14, 109156437578923.88, 104270618359163.23, 98226596297133.12, 93640936473254.95, 101089934590923.78, 103294780100256.23, 103694960337497.78, 115311046169632.62, 108736858598602.89, 104188743240810.2, 103503824374395.98, 96954369396383.19], [104505667383591.89, 109176120318881.78, 104184600128687.8, 101109935273950.9, 98105911014496.53, 104196262883551.19, 102105463870099.78, 102140195444741.02, 108736858598602.89, 115511153991835.45, 103062790497624.5, 101903871371358.72, 99691499469002.12], [98302964033987.03, 104013354665706.03, 108931168117223.27, 104562039574432.52, 101126891921096.05, 96437315243094.66, 96552115639105.97, 96639523826277.94, 104188743240810.2, 103062790497624.5, 114936525075672.45, 108431539236767.55, 102375447115921.97], [100305821880344.9, 104006409240279.08, 109016054506173.56, 104651857398049.86, 100693543103108.5, 98824203702778.05, 99229048511186.66, 98874289511130.4, 103503824374395.98, 101903871371358.72, 108431539236767.55, 115225820460727.55, 103018280349252.8], [95770434309266.1, 99324192790644.56, 103781976341690.9, 109540168810632.27, 106034705530764.1, 95334995957235.31, 94876159018854.7, 93410832674977.66, 96954369396383.19, 99691499469002.12, 102375447115921.97, 103018280349252.8, 115354914532373.7], [1853743187262.9697, 1857428863168.4417, 1405902836563.1143, 44074565432.67639, -1972888033535.9434, 1698412818137.502, 1803083168371.3809, 2028282294053.0696, 2367981315860.0396, 1613631336522.8647, 1631735659887.6873, 1802842350128.4119, 835505971776.8884]]}}