{"resp_b": 0.1, "restrained_fit": true, "exclude_hydrogens": true, "convergence_tolerance": 1e-06, "max_iter": 500, "resp_a": 0.0005, "charge_constraints": {"charge_sum_constraints": [], "charge_equivalence_constraints": [], "molecules": [{"qcmol": {"schema_name": "qcschema_molecule", "schema_version": 2, "validated": true, "symbols": ["C", "C", "C", "C", "C", "C", "C", "C", "O", "H", "H", "H", "H", "H", "H", "H", "H", "H", "H", "H", "H", "H", "H", "H", "H", "H", "H"], "geometry": [[0.0, 0.0, 0.0], [2.8910020043259825, 2.3792532494291315e-16, -1.1344250830069586e-15], [4.083902896968406, 2.641938088556282, 1.6653345369377348e-16], [3.7517915829472606, 4.231068218591647, 2.4076184198335095], [5.092612755803545, 3.161920554395908, 4.770401681700685], [3.447400904487462, 1.6009932699280744, 6.60195320206548], [2.2237905024757536, 3.114962601784547, 8.752485305918889], [0.2976322227370556, 5.099231761078402, 7.944274556628931], [-0.7591921831514252, 6.361461542721918, 10.025790587714644], [-0.7321838742717297, 1.021713076987682, -1.6234823947956278], [-0.7309448876236329, -1.9151403494992618, -0.08819445375522367], [-0.7756085808922721, 0.8774075736613767, 1.683100221268549], [3.5396544732741475, -0.9912493575575569, -1.678865006333735], [3.584827615057389, -1.0893849573293026, 1.5968401791281033], [3.3173886788888716, 3.700376184689396, -1.5884401559171133], [6.098302475590022, 2.450661428335153, -0.36543054523549956], [4.5128427602714964, 6.095724913330327, 2.0061053978590975], [1.7554756562205678, 4.518383632828407, 2.781880629871879], [5.936782935005891, 4.708395447495993, 5.82705297445938], [6.670339641199334, 2.0044573736175666, 4.146539230911076], [1.9929405371494897, 0.5884179251261926, 5.565118403486819], [4.620665503618915, 0.15886133604726654, 7.473101795610181], [3.679900044405674, 4.0476722692020655, 9.860806907107142], [1.286247583133779, 1.7928283770938265, 10.023565467761003], [1.1779882988557393, 6.555420550781795, 6.813308148568333], [-1.1786013446396963, 4.237695397210061, 6.796037176536312], [-1.6492146564603107, 5.187566436144321, 11.042276956236533]], "name": "C8H18O", "identifiers": {"molecule_hash": "f03bbaec6aacb8e4345f7cb0a53de1853396e3d2", "molecular_formula": "C8H18O"}, "molecular_charge": 0.0, "molecular_multiplicity": 1, "connectivity": [[0, 1, 1.0], [0, 9, 1.0], [0, 10, 1.0], [0, 11, 1.0], [1, 2, 1.0], [1, 12, 1.0], [1, 13, 1.0], [2, 3, 1.0], [2, 14, 1.0], [2, 15, 1.0], [3, 4, 1.0], [3, 16, 1.0], [3, 17, 1.0], [4, 5, 1.0], [4, 18, 1.0], [4, 19, 1.0], [5, 6, 1.0], [5, 20, 1.0], [5, 21, 1.0], [6, 7, 1.0], [6, 22, 1.0], [6, 23, 1.0], [7, 8, 1.0], [7, 24, 1.0], [7, 25, 1.0], [8, 26, 1.0]], "fix_com": true, "fix_orientation": true, "provenance": {"creator": "QCElemental", "version": "v0.22.0", "routine": "qcelemental.molparse.from_schema"}, "id": "98688"}, "charge": 0, "optimize_geometry": false, "conformers": [], "conformer_generation_options": {"n_conformer_pool": 4000, "n_max_conformers": 0, "rms_tolerance": 0.05, "energy_window": 15, "keep_original_conformer": true}, "stage_1_unrestrained_charges": null, "stage_1_restrained_charges": null, "stage_2_unrestrained_charges": null, "stage_2_restrained_charges": null, "keep_original_orientation": false, "reorientations": [], "translations": [], "rotations": []}], "unconstrained_atoms": [{"index": 0, "molecule": {"qcmol": {"schema_name": "qcschema_molecule", "schema_version": 2, "validated": true, "symbols": ["C", "C", "C", "C", "C", "C", "C", "C", "O", "H", "H", "H", "H", "H", "H", "H", "H", "H", "H", "H", "H", "H", "H", "H", "H", "H", "H"], "geometry": [[0.0, 0.0, 0.0], [2.8910020043259825, 2.3792532494291315e-16, -1.1344250830069586e-15], [4.083902896968406, 2.641938088556282, 1.6653345369377348e-16], [3.7517915829472606, 4.231068218591647, 2.4076184198335095], [5.092612755803545, 3.161920554395908, 4.770401681700685], [3.447400904487462, 1.6009932699280744, 6.60195320206548], [2.2237905024757536, 3.114962601784547, 8.752485305918889], [0.2976322227370556, 5.099231761078402, 7.944274556628931], [-0.7591921831514252, 6.361461542721918, 10.025790587714644], [-0.7321838742717297, 1.021713076987682, -1.6234823947956278], [-0.7309448876236329, -1.9151403494992618, -0.08819445375522367], [-0.7756085808922721, 0.8774075736613767, 1.683100221268549], [3.5396544732741475, -0.9912493575575569, -1.678865006333735], [3.584827615057389, -1.0893849573293026, 1.5968401791281033], [3.3173886788888716, 3.700376184689396, -1.5884401559171133], [6.098302475590022, 2.450661428335153, -0.36543054523549956], [4.5128427602714964, 6.095724913330327, 2.0061053978590975], [1.7554756562205678, 4.518383632828407, 2.781880629871879], [5.936782935005891, 4.708395447495993, 5.82705297445938], [6.670339641199334, 2.0044573736175666, 4.146539230911076], [1.9929405371494897, 0.5884179251261926, 5.565118403486819], [4.620665503618915, 0.15886133604726654, 7.473101795610181], [3.679900044405674, 4.0476722692020655, 9.860806907107142], [1.286247583133779, 1.7928283770938265, 10.023565467761003], [1.1779882988557393, 6.555420550781795, 6.813308148568333], [-1.1786013446396963, 4.237695397210061, 6.796037176536312], [-1.6492146564603107, 5.187566436144321, 11.042276956236533]], "name": "C8H18O", "identifiers": {"molecule_hash": "f03bbaec6aacb8e4345f7cb0a53de1853396e3d2", "molecular_formula": "C8H18O"}, "molecular_charge": 0.0, "molecular_multiplicity": 1, "connectivity": [[0, 1, 1.0], [0, 9, 1.0], [0, 10, 1.0], [0, 11, 1.0], [1, 2, 1.0], [1, 12, 1.0], [1, 13, 1.0], [2, 3, 1.0], [2, 14, 1.0], [2, 15, 1.0], [3, 4, 1.0], [3, 16, 1.0], [3, 17, 1.0], [4, 5, 1.0], [4, 18, 1.0], [4, 19, 1.0], [5, 6, 1.0], [5, 20, 1.0], [5, 21, 1.0], [6, 7, 1.0], [6, 22, 1.0], [6, 23, 1.0], [7, 8, 1.0], [7, 24, 1.0], [7, 25, 1.0], [8, 26, 1.0]], "fix_com": true, "fix_orientation": true, "provenance": {"creator": "QCElemental", "version": "v0.22.0", "routine": "qcelemental.molparse.from_schema"}, "id": "98688"}, "charge": 0, "optimize_geometry": false, "conformers": [], "conformer_generation_options": {"n_conformer_pool": 4000, "n_max_conformers": 0, "rms_tolerance": 0.05, "energy_window": 15, "keep_original_conformer": true}, "stage_1_unrestrained_charges": null, "stage_1_restrained_charges": null, "stage_2_unrestrained_charges": null, "stage_2_restrained_charges": null, "keep_original_orientation": false, "reorientations": [], "translations": [], "rotations": []}}, {"index": 1, "molecule": {"qcmol": {"schema_name": "qcschema_molecule", "schema_version": 2, "validated": true, "symbols": ["C", "C", "C", "C", "C", "C", "C", "C", "O", "H", "H", "H", "H", "H", "H", "H", "H", "H", "H", "H", "H", "H", "H", "H", "H", "H", "H"], "geometry": [[0.0, 0.0, 0.0], [2.8910020043259825, 2.3792532494291315e-16, -1.1344250830069586e-15], [4.083902896968406, 2.641938088556282, 1.6653345369377348e-16], [3.7517915829472606, 4.231068218591647, 2.4076184198335095], [5.092612755803545, 3.161920554395908, 4.770401681700685], [3.447400904487462, 1.6009932699280744, 6.60195320206548], [2.2237905024757536, 3.114962601784547, 8.752485305918889], [0.2976322227370556, 5.099231761078402, 7.944274556628931], [-0.7591921831514252, 6.361461542721918, 10.025790587714644], [-0.7321838742717297, 1.021713076987682, -1.6234823947956278], [-0.7309448876236329, -1.9151403494992618, -0.08819445375522367], [-0.7756085808922721, 0.8774075736613767, 1.683100221268549], [3.5396544732741475, -0.9912493575575569, -1.678865006333735], [3.584827615057389, -1.0893849573293026, 1.5968401791281033], [3.3173886788888716, 3.700376184689396, -1.5884401559171133], [6.098302475590022, 2.450661428335153, -0.36543054523549956], [4.5128427602714964, 6.095724913330327, 2.0061053978590975], [1.7554756562205678, 4.518383632828407, 2.781880629871879], [5.936782935005891, 4.708395447495993, 5.82705297445938], [6.670339641199334, 2.0044573736175666, 4.146539230911076], [1.9929405371494897, 0.5884179251261926, 5.565118403486819], [4.620665503618915, 0.15886133604726654, 7.473101795610181], [3.679900044405674, 4.0476722692020655, 9.860806907107142], [1.286247583133779, 1.7928283770938265, 10.023565467761003], [1.1779882988557393, 6.555420550781795, 6.813308148568333], [-1.1786013446396963, 4.237695397210061, 6.796037176536312], [-1.6492146564603107, 5.187566436144321, 11.042276956236533]], "name": "C8H18O", "identifiers": {"molecule_hash": "f03bbaec6aacb8e4345f7cb0a53de1853396e3d2", "molecular_formula": "C8H18O"}, "molecular_charge": 0.0, "molecular_multiplicity": 1, "connectivity": [[0, 1, 1.0], [0, 9, 1.0], [0, 10, 1.0], [0, 11, 1.0], [1, 2, 1.0], [1, 12, 1.0], [1, 13, 1.0], [2, 3, 1.0], [2, 14, 1.0], [2, 15, 1.0], [3, 4, 1.0], [3, 16, 1.0], [3, 17, 1.0], [4, 5, 1.0], [4, 18, 1.0], [4, 19, 1.0], [5, 6, 1.0], [5, 20, 1.0], [5, 21, 1.0], [6, 7, 1.0], [6, 22, 1.0], [6, 23, 1.0], [7, 8, 1.0], [7, 24, 1.0], [7, 25, 1.0], [8, 26, 1.0]], "fix_com": true, "fix_orientation": true, "provenance": {"creator": "QCElemental", "version": "v0.22.0", "routine": "qcelemental.molparse.from_schema"}, "id": "98688"}, "charge": 0, "optimize_geometry": false, "conformers": [], "conformer_generation_options": {"n_conformer_pool": 4000, "n_max_conformers": 0, "rms_tolerance": 0.05, "energy_window": 15, "keep_original_conformer": true}, "stage_1_unrestrained_charges": null, "stage_1_restrained_charges": null, "stage_2_unrestrained_charges": null, "stage_2_restrained_charges": null, "keep_original_orientation": false, "reorientations": [], "translations": [], "rotations": []}}, {"index": 2, "molecule": {"qcmol": {"schema_name": "qcschema_molecule", "schema_version": 2, "validated": true, "symbols": ["C", "C", "C", "C", "C", "C", "C", "C", "O", "H", "H", "H", "H", "H", "H", "H", "H", "H", "H", "H", "H", "H", "H", "H", "H", "H", "H"], "geometry": [[0.0, 0.0, 0.0], [2.8910020043259825, 2.3792532494291315e-16, -1.1344250830069586e-15], [4.083902896968406, 2.641938088556282, 1.6653345369377348e-16], [3.7517915829472606, 4.231068218591647, 2.4076184198335095], [5.092612755803545, 3.161920554395908, 4.770401681700685], [3.447400904487462, 1.6009932699280744, 6.60195320206548], [2.2237905024757536, 3.114962601784547, 8.752485305918889], [0.2976322227370556, 5.099231761078402, 7.944274556628931], [-0.7591921831514252, 6.361461542721918, 10.025790587714644], [-0.7321838742717297, 1.021713076987682, -1.6234823947956278], [-0.7309448876236329, -1.9151403494992618, -0.08819445375522367], [-0.7756085808922721, 0.8774075736613767, 1.683100221268549], [3.5396544732741475, -0.9912493575575569, -1.678865006333735], [3.584827615057389, -1.0893849573293026, 1.5968401791281033], [3.3173886788888716, 3.700376184689396, -1.5884401559171133], [6.098302475590022, 2.450661428335153, -0.36543054523549956], [4.5128427602714964, 6.095724913330327, 2.0061053978590975], [1.7554756562205678, 4.518383632828407, 2.781880629871879], [5.936782935005891, 4.708395447495993, 5.82705297445938], [6.670339641199334, 2.0044573736175666, 4.146539230911076], [1.9929405371494897, 0.5884179251261926, 5.565118403486819], [4.620665503618915, 0.15886133604726654, 7.473101795610181], [3.679900044405674, 4.0476722692020655, 9.860806907107142], [1.286247583133779, 1.7928283770938265, 10.023565467761003], [1.1779882988557393, 6.555420550781795, 6.813308148568333], [-1.1786013446396963, 4.237695397210061, 6.796037176536312], [-1.6492146564603107, 5.187566436144321, 11.042276956236533]], "name": "C8H18O", "identifiers": {"molecule_hash": "f03bbaec6aacb8e4345f7cb0a53de1853396e3d2", "molecular_formula": "C8H18O"}, "molecular_charge": 0.0, "molecular_multiplicity": 1, "connectivity": [[0, 1, 1.0], [0, 9, 1.0], [0, 10, 1.0], [0, 11, 1.0], [1, 2, 1.0], [1, 12, 1.0], [1, 13, 1.0], [2, 3, 1.0], [2, 14, 1.0], [2, 15, 1.0], [3, 4, 1.0], [3, 16, 1.0], [3, 17, 1.0], [4, 5, 1.0], [4, 18, 1.0], [4, 19, 1.0], [5, 6, 1.0], [5, 20, 1.0], [5, 21, 1.0], [6, 7, 1.0], [6, 22, 1.0], [6, 23, 1.0], [7, 8, 1.0], [7, 24, 1.0], [7, 25, 1.0], [8, 26, 1.0]], "fix_com": true, "fix_orientation": true, "provenance": {"creator": "QCElemental", "version": "v0.22.0", "routine": "qcelemental.molparse.from_schema"}, "id": "98688"}, "charge": 0, "optimize_geometry": false, "conformers": [], "conformer_generation_options": {"n_conformer_pool": 4000, "n_max_conformers": 0, "rms_tolerance": 0.05, "energy_window": 15, "keep_original_conformer": true}, "stage_1_unrestrained_charges": null, "stage_1_restrained_charges": null, "stage_2_unrestrained_charges": null, "stage_2_restrained_charges": null, "keep_original_orientation": false, "reorientations": [], "translations": [], "rotations": []}}, {"index": 3, "molecule": {"qcmol": {"schema_name": "qcschema_molecule", "schema_version": 2, "validated": true, "symbols": ["C", "C", "C", "C", "C", "C", "C", "C", "O", "H", "H", "H", "H", "H", "H", "H", "H", "H", "H", "H", "H", "H", "H", "H", "H", "H", "H"], "geometry": [[0.0, 0.0, 0.0], [2.8910020043259825, 2.3792532494291315e-16, -1.1344250830069586e-15], [4.083902896968406, 2.641938088556282, 1.6653345369377348e-16], [3.7517915829472606, 4.231068218591647, 2.4076184198335095], [5.092612755803545, 3.161920554395908, 4.770401681700685], [3.447400904487462, 1.6009932699280744, 6.60195320206548], [2.2237905024757536, 3.114962601784547, 8.752485305918889], [0.2976322227370556, 5.099231761078402, 7.944274556628931], [-0.7591921831514252, 6.361461542721918, 10.025790587714644], [-0.7321838742717297, 1.021713076987682, -1.6234823947956278], [-0.7309448876236329, -1.9151403494992618, -0.08819445375522367], [-0.7756085808922721, 0.8774075736613767, 1.683100221268549], [3.5396544732741475, -0.9912493575575569, -1.678865006333735], [3.584827615057389, -1.0893849573293026, 1.5968401791281033], [3.3173886788888716, 3.700376184689396, -1.5884401559171133], [6.098302475590022, 2.450661428335153, -0.36543054523549956], [4.5128427602714964, 6.095724913330327, 2.0061053978590975], [1.7554756562205678, 4.518383632828407, 2.781880629871879], [5.936782935005891, 4.708395447495993, 5.82705297445938], [6.670339641199334, 2.0044573736175666, 4.146539230911076], [1.9929405371494897, 0.5884179251261926, 5.565118403486819], [4.620665503618915, 0.15886133604726654, 7.473101795610181], [3.679900044405674, 4.0476722692020655, 9.860806907107142], [1.286247583133779, 1.7928283770938265, 10.023565467761003], [1.1779882988557393, 6.555420550781795, 6.813308148568333], [-1.1786013446396963, 4.237695397210061, 6.796037176536312], [-1.6492146564603107, 5.187566436144321, 11.042276956236533]], "name": "C8H18O", "identifiers": {"molecule_hash": "f03bbaec6aacb8e4345f7cb0a53de1853396e3d2", "molecular_formula": "C8H18O"}, "molecular_charge": 0.0, "molecular_multiplicity": 1, "connectivity": [[0, 1, 1.0], [0, 9, 1.0], [0, 10, 1.0], [0, 11, 1.0], [1, 2, 1.0], [1, 12, 1.0], [1, 13, 1.0], [2, 3, 1.0], [2, 14, 1.0], [2, 15, 1.0], [3, 4, 1.0], [3, 16, 1.0], [3, 17, 1.0], [4, 5, 1.0], [4, 18, 1.0], [4, 19, 1.0], [5, 6, 1.0], [5, 20, 1.0], [5, 21, 1.0], [6, 7, 1.0], [6, 22, 1.0], [6, 23, 1.0], [7, 8, 1.0], [7, 24, 1.0], [7, 25, 1.0], [8, 26, 1.0]], "fix_com": true, "fix_orientation": true, "provenance": {"creator": "QCElemental", "version": "v0.22.0", "routine": "qcelemental.molparse.from_schema"}, "id": "98688"}, "charge": 0, "optimize_geometry": false, "conformers": [], "conformer_generation_options": {"n_conformer_pool": 4000, "n_max_conformers": 0, "rms_tolerance": 0.05, "energy_window": 15, "keep_original_conformer": true}, "stage_1_unrestrained_charges": null, "stage_1_restrained_charges": null, "stage_2_unrestrained_charges": null, "stage_2_restrained_charges": null, "keep_original_orientation": false, "reorientations": [], "translations": [], "rotations": []}}, {"index": 4, "molecule": {"qcmol": {"schema_name": "qcschema_molecule", "schema_version": 2, "validated": true, "symbols": ["C", "C", "C", "C", "C", "C", "C", "C", "O", "H", "H", "H", "H", "H", "H", "H", "H", "H", "H", "H", "H", "H", "H", "H", "H", "H", "H"], "geometry": [[0.0, 0.0, 0.0], [2.8910020043259825, 2.3792532494291315e-16, -1.1344250830069586e-15], [4.083902896968406, 2.641938088556282, 1.6653345369377348e-16], [3.7517915829472606, 4.231068218591647, 2.4076184198335095], [5.092612755803545, 3.161920554395908, 4.770401681700685], [3.447400904487462, 1.6009932699280744, 6.60195320206548], [2.2237905024757536, 3.114962601784547, 8.752485305918889], [0.2976322227370556, 5.099231761078402, 7.944274556628931], [-0.7591921831514252, 6.361461542721918, 10.025790587714644], [-0.7321838742717297, 1.021713076987682, -1.6234823947956278], [-0.7309448876236329, -1.9151403494992618, -0.08819445375522367], [-0.7756085808922721, 0.8774075736613767, 1.683100221268549], [3.5396544732741475, -0.9912493575575569, -1.678865006333735], [3.584827615057389, -1.0893849573293026, 1.5968401791281033], [3.3173886788888716, 3.700376184689396, -1.5884401559171133], [6.098302475590022, 2.450661428335153, -0.36543054523549956], [4.5128427602714964, 6.095724913330327, 2.0061053978590975], [1.7554756562205678, 4.518383632828407, 2.781880629871879], [5.936782935005891, 4.708395447495993, 5.82705297445938], [6.670339641199334, 2.0044573736175666, 4.146539230911076], [1.9929405371494897, 0.5884179251261926, 5.565118403486819], [4.620665503618915, 0.15886133604726654, 7.473101795610181], [3.679900044405674, 4.0476722692020655, 9.860806907107142], [1.286247583133779, 1.7928283770938265, 10.023565467761003], [1.1779882988557393, 6.555420550781795, 6.813308148568333], [-1.1786013446396963, 4.237695397210061, 6.796037176536312], [-1.6492146564603107, 5.187566436144321, 11.042276956236533]], "name": "C8H18O", "identifiers": {"molecule_hash": "f03bbaec6aacb8e4345f7cb0a53de1853396e3d2", "molecular_formula": "C8H18O"}, "molecular_charge": 0.0, "molecular_multiplicity": 1, "connectivity": [[0, 1, 1.0], [0, 9, 1.0], [0, 10, 1.0], [0, 11, 1.0], [1, 2, 1.0], [1, 12, 1.0], [1, 13, 1.0], [2, 3, 1.0], [2, 14, 1.0], [2, 15, 1.0], [3, 4, 1.0], [3, 16, 1.0], [3, 17, 1.0], [4, 5, 1.0], [4, 18, 1.0], [4, 19, 1.0], [5, 6, 1.0], [5, 20, 1.0], [5, 21, 1.0], [6, 7, 1.0], [6, 22, 1.0], [6, 23, 1.0], [7, 8, 1.0], [7, 24, 1.0], [7, 25, 1.0], [8, 26, 1.0]], "fix_com": true, "fix_orientation": true, "provenance": {"creator": "QCElemental", "version": "v0.22.0", "routine": "qcelemental.molparse.from_schema"}, "id": "98688"}, "charge": 0, "optimize_geometry": false, "conformers": [], "conformer_generation_options": {"n_conformer_pool": 4000, "n_max_conformers": 0, "rms_tolerance": 0.05, "energy_window": 15, "keep_original_conformer": true}, "stage_1_unrestrained_charges": null, "stage_1_restrained_charges": null, "stage_2_unrestrained_charges": null, "stage_2_restrained_charges": null, "keep_original_orientation": false, "reorientations": [], "translations": [], "rotations": []}}, {"index": 5, "molecule": {"qcmol": {"schema_name": "qcschema_molecule", "schema_version": 2, "validated": true, "symbols": ["C", "C", "C", "C", "C", "C", "C", "C", "O", "H", "H", "H", "H", "H", "H", "H", "H", "H", "H", "H", "H", "H", "H", "H", "H", "H", "H"], "geometry": [[0.0, 0.0, 0.0], [2.8910020043259825, 2.3792532494291315e-16, -1.1344250830069586e-15], [4.083902896968406, 2.641938088556282, 1.6653345369377348e-16], [3.7517915829472606, 4.231068218591647, 2.4076184198335095], [5.092612755803545, 3.161920554395908, 4.770401681700685], [3.447400904487462, 1.6009932699280744, 6.60195320206548], [2.2237905024757536, 3.114962601784547, 8.752485305918889], [0.2976322227370556, 5.099231761078402, 7.944274556628931], [-0.7591921831514252, 6.361461542721918, 10.025790587714644], [-0.7321838742717297, 1.021713076987682, -1.6234823947956278], [-0.7309448876236329, -1.9151403494992618, -0.08819445375522367], [-0.7756085808922721, 0.8774075736613767, 1.683100221268549], [3.5396544732741475, -0.9912493575575569, -1.678865006333735], [3.584827615057389, -1.0893849573293026, 1.5968401791281033], [3.3173886788888716, 3.700376184689396, -1.5884401559171133], [6.098302475590022, 2.450661428335153, -0.36543054523549956], [4.5128427602714964, 6.095724913330327, 2.0061053978590975], [1.7554756562205678, 4.518383632828407, 2.781880629871879], [5.936782935005891, 4.708395447495993, 5.82705297445938], [6.670339641199334, 2.0044573736175666, 4.146539230911076], [1.9929405371494897, 0.5884179251261926, 5.565118403486819], [4.620665503618915, 0.15886133604726654, 7.473101795610181], [3.679900044405674, 4.0476722692020655, 9.860806907107142], [1.286247583133779, 1.7928283770938265, 10.023565467761003], [1.1779882988557393, 6.555420550781795, 6.813308148568333], [-1.1786013446396963, 4.237695397210061, 6.796037176536312], [-1.6492146564603107, 5.187566436144321, 11.042276956236533]], "name": "C8H18O", "identifiers": {"molecule_hash": "f03bbaec6aacb8e4345f7cb0a53de1853396e3d2", "molecular_formula": "C8H18O"}, "molecular_charge": 0.0, "molecular_multiplicity": 1, "connectivity": [[0, 1, 1.0], [0, 9, 1.0], [0, 10, 1.0], [0, 11, 1.0], [1, 2, 1.0], [1, 12, 1.0], [1, 13, 1.0], [2, 3, 1.0], [2, 14, 1.0], [2, 15, 1.0], [3, 4, 1.0], [3, 16, 1.0], [3, 17, 1.0], [4, 5, 1.0], [4, 18, 1.0], [4, 19, 1.0], [5, 6, 1.0], [5, 20, 1.0], [5, 21, 1.0], [6, 7, 1.0], [6, 22, 1.0], [6, 23, 1.0], [7, 8, 1.0], [7, 24, 1.0], [7, 25, 1.0], [8, 26, 1.0]], "fix_com": true, "fix_orientation": true, "provenance": {"creator": "QCElemental", "version": "v0.22.0", "routine": "qcelemental.molparse.from_schema"}, "id": "98688"}, "charge": 0, "optimize_geometry": false, "conformers": [], "conformer_generation_options": {"n_conformer_pool": 4000, "n_max_conformers": 0, "rms_tolerance": 0.05, "energy_window": 15, "keep_original_conformer": true}, "stage_1_unrestrained_charges": null, "stage_1_restrained_charges": null, "stage_2_unrestrained_charges": null, "stage_2_restrained_charges": null, "keep_original_orientation": false, "reorientations": [], "translations": [], "rotations": []}}, {"index": 6, "molecule": {"qcmol": {"schema_name": "qcschema_molecule", "schema_version": 2, "validated": true, "symbols": ["C", "C", "C", "C", "C", "C", "C", "C", "O", "H", "H", "H", "H", "H", "H", "H", "H", "H", "H", "H", "H", "H", "H", "H", "H", "H", "H"], "geometry": [[0.0, 0.0, 0.0], [2.8910020043259825, 2.3792532494291315e-16, -1.1344250830069586e-15], [4.083902896968406, 2.641938088556282, 1.6653345369377348e-16], [3.7517915829472606, 4.231068218591647, 2.4076184198335095], [5.092612755803545, 3.161920554395908, 4.770401681700685], [3.447400904487462, 1.6009932699280744, 6.60195320206548], [2.2237905024757536, 3.114962601784547, 8.752485305918889], [0.2976322227370556, 5.099231761078402, 7.944274556628931], [-0.7591921831514252, 6.361461542721918, 10.025790587714644], [-0.7321838742717297, 1.021713076987682, -1.6234823947956278], [-0.7309448876236329, -1.9151403494992618, -0.08819445375522367], [-0.7756085808922721, 0.8774075736613767, 1.683100221268549], [3.5396544732741475, -0.9912493575575569, -1.678865006333735], [3.584827615057389, -1.0893849573293026, 1.5968401791281033], [3.3173886788888716, 3.700376184689396, -1.5884401559171133], [6.098302475590022, 2.450661428335153, -0.36543054523549956], [4.5128427602714964, 6.095724913330327, 2.0061053978590975], [1.7554756562205678, 4.518383632828407, 2.781880629871879], [5.936782935005891, 4.708395447495993, 5.82705297445938], [6.670339641199334, 2.0044573736175666, 4.146539230911076], [1.9929405371494897, 0.5884179251261926, 5.565118403486819], [4.620665503618915, 0.15886133604726654, 7.473101795610181], [3.679900044405674, 4.0476722692020655, 9.860806907107142], [1.286247583133779, 1.7928283770938265, 10.023565467761003], [1.1779882988557393, 6.555420550781795, 6.813308148568333], [-1.1786013446396963, 4.237695397210061, 6.796037176536312], [-1.6492146564603107, 5.187566436144321, 11.042276956236533]], "name": "C8H18O", "identifiers": {"molecule_hash": "f03bbaec6aacb8e4345f7cb0a53de1853396e3d2", "molecular_formula": "C8H18O"}, "molecular_charge": 0.0, "molecular_multiplicity": 1, "connectivity": [[0, 1, 1.0], [0, 9, 1.0], [0, 10, 1.0], [0, 11, 1.0], [1, 2, 1.0], [1, 12, 1.0], [1, 13, 1.0], [2, 3, 1.0], [2, 14, 1.0], [2, 15, 1.0], [3, 4, 1.0], [3, 16, 1.0], [3, 17, 1.0], [4, 5, 1.0], [4, 18, 1.0], [4, 19, 1.0], [5, 6, 1.0], [5, 20, 1.0], [5, 21, 1.0], [6, 7, 1.0], [6, 22, 1.0], [6, 23, 1.0], [7, 8, 1.0], [7, 24, 1.0], [7, 25, 1.0], [8, 26, 1.0]], "fix_com": true, "fix_orientation": true, "provenance": {"creator": "QCElemental", "version": "v0.22.0", "routine": "qcelemental.molparse.from_schema"}, "id": "98688"}, "charge": 0, "optimize_geometry": false, "conformers": [], "conformer_generation_options": {"n_conformer_pool": 4000, "n_max_conformers": 0, "rms_tolerance": 0.05, "energy_window": 15, "keep_original_conformer": true}, "stage_1_unrestrained_charges": null, "stage_1_restrained_charges": null, "stage_2_unrestrained_charges": null, "stage_2_restrained_charges": null, "keep_original_orientation": false, "reorientations": [], "translations": [], "rotations": []}}, {"index": 7, "molecule": {"qcmol": {"schema_name": "qcschema_molecule", "schema_version": 2, "validated": true, "symbols": ["C", "C", "C", "C", "C", "C", "C", "C", "O", "H", "H", "H", "H", "H", "H", "H", "H", "H", "H", "H", "H", "H", "H", "H", "H", "H", "H"], "geometry": [[0.0, 0.0, 0.0], [2.8910020043259825, 2.3792532494291315e-16, -1.1344250830069586e-15], [4.083902896968406, 2.641938088556282, 1.6653345369377348e-16], [3.7517915829472606, 4.231068218591647, 2.4076184198335095], [5.092612755803545, 3.161920554395908, 4.770401681700685], [3.447400904487462, 1.6009932699280744, 6.60195320206548], [2.2237905024757536, 3.114962601784547, 8.752485305918889], [0.2976322227370556, 5.099231761078402, 7.944274556628931], [-0.7591921831514252, 6.361461542721918, 10.025790587714644], [-0.7321838742717297, 1.021713076987682, -1.6234823947956278], [-0.7309448876236329, -1.9151403494992618, -0.08819445375522367], [-0.7756085808922721, 0.8774075736613767, 1.683100221268549], [3.5396544732741475, -0.9912493575575569, -1.678865006333735], [3.584827615057389, -1.0893849573293026, 1.5968401791281033], [3.3173886788888716, 3.700376184689396, -1.5884401559171133], [6.098302475590022, 2.450661428335153, -0.36543054523549956], [4.5128427602714964, 6.095724913330327, 2.0061053978590975], [1.7554756562205678, 4.518383632828407, 2.781880629871879], [5.936782935005891, 4.708395447495993, 5.82705297445938], [6.670339641199334, 2.0044573736175666, 4.146539230911076], [1.9929405371494897, 0.5884179251261926, 5.565118403486819], [4.620665503618915, 0.15886133604726654, 7.473101795610181], [3.679900044405674, 4.0476722692020655, 9.860806907107142], [1.286247583133779, 1.7928283770938265, 10.023565467761003], [1.1779882988557393, 6.555420550781795, 6.813308148568333], [-1.1786013446396963, 4.237695397210061, 6.796037176536312], [-1.6492146564603107, 5.187566436144321, 11.042276956236533]], "name": "C8H18O", "identifiers": {"molecule_hash": "f03bbaec6aacb8e4345f7cb0a53de1853396e3d2", "molecular_formula": "C8H18O"}, "molecular_charge": 0.0, "molecular_multiplicity": 1, "connectivity": [[0, 1, 1.0], [0, 9, 1.0], [0, 10, 1.0], [0, 11, 1.0], [1, 2, 1.0], [1, 12, 1.0], [1, 13, 1.0], [2, 3, 1.0], [2, 14, 1.0], [2, 15, 1.0], [3, 4, 1.0], [3, 16, 1.0], [3, 17, 1.0], [4, 5, 1.0], [4, 18, 1.0], [4, 19, 1.0], [5, 6, 1.0], [5, 20, 1.0], [5, 21, 1.0], [6, 7, 1.0], [6, 22, 1.0], [6, 23, 1.0], [7, 8, 1.0], [7, 24, 1.0], [7, 25, 1.0], [8, 26, 1.0]], "fix_com": true, "fix_orientation": true, "provenance": {"creator": "QCElemental", "version": "v0.22.0", "routine": "qcelemental.molparse.from_schema"}, "id": "98688"}, "charge": 0, "optimize_geometry": false, "conformers": [], "conformer_generation_options": {"n_conformer_pool": 4000, "n_max_conformers": 0, "rms_tolerance": 0.05, "energy_window": 15, "keep_original_conformer": true}, "stage_1_unrestrained_charges": null, "stage_1_restrained_charges": null, "stage_2_unrestrained_charges": null, "stage_2_restrained_charges": null, "keep_original_orientation": false, "reorientations": [], "translations": [], "rotations": []}}]}, "surface_constraints": {"matrix": [[1986.4785549765347, 1925.8432495644765, 1855.4736496347978, 1787.2711245598898, 1711.2316976074255, 1640.073283684473, 1573.9328987683366, 1506.8872239743223, 1473.6969471648479, 1989.2326185340632, 1999.9051852112607, 1992.8288885400561, 1912.3425885984166, 1922.332862190651, 1859.799138962903, 1833.2159879384903, 1789.7170786598854, 1777.3663788441947, 1715.9492916980148, 1690.5827810493706, 1624.3842298044021, 1639.0553112569326, 1546.047118279475, 1589.3937361034941, 1498.205519480205, 1479.1068243271063, 1475.3833011590707], [1925.8432495644765, 1974.0355804128371, 1925.5574488848633, 1856.6560755859357, 1784.4275867368726, 1707.1387007904664, 1630.0185994944256, 1552.1165279726483, 1516.4166324548964, 1901.0985042668217, 1911.634966566531, 1904.9466597834025, 1994.5050509475464, 2001.4336595450668, 1925.263443092324, 1922.3986211025679, 1858.4011007521183, 1842.2123842213368, 1785.1843602060378, 1774.293652319262, 1693.9202137180419, 1707.3595776227478, 1600.9783385606818, 1646.5739171821062, 1541.9135030545804, 1518.9074521774714, 1515.46105616617], [1855.4736496347978, 1925.5574488848633, 1978.1343611569462, 1931.9817990199545, 1862.0705224950018, 1780.469164221303, 1702.1425749218395, 1620.965207097878, 1580.8593447369458, 1836.6443002292656, 1840.7300320241256, 1817.958882515772, 1918.3211744922162, 1921.845179772027, 2007.593794148837, 2004.084245944816, 1932.4508574918073, 1930.8369546720853, 1855.7149963665006, 1861.6485494582623, 1763.1940263411398, 1781.1444379255367, 1675.9664441412278, 1716.2951736884445, 1614.2781037498937, 1584.1753448090521, 1576.3746997078144], [1787.2711245598898, 1856.6560755859357, 1931.9817990199545, 1984.502640129899, 1935.0653624718175, 1865.5971397216858, 1783.2206073161562, 1690.1324064561827, 1648.7769957812775, 1780.6856112137789, 1760.881425369036, 1752.4288267873108, 1825.2634981435942, 1864.000156123901, 1932.4090438207913, 1929.028481590267, 2015.957116625128, 2011.489631272964, 1931.2471722727048, 1934.0067506807816, 1858.831215148751, 1865.3950687311913, 1764.162970051497, 1795.090521575554, 1676.986641863319, 1651.0504354124014, 1636.725596487212], [1711.2316976074255, 1784.4275867368726, 1862.0705224950018, 1935.0653624718175, 1983.2162829376, 1932.9042982719568, 1860.107935783132, 1769.3346094547176, 1722.0862790427298, 1706.2566546234375, 1688.3354620239265, 1669.7863778992728, 1740.8757076551396, 1808.3404928581522, 1857.1718276891293, 1853.8564908930498, 1936.4972010076465, 1932.8790320765738, 2008.8626938054128, 2012.6516081522784, 1926.8524878916344, 1935.0290491781498, 1863.5208588748465, 1851.5076427060937, 1747.1857473502564, 1744.5025056380914, 1697.996543303795], [1640.073283684473, 1707.1387007904664, 1780.469164221303, 1865.5971397216858, 1932.9042982719568, 1979.3820739863295, 1926.6847705914768, 1851.182937973868, 1800.9370125174066, 1632.5153113955284, 1613.8639366122466, 1610.050169471121, 1658.456691490387, 1736.2966174941155, 1769.2487753743535, 1768.5550822553541, 1877.4138774308976, 1851.9928553627026, 1929.669313325204, 1932.1665305455642, 2003.142458290122, 2010.6330538649313, 1924.2339768895984, 1923.4327243335144, 1829.58676052416, 1835.2910166552333, 1778.897567365979], [1573.9328987683366, 1630.0185994944256, 1702.1425749218395, 1783.2206073161562, 1860.107935783132, 1926.6847705914768, 1973.485780660528, 1918.9922774080371, 1867.2804166013127, 1561.174569193552, 1551.4989904817262, 1555.3686560116848, 1578.1580217746343, 1655.3414133107315, 1693.7656232837737, 1691.0020921994649, 1776.95355324993, 1779.8200460908524, 1849.388751618374, 1862.6230929641613, 1921.2025181339613, 1927.4719699317639, 2001.5047659651361, 1999.911734208715, 1907.5421387124215, 1904.8058348990285, 1844.926398941628], [1506.8872239743223, 1552.1165279726483, 1620.965207097878, 1690.1324064561827, 1769.3346094547176, 1851.182937973868, 1918.9922774080371, 1966.5730260893984, 1938.7532209949106, 1494.2630879864173, 1487.3108799771494, 1494.7615208610766, 1503.2103080084871, 1570.3584685934593, 1624.3959481312886, 1606.466709528081, 1678.2298443691616, 1682.2834759908221, 1758.8138771792624, 1765.042157192723, 1848.759573458945, 1849.0686664254201, 1916.1577977163004, 1917.1246256493048, 1983.4533392582387, 1980.4298354491182, 1923.1695459385776], [1473.6969471648479, 1516.4166324548964, 1580.8593447369458, 1648.7769957812775, 1722.0862790427298, 1800.9370125174066, 1867.2804166013127, 1938.7532209949106, 2018.2868810837708, 1461.3117108256442, 1459.2651713447838, 1459.7948596647107, 1473.0347847965295, 1530.9248666645626, 1588.0003318513552, 1561.1353970799046, 1639.478562933594, 1641.72304665893, 1719.669373567936, 1707.7427009986145, 1795.1257341290575, 1802.2402719985903, 1851.7588570664636, 1860.4257575235258, 1924.0924691150492, 1920.7035686889515, 2019.5995666960075], [1989.2326185340632, 1901.0985042668217, 1836.6443002292656, 1780.6856112137789, 1706.2566546234375, 1632.5153113955284, 1561.174569193552, 1494.2630879864173, 1461.3117108256442, 2071.601564536296, 1974.300570051924, 1968.3187701504744, 1873.485937342436, 1886.789880879497, 1839.0068200967214, 1810.46406392358, 1794.0260164713466, 1768.346863723422, 1717.4866126451632, 1682.8105541057869, 1616.8318449795609, 1633.841601616759, 1538.717835876801, 1567.4445863345454, 1484.6150973196966, 1467.9894352867295, 1461.8644021297046], [1999.9051852112607, 1911.634966566531, 1840.7300320241256, 1760.881425369036, 1688.3354620239265, 1613.8639366122466, 1551.4989904817262, 1487.3108799771494, 1459.2651713447838, 1974.300570051924, 2095.5883179211287, 1975.9712816333672, 1890.4990408984027, 1894.552000823768, 1846.053435267557, 1826.9868186320568, 1747.5267449868338, 1755.3224693615489, 1696.7227828641946, 1668.4590263759499, 1593.2672682718803, 1612.5515050594486, 1522.0656656668896, 1569.1003730034065, 1477.1343557420162, 1459.4033380637695, 1460.3603484358318], [1992.8288885400561, 1904.9466597834025, 1817.958882515772, 1752.4288267873108, 1669.7863778992728, 1610.050169471121, 1555.3686560116848, 1494.7615208610766, 1459.7948596647107, 1968.3187701504744, 1975.9712816333672, 2079.7562757608757, 1885.8663062223782, 1901.162671245602, 1826.241814067654, 1778.7218745288599, 1761.1901948164614, 1744.5516046198222, 1666.778195456098, 1643.8007537497522, 1597.0369455405544, 1605.8708571805482, 1525.0491468259809, 1577.0336739059242, 1488.9472678388865, 1470.0566717520255, 1465.9282078598542], [1912.3425885984166, 1994.5050509475464, 1918.3211744922162, 1825.2634981435942, 1740.8757076551396, 1658.456691490387, 1578.1580217746343, 1503.2103080084871, 1473.0347847965295, 1873.485937342436, 1890.4990408984027, 1885.8663062223782, 2092.5001355329355, 1993.6746478324937, 1911.1089359634886, 1920.311715177864, 1822.9264487593962, 1808.8352385588348, 1738.6817245498773, 1729.3876665932066, 1648.3902133508327, 1656.2228826105709, 1543.050881315632, 1596.8083352346773, 1493.3977944282715, 1467.9513834457923, 1475.5435711001403], [1922.332862190651, 2001.4336595450668, 1921.845179772027, 1864.000156123901, 1808.3404928581522, 1736.2966174941155, 1655.3414133107315, 1570.3584685934593, 1530.9248666645626, 1886.789880879497, 1894.552000823768, 1901.162671245602, 1993.6746478324937, 2108.2143397099803, 1899.7513649837156, 1906.111328595515, 1869.817813032189, 1839.2711374891628, 1814.633785971112, 1801.4669080470014, 1726.377877136401, 1739.0197428133483, 1629.6594026257894, 1671.4812745940967, 1556.163758667853, 1538.7173530524308, 1527.5170014963385], [1859.799138962903, 1925.263443092324, 2007.593794148837, 1932.4090438207913, 1857.1718276891293, 1769.2487753743535, 1693.7656232837737, 1624.3959481312886, 1588.0003318513552, 1839.0068200967214, 1846.053435267557, 1826.241814067654, 1911.1089359634886, 1899.7513649837156, 2114.2580358503637, 2004.464311364934, 1925.9950383331823, 1918.9294429467295, 1852.5475719513142, 1856.2116360527787, 1742.7282627876411, 1772.5313380076911, 1662.8291626328778, 1705.2688245534807, 1622.1546392728787, 1588.1909013400311, 1586.6596282647563], [1833.2159879384903, 1922.3986211025679, 2004.084245944816, 1929.028481590267, 1853.8564908930498, 1768.5550822553541, 1691.0020921994649, 1606.466709528081, 1561.1353970799046, 1810.46406392358, 1826.9868186320568, 1778.7218745288599, 1920.311715177864, 1906.111328595515, 2004.464311364934, 2106.7564865430286, 1909.7443439849526, 1928.6119904245577, 1838.2116813215248, 1862.3481243316135, 1750.2264300885627, 1767.95356071184, 1666.2815051932105, 1707.2616957985083, 1604.1355937958533, 1567.5290588419268, 1556.8717101665236], [1789.7170786598854, 1858.4011007521183, 1932.4508574918073, 2015.957116625128, 1936.4972010076465, 1877.4138774308976, 1776.95355324993, 1678.2298443691616, 1639.478562933594, 1794.0260164713466, 1747.5267449868338, 1761.1901948164614, 1822.9264487593962, 1869.817813032189, 1925.9950383331823, 1909.7443439849526, 2124.8708896323683, 2016.1240700538847, 1931.5081043555288, 1902.8603474610945, 1884.8743139916314, 1884.9728326163004, 1747.343487442421, 1790.9397961198736, 1667.9765934913055, 1629.9855275368225, 1629.3540186240189], [1777.3663788441947, 1842.2123842213368, 1930.8369546720853, 2011.489631272964, 1932.8790320765738, 1851.9928553627026, 1779.8200460908524, 1682.2834759908221, 1641.72304665893, 1768.346863723422, 1755.3224693615489, 1744.5516046198222, 1808.8352385588348, 1839.2711374891628, 1918.9294429467295, 1928.6119904245577, 2016.1240700538847, 2112.0575485660656, 1908.2400626055037, 1939.040209479617, 1839.2372087272427, 1841.8068677009123, 1760.889510325521, 1803.8646374902207, 1667.4567055685593, 1641.1405474375174, 1630.2959532759023], [1715.9492916980148, 1785.1843602060378, 1855.7149963665006, 1931.2471722727048, 2008.8626938054128, 1929.669313325204, 1849.388751618374, 1758.8138771792624, 1719.669373567936, 1717.4866126451632, 1696.7227828641946, 1666.778195456098, 1738.6817245498773, 1814.633785971112, 1852.5475719513142, 1838.2116813215248, 1931.5081043555288, 1908.2400626055037, 2108.819251102115, 2012.1576805535828, 1921.2439351534708, 1917.4862946092228, 1858.0108759621783, 1830.5292329315268, 1728.9888209088588, 1736.55493843776, 1690.442109897386], [1690.5827810493706, 1774.293652319262, 1861.6485494582623, 1934.0067506807816, 2012.6516081522784, 1932.1665305455642, 1862.6230929641613, 1765.042157192723, 1707.7427009986145, 1682.8105541057869, 1668.4590263759499, 1643.8007537497522, 1729.3876665932066, 1801.4669080470014, 1856.2116360527787, 1862.3481243316135, 1902.8603474610945, 1939.040209479617, 2012.1576805535828, 2118.032631912896, 1905.3234503154795, 1926.8224949215055, 1883.585254627559, 1843.6304480685312, 1742.9800489735997, 1744.5795362696401, 1677.174809741282], [1624.3842298044021, 1693.9202137180419, 1763.1940263411398, 1858.831215148751, 1926.8524878916344, 2003.142458290122, 1921.2025181339613, 1848.759573458945, 1795.1257341290575, 1616.8318449795609, 1593.2672682718803, 1597.0369455405544, 1648.3902133508327, 1726.377877136401, 1742.7282627876411, 1750.2264300885627, 1884.8743139916314, 1839.2372087272427, 1921.2439351534708, 1905.3234503154795, 2101.9609709811566, 2007.9243241935458, 1898.8365766047427, 1911.648928383003, 1822.5166978556663, 1842.3963696643634, 1777.6877085921958], [1639.0553112569326, 1707.3595776227478, 1781.1444379255367, 1865.3950687311913, 1935.0290491781498, 2010.6330538649313, 1927.4719699317639, 1849.0686664254201, 1802.2402719985903, 1633.841601616759, 1612.5515050594486, 1605.8708571805482, 1656.2228826105709, 1739.0197428133483, 1772.5313380076911, 1767.95356071184, 1884.9728326163004, 1841.8068677009123, 1917.4862946092228, 1926.8224949215055, 2007.9243241935458, 2117.360502258925, 1914.796227146693, 1912.044082509933, 1826.1795501207764, 1830.1208921504565, 1778.0993901076342], [1546.047118279475, 1600.9783385606818, 1675.9664441412278, 1764.162970051497, 1863.5208588748465, 1924.2339768895984, 2001.5047659651361, 1916.1577977163004, 1851.7588570664636, 1538.717835876801, 1522.0656656668896, 1525.0491468259809, 