{"resp_b": 0.1, "restrained_fit": true, "exclude_hydrogens": true, "convergence_tolerance": 1e-06, "max_iter": 500, "resp_a": 0.0005, "charge_constraints": {"charge_sum_constraints": [], "charge_equivalence_constraints": [], "molecules": [{"qcmol": {"schema_name": "qcschema_molecule", "schema_version": 2, "validated": true, "symbols": ["C", "C", "C", "C", "C", "C", "C", "C", "O", "H", "H", "H", "H", "H", "H", "H", "H", "H", "H", "H", "H", "H", "H", "H", "H", "H", "H"], "geometry": [[0.0, 0.0, 0.0], [2.8910020043259825, 2.3792532494291315e-16, -1.1344250830069586e-15], [4.083902896968406, 2.641938088556282, 1.6653345369377348e-16], [3.7517915829472606, 4.231068218591647, 2.4076184198335095], [5.092612755803545, 3.161920554395908, 4.770401681700685], [3.447400904487462, 1.6009932699280744, 6.60195320206548], [2.2237905024757536, 3.114962601784547, 8.752485305918889], [0.2976322227370556, 5.099231761078402, 7.944274556628931], [-0.7591921831514252, 6.361461542721918, 10.025790587714644], [-0.7321838742717297, 1.021713076987682, -1.6234823947956278], [-0.7309448876236329, -1.9151403494992618, -0.08819445375522367], [-0.7756085808922721, 0.8774075736613767, 1.683100221268549], [3.5396544732741475, -0.9912493575575569, -1.678865006333735], [3.584827615057389, -1.0893849573293026, 1.5968401791281033], [3.3173886788888716, 3.700376184689396, -1.5884401559171133], [6.098302475590022, 2.450661428335153, -0.36543054523549956], [4.5128427602714964, 6.095724913330327, 2.0061053978590975], [1.7554756562205678, 4.518383632828407, 2.781880629871879], [5.936782935005891, 4.708395447495993, 5.82705297445938], [6.670339641199334, 2.0044573736175666, 4.146539230911076], [1.9929405371494897, 0.5884179251261926, 5.565118403486819], [4.620665503618915, 0.15886133604726654, 7.473101795610181], [3.679900044405674, 4.0476722692020655, 9.860806907107142], [1.286247583133779, 1.7928283770938265, 10.023565467761003], [1.1779882988557393, 6.555420550781795, 6.813308148568333], [-1.1786013446396963, 4.237695397210061, 6.796037176536312], [-1.6492146564603107, 5.187566436144321, 11.042276956236533]], "name": "C8H18O", "identifiers": {"molecule_hash": "f03bbaec6aacb8e4345f7cb0a53de1853396e3d2", "molecular_formula": "C8H18O"}, "molecular_charge": 0.0, "molecular_multiplicity": 1, "connectivity": [[0, 1, 1.0], [0, 9, 1.0], [0, 10, 1.0], [0, 11, 1.0], [1, 2, 1.0], [1, 12, 1.0], [1, 13, 1.0], [2, 3, 1.0], [2, 14, 1.0], [2, 15, 1.0], [3, 4, 1.0], [3, 16, 1.0], [3, 17, 1.0], [4, 5, 1.0], [4, 18, 1.0], [4, 19, 1.0], [5, 6, 1.0], [5, 20, 1.0], [5, 21, 1.0], [6, 7, 1.0], [6, 22, 1.0], [6, 23, 1.0], [7, 8, 1.0], [7, 24, 1.0], [7, 25, 1.0], [8, 26, 1.0]], "fix_com": true, "fix_orientation": true, "provenance": {"creator": "QCElemental", "version": "v0.22.0", "routine": "qcelemental.molparse.from_schema"}, "id": "98688"}, "charge": 0, "optimize_geometry": false, "conformers": [], "conformer_generation_options": {"n_conformer_pool": 4000, "n_max_conformers": 0, "rms_tolerance": 0.05, "energy_window": 15, "keep_original_conformer": true}, "stage_1_unrestrained_charges": null, "stage_1_restrained_charges": null, "stage_2_unrestrained_charges": null, "stage_2_restrained_charges": null, "keep_original_orientation": false, "reorientations": [], "translations": [], "rotations": []}], "unconstrained_atoms": [{"index": 0, "molecule": {"qcmol": {"schema_name": "qcschema_molecule", "schema_version": 2, "validated": true, "symbols": ["C", "C", "C", "C", "C", "C", "C", "C", "O", "H", "H", "H", "H", "H", "H", "H", "H", "H", "H", "H", "H", "H", "H", "H", "H", "H", "H"], "geometry": [[0.0, 0.0, 0.0], [2.8910020043259825, 2.3792532494291315e-16, -1.1344250830069586e-15], [4.083902896968406, 2.641938088556282, 1.6653345369377348e-16], [3.7517915829472606, 4.231068218591647, 2.4076184198335095], [5.092612755803545, 3.161920554395908, 4.770401681700685], [3.447400904487462, 1.6009932699280744, 6.60195320206548], [2.2237905024757536, 3.114962601784547, 8.752485305918889], [0.2976322227370556, 5.099231761078402, 7.944274556628931], [-0.7591921831514252, 6.361461542721918, 10.025790587714644], [-0.7321838742717297, 1.021713076987682, -1.6234823947956278], [-0.7309448876236329, -1.9151403494992618, -0.08819445375522367], [-0.7756085808922721, 0.8774075736613767, 1.683100221268549], [3.5396544732741475, -0.9912493575575569, -1.678865006333735], [3.584827615057389, -1.0893849573293026, 1.5968401791281033], [3.3173886788888716, 3.700376184689396, -1.5884401559171133], [6.098302475590022, 2.450661428335153, -0.36543054523549956], [4.5128427602714964, 6.095724913330327, 2.0061053978590975], [1.7554756562205678, 4.518383632828407, 2.781880629871879], [5.936782935005891, 4.708395447495993, 5.82705297445938], [6.670339641199334, 2.0044573736175666, 4.146539230911076], [1.9929405371494897, 0.5884179251261926, 5.565118403486819], [4.620665503618915, 0.15886133604726654, 7.473101795610181], [3.679900044405674, 4.0476722692020655, 9.860806907107142], [1.286247583133779, 1.7928283770938265, 10.023565467761003], [1.1779882988557393, 6.555420550781795, 6.813308148568333], [-1.1786013446396963, 4.237695397210061, 6.796037176536312], [-1.6492146564603107, 5.187566436144321, 11.042276956236533]], "name": "C8H18O", "identifiers": {"molecule_hash": "f03bbaec6aacb8e4345f7cb0a53de1853396e3d2", "molecular_formula": "C8H18O"}, "molecular_charge": 0.0, "molecular_multiplicity": 1, "connectivity": [[0, 1, 1.0], [0, 9, 1.0], [0, 10, 1.0], [0, 11, 1.0], [1, 2, 1.0], [1, 12, 1.0], [1, 13, 1.0], [2, 3, 1.0], [2, 14, 1.0], [2, 15, 1.0], [3, 4, 1.0], [3, 16, 1.0], [3, 17, 1.0], [4, 5, 1.0], [4, 18, 1.0], [4, 19, 1.0], [5, 6, 1.0], [5, 20, 1.0], [5, 21, 1.0], [6, 7, 1.0], [6, 22, 1.0], [6, 23, 1.0], [7, 8, 1.0], [7, 24, 1.0], [7, 25, 1.0], [8, 26, 1.0]], "fix_com": true, "fix_orientation": true, "provenance": {"creator": "QCElemental", "version": "v0.22.0", "routine": "qcelemental.molparse.from_schema"}, "id": "98688"}, "charge": 0, "optimize_geometry": false, "conformers": [], "conformer_generation_options": {"n_conformer_pool": 4000, "n_max_conformers": 0, "rms_tolerance": 0.05, "energy_window": 15, "keep_original_conformer": true}, "stage_1_unrestrained_charges": null, "stage_1_restrained_charges": null, "stage_2_unrestrained_charges": null, "stage_2_restrained_charges": null, "keep_original_orientation": false, "reorientations": [], "translations": [], "rotations": []}}, {"index": 1, "molecule": {"qcmol": {"schema_name": "qcschema_molecule", "schema_version": 2, "validated": true, "symbols": ["C", "C", "C", "C", "C", "C", "C", "C", "O", "H", "H", "H", "H", "H", "H", "H", "H", "H", "H", "H", "H", "H", "H", "H", "H", "H", "H"], "geometry": [[0.0, 0.0, 0.0], [2.8910020043259825, 2.3792532494291315e-16, -1.1344250830069586e-15], [4.083902896968406, 2.641938088556282, 1.6653345369377348e-16], [3.7517915829472606, 4.231068218591647, 2.4076184198335095], [5.092612755803545, 3.161920554395908, 4.770401681700685], [3.447400904487462, 1.6009932699280744, 6.60195320206548], [2.2237905024757536, 3.114962601784547, 8.752485305918889], [0.2976322227370556, 5.099231761078402, 7.944274556628931], [-0.7591921831514252, 6.361461542721918, 10.025790587714644], [-0.7321838742717297, 1.021713076987682, -1.6234823947956278], [-0.7309448876236329, -1.9151403494992618, -0.08819445375522367], [-0.7756085808922721, 0.8774075736613767, 1.683100221268549], [3.5396544732741475, -0.9912493575575569, -1.678865006333735], [3.584827615057389, -1.0893849573293026, 1.5968401791281033], [3.3173886788888716, 3.700376184689396, -1.5884401559171133], [6.098302475590022, 2.450661428335153, -0.36543054523549956], [4.5128427602714964, 6.095724913330327, 2.0061053978590975], [1.7554756562205678, 4.518383632828407, 2.781880629871879], [5.936782935005891, 4.708395447495993, 5.82705297445938], [6.670339641199334, 2.0044573736175666, 4.146539230911076], [1.9929405371494897, 0.5884179251261926, 5.565118403486819], [4.620665503618915, 0.15886133604726654, 7.473101795610181], [3.679900044405674, 4.0476722692020655, 9.860806907107142], [1.286247583133779, 1.7928283770938265, 10.023565467761003], [1.1779882988557393, 6.555420550781795, 6.813308148568333], [-1.1786013446396963, 4.237695397210061, 6.796037176536312], [-1.6492146564603107, 5.187566436144321, 11.042276956236533]], "name": "C8H18O", "identifiers": {"molecule_hash": "f03bbaec6aacb8e4345f7cb0a53de1853396e3d2", "molecular_formula": "C8H18O"}, "molecular_charge": 0.0, "molecular_multiplicity": 1, "connectivity": [[0, 1, 1.0], [0, 9, 1.0], [0, 10, 1.0], [0, 11, 1.0], [1, 2, 1.0], [1, 12, 1.0], [1, 13, 1.0], [2, 3, 1.0], [2, 14, 1.0], [2, 15, 1.0], [3, 4, 1.0], [3, 16, 1.0], [3, 17, 1.0], [4, 5, 1.0], [4, 18, 1.0], [4, 19, 1.0], [5, 6, 1.0], [5, 20, 1.0], [5, 21, 1.0], [6, 7, 1.0], [6, 22, 1.0], [6, 23, 1.0], [7, 8, 1.0], [7, 24, 1.0], [7, 25, 1.0], [8, 26, 1.0]], "fix_com": true, "fix_orientation": true, "provenance": {"creator": "QCElemental", "version": "v0.22.0", "routine": "qcelemental.molparse.from_schema"}, "id": "98688"}, "charge": 0, "optimize_geometry": false, "conformers": [], "conformer_generation_options": {"n_conformer_pool": 4000, "n_max_conformers": 0, "rms_tolerance": 0.05, "energy_window": 15, "keep_original_conformer": true}, "stage_1_unrestrained_charges": null, "stage_1_restrained_charges": null, "stage_2_unrestrained_charges": null, "stage_2_restrained_charges": null, "keep_original_orientation": false, "reorientations": [], "translations": [], "rotations": []}}, {"index": 2, "molecule": {"qcmol": {"schema_name": "qcschema_molecule", "schema_version": 2, "validated": true, "symbols": ["C", "C", "C", "C", "C", "C", "C", "C", "O", "H", "H", "H", "H", "H", "H", "H", "H", "H", "H", "H", "H", "H", "H", "H", "H", "H", "H"], "geometry": [[0.0, 0.0, 0.0], [2.8910020043259825, 2.3792532494291315e-16, -1.1344250830069586e-15], [4.083902896968406, 2.641938088556282, 1.6653345369377348e-16], [3.7517915829472606, 4.231068218591647, 2.4076184198335095], [5.092612755803545, 3.161920554395908, 4.770401681700685], [3.447400904487462, 1.6009932699280744, 6.60195320206548], [2.2237905024757536, 3.114962601784547, 8.752485305918889], [0.2976322227370556, 5.099231761078402, 7.944274556628931], [-0.7591921831514252, 6.361461542721918, 10.025790587714644], [-0.7321838742717297, 1.021713076987682, -1.6234823947956278], [-0.7309448876236329, -1.9151403494992618, -0.08819445375522367], [-0.7756085808922721, 0.8774075736613767, 1.683100221268549], [3.5396544732741475, -0.9912493575575569, -1.678865006333735], [3.584827615057389, -1.0893849573293026, 1.5968401791281033], [3.3173886788888716, 3.700376184689396, -1.5884401559171133], [6.098302475590022, 2.450661428335153, -0.36543054523549956], [4.5128427602714964, 6.095724913330327, 2.0061053978590975], [1.7554756562205678, 4.518383632828407, 2.781880629871879], [5.936782935005891, 4.708395447495993, 5.82705297445938], [6.670339641199334, 2.0044573736175666, 4.146539230911076], [1.9929405371494897, 0.5884179251261926, 5.565118403486819], [4.620665503618915, 0.15886133604726654, 7.473101795610181], [3.679900044405674, 4.0476722692020655, 9.860806907107142], [1.286247583133779, 1.7928283770938265, 10.023565467761003], [1.1779882988557393, 6.555420550781795, 6.813308148568333], [-1.1786013446396963, 4.237695397210061, 6.796037176536312], [-1.6492146564603107, 5.187566436144321, 11.042276956236533]], "name": "C8H18O", "identifiers": {"molecule_hash": "f03bbaec6aacb8e4345f7cb0a53de1853396e3d2", "molecular_formula": "C8H18O"}, "molecular_charge": 0.0, "molecular_multiplicity": 1, "connectivity": [[0, 1, 1.0], [0, 9, 1.0], [0, 10, 1.0], [0, 11, 1.0], [1, 2, 1.0], [1, 12, 1.0], [1, 13, 1.0], [2, 3, 1.0], [2, 14, 1.0], [2, 15, 1.0], [3, 4, 1.0], [3, 16, 1.0], [3, 17, 1.0], [4, 5, 1.0], [4, 18, 1.0], [4, 19, 1.0], [5, 6, 1.0], [5, 20, 1.0], [5, 21, 1.0], [6, 7, 1.0], [6, 22, 1.0], [6, 23, 1.0], [7, 8, 1.0], [7, 24, 1.0], [7, 25, 1.0], [8, 26, 1.0]], "fix_com": true, "fix_orientation": true, "provenance": {"creator": "QCElemental", "version": "v0.22.0", "routine": "qcelemental.molparse.from_schema"}, "id": "98688"}, "charge": 0, "optimize_geometry": false, "conformers": [], "conformer_generation_options": {"n_conformer_pool": 4000, "n_max_conformers": 0, "rms_tolerance": 0.05, "energy_window": 15, "keep_original_conformer": true}, "stage_1_unrestrained_charges": null, "stage_1_restrained_charges": null, "stage_2_unrestrained_charges": null, "stage_2_restrained_charges": null, "keep_original_orientation": false, "reorientations": [], "translations": [], "rotations": []}}, {"index": 3, "molecule": {"qcmol": {"schema_name": "qcschema_molecule", "schema_version": 2, "validated": true, "symbols": ["C", "C", "C", "C", "C", "C", "C", "C", "O", "H", "H", "H", "H", "H", "H", "H", "H", "H", "H", "H", "H", "H", "H", "H", "H", "H", "H"], "geometry": [[0.0, 0.0, 0.0], [2.8910020043259825, 2.3792532494291315e-16, -1.1344250830069586e-15], [4.083902896968406, 2.641938088556282, 1.6653345369377348e-16], [3.7517915829472606, 4.231068218591647, 2.4076184198335095], [5.092612755803545, 3.161920554395908, 4.770401681700685], [3.447400904487462, 1.6009932699280744, 6.60195320206548], [2.2237905024757536, 3.114962601784547, 8.752485305918889], [0.2976322227370556, 5.099231761078402, 7.944274556628931], [-0.7591921831514252, 6.361461542721918, 10.025790587714644], [-0.7321838742717297, 1.021713076987682, -1.6234823947956278], [-0.7309448876236329, -1.9151403494992618, -0.08819445375522367], [-0.7756085808922721, 0.8774075736613767, 1.683100221268549], [3.5396544732741475, -0.9912493575575569, -1.678865006333735], [3.584827615057389, -1.0893849573293026, 1.5968401791281033], [3.3173886788888716, 3.700376184689396, -1.5884401559171133], [6.098302475590022, 2.450661428335153, -0.36543054523549956], [4.5128427602714964, 6.095724913330327, 2.0061053978590975], [1.7554756562205678, 4.518383632828407, 2.781880629871879], [5.936782935005891, 4.708395447495993, 5.82705297445938], [6.670339641199334, 2.0044573736175666, 4.146539230911076], [1.9929405371494897, 0.5884179251261926, 5.565118403486819], [4.620665503618915, 0.15886133604726654, 7.473101795610181], [3.679900044405674, 4.0476722692020655, 9.860806907107142], [1.286247583133779, 1.7928283770938265, 10.023565467761003], [1.1779882988557393, 6.555420550781795, 6.813308148568333], [-1.1786013446396963, 4.237695397210061, 6.796037176536312], [-1.6492146564603107, 5.187566436144321, 11.042276956236533]], "name": "C8H18O", "identifiers": {"molecule_hash": "f03bbaec6aacb8e4345f7cb0a53de1853396e3d2", "molecular_formula": "C8H18O"}, "molecular_charge": 0.0, "molecular_multiplicity": 1, "connectivity": [[0, 1, 1.0], [0, 9, 1.0], [0, 10, 1.0], [0, 11, 1.0], [1, 2, 1.0], [1, 12, 1.0], [1, 13, 1.0], [2, 3, 1.0], [2, 14, 1.0], [2, 15, 1.0], [3, 4, 1.0], [3, 16, 1.0], [3, 17, 1.0], [4, 5, 1.0], [4, 18, 1.0], [4, 19, 1.0], [5, 6, 1.0], [5, 20, 1.0], [5, 21, 1.0], [6, 7, 1.0], [6, 22, 1.0], [6, 23, 1.0], [7, 8, 1.0], [7, 24, 1.0], [7, 25, 1.0], [8, 26, 1.0]], "fix_com": true, "fix_orientation": true, "provenance": {"creator": "QCElemental", "version": "v0.22.0", "routine": "qcelemental.molparse.from_schema"}, "id": "98688"}, "charge": 0, "optimize_geometry": false, "conformers": [], "conformer_generation_options": {"n_conformer_pool": 4000, "n_max_conformers": 0, "rms_tolerance": 0.05, "energy_window": 15, "keep_original_conformer": true}, "stage_1_unrestrained_charges": null, "stage_1_restrained_charges": null, "stage_2_unrestrained_charges": null, "stage_2_restrained_charges": null, "keep_original_orientation": false, "reorientations": [], "translations": [], "rotations": []}}, {"index": 4, "molecule": {"qcmol": {"schema_name": "qcschema_molecule", "schema_version": 2, "validated": true, "symbols": ["C", "C", "C", "C", "C", "C", "C", "C", "O", "H", "H", "H", "H", "H", "H", "H", "H", "H", "H", "H", "H", "H", "H", "H", "H", "H", "H"], "geometry": [[0.0, 0.0, 0.0], [2.8910020043259825, 2.3792532494291315e-16, -1.1344250830069586e-15], [4.083902896968406, 2.641938088556282, 1.6653345369377348e-16], [3.7517915829472606, 4.231068218591647, 2.4076184198335095], [5.092612755803545, 3.161920554395908, 4.770401681700685], [3.447400904487462, 1.6009932699280744, 6.60195320206548], [2.2237905024757536, 3.114962601784547, 8.752485305918889], [0.2976322227370556, 5.099231761078402, 7.944274556628931], [-0.7591921831514252, 6.361461542721918, 10.025790587714644], [-0.7321838742717297, 1.021713076987682, -1.6234823947956278], [-0.7309448876236329, -1.9151403494992618, -0.08819445375522367], [-0.7756085808922721, 0.8774075736613767, 1.683100221268549], [3.5396544732741475, -0.9912493575575569, -1.678865006333735], [3.584827615057389, -1.0893849573293026, 1.5968401791281033], [3.3173886788888716, 3.700376184689396, -1.5884401559171133], [6.098302475590022, 2.450661428335153, -0.36543054523549956], [4.5128427602714964, 6.095724913330327, 2.0061053978590975], [1.7554756562205678, 4.518383632828407, 2.781880629871879], [5.936782935005891, 4.708395447495993, 5.82705297445938], [6.670339641199334, 2.0044573736175666, 4.146539230911076], [1.9929405371494897, 0.5884179251261926, 5.565118403486819], [4.620665503618915, 0.15886133604726654, 7.473101795610181], [3.679900044405674, 4.0476722692020655, 9.860806907107142], [1.286247583133779, 1.7928283770938265, 10.023565467761003], [1.1779882988557393, 6.555420550781795, 6.813308148568333], [-1.1786013446396963, 4.237695397210061, 6.796037176536312], [-1.6492146564603107, 5.187566436144321, 11.042276956236533]], "name": "C8H18O", "identifiers": {"molecule_hash": "f03bbaec6aacb8e4345f7cb0a53de1853396e3d2", "molecular_formula": "C8H18O"}, "molecular_charge": 0.0, "molecular_multiplicity": 1, "connectivity": [[0, 1, 1.0], [0, 9, 1.0], [0, 10, 1.0], [0, 11, 1.0], [1, 2, 1.0], [1, 12, 1.0], [1, 13, 1.0], [2, 3, 1.0], [2, 14, 1.0], [2, 15, 1.0], [3, 4, 1.0], [3, 16, 1.0], [3, 17, 1.0], [4, 5, 1.0], [4, 18, 1.0], [4, 19, 1.0], [5, 6, 1.0], [5, 20, 1.0], [5, 21, 1.0], [6, 7, 1.0], [6, 22, 1.0], [6, 23, 1.0], [7, 8, 1.0], [7, 24, 1.0], [7, 25, 1.0], [8, 26, 1.0]], "fix_com": true, "fix_orientation": true, "provenance": {"creator": "QCElemental", "version": "v0.22.0", "routine": "qcelemental.molparse.from_schema"}, "id": "98688"}, "charge": 0, "optimize_geometry": false, "conformers": [], "conformer_generation_options": {"n_conformer_pool": 4000, "n_max_conformers": 0, "rms_tolerance": 0.05, "energy_window": 15, "keep_original_conformer": true}, "stage_1_unrestrained_charges": null, "stage_1_restrained_charges": null, "stage_2_unrestrained_charges": null, "stage_2_restrained_charges": null, "keep_original_orientation": false, "reorientations": [], "translations": [], "rotations": []}}, {"index": 5, "molecule": {"qcmol": {"schema_name": "qcschema_molecule", "schema_version": 2, "validated": true, "symbols": ["C", "C", "C", "C", "C", "C", "C", "C", "O", "H", "H", "H", "H", "H", "H", "H", "H", "H", "H", "H", "H", "H", "H", "H", "H", "H", "H"], "geometry": [[0.0, 0.0, 0.0], [2.8910020043259825, 2.3792532494291315e-16, -1.1344250830069586e-15], [4.083902896968406, 2.641938088556282, 1.6653345369377348e-16], [3.7517915829472606, 4.231068218591647, 2.4076184198335095], [5.092612755803545, 3.161920554395908, 4.770401681700685], [3.447400904487462, 1.6009932699280744, 6.60195320206548], [2.2237905024757536, 3.114962601784547, 8.752485305918889], [0.2976322227370556, 5.099231761078402, 7.944274556628931], [-0.7591921831514252, 6.361461542721918, 10.025790587714644], [-0.7321838742717297, 1.021713076987682, -1.6234823947956278], [-0.7309448876236329, -1.9151403494992618, -0.08819445375522367], [-0.7756085808922721, 0.8774075736613767, 1.683100221268549], [3.5396544732741475, -0.9912493575575569, -1.678865006333735], [3.584827615057389, -1.0893849573293026, 1.5968401791281033], [3.3173886788888716, 3.700376184689396, -1.5884401559171133], [6.098302475590022, 2.450661428335153, -0.36543054523549956], [4.5128427602714964, 6.095724913330327, 2.0061053978590975], [1.7554756562205678, 4.518383632828407, 2.781880629871879], [5.936782935005891, 4.708395447495993, 5.82705297445938], [6.670339641199334, 2.0044573736175666, 4.146539230911076], [1.9929405371494897, 0.5884179251261926, 5.565118403486819], [4.620665503618915, 0.15886133604726654, 7.473101795610181], [3.679900044405674, 4.0476722692020655, 9.860806907107142], [1.286247583133779, 1.7928283770938265, 10.023565467761003], [1.1779882988557393, 6.555420550781795, 6.813308148568333], [-1.1786013446396963, 4.237695397210061, 6.796037176536312], [-1.6492146564603107, 5.187566436144321, 11.042276956236533]], "name": "C8H18O", "identifiers": {"molecule_hash": "f03bbaec6aacb8e4345f7cb0a53de1853396e3d2", "molecular_formula": "C8H18O"}, "molecular_charge": 0.0, "molecular_multiplicity": 1, "connectivity": [[0, 1, 1.0], [0, 9, 1.0], [0, 10, 1.0], [0, 11, 1.0], [1, 2, 1.0], [1, 12, 1.0], [1, 13, 1.0], [2, 3, 1.0], [2, 14, 1.0], [2, 15, 1.0], [3, 4, 1.0], [3, 16, 1.0], [3, 17, 1.0], [4, 5, 1.0], [4, 18, 1.0], [4, 19, 1.0], [5, 6, 1.0], [5, 20, 1.0], [5, 21, 1.0], [6, 7, 1.0], [6, 22, 1.0], [6, 23, 1.0], [7, 8, 1.0], [7, 24, 1.0], [7, 25, 1.0], [8, 26, 1.0]], "fix_com": true, "fix_orientation": true, "provenance": {"creator": "QCElemental", "version": "v0.22.0", "routine": "qcelemental.molparse.from_schema"}, "id": "98688"}, "charge": 0, "optimize_geometry": false, "conformers": [], "conformer_generation_options": {"n_conformer_pool": 4000, "n_max_conformers": 0, "rms_tolerance": 0.05, "energy_window": 15, "keep_original_conformer": true}, "stage_1_unrestrained_charges": null, "stage_1_restrained_charges": null, "stage_2_unrestrained_charges": null, "stage_2_restrained_charges": null, "keep_original_orientation": false, "reorientations": [], "translations": [], "rotations": []}}, {"index": 6, "molecule": {"qcmol": {"schema_name": "qcschema_molecule", "schema_version": 2, "validated": true, "symbols": ["C", "C", "C", "C", "C", "C", "C", "C", "O", "H", "H", "H", "H", "H", "H", "H", "H", "H", "H", "H", "H", "H", "H", "H", "H", "H", "H"], "geometry": [[0.0, 0.0, 0.0], [2.8910020043259825, 2.3792532494291315e-16, -1.1344250830069586e-15], [4.083902896968406, 2.641938088556282, 1.6653345369377348e-16], [3.7517915829472606, 4.231068218591647, 2.4076184198335095], [5.092612755803545, 3.161920554395908, 4.770401681700685], [3.447400904487462, 1.6009932699280744, 6.60195320206548], [2.2237905024757536, 3.114962601784547, 8.752485305918889], [0.2976322227370556, 5.099231761078402, 7.944274556628931], [-0.7591921831514252, 6.361461542721918, 10.025790587714644], [-0.7321838742717297, 1.021713076987682, -1.6234823947956278], [-0.7309448876236329, -1.9151403494992618, -0.08819445375522367], [-0.7756085808922721, 0.8774075736613767, 1.683100221268549], [3.5396544732741475, -0.9912493575575569, -1.678865006333735], [3.584827615057389, -1.0893849573293026, 1.5968401791281033], [3.3173886788888716, 3.700376184689396, -1.5884401559171133], [6.098302475590022, 2.450661428335153, -0.36543054523549956], [4.5128427602714964, 6.095724913330327, 2.0061053978590975], [1.7554756562205678, 4.518383632828407, 2.781880629871879], [5.936782935005891, 4.708395447495993, 5.82705297445938], [6.670339641199334, 2.0044573736175666, 4.146539230911076], [1.9929405371494897, 0.5884179251261926, 5.565118403486819], [4.620665503618915, 0.15886133604726654, 7.473101795610181], [3.679900044405674, 4.0476722692020655, 9.860806907107142], [1.286247583133779, 1.7928283770938265, 10.023565467761003], [1.1779882988557393, 6.555420550781795, 6.813308148568333], [-1.1786013446396963, 4.237695397210061, 6.796037176536312], [-1.6492146564603107, 5.187566436144321, 11.042276956236533]], "name": "C8H18O", "identifiers": {"molecule_hash": "f03bbaec6aacb8e4345f7cb0a53de1853396e3d2", "molecular_formula": "C8H18O"}, "molecular_charge": 0.0, "molecular_multiplicity": 1, "connectivity": [[0, 1, 1.0], [0, 9, 1.0], [0, 10, 1.0], [0, 11, 1.0], [1, 2, 1.0], [1, 12, 1.0], [1, 13, 1.0], [2, 3, 1.0], [2, 14, 1.0], [2, 15, 1.0], [3, 4, 1.0], [3, 16, 1.0], [3, 17, 1.0], [4, 5, 1.0], [4, 18, 1.0], [4, 19, 1.0], [5, 6, 1.0], [5, 20, 1.0], [5, 21, 1.0], [6, 7, 1.0], [6, 22, 1.0], [6, 23, 1.0], [7, 8, 1.0], [7, 24, 1.0], [7, 25, 1.0], [8, 26, 1.0]], "fix_com": true, "fix_orientation": true, "provenance": {"creator": "QCElemental", "version": "v0.22.0", "routine": "qcelemental.molparse.from_schema"}, "id": "98688"}, "charge": 0, "optimize_geometry": false, "conformers": [], "conformer_generation_options": {"n_conformer_pool": 4000, "n_max_conformers": 0, "rms_tolerance": 0.05, "energy_window": 15, "keep_original_conformer": true}, "stage_1_unrestrained_charges": null, "stage_1_restrained_charges": null, "stage_2_unrestrained_charges": null, "stage_2_restrained_charges": null, "keep_original_orientation": false, "reorientations": [], "translations": [], "rotations": []}}, {"index": 7, "molecule": {"qcmol": {"schema_name": "qcschema_molecule", "schema_version": 2, "validated": true, "symbols": ["C", "C", "C", "C", "C", "C", "C", "C", "O", "H", "H", "H", "H", "H", "H", "H", "H", "H", "H", "H", "H", "H", "H", "H", "H", "H", "H"], "geometry": [[0.0, 0.0, 0.0], [2.8910020043259825, 2.3792532494291315e-16, -1.1344250830069586e-15], [4.083902896968406, 2.641938088556282, 1.6653345369377348e-16], [3.7517915829472606, 4.231068218591647, 2.4076184198335095], [5.092612755803545, 3.161920554395908, 4.770401681700685], [3.447400904487462, 1.6009932699280744, 6.60195320206548], [2.2237905024757536, 3.114962601784547, 8.752485305918889], [0.2976322227370556, 5.099231761078402, 7.944274556628931], [-0.7591921831514252, 6.361461542721918, 10.025790587714644], [-0.7321838742717297, 1.021713076987682, -1.6234823947956278], [-0.7309448876236329, -1.9151403494992618, -0.08819445375522367], [-0.7756085808922721, 0.8774075736613767, 1.683100221268549], [3.5396544732741475, -0.9912493575575569, -1.678865006333735], [3.584827615057389, -1.0893849573293026, 1.5968401791281033], [3.3173886788888716, 3.700376184689396, -1.5884401559171133], [6.098302475590022, 2.450661428335153, -0.36543054523549956], [4.5128427602714964, 6.095724913330327, 2.0061053978590975], [1.7554756562205678, 4.518383632828407, 2.781880629871879], [5.936782935005891, 4.708395447495993, 5.82705297445938], [6.670339641199334, 2.0044573736175666, 4.146539230911076], [1.9929405371494897, 0.5884179251261926, 5.565118403486819], [4.620665503618915, 0.15886133604726654, 7.473101795610181], [3.679900044405674, 4.0476722692020655, 9.860806907107142], [1.286247583133779, 1.7928283770938265, 10.023565467761003], [1.1779882988557393, 6.555420550781795, 6.813308148568333], [-1.1786013446396963, 4.237695397210061, 6.796037176536312], [-1.6492146564603107, 5.187566436144321, 11.042276956236533]], "name": "C8H18O", "identifiers": {"molecule_hash": "f03bbaec6aacb8e4345f7cb0a53de1853396e3d2", "molecular_formula": "C8H18O"}, "molecular_charge": 0.0, "molecular_multiplicity": 1, "connectivity": [[0, 1, 1.0], [0, 9, 1.0], [0, 10, 1.0], [0, 11, 1.0], [1, 2, 1.0], [1, 12, 1.0], [1, 13, 1.0], [2, 3, 1.0], [2, 14, 1.0], [2, 15, 1.0], [3, 4, 1.0], [3, 16, 1.0], [3, 17, 1.0], [4, 5, 1.0], [4, 18, 1.0], [4, 19, 1.0], [5, 6, 1.0], [5, 20, 1.0], [5, 21, 1.0], [6, 7, 1.0], [6, 22, 1.0], [6, 23, 1.0], [7, 8, 1.0], [7, 24, 1.0], [7, 25, 1.0], [8, 26, 1.0]], "fix_com": true, "fix_orientation": true, "provenance": {"creator": "QCElemental", "version": "v0.22.0", "routine": "qcelemental.molparse.from_schema"}, "id": "98688"}, "charge": 0, "optimize_geometry": false, "conformers": [], "conformer_generation_options": {"n_conformer_pool": 4000, "n_max_conformers": 0, "rms_tolerance": 0.05, "energy_window": 15, "keep_original_conformer": true}, "stage_1_unrestrained_charges": null, "stage_1_restrained_charges": null, "stage_2_unrestrained_charges": null, "stage_2_restrained_charges": null, "keep_original_orientation": false, "reorientations": [], "translations": [], "rotations": []}}]}, "surface_constraints": {"matrix": [[823827729086987.5, 800532994863137.6, 773614910390390.1, 746833034243652.2, 716495164156871.0, 688627750486427.2, 663101345046271.6, 637160593654166.1, 625598334620313.5, 826503776890705.0, 829976336590643.5, 828208913770422.5, 795993636940450.8, 800344870183294.4, 776107253777084.5, 765937136427191.1, 748723208705407.2, 743679340201838.2, 718915254485811.1, 708449342184382.6, 682348633072699.1, 689050447792270.2, 652298470089079.6, 669976144451600.6, 633801227786084.8, 626455223153935.8, 627537689780990.4], [800532994863137.6, 819085683376505.4, 800946934475646.2, 773837959473770.1, 745175371933703.8, 715062594456198.8, 685299288270941.4, 655095565219372.2, 642720996024676.0, 792239793662108.6, 795826584479211.8, 793910943935526.6, 827917499524807.9, 830978204758733.8, 801667162141960.5, 801201075549764.5, 775451316341834.8, 768959969240473.2, 746021933183963.2, 741501057956309.2, 709923919468025.9, 716007511018131.4, 674082028020317.8, 692687407363894.2, 651241180143105.6, 642090477222594.6, 643602710194782.1], [773614910390390.1, 800946934475646.2, 821480130208712.5, 802974926764600.1, 775637292624119.9, 744048184959572.1, 714069768161894.9, 682759426236836.6, 668747484231960.2, 767265852800974.8, 768521380242752.8, 760135007252385.9, 798981690241679.2, 800641213411406.0, 833949825990921.5, 833308156551815.6, 804010114695081.2, 803278736778919.6, 773896136482156.4, 776052401837201.9, 737456193749782.5, 745214517193081.5, 704204702799458.0, 720480619977616.0, 680392485651212.9, 668439817414375.9, 668397065179188.9], [746833034243652.2, 773837959473770.1, 802974926764600.1, 822614717426944.1, 803344463145860.5, 776901801236825.6, 745743828541679.8, 710049172656787.9, 695871999018006.8, 745212162008751.0, 737011117715363.2, 734193967757334.4, 762248644135679.1, 777731583471097.9, 803941065487098.1, 803121339122997.2, 835973340274585.1, 834056529040218.1, 802718394021924.2, 803628611872635.2, 774645576885171.8, 777865218340894.9, 738955718163921.6, 751318931696757.1, 705172788292932.5, 694935433874313.1, 692517260426406.9], [716495164156871.0, 745175371933703.8, 775637292624119.9, 803344463145860.5, 821473705932593.8, 802702524339043.2, 775589947963274.1, 741256369172686.2, 725020586445782.5, 715283108902960.2, 708042861404394.6, 700978405398687.9, 728689208221286.1, 755235193259181.4, 774486340392913.0, 773723291863081.1, 804934251707263.0, 803367035586255.8, 832374677454637.1, 833649648532125.6, 801005584500810.6, 804685505519338.5, 777829261463598.2, 773224304438903.0, 732957775403346.8, 732080241600624.2, 717108734910019.0], [688627750486427.2, 715062594456198.8, 744048184959572.1, 776901801236825.6, 802702524339043.2, 821173296595666.9, 801976301914517.9, 774097675754903.1, 757049131574026.6, 686287806197954.1, 678718478114452.5, 677528313001411.0, 696250661154460.2, 727243033268137.8, 740241984908807.0, 740385937141228.6, 782457767711763.4, 772285533613046.6, 802367051626034.6, 802936693595099.1, 831073999509647.8, 834804389865782.4, 801965492182493.4, 801787615498410.8, 766297471006617.4, 768746403955974.1, 750400235375980.0], [663101345046271.6, 685299288270941.4, 714069768161894.9, 745743828541679.8, 775589947963274.1, 801976301914517.9, 821014108663090.5, 801441420782879.9, 784286689352813.4, 658472511524087.2, 654628081417115.1, 656559901545035.5, 664929866703902.4, 696001682456442.2, 711244387410549.4, 710580910773018.6, 743882175869528.2, 745140163251201.4, 772098194712439.8, 777006154901500.6, 800395489771744.2, 803572991999146.4, 832846820312297.2, 832705055367116.2, 797706539254743.5, 796901353448153.6, 778114799625023.4], [637160593654166.1, 655095565219372.2, 682759426236836.6, 710049172656787.9, 741256369172686.2, 774097675754903.1, 801441420782879.9, 821340131632563.6, 813692960657369.6, 632418854410869.9, 629781623660354.2, 633206912225936.6, 635666900179432.5, 662967561870759.8, 684612376686541.9, 677720380726853.4, 705818513564763.6, 707505004969803.4, 737732483928877.6, 739714823887236.4, 773695638353681.1, 774458675856819.5, 800940864806863.0, 802028276013890.8, 828847694479549.5, 828043662214158.4, 810935872000332.1], [625598334620313.5, 642720996024676.0, 668747484231960.2, 695871999018006.8, 725020586445782.5, 757049131574026.6, 784286689352813.4, 813692960657369.6, 847891817380841.0, 620779134207521.6, 620262059856687.2, 620906724225804.0, 625443863125222.2, 649160223853947.1, 672046601466415.9, 661420899119625.5, 692672365482963.5, 693627685399485.0, 724641250429385.0, 719306947447476.9, 755245547228482.5, 758569813310576.4, 778686468838711.0, 782922579989235.6, 808689769925678.6, 807717814703758.4, 852979534300333.8], [826503776890705.0, 792239793662108.6, 767265852800974.8, 745212162008751.0, 715283108902960.2, 686287806197954.1, 658472511524087.2, 632418854410869.9, 620779134207521.6, 860581228502873.6, 821498202884971.6, 820159540768753.2, 782106482755646.1, 787673565737340.5, 768916534389072.4, 757876367058766.6, 751559426946478.6, 741067032399461.2, 720296709997278.6, 706044383266626.0, 680040620825224.2, 687723132464635.4, 649866643544107.8, 661617453558234.2, 628650255982943.4, 622345406336324.2, 622211483007412.0], [829976336590643.5, 795826584479211.8, 768521380242752.8, 737011117715363.2, 708042861404394.6, 678718478114452.5, 654628081417115.1, 629781623660354.2, 620262059856687.2, 821498202884971.6, 868616932488268.8, 822475775680402.2, 788218678740460.0, 790249987224442.6, 771432550371314.6, 764120840604698.5, 732460457115689.5, 735547732124580.1, 711973815457783.6, 700311609917134.0, 670376486426116.9, 678998356567922.2, 643160159759937.6, 662335244990352.6, 625760729833984.0, 619013645962695.9, 621966967500889.0], [828208913770422.5, 793910943935526.6, 760135007252385.9, 734193967757334.4, 700978405398687.9, 677528313001411.0, 656559901545035.5, 633206912225936.6, 620906724225804.0, 820159540768753.2, 822475775680402.2, 864557041323982.5, 787034820517898.2, 793531762918419.4, 764165093542436.1, 745511024320945.4, 738566750660337.9, 731799261759361.5, 700243087610020.6, 690629548439807.0, 672252847502785.0, 676596799251745.2, 644666718946612.9, 665979006525196.4, 630981910493751.5, 623761560873453.6, 624689096415833.6], [795993636940450.8, 827917499524807.9, 798981690241679.2, 762248644135679.1, 728689208221286.1, 696250661154460.2, 664929866703902.4, 635666900179432.5, 625443863125222.2, 782106482755646.1, 788218678740460.0, 787034820517898.2, 867739213031639.2, 828607450865506.6, 796954116182183.9, 801302507573436.0, 762124199354929.0, 756552337846911.8, 728297858611863.8, 724544060923838.1, 692341319785968.8, 696129871964765.2, 651118027261035.2, 673189983331684.4, 631866834424093.2, 621724344574473.9, 627678978106828.2], [800344870183294.4, 830978204758733.8, 800641213411406.0, 777731583471097.9, 755235193259181.4, 727243033268137.8, 696001682456442.2, 662967561870759.8, 649160223853947.1, 787673565737340.5, 790249987224442.6, 793531762918419.4, 828607450865506.6, 874299781455296.2, 792610422551434.8, 795972647261571.5, 781126288169505.1, 768803166668021.8, 758177893861562.6, 752680592057487.1, 723424746778293.0, 729218951261390.4, 686104420683678.9, 703309477063451.1, 657598499805388.5, 650475257178373.1, 648968538377782.0], [776107253777084.5, 801667162141960.5, 833949825990921.5, 803941065487098.1, 774486340392913.0, 740241984908807.0, 711244387410549.4, 684612376686541.9, 672046601466415.9, 768916534389072.4, 771432550371314.6, 764165093542436.1, 796954116182183.9, 792610422551434.8, 877284052845155.6, 834254370958821.1, 802233659096166.5, 799207275997112.9, 773562728449096.1, 774605571243252.6, 730011887993681.0, 742336813051175.5, 699393993040203.8, 716533574954808.4, 683996541694967.9, 670563432533077.6, 673082886212462.4], [765937136427191.1, 801201075549764.5, 833308156551815.6, 803121339122997.2, 773723291863081.1, 740385937141228.6, 710580910773018.6, 677720380726853.4, 661420899119625.5, 757876367058766.6, 764120840604698.5, 745511024320945.4, 801302507573436.0, 795972647261571.5, 834254370958821.1, 876030532877370.4, 796008397526249.5, 803655259068564.6, 768214004956797.6, 777917454884956.5, 733216967030838.5, 741049638641352.5, 701312253519347.9, 717830742588158.5, 677130041745803.2, 662460684537916.9, 661159521312749.5], [748723208705407.2, 775451316341834.8, 804010114695081.2, 835973340274585.1, 804934251707263.0, 782457767711763.4, 743882175869528.2, 705818513564763.6, 692672365482963.5, 751559426946478.6, 732460457115689.5, 738566750660337.9, 762124199354929.0, 781126288169505.1, 802233659096166.5, 796008397526249.5, 880286739397716.8, 836714411025142.1, 803820738800852.0, 792383433767719.8, 785873467878141.6, 786643679234292.8, 732877028265941.4, 750099653712105.2, 702062784696681.4, 686932591251157.0, 689931386872821.9], [743679340201838.2, 768959969240473.2, 803278736778919.6, 834056529040218.1, 803367035586255.8, 772285533613046.6, 745140163251201.4, 707505004969803.4, 693627685399485.0, 741067032399461.2, 735547732124580.1, 731799261759361.5, 756552337846911.8, 768803166668021.8, 799207275997112.9, 803655259068564.6, 836714411025142.1, 874907326276070.8, 794522622153810.2, 806474905512854.8, 767556981133827.1, 769153957541151.8, 738366429683298.6, 755713563834684.5, 701881838911565.0, 691471329032015.1, 690493452141301.0], [718915254485811.1, 746021933183963.2, 773896136482156.4, 802718394021924.2, 832374677454637.1, 802367051626034.6, 772098194712439.8, 737732483928877.6, 724641250429385.0, 720296709997278.6, 711973815457783.6, 700243087610020.6, 728297858611863.8, 758177893861562.6, 773562728449096.1, 768214004956797.6, 803820738800852.0, 794522622153810.2, 872779871272025.5, 834087983543798.4, 799780706794017.5, 798722054778998.5, 776297938153849.5, 765589818140685.4, 726226490009103.2, 729610165912701.1, 714508495103029.2], [708449342184382.6, 741501057956309.2, 776052401837201.9, 803628611872635.2, 833649648532125.6, 802936693595099.1, 777006154901500.6, 739714823887236.4, 719306947447476.9, 706044383266626.0, 700311609917134.0, 690629548439807.0, 724544060923838.1, 752680592057487.1, 774605571243252.6, 777917454884956.5, 792383433767719.8, 806474905512854.8, 834087983543798.4, 876123687396170.1, 793156647260510.2, 801742737905759.4, 786400825600629.6, 770531430636905.6, 731454751956162.2, 732166707455838.6, 708716179507390.6], [682348633072699.1, 709923919468025.9, 737456193749782.5, 774645576885171.8, 801005584500810.6, 831073999509647.8, 800395489771744.2, 773695638353681.1, 755245547228482.5, 680040620825224.2, 670376486426116.9, 672252847502785.0, 692341319785968.8, 723424746778293.0, 730011887993681.0, 733216967030838.5, 785873467878141.6, 767556981133827.1, 799780706794017.5, 793156647260510.2, 870716650776282.5, 834188604419705.0, 792647571968464.8, 797453749766919.1, 763991386820030.8, 772218406797150.9, 750263282182198.9], [689050447792270.2, 716007511018131.4, 745214517193081.5, 777865218340894.9, 804685505519338.5, 834804389865782.4, 803572991999146.4, 774458675856819.5, 758569813310576.4, 687723132464635.4, 678998356567922.2, 676596799251745.2, 696129871964765.2, 729218951261390.4, 742336813051175.5, 741049638641352.5, 786643679234292.8, 769153957541151.8, 798722054778998.5, 801742737905759.4, 834188604419705.0, 878723291769135.5, 799363242324615.2, 798543529511724.8, 766223782144725.8, 767862548055429.1, 751046892207178.1], [652298470089079.6, 674082028020317.8, 704204702799458.0, 738955718163921.6, 777829261463598.2, 801965492182493.4, 832846820312297.2, 800940864806863.0, 778686468838711.0, 649866643544107.8, 643160159759937.6, 644666718946612.9, 651118027261035.2, 686104420683678.9, 699393993040203.8, 701312253519347.9, 732877028265941.4, 738366429683298.6, 776297938153849.5, 786400825600629.6, 792647571968464.8, 799363242324615.2, 876077826546132.1, 833007423010529.9, 791778189344865.4, 796252505367568.1, 766230133536841.0], [669976144451600.6, 692687407363894.2, 720480619977616.0, 751318931696757.1, 773224304438903.0, 801787615498410.8, 832705055367116.2, 802028276013890.8, 782922579989235.