{"resp_b": 0.1, "restrained_fit": true, "exclude_hydrogens": true, "convergence_tolerance": 1e-06, "max_iter": 500, "resp_a": 0.0005, "charge_constraints": {"charge_sum_constraints": [], "charge_equivalence_constraints": [], "molecules": [{"qcmol": {"schema_name": "qcschema_molecule", "schema_version": 2, "validated": true, "symbols": ["C", "C", "C", "C", "C", "C", "C", "C", "O", "H", "H", "H", "H", "H", "H", "H", "H", "H", "H", "H", "H", "H", "H", "H", "H", "H", "H"], "geometry": [[0.0, 0.0, 0.0], [2.8910020043259825, 2.3792532494291315e-16, -1.1344250830069586e-15], [4.083902896968406, 2.641938088556282, 1.6653345369377348e-16], [3.7517915829472606, 4.231068218591647, 2.4076184198335095], [5.092612755803545, 3.161920554395908, 4.770401681700685], [3.447400904487462, 1.6009932699280744, 6.60195320206548], [2.2237905024757536, 3.114962601784547, 8.752485305918889], [0.2976322227370556, 5.099231761078402, 7.944274556628931], [-0.7591921831514252, 6.361461542721918, 10.025790587714644], [-0.7321838742717297, 1.021713076987682, -1.6234823947956278], [-0.7309448876236329, -1.9151403494992618, -0.08819445375522367], [-0.7756085808922721, 0.8774075736613767, 1.683100221268549], [3.5396544732741475, -0.9912493575575569, -1.678865006333735], [3.584827615057389, -1.0893849573293026, 1.5968401791281033], [3.3173886788888716, 3.700376184689396, -1.5884401559171133], [6.098302475590022, 2.450661428335153, -0.36543054523549956], [4.5128427602714964, 6.095724913330327, 2.0061053978590975], [1.7554756562205678, 4.518383632828407, 2.781880629871879], [5.936782935005891, 4.708395447495993, 5.82705297445938], [6.670339641199334, 2.0044573736175666, 4.146539230911076], [1.9929405371494897, 0.5884179251261926, 5.565118403486819], [4.620665503618915, 0.15886133604726654, 7.473101795610181], [3.679900044405674, 4.0476722692020655, 9.860806907107142], [1.286247583133779, 1.7928283770938265, 10.023565467761003], [1.1779882988557393, 6.555420550781795, 6.813308148568333], [-1.1786013446396963, 4.237695397210061, 6.796037176536312], [-1.6492146564603107, 5.187566436144321, 11.042276956236533]], "name": "C8H18O", "identifiers": {"molecule_hash": "f03bbaec6aacb8e4345f7cb0a53de1853396e3d2", "molecular_formula": "C8H18O"}, "molecular_charge": 0.0, "molecular_multiplicity": 1, "connectivity": [[0, 1, 1.0], [0, 9, 1.0], [0, 10, 1.0], [0, 11, 1.0], [1, 2, 1.0], [1, 12, 1.0], [1, 13, 1.0], [2, 3, 1.0], [2, 14, 1.0], [2, 15, 1.0], [3, 4, 1.0], [3, 16, 1.0], [3, 17, 1.0], [4, 5, 1.0], [4, 18, 1.0], [4, 19, 1.0], [5, 6, 1.0], [5, 20, 1.0], [5, 21, 1.0], [6, 7, 1.0], [6, 22, 1.0], [6, 23, 1.0], [7, 8, 1.0], [7, 24, 1.0], [7, 25, 1.0], [8, 26, 1.0]], "fix_com": true, "fix_orientation": true, "provenance": {"creator": "QCElemental", "version": "v0.22.0", "routine": "qcelemental.molparse.from_schema"}, "id": "98688"}, "charge": 0, "optimize_geometry": false, "conformers": [], "conformer_generation_options": {"n_conformer_pool": 4000, "n_max_conformers": 0, "rms_tolerance": 0.05, "energy_window": 15, "keep_original_conformer": true}, "stage_1_unrestrained_charges": null, "stage_1_restrained_charges": null, "stage_2_unrestrained_charges": null, "stage_2_restrained_charges": null, "keep_original_orientation": false, "reorientations": [], "translations": [], "rotations": []}], "unconstrained_atoms": [{"index": 0, "molecule": {"qcmol": {"schema_name": "qcschema_molecule", "schema_version": 2, "validated": true, "symbols": ["C", "C", "C", "C", "C", "C", "C", "C", "O", "H", "H", "H", "H", "H", "H", "H", "H", "H", "H", "H", "H", "H", "H", "H", "H", "H", "H"], "geometry": [[0.0, 0.0, 0.0], [2.8910020043259825, 2.3792532494291315e-16, -1.1344250830069586e-15], [4.083902896968406, 2.641938088556282, 1.6653345369377348e-16], [3.7517915829472606, 4.231068218591647, 2.4076184198335095], [5.092612755803545, 3.161920554395908, 4.770401681700685], [3.447400904487462, 1.6009932699280744, 6.60195320206548], [2.2237905024757536, 3.114962601784547, 8.752485305918889], [0.2976322227370556, 5.099231761078402, 7.944274556628931], [-0.7591921831514252, 6.361461542721918, 10.025790587714644], [-0.7321838742717297, 1.021713076987682, -1.6234823947956278], [-0.7309448876236329, -1.9151403494992618, -0.08819445375522367], [-0.7756085808922721, 0.8774075736613767, 1.683100221268549], [3.5396544732741475, -0.9912493575575569, -1.678865006333735], [3.584827615057389, -1.0893849573293026, 1.5968401791281033], [3.3173886788888716, 3.700376184689396, -1.5884401559171133], [6.098302475590022, 2.450661428335153, -0.36543054523549956], [4.5128427602714964, 6.095724913330327, 2.0061053978590975], [1.7554756562205678, 4.518383632828407, 2.781880629871879], [5.936782935005891, 4.708395447495993, 5.82705297445938], [6.670339641199334, 2.0044573736175666, 4.146539230911076], [1.9929405371494897, 0.5884179251261926, 5.565118403486819], [4.620665503618915, 0.15886133604726654, 7.473101795610181], [3.679900044405674, 4.0476722692020655, 9.860806907107142], [1.286247583133779, 1.7928283770938265, 10.023565467761003], [1.1779882988557393, 6.555420550781795, 6.813308148568333], [-1.1786013446396963, 4.237695397210061, 6.796037176536312], [-1.6492146564603107, 5.187566436144321, 11.042276956236533]], "name": "C8H18O", "identifiers": {"molecule_hash": "f03bbaec6aacb8e4345f7cb0a53de1853396e3d2", "molecular_formula": "C8H18O"}, "molecular_charge": 0.0, "molecular_multiplicity": 1, "connectivity": [[0, 1, 1.0], [0, 9, 1.0], [0, 10, 1.0], [0, 11, 1.0], [1, 2, 1.0], [1, 12, 1.0], [1, 13, 1.0], [2, 3, 1.0], [2, 14, 1.0], [2, 15, 1.0], [3, 4, 1.0], [3, 16, 1.0], [3, 17, 1.0], [4, 5, 1.0], [4, 18, 1.0], [4, 19, 1.0], [5, 6, 1.0], [5, 20, 1.0], [5, 21, 1.0], [6, 7, 1.0], [6, 22, 1.0], [6, 23, 1.0], [7, 8, 1.0], [7, 24, 1.0], [7, 25, 1.0], [8, 26, 1.0]], "fix_com": true, "fix_orientation": true, "provenance": {"creator": "QCElemental", "version": "v0.22.0", "routine": "qcelemental.molparse.from_schema"}, "id": "98688"}, "charge": 0, "optimize_geometry": false, "conformers": [], "conformer_generation_options": {"n_conformer_pool": 4000, "n_max_conformers": 0, "rms_tolerance": 0.05, "energy_window": 15, "keep_original_conformer": true}, "stage_1_unrestrained_charges": null, "stage_1_restrained_charges": null, "stage_2_unrestrained_charges": null, "stage_2_restrained_charges": null, "keep_original_orientation": false, "reorientations": [], "translations": [], "rotations": []}}, {"index": 1, "molecule": {"qcmol": {"schema_name": "qcschema_molecule", "schema_version": 2, "validated": true, "symbols": ["C", "C", "C", "C", "C", "C", "C", "C", "O", "H", "H", "H", "H", "H", "H", "H", "H", "H", "H", "H", "H", "H", "H", "H", "H", "H", "H"], "geometry": [[0.0, 0.0, 0.0], [2.8910020043259825, 2.3792532494291315e-16, -1.1344250830069586e-15], [4.083902896968406, 2.641938088556282, 1.6653345369377348e-16], [3.7517915829472606, 4.231068218591647, 2.4076184198335095], [5.092612755803545, 3.161920554395908, 4.770401681700685], [3.447400904487462, 1.6009932699280744, 6.60195320206548], [2.2237905024757536, 3.114962601784547, 8.752485305918889], [0.2976322227370556, 5.099231761078402, 7.944274556628931], [-0.7591921831514252, 6.361461542721918, 10.025790587714644], [-0.7321838742717297, 1.021713076987682, -1.6234823947956278], [-0.7309448876236329, -1.9151403494992618, -0.08819445375522367], [-0.7756085808922721, 0.8774075736613767, 1.683100221268549], [3.5396544732741475, -0.9912493575575569, -1.678865006333735], [3.584827615057389, -1.0893849573293026, 1.5968401791281033], [3.3173886788888716, 3.700376184689396, -1.5884401559171133], [6.098302475590022, 2.450661428335153, -0.36543054523549956], [4.5128427602714964, 6.095724913330327, 2.0061053978590975], [1.7554756562205678, 4.518383632828407, 2.781880629871879], [5.936782935005891, 4.708395447495993, 5.82705297445938], [6.670339641199334, 2.0044573736175666, 4.146539230911076], [1.9929405371494897, 0.5884179251261926, 5.565118403486819], [4.620665503618915, 0.15886133604726654, 7.473101795610181], [3.679900044405674, 4.0476722692020655, 9.860806907107142], [1.286247583133779, 1.7928283770938265, 10.023565467761003], [1.1779882988557393, 6.555420550781795, 6.813308148568333], [-1.1786013446396963, 4.237695397210061, 6.796037176536312], [-1.6492146564603107, 5.187566436144321, 11.042276956236533]], "name": "C8H18O", "identifiers": {"molecule_hash": "f03bbaec6aacb8e4345f7cb0a53de1853396e3d2", "molecular_formula": "C8H18O"}, "molecular_charge": 0.0, "molecular_multiplicity": 1, "connectivity": [[0, 1, 1.0], [0, 9, 1.0], [0, 10, 1.0], [0, 11, 1.0], [1, 2, 1.0], [1, 12, 1.0], [1, 13, 1.0], [2, 3, 1.0], [2, 14, 1.0], [2, 15, 1.0], [3, 4, 1.0], [3, 16, 1.0], [3, 17, 1.0], [4, 5, 1.0], [4, 18, 1.0], [4, 19, 1.0], [5, 6, 1.0], [5, 20, 1.0], [5, 21, 1.0], [6, 7, 1.0], [6, 22, 1.0], [6, 23, 1.0], [7, 8, 1.0], [7, 24, 1.0], [7, 25, 1.0], [8, 26, 1.0]], "fix_com": true, "fix_orientation": true, "provenance": {"creator": "QCElemental", "version": "v0.22.0", "routine": "qcelemental.molparse.from_schema"}, "id": "98688"}, "charge": 0, "optimize_geometry": false, "conformers": [], "conformer_generation_options": {"n_conformer_pool": 4000, "n_max_conformers": 0, "rms_tolerance": 0.05, "energy_window": 15, "keep_original_conformer": true}, "stage_1_unrestrained_charges": null, "stage_1_restrained_charges": null, "stage_2_unrestrained_charges": null, "stage_2_restrained_charges": null, "keep_original_orientation": false, "reorientations": [], "translations": [], "rotations": []}}, {"index": 2, "molecule": {"qcmol": {"schema_name": "qcschema_molecule", "schema_version": 2, "validated": true, "symbols": ["C", "C", "C", "C", "C", "C", "C", "C", "O", "H", "H", "H", "H", "H", "H", "H", "H", "H", "H", "H", "H", "H", "H", "H", "H", "H", "H"], "geometry": [[0.0, 0.0, 0.0], [2.8910020043259825, 2.3792532494291315e-16, -1.1344250830069586e-15], [4.083902896968406, 2.641938088556282, 1.6653345369377348e-16], [3.7517915829472606, 4.231068218591647, 2.4076184198335095], [5.092612755803545, 3.161920554395908, 4.770401681700685], [3.447400904487462, 1.6009932699280744, 6.60195320206548], [2.2237905024757536, 3.114962601784547, 8.752485305918889], [0.2976322227370556, 5.099231761078402, 7.944274556628931], [-0.7591921831514252, 6.361461542721918, 10.025790587714644], [-0.7321838742717297, 1.021713076987682, -1.6234823947956278], [-0.7309448876236329, -1.9151403494992618, -0.08819445375522367], [-0.7756085808922721, 0.8774075736613767, 1.683100221268549], [3.5396544732741475, -0.9912493575575569, -1.678865006333735], [3.584827615057389, -1.0893849573293026, 1.5968401791281033], [3.3173886788888716, 3.700376184689396, -1.5884401559171133], [6.098302475590022, 2.450661428335153, -0.36543054523549956], [4.5128427602714964, 6.095724913330327, 2.0061053978590975], [1.7554756562205678, 4.518383632828407, 2.781880629871879], [5.936782935005891, 4.708395447495993, 5.82705297445938], [6.670339641199334, 2.0044573736175666, 4.146539230911076], [1.9929405371494897, 0.5884179251261926, 5.565118403486819], [4.620665503618915, 0.15886133604726654, 7.473101795610181], [3.679900044405674, 4.0476722692020655, 9.860806907107142], [1.286247583133779, 1.7928283770938265, 10.023565467761003], [1.1779882988557393, 6.555420550781795, 6.813308148568333], [-1.1786013446396963, 4.237695397210061, 6.796037176536312], [-1.6492146564603107, 5.187566436144321, 11.042276956236533]], "name": "C8H18O", "identifiers": {"molecule_hash": "f03bbaec6aacb8e4345f7cb0a53de1853396e3d2", "molecular_formula": "C8H18O"}, "molecular_charge": 0.0, "molecular_multiplicity": 1, "connectivity": [[0, 1, 1.0], [0, 9, 1.0], [0, 10, 1.0], [0, 11, 1.0], [1, 2, 1.0], [1, 12, 1.0], [1, 13, 1.0], [2, 3, 1.0], [2, 14, 1.0], [2, 15, 1.0], [3, 4, 1.0], [3, 16, 1.0], [3, 17, 1.0], [4, 5, 1.0], [4, 18, 1.0], [4, 19, 1.0], [5, 6, 1.0], [5, 20, 1.0], [5, 21, 1.0], [6, 7, 1.0], [6, 22, 1.0], [6, 23, 1.0], [7, 8, 1.0], [7, 24, 1.0], [7, 25, 1.0], [8, 26, 1.0]], "fix_com": true, "fix_orientation": true, "provenance": {"creator": "QCElemental", "version": "v0.22.0", "routine": "qcelemental.molparse.from_schema"}, "id": "98688"}, "charge": 0, "optimize_geometry": false, "conformers": [], "conformer_generation_options": {"n_conformer_pool": 4000, "n_max_conformers": 0, "rms_tolerance": 0.05, "energy_window": 15, "keep_original_conformer": true}, "stage_1_unrestrained_charges": null, "stage_1_restrained_charges": null, "stage_2_unrestrained_charges": null, "stage_2_restrained_charges": null, "keep_original_orientation": false, "reorientations": [], "translations": [], "rotations": []}}, {"index": 3, "molecule": {"qcmol": {"schema_name": "qcschema_molecule", "schema_version": 2, "validated": true, "symbols": ["C", "C", "C", "C", "C", "C", "C", "C", "O", "H", "H", "H", "H", "H", "H", "H", "H", "H", "H", "H", "H", "H", "H", "H", "H", "H", "H"], "geometry": [[0.0, 0.0, 0.0], [2.8910020043259825, 2.3792532494291315e-16, -1.1344250830069586e-15], [4.083902896968406, 2.641938088556282, 1.6653345369377348e-16], [3.7517915829472606, 4.231068218591647, 2.4076184198335095], [5.092612755803545, 3.161920554395908, 4.770401681700685], [3.447400904487462, 1.6009932699280744, 6.60195320206548], [2.2237905024757536, 3.114962601784547, 8.752485305918889], [0.2976322227370556, 5.099231761078402, 7.944274556628931], [-0.7591921831514252, 6.361461542721918, 10.025790587714644], [-0.7321838742717297, 1.021713076987682, -1.6234823947956278], [-0.7309448876236329, -1.9151403494992618, -0.08819445375522367], [-0.7756085808922721, 0.8774075736613767, 1.683100221268549], [3.5396544732741475, -0.9912493575575569, -1.678865006333735], [3.584827615057389, -1.0893849573293026, 1.5968401791281033], [3.3173886788888716, 3.700376184689396, -1.5884401559171133], [6.098302475590022, 2.450661428335153, -0.36543054523549956], [4.5128427602714964, 6.095724913330327, 2.0061053978590975], [1.7554756562205678, 4.518383632828407, 2.781880629871879], [5.936782935005891, 4.708395447495993, 5.82705297445938], [6.670339641199334, 2.0044573736175666, 4.146539230911076], [1.9929405371494897, 0.5884179251261926, 5.565118403486819], [4.620665503618915, 0.15886133604726654, 7.473101795610181], [3.679900044405674, 4.0476722692020655, 9.860806907107142], [1.286247583133779, 1.7928283770938265, 10.023565467761003], [1.1779882988557393, 6.555420550781795, 6.813308148568333], [-1.1786013446396963, 4.237695397210061, 6.796037176536312], [-1.6492146564603107, 5.187566436144321, 11.042276956236533]], "name": "C8H18O", "identifiers": {"molecule_hash": "f03bbaec6aacb8e4345f7cb0a53de1853396e3d2", "molecular_formula": "C8H18O"}, "molecular_charge": 0.0, "molecular_multiplicity": 1, "connectivity": [[0, 1, 1.0], [0, 9, 1.0], [0, 10, 1.0], [0, 11, 1.0], [1, 2, 1.0], [1, 12, 1.0], [1, 13, 1.0], [2, 3, 1.0], [2, 14, 1.0], [2, 15, 1.0], [3, 4, 1.0], [3, 16, 1.0], [3, 17, 1.0], [4, 5, 1.0], [4, 18, 1.0], [4, 19, 1.0], [5, 6, 1.0], [5, 20, 1.0], [5, 21, 1.0], [6, 7, 1.0], [6, 22, 1.0], [6, 23, 1.0], [7, 8, 1.0], [7, 24, 1.0], [7, 25, 1.0], [8, 26, 1.0]], "fix_com": true, "fix_orientation": true, "provenance": {"creator": "QCElemental", "version": "v0.22.0", "routine": "qcelemental.molparse.from_schema"}, "id": "98688"}, "charge": 0, "optimize_geometry": false, "conformers": [], "conformer_generation_options": {"n_conformer_pool": 4000, "n_max_conformers": 0, "rms_tolerance": 0.05, "energy_window": 15, "keep_original_conformer": true}, "stage_1_unrestrained_charges": null, "stage_1_restrained_charges": null, "stage_2_unrestrained_charges": null, "stage_2_restrained_charges": null, "keep_original_orientation": false, "reorientations": [], "translations": [], "rotations": []}}, {"index": 4, "molecule": {"qcmol": {"schema_name": "qcschema_molecule", "schema_version": 2, "validated": true, "symbols": ["C", "C", "C", "C", "C", "C", "C", "C", "O", "H", "H", "H", "H", "H", "H", "H", "H", "H", "H", "H", "H", "H", "H", "H", "H", "H", "H"], "geometry": [[0.0, 0.0, 0.0], [2.8910020043259825, 2.3792532494291315e-16, -1.1344250830069586e-15], [4.083902896968406, 2.641938088556282, 1.6653345369377348e-16], [3.7517915829472606, 4.231068218591647, 2.4076184198335095], [5.092612755803545, 3.161920554395908, 4.770401681700685], [3.447400904487462, 1.6009932699280744, 6.60195320206548], [2.2237905024757536, 3.114962601784547, 8.752485305918889], [0.2976322227370556, 5.099231761078402, 7.944274556628931], [-0.7591921831514252, 6.361461542721918, 10.025790587714644], [-0.7321838742717297, 1.021713076987682, -1.6234823947956278], [-0.7309448876236329, -1.9151403494992618, -0.08819445375522367], [-0.7756085808922721, 0.8774075736613767, 1.683100221268549], [3.5396544732741475, -0.9912493575575569, -1.678865006333735], [3.584827615057389, -1.0893849573293026, 1.5968401791281033], [3.3173886788888716, 3.700376184689396, -1.5884401559171133], [6.098302475590022, 2.450661428335153, -0.36543054523549956], [4.5128427602714964, 6.095724913330327, 2.0061053978590975], [1.7554756562205678, 4.518383632828407, 2.781880629871879], [5.936782935005891, 4.708395447495993, 5.82705297445938], [6.670339641199334, 2.0044573736175666, 4.146539230911076], [1.9929405371494897, 0.5884179251261926, 5.565118403486819], [4.620665503618915, 0.15886133604726654, 7.473101795610181], [3.679900044405674, 4.0476722692020655, 9.860806907107142], [1.286247583133779, 1.7928283770938265, 10.023565467761003], [1.1779882988557393, 6.555420550781795, 6.813308148568333], [-1.1786013446396963, 4.237695397210061, 6.796037176536312], [-1.6492146564603107, 5.187566436144321, 11.042276956236533]], "name": "C8H18O", "identifiers": {"molecule_hash": "f03bbaec6aacb8e4345f7cb0a53de1853396e3d2", "molecular_formula": "C8H18O"}, "molecular_charge": 0.0, "molecular_multiplicity": 1, "connectivity": [[0, 1, 1.0], [0, 9, 1.0], [0, 10, 1.0], [0, 11, 1.0], [1, 2, 1.0], [1, 12, 1.0], [1, 13, 1.0], [2, 3, 1.0], [2, 14, 1.0], [2, 15, 1.0], [3, 4, 1.0], [3, 16, 1.0], [3, 17, 1.0], [4, 5, 1.0], [4, 18, 1.0], [4, 19, 1.0], [5, 6, 1.0], [5, 20, 1.0], [5, 21, 1.0], [6, 7, 1.0], [6, 22, 1.0], [6, 23, 1.0], [7, 8, 1.0], [7, 24, 1.0], [7, 25, 1.0], [8, 26, 1.0]], "fix_com": true, "fix_orientation": true, "provenance": {"creator": "QCElemental", "version": "v0.22.0", "routine": "qcelemental.molparse.from_schema"}, "id": "98688"}, "charge": 0, "optimize_geometry": false, "conformers": [], "conformer_generation_options": {"n_conformer_pool": 4000, "n_max_conformers": 0, "rms_tolerance": 0.05, "energy_window": 15, "keep_original_conformer": true}, "stage_1_unrestrained_charges": null, "stage_1_restrained_charges": null, "stage_2_unrestrained_charges": null, "stage_2_restrained_charges": null, "keep_original_orientation": false, "reorientations": [], "translations": [], "rotations": []}}, {"index": 5, "molecule": {"qcmol": {"schema_name": "qcschema_molecule", "schema_version": 2, "validated": true, "symbols": ["C", "C", "C", "C", "C", "C", "C", "C", "O", "H", "H", "H", "H", "H", "H", "H", "H", "H", "H", "H", "H", "H", "H", "H", "H", "H", "H"], "geometry": [[0.0, 0.0, 0.0], [2.8910020043259825, 2.3792532494291315e-16, -1.1344250830069586e-15], [4.083902896968406, 2.641938088556282, 1.6653345369377348e-16], [3.7517915829472606, 4.231068218591647, 2.4076184198335095], [5.092612755803545, 3.161920554395908, 4.770401681700685], [3.447400904487462, 1.6009932699280744, 6.60195320206548], [2.2237905024757536, 3.114962601784547, 8.752485305918889], [0.2976322227370556, 5.099231761078402, 7.944274556628931], [-0.7591921831514252, 6.361461542721918, 10.025790587714644], [-0.7321838742717297, 1.021713076987682, -1.6234823947956278], [-0.7309448876236329, -1.9151403494992618, -0.08819445375522367], [-0.7756085808922721, 0.8774075736613767, 1.683100221268549], [3.5396544732741475, -0.9912493575575569, -1.678865006333735], [3.584827615057389, -1.0893849573293026, 1.5968401791281033], [3.3173886788888716, 3.700376184689396, -1.5884401559171133], [6.098302475590022, 2.450661428335153, -0.36543054523549956], [4.5128427602714964, 6.095724913330327, 2.0061053978590975], [1.7554756562205678, 4.518383632828407, 2.781880629871879], [5.936782935005891, 4.708395447495993, 5.82705297445938], [6.670339641199334, 2.0044573736175666, 4.146539230911076], [1.9929405371494897, 0.5884179251261926, 5.565118403486819], [4.620665503618915, 0.15886133604726654, 7.473101795610181], [3.679900044405674, 4.0476722692020655, 9.860806907107142], [1.286247583133779, 1.7928283770938265, 10.023565467761003], [1.1779882988557393, 6.555420550781795, 6.813308148568333], [-1.1786013446396963, 4.237695397210061, 6.796037176536312], [-1.6492146564603107, 5.187566436144321, 11.042276956236533]], "name": "C8H18O", "identifiers": {"molecule_hash": "f03bbaec6aacb8e4345f7cb0a53de1853396e3d2", "molecular_formula": "C8H18O"}, "molecular_charge": 0.0, "molecular_multiplicity": 1, "connectivity": [[0, 1, 1.0], [0, 9, 1.0], [0, 10, 1.0], [0, 11, 1.0], [1, 2, 1.0], [1, 12, 1.0], [1, 13, 1.0], [2, 3, 1.0], [2, 14, 1.0], [2, 15, 1.0], [3, 4, 1.0], [3, 16, 1.0], [3, 17, 1.0], [4, 5, 1.0], [4, 18, 1.0], [4, 19, 1.0], [5, 6, 1.0], [5, 20, 1.0], [5, 21, 1.0], [6, 7, 1.0], [6, 22, 1.0], [6, 23, 1.0], [7, 8, 1.0], [7, 24, 1.0], [7, 25, 1.0], [8, 26, 1.0]], "fix_com": true, "fix_orientation": true, "provenance": {"creator": "QCElemental", "version": "v0.22.0", "routine": "qcelemental.molparse.from_schema"}, "id": "98688"}, "charge": 0, "optimize_geometry": false, "conformers": [], "conformer_generation_options": {"n_conformer_pool": 4000, "n_max_conformers": 0, "rms_tolerance": 0.05, "energy_window": 15, "keep_original_conformer": true}, "stage_1_unrestrained_charges": null, "stage_1_restrained_charges": null, "stage_2_unrestrained_charges": null, "stage_2_restrained_charges": null, "keep_original_orientation": false, "reorientations": [], "translations": [], "rotations": []}}, {"index": 6, "molecule": {"qcmol": {"schema_name": "qcschema_molecule", "schema_version": 2, "validated": true, "symbols": ["C", "C", "C", "C", "C", "C", "C", "C", "O", "H", "H", "H", "H", "H", "H", "H", "H", "H", "H", "H", "H", "H", "H", "H", "H", "H", "H"], "geometry": [[0.0, 0.0, 0.0], [2.8910020043259825, 2.3792532494291315e-16, -1.1344250830069586e-15], [4.083902896968406, 2.641938088556282, 1.6653345369377348e-16], [3.7517915829472606, 4.231068218591647, 2.4076184198335095], [5.092612755803545, 3.161920554395908, 4.770401681700685], [3.447400904487462, 1.6009932699280744, 6.60195320206548], [2.2237905024757536, 3.114962601784547, 8.752485305918889], [0.2976322227370556, 5.099231761078402, 7.944274556628931], [-0.7591921831514252, 6.361461542721918, 10.025790587714644], [-0.7321838742717297, 1.021713076987682, -1.6234823947956278], [-0.7309448876236329, -1.9151403494992618, -0.08819445375522367], [-0.7756085808922721, 0.8774075736613767, 1.683100221268549], [3.5396544732741475, -0.9912493575575569, -1.678865006333735], [3.584827615057389, -1.0893849573293026, 1.5968401791281033], [3.3173886788888716, 3.700376184689396, -1.5884401559171133], [6.098302475590022, 2.450661428335153, -0.36543054523549956], [4.5128427602714964, 6.095724913330327, 2.0061053978590975], [1.7554756562205678, 4.518383632828407, 2.781880629871879], [5.936782935005891, 4.708395447495993, 5.82705297445938], [6.670339641199334, 2.0044573736175666, 4.146539230911076], [1.9929405371494897, 0.5884179251261926, 5.565118403486819], [4.620665503618915, 0.15886133604726654, 7.473101795610181], [3.679900044405674, 4.0476722692020655, 9.860806907107142], [1.286247583133779, 1.7928283770938265, 10.023565467761003], [1.1779882988557393, 6.555420550781795, 6.813308148568333], [-1.1786013446396963, 4.237695397210061, 6.796037176536312], [-1.6492146564603107, 5.187566436144321, 11.042276956236533]], "name": "C8H18O", "identifiers": {"molecule_hash": "f03bbaec6aacb8e4345f7cb0a53de1853396e3d2", "molecular_formula": "C8H18O"}, "molecular_charge": 0.0, "molecular_multiplicity": 1, "connectivity": [[0, 1, 1.0], [0, 9, 1.0], [0, 10, 1.0], [0, 11, 1.0], [1, 2, 1.0], [1, 12, 1.0], [1, 13, 1.0], [2, 3, 1.0], [2, 14, 1.0], [2, 15, 1.0], [3, 4, 1.0], [3, 16, 1.0], [3, 17, 1.0], [4, 5, 1.0], [4, 18, 1.0], [4, 19, 1.0], [5, 6, 1.0], [5, 20, 1.0], [5, 21, 1.0], [6, 7, 1.0], [6, 22, 1.0], [6, 23, 1.0], [7, 8, 1.0], [7, 24, 1.0], [7, 25, 1.0], [8, 26, 1.0]], "fix_com": true, "fix_orientation": true, "provenance": {"creator": "QCElemental", "version": "v0.22.0", "routine": "qcelemental.molparse.from_schema"}, "id": "98688"}, "charge": 0, "optimize_geometry": false, "conformers": [], "conformer_generation_options": {"n_conformer_pool": 4000, "n_max_conformers": 0, "rms_tolerance": 0.05, "energy_window": 15, "keep_original_conformer": true}, "stage_1_unrestrained_charges": null, "stage_1_restrained_charges": null, "stage_2_unrestrained_charges": null, "stage_2_restrained_charges": null, "keep_original_orientation": false, "reorientations": [], "translations": [], "rotations": []}}, {"index": 7, "molecule": {"qcmol": {"schema_name": "qcschema_molecule", "schema_version": 2, "validated": true, "symbols": ["C", "C", "C", "C", "C", "C", "C", "C", "O", "H", "H", "H", "H", "H", "H", "H", "H", "H", "H", "H", "H", "H", "H", "H", "H", "H", "H"], "geometry": [[0.0, 0.0, 0.0], [2.8910020043259825, 2.3792532494291315e-16, -1.1344250830069586e-15], [4.083902896968406, 2.641938088556282, 1.6653345369377348e-16], [3.7517915829472606, 4.231068218591647, 2.4076184198335095], [5.092612755803545, 3.161920554395908, 4.770401681700685], [3.447400904487462, 1.6009932699280744, 6.60195320206548], [2.2237905024757536, 3.114962601784547, 8.752485305918889], [0.2976322227370556, 5.099231761078402, 7.944274556628931], [-0.7591921831514252, 6.361461542721918, 10.025790587714644], [-0.7321838742717297, 1.021713076987682, -1.6234823947956278], [-0.7309448876236329, -1.9151403494992618, -0.08819445375522367], [-0.7756085808922721, 0.8774075736613767, 1.683100221268549], [3.5396544732741475, -0.9912493575575569, -1.678865006333735], [3.584827615057389, -1.0893849573293026, 1.5968401791281033], [3.3173886788888716, 3.700376184689396, -1.5884401559171133], [6.098302475590022, 2.450661428335153, -0.36543054523549956], [4.5128427602714964, 6.095724913330327, 2.0061053978590975], [1.7554756562205678, 4.518383632828407, 2.781880629871879], [5.936782935005891, 4.708395447495993, 5.82705297445938], [6.670339641199334, 2.0044573736175666, 4.146539230911076], [1.9929405371494897, 0.5884179251261926, 5.565118403486819], [4.620665503618915, 0.15886133604726654, 7.473101795610181], [3.679900044405674, 4.0476722692020655, 9.860806907107142], [1.286247583133779, 1.7928283770938265, 10.023565467761003], [1.1779882988557393, 6.555420550781795, 6.813308148568333], [-1.1786013446396963, 4.237695397210061, 6.796037176536312], [-1.6492146564603107, 5.187566436144321, 11.042276956236533]], "name": "C8H18O", "identifiers": {"molecule_hash": "f03bbaec6aacb8e4345f7cb0a53de1853396e3d2", "molecular_formula": "C8H18O"}, "molecular_charge": 0.0, "molecular_multiplicity": 1, "connectivity": [[0, 1, 1.0], [0, 9, 1.0], [0, 10, 1.0], [0, 11, 1.0], [1, 2, 1.0], [1, 12, 1.0], [1, 13, 1.0], [2, 3, 1.0], [2, 14, 1.0], [2, 15, 1.0], [3, 4, 1.0], [3, 16, 1.0], [3, 17, 1.0], [4, 5, 1.0], [4, 18, 1.0], [4, 19, 1.0], [5, 6, 1.0], [5, 20, 1.0], [5, 21, 1.0], [6, 7, 1.0], [6, 22, 1.0], [6, 23, 1.0], [7, 8, 1.0], [7, 24, 1.0], [7, 25, 1.0], [8, 26, 1.0]], "fix_com": true, "fix_orientation": true, "provenance": {"creator": "QCElemental", "version": "v0.22.0", "routine": "qcelemental.molparse.from_schema"}, "id": "98688"}, "charge": 0, "optimize_geometry": false, "conformers": [], "conformer_generation_options": {"n_conformer_pool": 4000, "n_max_conformers": 0, "rms_tolerance": 0.05, "energy_window": 15, "keep_original_conformer": true}, "stage_1_unrestrained_charges": null, "stage_1_restrained_charges": null, "stage_2_unrestrained_charges": null, "stage_2_restrained_charges": null, "keep_original_orientation": false, "reorientations": [], "translations": [], "rotations": []}}]}, "surface_constraints": {"matrix": [[335976115042750.44, 325807294140223.94, 313945650197519.06, 302105836586639.6, 288796638825054.1, 276262709215582.4, 264094964031437.9, 252107693679515.2, 246197151078166.28, 336597031474768.2, 337914036027112.75, 337096675927561.5, 323463623877677.8, 325254578526009.56, 314775062023900.0, 310278234808137.7, 302492325453937.94, 300454543903309.9, 289578350850278.9, 285329176331980.1, 274089723881812.9, 275965182657145.16, 259272218670829.84, 266491893767685.34, 250767092022803.0, 247251363031335.5, 245821065110201.0], [325807294140223.94, 333962767936478.56, 325892402759609.2, 314250597752040.1, 301825870410641.75, 288305068091611.6, 274451715338540.6, 260615109036375.34, 254223323951450.0, 321770763152968.7, 323177838624986.6, 322377535600457.3, 337251931634342.25, 338572383218814.94, 325862496584178.8, 325405905694287.9, 314551657577243.0, 311859223776352.4, 302065096207685.06, 300145814629619.06, 286336574801065.8, 288307718810135.44, 269512237607517.88, 277097755446730.2, 258972285150582.34, 254916652226177.47, 253423919483590.8], [313945650197519.06, 325892402759609.2, 334912100681401.8, 327111059291973.7, 315335895237895.44, 301277356379800.0, 287349647875149.5, 272974338133661.22, 265848641012663.62, 310814391724062.25, 311210507804884.56, 307692800560551.44, 324587163913940.25, 325247083901053.0, 339898965513543.7, 339355712441256.06, 327114110762418.6, 326924305312191.56, 314445983531766.0, 315281912860810.25, 298561693107384.5, 301432108798008.4, 282826938641058.75, 289717224187326.06, 271919573967039.7, 266681254320731.1, 264506010831439.44], [302105836586639.6, 314250597752040.1, 327111059291973.7, 335930650280032.7, 327648250638422.7, 315954113897173.0, 301568806529503.94, 285439084536391.56, 278182148056107.1, 300901003986767.56, 297313509174137.5, 296291183021713.3, 308921706472101.5, 315587985082098.7, 327195495344597.8, 326719477086225.4, 341114021348603.2, 340452925210110.75, 327100735886775.3, 327432026336015.1, 315061118153509.3, 315962948225238.25, 298198917968855.25, 303564511689015.5, 283290558376730.9, 278908150882107.2, 275609781611331.28], [288796638825054.1, 301825870410641.75, 315335895237895.44, 327648250638422.7, 335840967913840.4, 327405003220934.06, 314817160337636.4, 299301199627737.56, 291159491968563.44, 287829012245289.75, 284579476382418.2, 281763705312565.7, 294535813623767.2, 305855890046321.25, 314608463790767.7, 314074113110852.3, 327795486351366.5, 327276944498763.1, 340257105990297.6, 340716316312373.8, 326585671312279.4, 327782891303896.56, 315141558978558.0, 313415680680458.0, 295723210173739.1, 295144556757424.25, 286671381454626.1], [276262709215582.4, 288305068091611.6, 301277356379800.0, 315954113897173.0, 327405003220934.06, 335332310948464.0, 326116808825468.25, 313365818407647.06, 304845088452312.5, 274905201033527.62, 271402906007759.5, 271170271120862.28, 280131864266202.28, 293142932411253.56, 299475934639926.75, 299329126726102.4, 317925758945725.3, 313759962662016.44, 326947050619162.8, 327216456500027.25, 339522986487437.75, 340637715582268.8, 325282538884598.06, 325691466457992.94, 309926252287578.3, 310720889064435.25, 300737764156520.1], [264094964031437.9, 274451715338540.6, 287349647875149.5, 301568806529503.94, 314817160337636.4, 326116808825468.25, 333640304611762.4, 324491485225966.75, 315835164489209.94, 261870255119538.8, 259813960985047.5, 260844874163387.62, 265760375321322.75, 278683971198186.88, 286034888408281.56, 285478383846347.0, 300625876881795.7, 301012376539406.4, 313067921730057.9, 315294898262947.75, 325391932763009.4, 326309888799641.4, 337838397709296.06, 338236597984037.9, 322814461741201.56, 322132092547199.2, 311715085462811.94], [252107693679515.2, 260615109036375.34, 272974338133661.22, 285439084536391.56, 299301199627737.56, 313365818407647.06, 324491485225966.75, 332597885425457.7, 327867180236972.8, 250026751633735.97, 248282907243428.7, 249862565590307.22, 252400754761106.94, 263662408032766.1, 273566967217756.53, 270424582008021.72, 283660622367673.3, 284078739330760.56, 297663643256723.56, 298587942040294.75, 313289632856205.6, 312998695440162.9, 323543252494337.06, 324302049729059.5, 335678845099235.3, 334943102256521.5, 325378179967140.06], [246197151078166.28, 254223323951450.0, 265848641012663.62, 278182148056107.1, 291159491968563.44, 304845088452312.5, 315835164489209.94, 327867180236972.8, 340699702512267.8, 244271201843536.47, 243178241497536.44, 243610412981588.78, 246845489068958.9, 256692184352850.53, 266953072229773.78, 262479866691662.34, 276825274082869.72, 276934686888886.97, 290847247650523.2, 288801756271789.7, 304250857127678.5, 305006859468760.56, 312895132908075.44, 314878040997247.5, 325657982407148.8, 324873377315608.2, 341260410173181.7], [336597031474768.2, 321770763152968.7, 310814391724062.25, 300901003986767.56, 287829012245289.75, 274905201033527.62, 261870255119538.8, 250026751633735.97, 244271201843536.47, 350620440947262.94, 333759728691132.2, 333092802596379.94, 317105369213185.8, 319394746295363.1, 311345977590268.25, 306457857019845.9, 303151329091639.8, 298715992974240.0, 289741479411426.0, 283823065274791.0, 272828977951870.75, 274964409131237.38, 257869508933672.0, 262741409587719.66, 248631486122731.4, 245308845201444.12, 243757201393378.0], [337914036027112.75, 323177838624986.6, 311210507804884.56, 297313509174137.5, 284579476382418.2, 271402906007759.5, 259813960985047.5, 248282907243428.7, 243178241497536.44, 333759728691132.2, 353597575615083.0, 333935020552006.75, 319640736227481.25, 320375782176122.25, 312238468197184.2, 309006044939914.6, 295127544901678.25, 296275617489513.75, 285982491095920.25, 281296329769470.56, 268344999495476.22, 271102291434259.66, 254777111136110.16, 262518013655805.34, 246717203540576.34, 243392607689126.5, 242693470808722.1], [337096675927561.5, 322377535600457.3, 307692800560551.44, 296291183021713.3, 281763705312565.7, 271170271120862.28, 260844874163387.62, 249862565590307.22, 243610412981588.78, 333092802596379.94, 333935020552006.75, 351795675882926.8, 319096785303757.44, 321821571673933.94, 309159956192997.6, 301195208418183.8, 297584505589668.8, 295197199379684.0, 281107005040670.56, 277424363195928.03, 269589606191068.9, 270260219789421.66, 255574888310293.28, 264281162510613.78, 248918417023625.38, 245610945161859.03, 243926246570154.78], [323463623877677.8, 337251931634342.25, 324587163913940.25, 308921706472101.5, 294535813623767.2, 280131864266202.28, 265760375321322.75, 252400754761106.94, 246845489068958.9, 317105369213185.8, 319640736227481.25, 319096785303757.44, 353488838041150.75, 337111158153051.56, 323424324133434.25, 325021854159854.56, 308547359212494.0, 306173808506211.94, 294287170441410.25, 292713204360307.94, 278641456655250.03, 279741285050653.9, 259846680302432.12, 268764961197227.88, 250865127250514.84, 246344781929033.75, 246616021439529.1], [325254578526009.56, 338572383218814.94, 325247083901053.0, 315587985082098.7, 305855890046321.25, 293142932411253.56, 278683971198186.88, 263662408032766.1, 256692184352850.53, 319394746295363.1, 320375782176122.25, 321821571673933.94, 337111158153051.56, 356431301624152.0, 321505147041756.75, 322591399644028.2, 316625234546399.3, 311518993871111.7, 307047557217808.75, 304661314876803.9, 291638098874953.56, 293575695225192.44, 274368418919613.84, 281223339258305.12, 261305872040899.22, 258254270633217.75, 255474924008403.9], [314775062023900.0, 325862496584178.8, 339898965513543.7, 327195495344597.8, 314608463790767.7, 299475934639926.75, 286034888408281.56, 273566967217756.53, 266953072229773.78, 311345977590268.25, 312238468197184.2, 309159956192997.6, 323424324133434.25, 321505147041756.75, 357819799045299.94, 339500357012717.3, 326011056715953.94, 324953041608405.94, 313986326904477.25, 314524821269675.6, 295213274149104.4, 300021420028952.6, 280715966347802.94, 288016826678923.2, 273339753155295.56, 267293122525760.5, 266166489702154.0], [310278234808137.7, 325405905694287.9, 339355712441256.06, 326719477086225.4, 314074113110852.3, 299329126726102.4, 285478383846347.0, 270424582008021.72, 262479866691662.34, 306457857019845.9, 309006044939914.6, 301195208418183.8, 325021854159854.56, 322591399644028.2, 339500357012717.3, 356652846408252.4, 323434353736286.6, 326663077434280.06, 311706099313611.0, 315481965358930.75, 296335925948591.06, 299367397473503.75, 281175265256897.84, 288273969766503.2, 270013639287023.62, 263735351181380.06, 261161584017112.3], [302492325453937.94, 314551657577243.0, 327114110762418.6, 341114021348603.2, 327795486351366.5, 317925758945725.3, 300625876881795.7, 283660622367673.3, 276825274082869.72, 303151329091639.8, 295127544901678.25, 297584505589668.8, 308547359212494.0, 316625234546399.3, 326011056715953.94, 323434353736286.6, 359192383883275.6, 341164346496958.06, 327046876140329.4, 322135419262561.4, 319427986791656.7, 319165990380749.44, 295599392222784.06, 302891897717645.0, 282015458398429.7, 275672120326449.78, 274484932824488.34], [300454543903309.9, 311859223776352.4, 326924305312191.56, 340452925210110.75, 327276944498763.1, 313759962662016.44, 301012376539406.4, 284078739330760.56, 276934686888886.97, 298715992974240.0, 296275617489513.75, 295197199379684.0, 306173808506211.94, 311518993871111.7, 324953041608405.94, 326663077434280.06, 341164346496958.06, 357265636332298.9, 323174204692740.06, 328294507445373.94, 311925710613709.6, 312142655337673.1, 297615101357104.1, 305060182550555.94, 281552365118089.56, 277303077080022.28, 274490239465522.53], [289578350850278.9, 302065096207685.06, 314445983531766.0, 327100735886775.3, 340257105990297.6, 326947050619162.8, 313067921730057.9, 297663643256723.56, 290847247650523.2, 289741479411426.0, 285982491095920.25, 281107005040670.56, 294287170441410.25, 307047557217808.75, 313986326904477.25, 311706099313611.0, 327046876140329.4, 323174204692740.06, 357141358936390.25, 340744478215390.6, 325765067492512.1, 324928838294031.0, 314238066501574.7, 309866130361308.2, 292779671182558.5, 294011683606335.4, 285482020076236.8], [285329176331980.1, 300145814629619.06, 315281912860810.25, 327432026336015.1, 340716316312373.8, 327216456500027.25, 315294898262947.75, 298587942040294.75, 288801756271789.7, 283823065274791.0, 281296329769470.56, 277424363195928.03, 292713204360307.94, 304661314876803.9, 314524821269675.6, 315481965358930.75, 322135419262561.4, 328294507445373.94, 340744478215390.6, 358264007973279.5, 322899062768881.94, 326312962392545.4, 318645414977260.6, 312172597296416.8, 295061044341647.9, 295061804883689.25, 283306336754567.9], [274089723881812.9, 286336574801065.8, 298561693107384.5, 315061118153509.3, 326585671312279.4, 339522986487437.75, 325391932763009.4, 313289632856205.6, 304250857127678.5, 272828977951870.75, 268344999495476.22, 269589606191068.9, 278641456655250.03, 291638098874953.56, 295213274149104.4, 296335925948591.06, 319427986791656.7, 311925710613709.6, 325765067492512.1, 322899062768881.94, 356311333745604.1, 340385116292886.9, 321255426880977.5, 323786678060757.4, 309017585783205.94, 312324356125691.1, 300938238863366.5], [275965182657145.16, 288307718810135.44, 301432108798008.4, 315962948225238.25, 327782891303896.56, 340637715582268.8, 326309888799641.4, 312998695440162.9, 305006859468760.56, 274964409131237.38, 271102291434259.66, 270260219789421.66, 279741285050653.9, 293575695225192.44, 300021420028952.6, 299367397473503.75, 319165990380749.44, 312142655337673.1, 324928838294031.0, 326312962392545.4, 340385116292886.9, 358577233145352.44, 323722106808896.4, 323990911746487.4, 309355637886874.1, 309782294844881.44, 300490439643407.1], [259272218670829.84, 269512237607517.88, 282826938641058.75, 298198917968855.25, 315141558978558.0, 325282538884598.06, 337838397709296.06, 323543252494337.06, 312895132908075.44, 257869508933672.0, 254777111136110.16, 255574888310293.28, 259846680302432.12, 274368418919613.84, 280715966347802.94, 281175265256897.84, 295599392222784.06, 297615101357104.1, 314238066501574.7, 318645414977260.6, 32125542