{"resp_b": 0.1, "restrained_fit": true, "exclude_hydrogens": true, "convergence_tolerance": 1e-06, "max_iter": 500, "resp_a": 0.0005, "charge_constraints": {"charge_sum_constraints": [], "charge_equivalence_constraints": [], "molecules": [{"qcmol": {"schema_name": "qcschema_molecule", "schema_version": 2, "validated": true, "symbols": ["C", "C", "C", "C", "C", "C", "C", "C", "O", "H", "H", "H", "H", "H", "H", "H", "H", "H", "H", "H", "H", "H", "H", "H", "H", "H", "H"], "geometry": [[0.0, 0.0, 0.0], [2.8910020043259825, 2.3792532494291315e-16, -1.1344250830069586e-15], [4.083902896968406, 2.641938088556282, 1.6653345369377348e-16], [3.7517915829472606, 4.231068218591647, 2.4076184198335095], [5.092612755803545, 3.161920554395908, 4.770401681700685], [3.447400904487462, 1.6009932699280744, 6.60195320206548], [2.2237905024757536, 3.114962601784547, 8.752485305918889], [0.2976322227370556, 5.099231761078402, 7.944274556628931], [-0.7591921831514252, 6.361461542721918, 10.025790587714644], [-0.7321838742717297, 1.021713076987682, -1.6234823947956278], [-0.7309448876236329, -1.9151403494992618, -0.08819445375522367], [-0.7756085808922721, 0.8774075736613767, 1.683100221268549], [3.5396544732741475, -0.9912493575575569, -1.678865006333735], [3.584827615057389, -1.0893849573293026, 1.5968401791281033], [3.3173886788888716, 3.700376184689396, -1.5884401559171133], [6.098302475590022, 2.450661428335153, -0.36543054523549956], [4.5128427602714964, 6.095724913330327, 2.0061053978590975], [1.7554756562205678, 4.518383632828407, 2.781880629871879], [5.936782935005891, 4.708395447495993, 5.82705297445938], [6.670339641199334, 2.0044573736175666, 4.146539230911076], [1.9929405371494897, 0.5884179251261926, 5.565118403486819], [4.620665503618915, 0.15886133604726654, 7.473101795610181], [3.679900044405674, 4.0476722692020655, 9.860806907107142], [1.286247583133779, 1.7928283770938265, 10.023565467761003], [1.1779882988557393, 6.555420550781795, 6.813308148568333], [-1.1786013446396963, 4.237695397210061, 6.796037176536312], [-1.6492146564603107, 5.187566436144321, 11.042276956236533]], "name": "C8H18O", "identifiers": {"molecule_hash": "f03bbaec6aacb8e4345f7cb0a53de1853396e3d2", "molecular_formula": "C8H18O"}, "molecular_charge": 0.0, "molecular_multiplicity": 1, "connectivity": [[0, 1, 1.0], [0, 9, 1.0], [0, 10, 1.0], [0, 11, 1.0], [1, 2, 1.0], [1, 12, 1.0], [1, 13, 1.0], [2, 3, 1.0], [2, 14, 1.0], [2, 15, 1.0], [3, 4, 1.0], [3, 16, 1.0], [3, 17, 1.0], [4, 5, 1.0], [4, 18, 1.0], [4, 19, 1.0], [5, 6, 1.0], [5, 20, 1.0], [5, 21, 1.0], [6, 7, 1.0], [6, 22, 1.0], [6, 23, 1.0], [7, 8, 1.0], [7, 24, 1.0], [7, 25, 1.0], [8, 26, 1.0]], "fix_com": true, "fix_orientation": true, "provenance": {"creator": "QCElemental", "version": "v0.22.0", "routine": "qcelemental.molparse.from_schema"}, "id": "98688"}, "charge": 0, "optimize_geometry": false, "conformers": [], "conformer_generation_options": {"n_conformer_pool": 4000, "n_max_conformers": 0, "rms_tolerance": 0.05, "energy_window": 15, "keep_original_conformer": true}, "stage_1_unrestrained_charges": null, "stage_1_restrained_charges": null, "stage_2_unrestrained_charges": null, "stage_2_restrained_charges": null, "keep_original_orientation": false, "reorientations": [], "translations": [], "rotations": []}], "unconstrained_atoms": [{"index": 0, "molecule": {"qcmol": {"schema_name": "qcschema_molecule", "schema_version": 2, "validated": true, "symbols": ["C", "C", "C", "C", "C", "C", "C", "C", "O", "H", "H", "H", "H", "H", "H", "H", "H", "H", "H", "H", "H", "H", "H", "H", "H", "H", "H"], "geometry": [[0.0, 0.0, 0.0], [2.8910020043259825, 2.3792532494291315e-16, -1.1344250830069586e-15], [4.083902896968406, 2.641938088556282, 1.6653345369377348e-16], [3.7517915829472606, 4.231068218591647, 2.4076184198335095], [5.092612755803545, 3.161920554395908, 4.770401681700685], [3.447400904487462, 1.6009932699280744, 6.60195320206548], [2.2237905024757536, 3.114962601784547, 8.752485305918889], [0.2976322227370556, 5.099231761078402, 7.944274556628931], [-0.7591921831514252, 6.361461542721918, 10.025790587714644], [-0.7321838742717297, 1.021713076987682, -1.6234823947956278], [-0.7309448876236329, -1.9151403494992618, -0.08819445375522367], [-0.7756085808922721, 0.8774075736613767, 1.683100221268549], [3.5396544732741475, -0.9912493575575569, -1.678865006333735], [3.584827615057389, -1.0893849573293026, 1.5968401791281033], [3.3173886788888716, 3.700376184689396, -1.5884401559171133], [6.098302475590022, 2.450661428335153, -0.36543054523549956], [4.5128427602714964, 6.095724913330327, 2.0061053978590975], [1.7554756562205678, 4.518383632828407, 2.781880629871879], [5.936782935005891, 4.708395447495993, 5.82705297445938], [6.670339641199334, 2.0044573736175666, 4.146539230911076], [1.9929405371494897, 0.5884179251261926, 5.565118403486819], [4.620665503618915, 0.15886133604726654, 7.473101795610181], [3.679900044405674, 4.0476722692020655, 9.860806907107142], [1.286247583133779, 1.7928283770938265, 10.023565467761003], [1.1779882988557393, 6.555420550781795, 6.813308148568333], [-1.1786013446396963, 4.237695397210061, 6.796037176536312], [-1.6492146564603107, 5.187566436144321, 11.042276956236533]], "name": "C8H18O", "identifiers": {"molecule_hash": "f03bbaec6aacb8e4345f7cb0a53de1853396e3d2", "molecular_formula": "C8H18O"}, "molecular_charge": 0.0, "molecular_multiplicity": 1, "connectivity": [[0, 1, 1.0], [0, 9, 1.0], [0, 10, 1.0], [0, 11, 1.0], [1, 2, 1.0], [1, 12, 1.0], [1, 13, 1.0], [2, 3, 1.0], [2, 14, 1.0], [2, 15, 1.0], [3, 4, 1.0], [3, 16, 1.0], [3, 17, 1.0], [4, 5, 1.0], [4, 18, 1.0], [4, 19, 1.0], [5, 6, 1.0], [5, 20, 1.0], [5, 21, 1.0], [6, 7, 1.0], [6, 22, 1.0], [6, 23, 1.0], [7, 8, 1.0], [7, 24, 1.0], [7, 25, 1.0], [8, 26, 1.0]], "fix_com": true, "fix_orientation": true, "provenance": {"creator": "QCElemental", "version": "v0.22.0", "routine": "qcelemental.molparse.from_schema"}, "id": "98688"}, "charge": 0, "optimize_geometry": false, "conformers": [], "conformer_generation_options": {"n_conformer_pool": 4000, "n_max_conformers": 0, "rms_tolerance": 0.05, "energy_window": 15, "keep_original_conformer": true}, "stage_1_unrestrained_charges": null, "stage_1_restrained_charges": null, "stage_2_unrestrained_charges": null, "stage_2_restrained_charges": null, "keep_original_orientation": false, "reorientations": [], "translations": [], "rotations": []}}, {"index": 1, "molecule": {"qcmol": {"schema_name": "qcschema_molecule", "schema_version": 2, "validated": true, "symbols": ["C", "C", "C", "C", "C", "C", "C", "C", "O", "H", "H", "H", "H", "H", "H", "H", "H", "H", "H", "H", "H", "H", "H", "H", "H", "H", "H"], "geometry": [[0.0, 0.0, 0.0], [2.8910020043259825, 2.3792532494291315e-16, -1.1344250830069586e-15], [4.083902896968406, 2.641938088556282, 1.6653345369377348e-16], [3.7517915829472606, 4.231068218591647, 2.4076184198335095], [5.092612755803545, 3.161920554395908, 4.770401681700685], [3.447400904487462, 1.6009932699280744, 6.60195320206548], [2.2237905024757536, 3.114962601784547, 8.752485305918889], [0.2976322227370556, 5.099231761078402, 7.944274556628931], [-0.7591921831514252, 6.361461542721918, 10.025790587714644], [-0.7321838742717297, 1.021713076987682, -1.6234823947956278], [-0.7309448876236329, -1.9151403494992618, -0.08819445375522367], [-0.7756085808922721, 0.8774075736613767, 1.683100221268549], [3.5396544732741475, -0.9912493575575569, -1.678865006333735], [3.584827615057389, -1.0893849573293026, 1.5968401791281033], [3.3173886788888716, 3.700376184689396, -1.5884401559171133], [6.098302475590022, 2.450661428335153, -0.36543054523549956], [4.5128427602714964, 6.095724913330327, 2.0061053978590975], [1.7554756562205678, 4.518383632828407, 2.781880629871879], [5.936782935005891, 4.708395447495993, 5.82705297445938], [6.670339641199334, 2.0044573736175666, 4.146539230911076], [1.9929405371494897, 0.5884179251261926, 5.565118403486819], [4.620665503618915, 0.15886133604726654, 7.473101795610181], [3.679900044405674, 4.0476722692020655, 9.860806907107142], [1.286247583133779, 1.7928283770938265, 10.023565467761003], [1.1779882988557393, 6.555420550781795, 6.813308148568333], [-1.1786013446396963, 4.237695397210061, 6.796037176536312], [-1.6492146564603107, 5.187566436144321, 11.042276956236533]], "name": "C8H18O", "identifiers": {"molecule_hash": "f03bbaec6aacb8e4345f7cb0a53de1853396e3d2", "molecular_formula": "C8H18O"}, "molecular_charge": 0.0, "molecular_multiplicity": 1, "connectivity": [[0, 1, 1.0], [0, 9, 1.0], [0, 10, 1.0], [0, 11, 1.0], [1, 2, 1.0], [1, 12, 1.0], [1, 13, 1.0], [2, 3, 1.0], [2, 14, 1.0], [2, 15, 1.0], [3, 4, 1.0], [3, 16, 1.0], [3, 17, 1.0], [4, 5, 1.0], [4, 18, 1.0], [4, 19, 1.0], [5, 6, 1.0], [5, 20, 1.0], [5, 21, 1.0], [6, 7, 1.0], [6, 22, 1.0], [6, 23, 1.0], [7, 8, 1.0], [7, 24, 1.0], [7, 25, 1.0], [8, 26, 1.0]], "fix_com": true, "fix_orientation": true, "provenance": {"creator": "QCElemental", "version": "v0.22.0", "routine": "qcelemental.molparse.from_schema"}, "id": "98688"}, "charge": 0, "optimize_geometry": false, "conformers": [], "conformer_generation_options": {"n_conformer_pool": 4000, "n_max_conformers": 0, "rms_tolerance": 0.05, "energy_window": 15, "keep_original_conformer": true}, "stage_1_unrestrained_charges": null, "stage_1_restrained_charges": null, "stage_2_unrestrained_charges": null, "stage_2_restrained_charges": null, "keep_original_orientation": false, "reorientations": [], "translations": [], "rotations": []}}, {"index": 2, "molecule": {"qcmol": {"schema_name": "qcschema_molecule", "schema_version": 2, "validated": true, "symbols": ["C", "C", "C", "C", "C", "C", "C", "C", "O", "H", "H", "H", "H", "H", "H", "H", "H", "H", "H", "H", "H", "H", "H", "H", "H", "H", "H"], "geometry": [[0.0, 0.0, 0.0], [2.8910020043259825, 2.3792532494291315e-16, -1.1344250830069586e-15], [4.083902896968406, 2.641938088556282, 1.6653345369377348e-16], [3.7517915829472606, 4.231068218591647, 2.4076184198335095], [5.092612755803545, 3.161920554395908, 4.770401681700685], [3.447400904487462, 1.6009932699280744, 6.60195320206548], [2.2237905024757536, 3.114962601784547, 8.752485305918889], [0.2976322227370556, 5.099231761078402, 7.944274556628931], [-0.7591921831514252, 6.361461542721918, 10.025790587714644], [-0.7321838742717297, 1.021713076987682, -1.6234823947956278], [-0.7309448876236329, -1.9151403494992618, -0.08819445375522367], [-0.7756085808922721, 0.8774075736613767, 1.683100221268549], [3.5396544732741475, -0.9912493575575569, -1.678865006333735], [3.584827615057389, -1.0893849573293026, 1.5968401791281033], [3.3173886788888716, 3.700376184689396, -1.5884401559171133], [6.098302475590022, 2.450661428335153, -0.36543054523549956], [4.5128427602714964, 6.095724913330327, 2.0061053978590975], [1.7554756562205678, 4.518383632828407, 2.781880629871879], [5.936782935005891, 4.708395447495993, 5.82705297445938], [6.670339641199334, 2.0044573736175666, 4.146539230911076], [1.9929405371494897, 0.5884179251261926, 5.565118403486819], [4.620665503618915, 0.15886133604726654, 7.473101795610181], [3.679900044405674, 4.0476722692020655, 9.860806907107142], [1.286247583133779, 1.7928283770938265, 10.023565467761003], [1.1779882988557393, 6.555420550781795, 6.813308148568333], [-1.1786013446396963, 4.237695397210061, 6.796037176536312], [-1.6492146564603107, 5.187566436144321, 11.042276956236533]], "name": "C8H18O", "identifiers": {"molecule_hash": "f03bbaec6aacb8e4345f7cb0a53de1853396e3d2", "molecular_formula": "C8H18O"}, "molecular_charge": 0.0, "molecular_multiplicity": 1, "connectivity": [[0, 1, 1.0], [0, 9, 1.0], [0, 10, 1.0], [0, 11, 1.0], [1, 2, 1.0], [1, 12, 1.0], [1, 13, 1.0], [2, 3, 1.0], [2, 14, 1.0], [2, 15, 1.0], [3, 4, 1.0], [3, 16, 1.0], [3, 17, 1.0], [4, 5, 1.0], [4, 18, 1.0], [4, 19, 1.0], [5, 6, 1.0], [5, 20, 1.0], [5, 21, 1.0], [6, 7, 1.0], [6, 22, 1.0], [6, 23, 1.0], [7, 8, 1.0], [7, 24, 1.0], [7, 25, 1.0], [8, 26, 1.0]], "fix_com": true, "fix_orientation": true, "provenance": {"creator": "QCElemental", "version": "v0.22.0", "routine": "qcelemental.molparse.from_schema"}, "id": "98688"}, "charge": 0, "optimize_geometry": false, "conformers": [], "conformer_generation_options": {"n_conformer_pool": 4000, "n_max_conformers": 0, "rms_tolerance": 0.05, "energy_window": 15, "keep_original_conformer": true}, "stage_1_unrestrained_charges": null, "stage_1_restrained_charges": null, "stage_2_unrestrained_charges": null, "stage_2_restrained_charges": null, "keep_original_orientation": false, "reorientations": [], "translations": [], "rotations": []}}, {"index": 3, "molecule": {"qcmol": {"schema_name": "qcschema_molecule", "schema_version": 2, "validated": true, "symbols": ["C", "C", "C", "C", "C", "C", "C", "C", "O", "H", "H", "H", "H", "H", "H", "H", "H", "H", "H", "H", "H", "H", "H", "H", "H", "H", "H"], "geometry": [[0.0, 0.0, 0.0], [2.8910020043259825, 2.3792532494291315e-16, -1.1344250830069586e-15], [4.083902896968406, 2.641938088556282, 1.6653345369377348e-16], [3.7517915829472606, 4.231068218591647, 2.4076184198335095], [5.092612755803545, 3.161920554395908, 4.770401681700685], [3.447400904487462, 1.6009932699280744, 6.60195320206548], [2.2237905024757536, 3.114962601784547, 8.752485305918889], [0.2976322227370556, 5.099231761078402, 7.944274556628931], [-0.7591921831514252, 6.361461542721918, 10.025790587714644], [-0.7321838742717297, 1.021713076987682, -1.6234823947956278], [-0.7309448876236329, -1.9151403494992618, -0.08819445375522367], [-0.7756085808922721, 0.8774075736613767, 1.683100221268549], [3.5396544732741475, -0.9912493575575569, -1.678865006333735], [3.584827615057389, -1.0893849573293026, 1.5968401791281033], [3.3173886788888716, 3.700376184689396, -1.5884401559171133], [6.098302475590022, 2.450661428335153, -0.36543054523549956], [4.5128427602714964, 6.095724913330327, 2.0061053978590975], [1.7554756562205678, 4.518383632828407, 2.781880629871879], [5.936782935005891, 4.708395447495993, 5.82705297445938], [6.670339641199334, 2.0044573736175666, 4.146539230911076], [1.9929405371494897, 0.5884179251261926, 5.565118403486819], [4.620665503618915, 0.15886133604726654, 7.473101795610181], [3.679900044405674, 4.0476722692020655, 9.860806907107142], [1.286247583133779, 1.7928283770938265, 10.023565467761003], [1.1779882988557393, 6.555420550781795, 6.813308148568333], [-1.1786013446396963, 4.237695397210061, 6.796037176536312], [-1.6492146564603107, 5.187566436144321, 11.042276956236533]], "name": "C8H18O", "identifiers": {"molecule_hash": "f03bbaec6aacb8e4345f7cb0a53de1853396e3d2", "molecular_formula": "C8H18O"}, "molecular_charge": 0.0, "molecular_multiplicity": 1, "connectivity": [[0, 1, 1.0], [0, 9, 1.0], [0, 10, 1.0], [0, 11, 1.0], [1, 2, 1.0], [1, 12, 1.0], [1, 13, 1.0], [2, 3, 1.0], [2, 14, 1.0], [2, 15, 1.0], [3, 4, 1.0], [3, 16, 1.0], [3, 17, 1.0], [4, 5, 1.0], [4, 18, 1.0], [4, 19, 1.0], [5, 6, 1.0], [5, 20, 1.0], [5, 21, 1.0], [6, 7, 1.0], [6, 22, 1.0], [6, 23, 1.0], [7, 8, 1.0], [7, 24, 1.0], [7, 25, 1.0], [8, 26, 1.0]], "fix_com": true, "fix_orientation": true, "provenance": {"creator": "QCElemental", "version": "v0.22.0", "routine": "qcelemental.molparse.from_schema"}, "id": "98688"}, "charge": 0, "optimize_geometry": false, "conformers": [], "conformer_generation_options": {"n_conformer_pool": 4000, "n_max_conformers": 0, "rms_tolerance": 0.05, "energy_window": 15, "keep_original_conformer": true}, "stage_1_unrestrained_charges": null, "stage_1_restrained_charges": null, "stage_2_unrestrained_charges": null, "stage_2_restrained_charges": null, "keep_original_orientation": false, "reorientations": [], "translations": [], "rotations": []}}, {"index": 4, "molecule": {"qcmol": {"schema_name": "qcschema_molecule", "schema_version": 2, "validated": true, "symbols": ["C", "C", "C", "C", "C", "C", "C", "C", "O", "H", "H", "H", "H", "H", "H", "H", "H", "H", "H", "H", "H", "H", "H", "H", "H", "H", "H"], "geometry": [[0.0, 0.0, 0.0], [2.8910020043259825, 2.3792532494291315e-16, -1.1344250830069586e-15], [4.083902896968406, 2.641938088556282, 1.6653345369377348e-16], [3.7517915829472606, 4.231068218591647, 2.4076184198335095], [5.092612755803545, 3.161920554395908, 4.770401681700685], [3.447400904487462, 1.6009932699280744, 6.60195320206548], [2.2237905024757536, 3.114962601784547, 8.752485305918889], [0.2976322227370556, 5.099231761078402, 7.944274556628931], [-0.7591921831514252, 6.361461542721918, 10.025790587714644], [-0.7321838742717297, 1.021713076987682, -1.6234823947956278], [-0.7309448876236329, -1.9151403494992618, -0.08819445375522367], [-0.7756085808922721, 0.8774075736613767, 1.683100221268549], [3.5396544732741475, -0.9912493575575569, -1.678865006333735], [3.584827615057389, -1.0893849573293026, 1.5968401791281033], [3.3173886788888716, 3.700376184689396, -1.5884401559171133], [6.098302475590022, 2.450661428335153, -0.36543054523549956], [4.5128427602714964, 6.095724913330327, 2.0061053978590975], [1.7554756562205678, 4.518383632828407, 2.781880629871879], [5.936782935005891, 4.708395447495993, 5.82705297445938], [6.670339641199334, 2.0044573736175666, 4.146539230911076], [1.9929405371494897, 0.5884179251261926, 5.565118403486819], [4.620665503618915, 0.15886133604726654, 7.473101795610181], [3.679900044405674, 4.0476722692020655, 9.860806907107142], [1.286247583133779, 1.7928283770938265, 10.023565467761003], [1.1779882988557393, 6.555420550781795, 6.813308148568333], [-1.1786013446396963, 4.237695397210061, 6.796037176536312], [-1.6492146564603107, 5.187566436144321, 11.042276956236533]], "name": "C8H18O", "identifiers": {"molecule_hash": "f03bbaec6aacb8e4345f7cb0a53de1853396e3d2", "molecular_formula": "C8H18O"}, "molecular_charge": 0.0, "molecular_multiplicity": 1, "connectivity": [[0, 1, 1.0], [0, 9, 1.0], [0, 10, 1.0], [0, 11, 1.0], [1, 2, 1.0], [1, 12, 1.0], [1, 13, 1.0], [2, 3, 1.0], [2, 14, 1.0], [2, 15, 1.0], [3, 4, 1.0], [3, 16, 1.0], [3, 17, 1.0], [4, 5, 1.0], [4, 18, 1.0], [4, 19, 1.0], [5, 6, 1.0], [5, 20, 1.0], [5, 21, 1.0], [6, 7, 1.0], [6, 22, 1.0], [6, 23, 1.0], [7, 8, 1.0], [7, 24, 1.0], [7, 25, 1.0], [8, 26, 1.0]], "fix_com": true, "fix_orientation": true, "provenance": {"creator": "QCElemental", "version": "v0.22.0", "routine": "qcelemental.molparse.from_schema"}, "id": "98688"}, "charge": 0, "optimize_geometry": false, "conformers": [], "conformer_generation_options": {"n_conformer_pool": 4000, "n_max_conformers": 0, "rms_tolerance": 0.05, "energy_window": 15, "keep_original_conformer": true}, "stage_1_unrestrained_charges": null, "stage_1_restrained_charges": null, "stage_2_unrestrained_charges": null, "stage_2_restrained_charges": null, "keep_original_orientation": false, "reorientations": [], "translations": [], "rotations": []}}, {"index": 5, "molecule": {"qcmol": {"schema_name": "qcschema_molecule", "schema_version": 2, "validated": true, "symbols": ["C", "C", "C", "C", "C", "C", "C", "C", "O", "H", "H", "H", "H", "H", "H", "H", "H", "H", "H", "H", "H", "H", "H", "H", "H", "H", "H"], "geometry": [[0.0, 0.0, 0.0], [2.8910020043259825, 2.3792532494291315e-16, -1.1344250830069586e-15], [4.083902896968406, 2.641938088556282, 1.6653345369377348e-16], [3.7517915829472606, 4.231068218591647, 2.4076184198335095], [5.092612755803545, 3.161920554395908, 4.770401681700685], [3.447400904487462, 1.6009932699280744, 6.60195320206548], [2.2237905024757536, 3.114962601784547, 8.752485305918889], [0.2976322227370556, 5.099231761078402, 7.944274556628931], [-0.7591921831514252, 6.361461542721918, 10.025790587714644], [-0.7321838742717297, 1.021713076987682, -1.6234823947956278], [-0.7309448876236329, -1.9151403494992618, -0.08819445375522367], [-0.7756085808922721, 0.8774075736613767, 1.683100221268549], [3.5396544732741475, -0.9912493575575569, -1.678865006333735], [3.584827615057389, -1.0893849573293026, 1.5968401791281033], [3.3173886788888716, 3.700376184689396, -1.5884401559171133], [6.098302475590022, 2.450661428335153, -0.36543054523549956], [4.5128427602714964, 6.095724913330327, 2.0061053978590975], [1.7554756562205678, 4.518383632828407, 2.781880629871879], [5.936782935005891, 4.708395447495993, 5.82705297445938], [6.670339641199334, 2.0044573736175666, 4.146539230911076], [1.9929405371494897, 0.5884179251261926, 5.565118403486819], [4.620665503618915, 0.15886133604726654, 7.473101795610181], [3.679900044405674, 4.0476722692020655, 9.860806907107142], [1.286247583133779, 1.7928283770938265, 10.023565467761003], [1.1779882988557393, 6.555420550781795, 6.813308148568333], [-1.1786013446396963, 4.237695397210061, 6.796037176536312], [-1.6492146564603107, 5.187566436144321, 11.042276956236533]], "name": "C8H18O", "identifiers": {"molecule_hash": "f03bbaec6aacb8e4345f7cb0a53de1853396e3d2", "molecular_formula": "C8H18O"}, "molecular_charge": 0.0, "molecular_multiplicity": 1, "connectivity": [[0, 1, 1.0], [0, 9, 1.0], [0, 10, 1.0], [0, 11, 1.0], [1, 2, 1.0], [1, 12, 1.0], [1, 13, 1.0], [2, 3, 1.0], [2, 14, 1.0], [2, 15, 1.0], [3, 4, 1.0], [3, 16, 1.0], [3, 17, 1.0], [4, 5, 1.0], [4, 18, 1.0], [4, 19, 1.0], [5, 6, 1.0], [5, 20, 1.0], [5, 21, 1.0], [6, 7, 1.0], [6, 22, 1.0], [6, 23, 1.0], [7, 8, 1.0], [7, 24, 1.0], [7, 25, 1.0], [8, 26, 1.0]], "fix_com": true, "fix_orientation": true, "provenance": {"creator": "QCElemental", "version": "v0.22.0", "routine": "qcelemental.molparse.from_schema"}, "id": "98688"}, "charge": 0, "optimize_geometry": false, "conformers": [], "conformer_generation_options": {"n_conformer_pool": 4000, "n_max_conformers": 0, "rms_tolerance": 0.05, "energy_window": 15, "keep_original_conformer": true}, "stage_1_unrestrained_charges": null, "stage_1_restrained_charges": null, "stage_2_unrestrained_charges": null, "stage_2_restrained_charges": null, "keep_original_orientation": false, "reorientations": [], "translations": [], "rotations": []}}, {"index": 6, "molecule": {"qcmol": {"schema_name": "qcschema_molecule", "schema_version": 2, "validated": true, "symbols": ["C", "C", "C", "C", "C", "C", "C", "C", "O", "H", "H", "H", "H", "H", "H", "H", "H", "H", "H", "H", "H", "H", "H", "H", "H", "H", "H"], "geometry": [[0.0, 0.0, 0.0], [2.8910020043259825, 2.3792532494291315e-16, -1.1344250830069586e-15], [4.083902896968406, 2.641938088556282, 1.6653345369377348e-16], [3.7517915829472606, 4.231068218591647, 2.4076184198335095], [5.092612755803545, 3.161920554395908, 4.770401681700685], [3.447400904487462, 1.6009932699280744, 6.60195320206548], [2.2237905024757536, 3.114962601784547, 8.752485305918889], [0.2976322227370556, 5.099231761078402, 7.944274556628931], [-0.7591921831514252, 6.361461542721918, 10.025790587714644], [-0.7321838742717297, 1.021713076987682, -1.6234823947956278], [-0.7309448876236329, -1.9151403494992618, -0.08819445375522367], [-0.7756085808922721, 0.8774075736613767, 1.683100221268549], [3.5396544732741475, -0.9912493575575569, -1.678865006333735], [3.584827615057389, -1.0893849573293026, 1.5968401791281033], [3.3173886788888716, 3.700376184689396, -1.5884401559171133], [6.098302475590022, 2.450661428335153, -0.36543054523549956], [4.5128427602714964, 6.095724913330327, 2.0061053978590975], [1.7554756562205678, 4.518383632828407, 2.781880629871879], [5.936782935005891, 4.708395447495993, 5.82705297445938], [6.670339641199334, 2.0044573736175666, 4.146539230911076], [1.9929405371494897, 0.5884179251261926, 5.565118403486819], [4.620665503618915, 0.15886133604726654, 7.473101795610181], [3.679900044405674, 4.0476722692020655, 9.860806907107142], [1.286247583133779, 1.7928283770938265, 10.023565467761003], [1.1779882988557393, 6.555420550781795, 6.813308148568333], [-1.1786013446396963, 4.237695397210061, 6.796037176536312], [-1.6492146564603107, 5.187566436144321, 11.042276956236533]], "name": "C8H18O", "identifiers": {"molecule_hash": "f03bbaec6aacb8e4345f7cb0a53de1853396e3d2", "molecular_formula": "C8H18O"}, "molecular_charge": 0.0, "molecular_multiplicity": 1, "connectivity": [[0, 1, 1.0], [0, 9, 1.0], [0, 10, 1.0], [0, 11, 1.0], [1, 2, 1.0], [1, 12, 1.0], [1, 13, 1.0], [2, 3, 1.0], [2, 14, 1.0], [2, 15, 1.0], [3, 4, 1.0], [3, 16, 1.0], [3, 17, 1.0], [4, 5, 1.0], [4, 18, 1.0], [4, 19, 1.0], [5, 6, 1.0], [5, 20, 1.0], [5, 21, 1.0], [6, 7, 1.0], [6, 22, 1.0], [6, 23, 1.0], [7, 8, 1.0], [7, 24, 1.0], [7, 25, 1.0], [8, 26, 1.0]], "fix_com": true, "fix_orientation": true, "provenance": {"creator": "QCElemental", "version": "v0.22.0", "routine": "qcelemental.molparse.from_schema"}, "id": "98688"}, "charge": 0, "optimize_geometry": false, "conformers": [], "conformer_generation_options": {"n_conformer_pool": 4000, "n_max_conformers": 0, "rms_tolerance": 0.05, "energy_window": 15, "keep_original_conformer": true}, "stage_1_unrestrained_charges": null, "stage_1_restrained_charges": null, "stage_2_unrestrained_charges": null, "stage_2_restrained_charges": null, "keep_original_orientation": false, "reorientations": [], "translations": [], "rotations": []}}, {"index": 7, "molecule": {"qcmol": {"schema_name": "qcschema_molecule", "schema_version": 2, "validated": true, "symbols": ["C", "C", "C", "C", "C", "C", "C", "C", "O", "H", "H", "H", "H", "H", "H", "H", "H", "H", "H", "H", "H", "H", "H", "H", "H", "H", "H"], "geometry": [[0.0, 0.0, 0.0], [2.8910020043259825, 2.3792532494291315e-16, -1.1344250830069586e-15], [4.083902896968406, 2.641938088556282, 1.6653345369377348e-16], [3.7517915829472606, 4.231068218591647, 2.4076184198335095], [5.092612755803545, 3.161920554395908, 4.770401681700685], [3.447400904487462, 1.6009932699280744, 6.60195320206548], [2.2237905024757536, 3.114962601784547, 8.752485305918889], [0.2976322227370556, 5.099231761078402, 7.944274556628931], [-0.7591921831514252, 6.361461542721918, 10.025790587714644], [-0.7321838742717297, 1.021713076987682, -1.6234823947956278], [-0.7309448876236329, -1.9151403494992618, -0.08819445375522367], [-0.7756085808922721, 0.8774075736613767, 1.683100221268549], [3.5396544732741475, -0.9912493575575569, -1.678865006333735], [3.584827615057389, -1.0893849573293026, 1.5968401791281033], [3.3173886788888716, 3.700376184689396, -1.5884401559171133], [6.098302475590022, 2.450661428335153, -0.36543054523549956], [4.5128427602714964, 6.095724913330327, 2.0061053978590975], [1.7554756562205678, 4.518383632828407, 2.781880629871879], [5.936782935005891, 4.708395447495993, 5.82705297445938], [6.670339641199334, 2.0044573736175666, 4.146539230911076], [1.9929405371494897, 0.5884179251261926, 5.565118403486819], [4.620665503618915, 0.15886133604726654, 7.473101795610181], [3.679900044405674, 4.0476722692020655, 9.860806907107142], [1.286247583133779, 1.7928283770938265, 10.023565467761003], [1.1779882988557393, 6.555420550781795, 6.813308148568333], [-1.1786013446396963, 4.237695397210061, 6.796037176536312], [-1.6492146564603107, 5.187566436144321, 11.042276956236533]], "name": "C8H18O", "identifiers": {"molecule_hash": "f03bbaec6aacb8e4345f7cb0a53de1853396e3d2", "molecular_formula": "C8H18O"}, "molecular_charge": 0.0, "molecular_multiplicity": 1, "connectivity": [[0, 1, 1.0], [0, 9, 1.0], [0, 10, 1.0], [0, 11, 1.0], [1, 2, 1.0], [1, 12, 1.0], [1, 13, 1.0], [2, 3, 1.0], [2, 14, 1.0], [2, 15, 1.0], [3, 4, 1.0], [3, 16, 1.0], [3, 17, 1.0], [4, 5, 1.0], [4, 18, 1.0], [4, 19, 1.0], [5, 6, 1.0], [5, 20, 1.0], [5, 21, 1.0], [6, 7, 1.0], [6, 22, 1.0], [6, 23, 1.0], [7, 8, 1.0], [7, 24, 1.0], [7, 25, 1.0], [8, 26, 1.0]], "fix_com": true, "fix_orientation": true, "provenance": {"creator": "QCElemental", "version": "v0.22.0", "routine": "qcelemental.molparse.from_schema"}, "id": "98688"}, "charge": 0, "optimize_geometry": false, "conformers": [], "conformer_generation_options": {"n_conformer_pool": 4000, "n_max_conformers": 0, "rms_tolerance": 0.05, "energy_window": 15, "keep_original_conformer": true}, "stage_1_unrestrained_charges": null, "stage_1_restrained_charges": null, "stage_2_unrestrained_charges": null, "stage_2_restrained_charges": null, "keep_original_orientation": false, "reorientations": [], "translations": [], "rotations": []}}]}, "surface_constraints": {"matrix": [[2.449823235592216e+18, 2.399878185132131e+18, 2.3198974675553024e+18, 2.2603546348545385e+18, 2.0963388407729764e+18, 1.967356650469688e+18, 1.9548748912100575e+18, 1.9099121772527693e+18, 1.8364477303386545e+18, 2.466869910172952e+18, 2.4644438326488847e+18, 2.446740585689408e+18, 2.3951292673527695e+18, 2.401003322415282e+18, 2.260922922019201e+18, 2.34378210258724e+18, 2.2669013864816814e+18, 2.333986814307516e+18, 2.0579972006971072e+18, 2.0982031957603136e+18, 1.963820916617696e+18, 1.8674225390065137e+18, 1.8569547208316918e+18, 2.0680905479476982e+18, 2.0104291473541844e+18, 1.816551600997226e+18, 1.9196853303029169e+18], [2.399878185132131e+18, 2.47818579612644e+18, 2.423653028950704e+18, 2.330263540549941e+18, 2.183175653848439e+18, 2.089349986094654e+18, 2.1166816053929974e+18, 2.076465891872354e+18, 2.0214531867908293e+18, 2.379900443274837e+18, 2.3803918886446853e+18, 2.366290748074039e+18, 2.5143487976261335e+18, 2.5179280314504e+18, 2.4332823178235126e+18, 2.424100691644636e+18, 2.363506375362186e+18, 2.337006461470855e+18, 2.117008787839761e+18, 2.1921581416158433e+18, 2.0824231060324024e+18, 1.9833116599213632e+18, 2.0211319695946593e+18, 2.2569449552773975e+18, 2.1760261144960604e+18, 1.9673599160589706e+18, 2.1293350147328975e+18], [2.3198974675553024e+18, 2.423653028950704e+18, 2.472273650808596e+18, 2.403036474490391e+18, 2.3174669202937344e+18, 2.2249116345411528e+18, 2.241479511317481e+18, 2.223051254367622e+18, 2.152404239070671e+18, 2.316442449335912e+18, 2.330873068440878e+18, 2.2237543229713748e+18, 2.4327473903811835e+18, 2.428428515436655e+18, 2.502079462904409e+18, 2.5146930266461645e+18, 2.409552987835805e+18, 2.4003284690085724e+18, 2.2614638956207782e+18, 2.359418349763261e+18, 2.205753387229171e+18, 2.141271903055388e+18, 2.1480728781452915e+18, 2.3523444631130194e+18, 2.336805002323529e+18, 2.1316078841718554e+18, 2.2428603952120806e+18], [2.2603546348545385e+18, 2.330263540549941e+18, 2.403036474490391e+18, 2.4502147353523645e+18, 2.3878538507830016e+18, 2.3015495017877903e+18, 2.2541116422529725e+18, 2.1842432521384484e+18, 2.082126829337413e+18, 2.325437118176153e+18, 2.246948680467077e+18, 2.1452587359436818e+18, 2.268713642756064e+18, 2.360408146544346e+18, 2.3951684225969505e+18, 2.41045443797882e+18, 2.4915002929586053e+18, 2.4858515709308877e+18, 2.3911978025189606e+18, 2.382080169859927e+18, 2.3294856862335877e+18, 2.2296894857035428e+18, 2.1778128238778076e+18, 2.3392897000223457e+18, 2.263473265577104e+18, 2.1196585260712233e+18, 2.1422440888227581e+18], [2.0963388407729764e+18, 2.183175653848439e+18, 2.3174669202937344e+18, 2.3878538507830016e+18, 2.433717827668223e+18, 2.3731183271390643e+18, 2.2921012849877117e+18, 2.2465896860079434e+18, 2.119399848557942e+18, 2.1476789989856404e+18, 2.0974098592740782e+18, 1.967679691989572e+18, 2.1221221101823857e+18, 2.1860325957485934e+18, 2.3262480169006305e+18, 2.347055613757812e+18, 2.3897442536552745e+18, 2.3953843227591086e+18, 2.470668801000221e+18, 2.462824648361455e+18, 2.3799949622613724e+18, 2.369551878010356e+18, 2.2316007166631145e+18, 2.3141140822115784e+18, 2.317374588642332e+18, 2.2321153258890698e+18, 2.1420248235681684e+18], [1.967356650469688e+18, 2.089349986094654e+18, 2.2249116345411528e+18, 2.3015495017877903e+18, 2.3731183271390643e+18, 2.4289489092180065e+18, 2.3794841264805857e+18, 2.302237132445219e+18, 2.1937264604440563e+18, 2.00778992399279e+18, 1.942987916648517e+18, 1.8506293476663944e+18, 2.0316361805108946e+18, 2.120516952843424e+18, 2.276883150731361e+18, 2.2078612774353697e+18, 2.3504852157946527e+18, 2.2512090180366766e+18, 2.3773250026036116e+18, 2.365060365391988e+18, 2.471767370347109e+18, 2.4555979651189043e+18, 2.384772404057875e+18, 2.3825041802491986e+18, 2.3095711114552863e+18, 2.311957954144901e+18, 2.2025834817386534e+18], [1.9548748912100575e+18, 2.1166816053929974e+18, 2.241479511317481e+18, 2.2541116422529725e+18, 2.2921012849877117e+18, 2.3794841264805857e+18, 2.4446235538017336e+18, 2.393979413032791e+18, 2.3564528934936673e+18, 1.9664697757041539e+18, 1.922263803864136e+18, 1.8484388855019697e+18, 2.0869454257443098e+18, 2.1611566619323466e+18, 2.3472978273426094e+18, 2.2083343820353065e+18, 2.312690547728834e+18, 2.1655959084388933e+18, 2.2304299649517645e+18, 2.2989660849199741e+18, 2.391689115323114e+18, 2.370105393023863e+18, 2.4846426580207483e+18, 2.4842846208062346e+18, 2.379556418498881e+18, 2.3800732681197537e+18, 2.388156513627548e+18], [1.9099121772527693e+18, 2.076465891872354e+18, 2.223051254367622e+18, 2.1842432521384484e+18, 2.2465896860079434e+18, 2.302237132445219e+18, 2.393979413032791e+18, 2.465292314784355e+18, 2.4552377141323387e+18, 1.8985204789846216e+18, 1.8988578959085955e+18, 1.8020647845681393e+18, 2.0747189406606807e+18, 2.0832364972011372e+18, 2.3494566202467676e+18, 2.2319052926107284e+18, 2.1874517222754388e+18, 2.0908768253706616e+18, 2.1638194656114962e+18, 2.3188330272700826e+18, 2.2417987899835392e+18, 2.316213815849129e+18, 2.3953401763181425e+18, 2.399494504040899e+18, 2.488614377970272e+18, 2.4858242304471905e+18, 2.460094130671538e+18], [1.8364477303386545e+18, 2.0214531867908293e+18, 2.152404239070671e+18, 2.082126829337413e+18, 2.119399848557942e+18, 2.1937264604440563e+18, 2.3564528934936673e+18, 2.4552377141323387e+18, 2.5595683843425746e+18, 1.8108202652262036e+18, 1.8171723170622738e+18, 1.7400374283379151e+18, 2.039767589811365e+18, 2.0357851576202836e+18, 2.313392136364135e+18, 2.1406330725851674e+18, 2.093722803962403e+18, 1.9731875562698568e+18, 2.013359349932428e+18, 2.1776253920105009e+18, 2.1284837727339935e+18, 2.1783104589177334e+18, 2.3766939352477087e+18, 2.3848803955522345e+18, 2.4444372209465155e+18, 2.436983663809246e+18, 2.58770984652257e+18], [2.466869910172952e+18, 2.379900443274837e+18, 2.316442449335912e+18, 2.325437118176153e+18, 2.1476789989856404e+18, 2.00778992399279e+18, 1.9664697757041539e+18, 1.8985204789846216e+18, 1.8108202652262036e+18, 2.5818277378323057e+18, 2.448315269487029e+18, 2.4317289725759693e+18, 2.311513504159953e+18, 2.40206798407191e+18, 2.2332043377149855e+18, 2.3171435849395205e+18, 2.350242906696567e+18, 2.446617036616372e+18, 2.134791629304124e+18, 2.1230294231882289e+18, 2.0235873865724552e+18, 1.9045766470039404e+18, 1.8703781700535693e+18, 2.0739781022900403e+18, 1.9885602812812116e+18, 1.8118613004536136e+18, 1.8838689037066284e+18], [2.4644438326488847e+18, 2.3803918886446853e+18, 2.330873068440878e+18, 2.246948680467077e+18, 2.0974098592740782e+18, 1.942987916648517e+18, 1.922263803864136e+18, 1.8988578959085955e+18, 1.8171723170622738e+18, 2.448315269487029e+18, 2.57998371491044e+18, 2.424717908951096e+18, 2.3883034571253576e+18, 2.3143655897253356e+18, 2.2504625845921167e+18, 2.41789507350661e+18, 2.2040180989009457e+18, 2.3368578520188923e+18, 2.0618769041045914e+18, 2.1276095816210678e+18, 1.920257876842804e+18, 1.8523413757951299e+18, 1.8164514366261555e+18, 2.0175076011556675e+18, 2.0181791074397046e+18, 1.8112952643061476e+18, 1.8913653705711004e+18], [2.446740585689408e+18, 2.366290748074039e+18, 2.2237543229713748e+18, 2.1452587359436818e+18, 1.967679691989572e+18, 1.8506293476663944e+18, 1.8484388855019697e+18, 1.8020647845681393e+18, 1.7400374283379151e+18, 2.4317289725759693e+18, 2.424717908951096e+18, 2.5370730485959654e+18, 2.379055357768478e+18, 2.3808979663545313e+18, 2.1630765070260736e+18, 2.223473535501498e+18, 2.161511409465481e+18, 2.2070715796102172e+18, 1.9212337431520676e+18, 1.9613069948128468e+18, 1.8489155995976366e+18, 1.7491937906981527e+18, 1.755574005539392e+18, 1.9665450053989635e+18, 1.8935226483572457e+18, 1.7070973960404895e+18, 1.8261022384366287e+18], [2.3951292673527695e+18, 2.5143487976261335e+18, 2.4327473903811835e+18, 2.268713642756064e+18, 2.1221221101823857e+18, 2.0316361805108946e+18, 2.0869454257443098e+18, 2.0747189406606807e+18, 2.039767589811365e+18, 2.311513504159953e+18, 2.3883034571253576e+18, 2.379055357768478e+18, 2.643354106678597e+18, 2.517807964412411e+18, 2.4694539172736517e+18, 2.445670438215857e+18, 2.2777790261582653e+18, 2.249082652802089e+18, 2.0343839657784737e+18, 2.1497791707716884e+18, 2.0043573006829315e+18, 1.925723477680448e+18, 1.9853669857979917e+18, 2.232453094622782e+18, 2.1875168918376745e+18, 1.9537147363305377e+18, 2.1647696936608945e+18], [2.401003322415282e+18, 2.5179280314504e+18, 2.428428515436655e+18, 2.360408146544346e+18, 2.1860325957485934e+18, 2.120516952843424e+18, 2.1611566619323466e+18, 2.0832364972011372e+18, 2.0357851576202836e+18, 2.40206798407191e+18, 2.3143655897253356e+18, 2.3808979663545313e+18, 2.517807964412411e+18, 2.656499211135775e+18, 2.4527569934590925e+18, 2.3604732574072883e+18, 2.4584049834059935e+18, 2.343486471679657e+18, 2.1111919777096983e+18, 2.15985339544119e+18, 2.1384003978033759e+18, 1.996850203479455e+18, 2.07465654225142e+18, 2.336068106590226e+18, 2.1562021495089244e+18, 1.9639693903590367e+18, 2.1560996207111355e+18], [2.260922922019201e+18, 2.4332823178235126e+18, 2.502079462904409e+18, 2.3951684225969505e+18, 2.3262480169006305e+18, 2.276883150731361e+18, 2.3472978273426094e+18, 2.3494566202467676e+18, 2.313392136364135e+18, 2.2332043377149855e+18, 2.2504625845921167e+18, 2.1630765070260736e+18, 2.4694539172736517e+18, 2.4527569934590925e+18, 2.607521851470342e+18, 2.515295502485948e+18, 2.414171888427922e+18, 2.3377639141644585e+18, 2.2384826165623424e+18, 2.3747607083955154e+18, 2.2460043606803827e+18, 2.1928545603373007e+18, 2.262603928204284e+18, 2.4780076988873974e+18, 2.457343267991513e+18, 2.2439965581125207e+18, 2.4307703961259745e+18], [2.34378210258724e+18, 2.424100691644636e+18, 2.5146930266461645e+18, 2.41045443797882e+18, 2.347055613757812e+18, 2.2078612774353697e+18, 2.2083343820353065e+18, 2.2319052926107284e+18, 2.1406330725851674e+18, 2.3171435849395205e+18, 2.41789507350661e+18, 2.223473535501498e+18, 2.445670438215857e+18, 2.3604732574072883e+18, 2.515295502485948e+18, 2.653289384280332e+18, 2.349851524718733e+18, 2.423561366625748e+18, 2.2894067314469146e+18, 2.446867161856528e+18, 2.1544075568230533e+18, 2.136985584545704e+18, 2.0952295101973793e+18, 2.2882963306445665e+18, 2.390748272945475e+18, 2.1489703027223324e+18, 2.2134606719050798e+18], [2.2669013864816814e+18, 2.363506375362186e+18, 2.409552987835805e+18, 2.4915002929586053e+18, 2.3897442536552745e+18, 2.3504852157946527e+18, 2.312690547728834e+18, 2.1874517222754388e+18, 2.093722803962403e+18, 2.350242906696567e+18, 2.2040180989009457e+18, 2.161511409465481e+18, 2.2777790261582653e+18, 2.4584049834059935e+18, 2.414171888427922e+18, 2.349851524718733e+18, 2.6283659077410156e+18, 2.495607328565406e+18, 2.3763661282779556e+18, 2.327355269028381e+18, 2.4335628341282483e+18, 2.2470292282603535e+18, 2.252182954913431e+18, 2.4348835684351247e+18, 2.234239224419642e+18, 2.1072448501663688e+18, 2.1660134061602762e+18], [2.333986814307516e+18, 2.337006461470855e+18, 2.4003284690085724e+18, 2.4858515709308877e+18, 2.3953843227591086e+18, 2.2512090180366766e+18, 2.1655959084388933e+18, 2.0908768253706616e+18, 1.9731875562698568e+18, 2.446617036616372e+18, 2.3368578520188923e+18, 2.2070715796102172e+18, 2.249082652802089e+18, 2.343486471679657e+18, 2.3377639141644585e+18, 2.423561366625748e+18, 2.495607328565406e+18, 2.606593996006711e+18, 2.4373589175525366e+18, 2.376238410088549e+18, 2.277661789680532e+18, 2.1723872267439478e+18, 2.073403447669153e+18, 2.2406157769284344e+18, 2.1802564168681193e+18, 2.0265874711593638e+18, 2.0259553812561864e+18], [2.0579972006971072e+18, 2.117008787839761e+18, 2.2614638956207782e+18, 2.3911978025189606e+18, 2.470668801000221e+18, 2.3773250026036116e+18, 2.2304299649517645e+18, 2.1638194656114962e+18, 2.013359349932428e+18, 2.134791629304124e+18, 2.0618769041045914e+18, 1.9212337431520676e+18, 2.0343839657784737e+18, 2.1111919777096983e+18, 2.2384826165623424e+18, 2.2894067314469146e+18, 2.3763661282779556e+18, 2.4373589175525366e+18, 2.59216627185027e+18, 2.4703411098794706e+18, 2.397504540511195e+18, 2.3911579630423644e+18, 2.16