{"resp_b": 0.1, "restrained_fit": true, "exclude_hydrogens": true, "convergence_tolerance": 1e-06, "max_iter": 500, "resp_a": 0.0005, "charge_constraints": {"charge_sum_constraints": [], "charge_equivalence_constraints": [], "molecules": [{"qcmol": {"schema_name": "qcschema_molecule", "schema_version": 2, "validated": true, "symbols": ["C", "C", "C", "C", "C", "C", "C", "C", "O", "H", "H", "H", "H", "H", "H", "H", "H", "H", "H", "H", "H", "H", "H", "H", "H", "H", "H"], "geometry": [[0.0, 0.0, 0.0], [2.8910020043259825, 2.3792532494291315e-16, -1.1344250830069586e-15], [4.083902896968406, 2.641938088556282, 1.6653345369377348e-16], [3.7517915829472606, 4.231068218591647, 2.4076184198335095], [5.092612755803545, 3.161920554395908, 4.770401681700685], [3.447400904487462, 1.6009932699280744, 6.60195320206548], [2.2237905024757536, 3.114962601784547, 8.752485305918889], [0.2976322227370556, 5.099231761078402, 7.944274556628931], [-0.7591921831514252, 6.361461542721918, 10.025790587714644], [-0.7321838742717297, 1.021713076987682, -1.6234823947956278], [-0.7309448876236329, -1.9151403494992618, -0.08819445375522367], [-0.7756085808922721, 0.8774075736613767, 1.683100221268549], [3.5396544732741475, -0.9912493575575569, -1.678865006333735], [3.584827615057389, -1.0893849573293026, 1.5968401791281033], [3.3173886788888716, 3.700376184689396, -1.5884401559171133], [6.098302475590022, 2.450661428335153, -0.36543054523549956], [4.5128427602714964, 6.095724913330327, 2.0061053978590975], [1.7554756562205678, 4.518383632828407, 2.781880629871879], [5.936782935005891, 4.708395447495993, 5.82705297445938], [6.670339641199334, 2.0044573736175666, 4.146539230911076], [1.9929405371494897, 0.5884179251261926, 5.565118403486819], [4.620665503618915, 0.15886133604726654, 7.473101795610181], [3.679900044405674, 4.0476722692020655, 9.860806907107142], [1.286247583133779, 1.7928283770938265, 10.023565467761003], [1.1779882988557393, 6.555420550781795, 6.813308148568333], [-1.1786013446396963, 4.237695397210061, 6.796037176536312], [-1.6492146564603107, 5.187566436144321, 11.042276956236533]], "name": "C8H18O", "identifiers": {"molecule_hash": "f03bbaec6aacb8e4345f7cb0a53de1853396e3d2", "molecular_formula": "C8H18O"}, "molecular_charge": 0.0, "molecular_multiplicity": 1, "connectivity": [[0, 1, 1.0], [0, 9, 1.0], [0, 10, 1.0], [0, 11, 1.0], [1, 2, 1.0], [1, 12, 1.0], [1, 13, 1.0], [2, 3, 1.0], [2, 14, 1.0], [2, 15, 1.0], [3, 4, 1.0], [3, 16, 1.0], [3, 17, 1.0], [4, 5, 1.0], [4, 18, 1.0], [4, 19, 1.0], [5, 6, 1.0], [5, 20, 1.0], [5, 21, 1.0], [6, 7, 1.0], [6, 22, 1.0], [6, 23, 1.0], [7, 8, 1.0], [7, 24, 1.0], [7, 25, 1.0], [8, 26, 1.0]], "fix_com": true, "fix_orientation": true, "provenance": {"creator": "QCElemental", "version": "v0.22.0", "routine": "qcelemental.molparse.from_schema"}, "id": "98688"}, "charge": 0, "optimize_geometry": false, "conformers": [], "conformer_generation_options": {"n_conformer_pool": 4000, "n_max_conformers": 0, "rms_tolerance": 0.05, "energy_window": 15, "keep_original_conformer": true}, "stage_1_unrestrained_charges": null, "stage_1_restrained_charges": null, "stage_2_unrestrained_charges": null, "stage_2_restrained_charges": null, "keep_original_orientation": false, "reorientations": [], "translations": [], "rotations": []}], "unconstrained_atoms": [{"index": 0, "molecule": {"qcmol": {"schema_name": "qcschema_molecule", "schema_version": 2, "validated": true, "symbols": ["C", "C", "C", "C", "C", "C", "C", "C", "O", "H", "H", "H", "H", "H", "H", "H", "H", "H", "H", "H", "H", "H", "H", "H", "H", "H", "H"], "geometry": [[0.0, 0.0, 0.0], [2.8910020043259825, 2.3792532494291315e-16, -1.1344250830069586e-15], [4.083902896968406, 2.641938088556282, 1.6653345369377348e-16], [3.7517915829472606, 4.231068218591647, 2.4076184198335095], [5.092612755803545, 3.161920554395908, 4.770401681700685], [3.447400904487462, 1.6009932699280744, 6.60195320206548], [2.2237905024757536, 3.114962601784547, 8.752485305918889], [0.2976322227370556, 5.099231761078402, 7.944274556628931], [-0.7591921831514252, 6.361461542721918, 10.025790587714644], [-0.7321838742717297, 1.021713076987682, -1.6234823947956278], [-0.7309448876236329, -1.9151403494992618, -0.08819445375522367], [-0.7756085808922721, 0.8774075736613767, 1.683100221268549], [3.5396544732741475, -0.9912493575575569, -1.678865006333735], [3.584827615057389, -1.0893849573293026, 1.5968401791281033], [3.3173886788888716, 3.700376184689396, -1.5884401559171133], [6.098302475590022, 2.450661428335153, -0.36543054523549956], [4.5128427602714964, 6.095724913330327, 2.0061053978590975], [1.7554756562205678, 4.518383632828407, 2.781880629871879], [5.936782935005891, 4.708395447495993, 5.82705297445938], [6.670339641199334, 2.0044573736175666, 4.146539230911076], [1.9929405371494897, 0.5884179251261926, 5.565118403486819], [4.620665503618915, 0.15886133604726654, 7.473101795610181], [3.679900044405674, 4.0476722692020655, 9.860806907107142], [1.286247583133779, 1.7928283770938265, 10.023565467761003], [1.1779882988557393, 6.555420550781795, 6.813308148568333], [-1.1786013446396963, 4.237695397210061, 6.796037176536312], [-1.6492146564603107, 5.187566436144321, 11.042276956236533]], "name": "C8H18O", "identifiers": {"molecule_hash": "f03bbaec6aacb8e4345f7cb0a53de1853396e3d2", "molecular_formula": "C8H18O"}, "molecular_charge": 0.0, "molecular_multiplicity": 1, "connectivity": [[0, 1, 1.0], [0, 9, 1.0], [0, 10, 1.0], [0, 11, 1.0], [1, 2, 1.0], [1, 12, 1.0], [1, 13, 1.0], [2, 3, 1.0], [2, 14, 1.0], [2, 15, 1.0], [3, 4, 1.0], [3, 16, 1.0], [3, 17, 1.0], [4, 5, 1.0], [4, 18, 1.0], [4, 19, 1.0], [5, 6, 1.0], [5, 20, 1.0], [5, 21, 1.0], [6, 7, 1.0], [6, 22, 1.0], [6, 23, 1.0], [7, 8, 1.0], [7, 24, 1.0], [7, 25, 1.0], [8, 26, 1.0]], "fix_com": true, "fix_orientation": true, "provenance": {"creator": "QCElemental", "version": "v0.22.0", "routine": "qcelemental.molparse.from_schema"}, "id": "98688"}, "charge": 0, "optimize_geometry": false, "conformers": [], "conformer_generation_options": {"n_conformer_pool": 4000, "n_max_conformers": 0, "rms_tolerance": 0.05, "energy_window": 15, "keep_original_conformer": true}, "stage_1_unrestrained_charges": null, "stage_1_restrained_charges": null, "stage_2_unrestrained_charges": null, "stage_2_restrained_charges": null, "keep_original_orientation": false, "reorientations": [], "translations": [], "rotations": []}}, {"index": 1, "molecule": {"qcmol": {"schema_name": "qcschema_molecule", "schema_version": 2, "validated": true, "symbols": ["C", "C", "C", "C", "C", "C", "C", "C", "O", "H", "H", "H", "H", "H", "H", "H", "H", "H", "H", "H", "H", "H", "H", "H", "H", "H", "H"], "geometry": [[0.0, 0.0, 0.0], [2.8910020043259825, 2.3792532494291315e-16, -1.1344250830069586e-15], [4.083902896968406, 2.641938088556282, 1.6653345369377348e-16], [3.7517915829472606, 4.231068218591647, 2.4076184198335095], [5.092612755803545, 3.161920554395908, 4.770401681700685], [3.447400904487462, 1.6009932699280744, 6.60195320206548], [2.2237905024757536, 3.114962601784547, 8.752485305918889], [0.2976322227370556, 5.099231761078402, 7.944274556628931], [-0.7591921831514252, 6.361461542721918, 10.025790587714644], [-0.7321838742717297, 1.021713076987682, -1.6234823947956278], [-0.7309448876236329, -1.9151403494992618, -0.08819445375522367], [-0.7756085808922721, 0.8774075736613767, 1.683100221268549], [3.5396544732741475, -0.9912493575575569, -1.678865006333735], [3.584827615057389, -1.0893849573293026, 1.5968401791281033], [3.3173886788888716, 3.700376184689396, -1.5884401559171133], [6.098302475590022, 2.450661428335153, -0.36543054523549956], [4.5128427602714964, 6.095724913330327, 2.0061053978590975], [1.7554756562205678, 4.518383632828407, 2.781880629871879], [5.936782935005891, 4.708395447495993, 5.82705297445938], [6.670339641199334, 2.0044573736175666, 4.146539230911076], [1.9929405371494897, 0.5884179251261926, 5.565118403486819], [4.620665503618915, 0.15886133604726654, 7.473101795610181], [3.679900044405674, 4.0476722692020655, 9.860806907107142], [1.286247583133779, 1.7928283770938265, 10.023565467761003], [1.1779882988557393, 6.555420550781795, 6.813308148568333], [-1.1786013446396963, 4.237695397210061, 6.796037176536312], [-1.6492146564603107, 5.187566436144321, 11.042276956236533]], "name": "C8H18O", "identifiers": {"molecule_hash": "f03bbaec6aacb8e4345f7cb0a53de1853396e3d2", "molecular_formula": "C8H18O"}, "molecular_charge": 0.0, "molecular_multiplicity": 1, "connectivity": [[0, 1, 1.0], [0, 9, 1.0], [0, 10, 1.0], [0, 11, 1.0], [1, 2, 1.0], [1, 12, 1.0], [1, 13, 1.0], [2, 3, 1.0], [2, 14, 1.0], [2, 15, 1.0], [3, 4, 1.0], [3, 16, 1.0], [3, 17, 1.0], [4, 5, 1.0], [4, 18, 1.0], [4, 19, 1.0], [5, 6, 1.0], [5, 20, 1.0], [5, 21, 1.0], [6, 7, 1.0], [6, 22, 1.0], [6, 23, 1.0], [7, 8, 1.0], [7, 24, 1.0], [7, 25, 1.0], [8, 26, 1.0]], "fix_com": true, "fix_orientation": true, "provenance": {"creator": "QCElemental", "version": "v0.22.0", "routine": "qcelemental.molparse.from_schema"}, "id": "98688"}, "charge": 0, "optimize_geometry": false, "conformers": [], "conformer_generation_options": {"n_conformer_pool": 4000, "n_max_conformers": 0, "rms_tolerance": 0.05, "energy_window": 15, "keep_original_conformer": true}, "stage_1_unrestrained_charges": null, "stage_1_restrained_charges": null, "stage_2_unrestrained_charges": null, "stage_2_restrained_charges": null, "keep_original_orientation": false, "reorientations": [], "translations": [], "rotations": []}}, {"index": 2, "molecule": {"qcmol": {"schema_name": "qcschema_molecule", "schema_version": 2, "validated": true, "symbols": ["C", "C", "C", "C", "C", "C", "C", "C", "O", "H", "H", "H", "H", "H", "H", "H", "H", "H", "H", "H", "H", "H", "H", "H", "H", "H", "H"], "geometry": [[0.0, 0.0, 0.0], [2.8910020043259825, 2.3792532494291315e-16, -1.1344250830069586e-15], [4.083902896968406, 2.641938088556282, 1.6653345369377348e-16], [3.7517915829472606, 4.231068218591647, 2.4076184198335095], [5.092612755803545, 3.161920554395908, 4.770401681700685], [3.447400904487462, 1.6009932699280744, 6.60195320206548], [2.2237905024757536, 3.114962601784547, 8.752485305918889], [0.2976322227370556, 5.099231761078402, 7.944274556628931], [-0.7591921831514252, 6.361461542721918, 10.025790587714644], [-0.7321838742717297, 1.021713076987682, -1.6234823947956278], [-0.7309448876236329, -1.9151403494992618, -0.08819445375522367], [-0.7756085808922721, 0.8774075736613767, 1.683100221268549], [3.5396544732741475, -0.9912493575575569, -1.678865006333735], [3.584827615057389, -1.0893849573293026, 1.5968401791281033], [3.3173886788888716, 3.700376184689396, -1.5884401559171133], [6.098302475590022, 2.450661428335153, -0.36543054523549956], [4.5128427602714964, 6.095724913330327, 2.0061053978590975], [1.7554756562205678, 4.518383632828407, 2.781880629871879], [5.936782935005891, 4.708395447495993, 5.82705297445938], [6.670339641199334, 2.0044573736175666, 4.146539230911076], [1.9929405371494897, 0.5884179251261926, 5.565118403486819], [4.620665503618915, 0.15886133604726654, 7.473101795610181], [3.679900044405674, 4.0476722692020655, 9.860806907107142], [1.286247583133779, 1.7928283770938265, 10.023565467761003], [1.1779882988557393, 6.555420550781795, 6.813308148568333], [-1.1786013446396963, 4.237695397210061, 6.796037176536312], [-1.6492146564603107, 5.187566436144321, 11.042276956236533]], "name": "C8H18O", "identifiers": {"molecule_hash": "f03bbaec6aacb8e4345f7cb0a53de1853396e3d2", "molecular_formula": "C8H18O"}, "molecular_charge": 0.0, "molecular_multiplicity": 1, "connectivity": [[0, 1, 1.0], [0, 9, 1.0], [0, 10, 1.0], [0, 11, 1.0], [1, 2, 1.0], [1, 12, 1.0], [1, 13, 1.0], [2, 3, 1.0], [2, 14, 1.0], [2, 15, 1.0], [3, 4, 1.0], [3, 16, 1.0], [3, 17, 1.0], [4, 5, 1.0], [4, 18, 1.0], [4, 19, 1.0], [5, 6, 1.0], [5, 20, 1.0], [5, 21, 1.0], [6, 7, 1.0], [6, 22, 1.0], [6, 23, 1.0], [7, 8, 1.0], [7, 24, 1.0], [7, 25, 1.0], [8, 26, 1.0]], "fix_com": true, "fix_orientation": true, "provenance": {"creator": "QCElemental", "version": "v0.22.0", "routine": "qcelemental.molparse.from_schema"}, "id": "98688"}, "charge": 0, "optimize_geometry": false, "conformers": [], "conformer_generation_options": {"n_conformer_pool": 4000, "n_max_conformers": 0, "rms_tolerance": 0.05, "energy_window": 15, "keep_original_conformer": true}, "stage_1_unrestrained_charges": null, "stage_1_restrained_charges": null, "stage_2_unrestrained_charges": null, "stage_2_restrained_charges": null, "keep_original_orientation": false, "reorientations": [], "translations": [], "rotations": []}}, {"index": 3, "molecule": {"qcmol": {"schema_name": "qcschema_molecule", "schema_version": 2, "validated": true, "symbols": ["C", "C", "C", "C", "C", "C", "C", "C", "O", "H", "H", "H", "H", "H", "H", "H", "H", "H", "H", "H", "H", "H", "H", "H", "H", "H", "H"], "geometry": [[0.0, 0.0, 0.0], [2.8910020043259825, 2.3792532494291315e-16, -1.1344250830069586e-15], [4.083902896968406, 2.641938088556282, 1.6653345369377348e-16], [3.7517915829472606, 4.231068218591647, 2.4076184198335095], [5.092612755803545, 3.161920554395908, 4.770401681700685], [3.447400904487462, 1.6009932699280744, 6.60195320206548], [2.2237905024757536, 3.114962601784547, 8.752485305918889], [0.2976322227370556, 5.099231761078402, 7.944274556628931], [-0.7591921831514252, 6.361461542721918, 10.025790587714644], [-0.7321838742717297, 1.021713076987682, -1.6234823947956278], [-0.7309448876236329, -1.9151403494992618, -0.08819445375522367], [-0.7756085808922721, 0.8774075736613767, 1.683100221268549], [3.5396544732741475, -0.9912493575575569, -1.678865006333735], [3.584827615057389, -1.0893849573293026, 1.5968401791281033], [3.3173886788888716, 3.700376184689396, -1.5884401559171133], [6.098302475590022, 2.450661428335153, -0.36543054523549956], [4.5128427602714964, 6.095724913330327, 2.0061053978590975], [1.7554756562205678, 4.518383632828407, 2.781880629871879], [5.936782935005891, 4.708395447495993, 5.82705297445938], [6.670339641199334, 2.0044573736175666, 4.146539230911076], [1.9929405371494897, 0.5884179251261926, 5.565118403486819], [4.620665503618915, 0.15886133604726654, 7.473101795610181], [3.679900044405674, 4.0476722692020655, 9.860806907107142], [1.286247583133779, 1.7928283770938265, 10.023565467761003], [1.1779882988557393, 6.555420550781795, 6.813308148568333], [-1.1786013446396963, 4.237695397210061, 6.796037176536312], [-1.6492146564603107, 5.187566436144321, 11.042276956236533]], "name": "C8H18O", "identifiers": {"molecule_hash": "f03bbaec6aacb8e4345f7cb0a53de1853396e3d2", "molecular_formula": "C8H18O"}, "molecular_charge": 0.0, "molecular_multiplicity": 1, "connectivity": [[0, 1, 1.0], [0, 9, 1.0], [0, 10, 1.0], [0, 11, 1.0], [1, 2, 1.0], [1, 12, 1.0], [1, 13, 1.0], [2, 3, 1.0], [2, 14, 1.0], [2, 15, 1.0], [3, 4, 1.0], [3, 16, 1.0], [3, 17, 1.0], [4, 5, 1.0], [4, 18, 1.0], [4, 19, 1.0], [5, 6, 1.0], [5, 20, 1.0], [5, 21, 1.0], [6, 7, 1.0], [6, 22, 1.0], [6, 23, 1.0], [7, 8, 1.0], [7, 24, 1.0], [7, 25, 1.0], [8, 26, 1.0]], "fix_com": true, "fix_orientation": true, "provenance": {"creator": "QCElemental", "version": "v0.22.0", "routine": "qcelemental.molparse.from_schema"}, "id": "98688"}, "charge": 0, "optimize_geometry": false, "conformers": [], "conformer_generation_options": {"n_conformer_pool": 4000, "n_max_conformers": 0, "rms_tolerance": 0.05, "energy_window": 15, "keep_original_conformer": true}, "stage_1_unrestrained_charges": null, "stage_1_restrained_charges": null, "stage_2_unrestrained_charges": null, "stage_2_restrained_charges": null, "keep_original_orientation": false, "reorientations": [], "translations": [], "rotations": []}}, {"index": 4, "molecule": {"qcmol": {"schema_name": "qcschema_molecule", "schema_version": 2, "validated": true, "symbols": ["C", "C", "C", "C", "C", "C", "C", "C", "O", "H", "H", "H", "H", "H", "H", "H", "H", "H", "H", "H", "H", "H", "H", "H", "H", "H", "H"], "geometry": [[0.0, 0.0, 0.0], [2.8910020043259825, 2.3792532494291315e-16, -1.1344250830069586e-15], [4.083902896968406, 2.641938088556282, 1.6653345369377348e-16], [3.7517915829472606, 4.231068218591647, 2.4076184198335095], [5.092612755803545, 3.161920554395908, 4.770401681700685], [3.447400904487462, 1.6009932699280744, 6.60195320206548], [2.2237905024757536, 3.114962601784547, 8.752485305918889], [0.2976322227370556, 5.099231761078402, 7.944274556628931], [-0.7591921831514252, 6.361461542721918, 10.025790587714644], [-0.7321838742717297, 1.021713076987682, -1.6234823947956278], [-0.7309448876236329, -1.9151403494992618, -0.08819445375522367], [-0.7756085808922721, 0.8774075736613767, 1.683100221268549], [3.5396544732741475, -0.9912493575575569, -1.678865006333735], [3.584827615057389, -1.0893849573293026, 1.5968401791281033], [3.3173886788888716, 3.700376184689396, -1.5884401559171133], [6.098302475590022, 2.450661428335153, -0.36543054523549956], [4.5128427602714964, 6.095724913330327, 2.0061053978590975], [1.7554756562205678, 4.518383632828407, 2.781880629871879], [5.936782935005891, 4.708395447495993, 5.82705297445938], [6.670339641199334, 2.0044573736175666, 4.146539230911076], [1.9929405371494897, 0.5884179251261926, 5.565118403486819], [4.620665503618915, 0.15886133604726654, 7.473101795610181], [3.679900044405674, 4.0476722692020655, 9.860806907107142], [1.286247583133779, 1.7928283770938265, 10.023565467761003], [1.1779882988557393, 6.555420550781795, 6.813308148568333], [-1.1786013446396963, 4.237695397210061, 6.796037176536312], [-1.6492146564603107, 5.187566436144321, 11.042276956236533]], "name": "C8H18O", "identifiers": {"molecule_hash": "f03bbaec6aacb8e4345f7cb0a53de1853396e3d2", "molecular_formula": "C8H18O"}, "molecular_charge": 0.0, "molecular_multiplicity": 1, "connectivity": [[0, 1, 1.0], [0, 9, 1.0], [0, 10, 1.0], [0, 11, 1.0], [1, 2, 1.0], [1, 12, 1.0], [1, 13, 1.0], [2, 3, 1.0], [2, 14, 1.0], [2, 15, 1.0], [3, 4, 1.0], [3, 16, 1.0], [3, 17, 1.0], [4, 5, 1.0], [4, 18, 1.0], [4, 19, 1.0], [5, 6, 1.0], [5, 20, 1.0], [5, 21, 1.0], [6, 7, 1.0], [6, 22, 1.0], [6, 23, 1.0], [7, 8, 1.0], [7, 24, 1.0], [7, 25, 1.0], [8, 26, 1.0]], "fix_com": true, "fix_orientation": true, "provenance": {"creator": "QCElemental", "version": "v0.22.0", "routine": "qcelemental.molparse.from_schema"}, "id": "98688"}, "charge": 0, "optimize_geometry": false, "conformers": [], "conformer_generation_options": {"n_conformer_pool": 4000, "n_max_conformers": 0, "rms_tolerance": 0.05, "energy_window": 15, "keep_original_conformer": true}, "stage_1_unrestrained_charges": null, "stage_1_restrained_charges": null, "stage_2_unrestrained_charges": null, "stage_2_restrained_charges": null, "keep_original_orientation": false, "reorientations": [], "translations": [], "rotations": []}}, {"index": 5, "molecule": {"qcmol": {"schema_name": "qcschema_molecule", "schema_version": 2, "validated": true, "symbols": ["C", "C", "C", "C", "C", "C", "C", "C", "O", "H", "H", "H", "H", "H", "H", "H", "H", "H", "H", "H", "H", "H", "H", "H", "H", "H", "H"], "geometry": [[0.0, 0.0, 0.0], [2.8910020043259825, 2.3792532494291315e-16, -1.1344250830069586e-15], [4.083902896968406, 2.641938088556282, 1.6653345369377348e-16], [3.7517915829472606, 4.231068218591647, 2.4076184198335095], [5.092612755803545, 3.161920554395908, 4.770401681700685], [3.447400904487462, 1.6009932699280744, 6.60195320206548], [2.2237905024757536, 3.114962601784547, 8.752485305918889], [0.2976322227370556, 5.099231761078402, 7.944274556628931], [-0.7591921831514252, 6.361461542721918, 10.025790587714644], [-0.7321838742717297, 1.021713076987682, -1.6234823947956278], [-0.7309448876236329, -1.9151403494992618, -0.08819445375522367], [-0.7756085808922721, 0.8774075736613767, 1.683100221268549], [3.5396544732741475, -0.9912493575575569, -1.678865006333735], [3.584827615057389, -1.0893849573293026, 1.5968401791281033], [3.3173886788888716, 3.700376184689396, -1.5884401559171133], [6.098302475590022, 2.450661428335153, -0.36543054523549956], [4.5128427602714964, 6.095724913330327, 2.0061053978590975], [1.7554756562205678, 4.518383632828407, 2.781880629871879], [5.936782935005891, 4.708395447495993, 5.82705297445938], [6.670339641199334, 2.0044573736175666, 4.146539230911076], [1.9929405371494897, 0.5884179251261926, 5.565118403486819], [4.620665503618915, 0.15886133604726654, 7.473101795610181], [3.679900044405674, 4.0476722692020655, 9.860806907107142], [1.286247583133779, 1.7928283770938265, 10.023565467761003], [1.1779882988557393, 6.555420550781795, 6.813308148568333], [-1.1786013446396963, 4.237695397210061, 6.796037176536312], [-1.6492146564603107, 5.187566436144321, 11.042276956236533]], "name": "C8H18O", "identifiers": {"molecule_hash": "f03bbaec6aacb8e4345f7cb0a53de1853396e3d2", "molecular_formula": "C8H18O"}, "molecular_charge": 0.0, "molecular_multiplicity": 1, "connectivity": [[0, 1, 1.0], [0, 9, 1.0], [0, 10, 1.0], [0, 11, 1.0], [1, 2, 1.0], [1, 12, 1.0], [1, 13, 1.0], [2, 3, 1.0], [2, 14, 1.0], [2, 15, 1.0], [3, 4, 1.0], [3, 16, 1.0], [3, 17, 1.0], [4, 5, 1.0], [4, 18, 1.0], [4, 19, 1.0], [5, 6, 1.0], [5, 20, 1.0], [5, 21, 1.0], [6, 7, 1.0], [6, 22, 1.0], [6, 23, 1.0], [7, 8, 1.0], [7, 24, 1.0], [7, 25, 1.0], [8, 26, 1.0]], "fix_com": true, "fix_orientation": true, "provenance": {"creator": "QCElemental", "version": "v0.22.0", "routine": "qcelemental.molparse.from_schema"}, "id": "98688"}, "charge": 0, "optimize_geometry": false, "conformers": [], "conformer_generation_options": {"n_conformer_pool": 4000, "n_max_conformers": 0, "rms_tolerance": 0.05, "energy_window": 15, "keep_original_conformer": true}, "stage_1_unrestrained_charges": null, "stage_1_restrained_charges": null, "stage_2_unrestrained_charges": null, "stage_2_restrained_charges": null, "keep_original_orientation": false, "reorientations": [], "translations": [], "rotations": []}}, {"index": 6, "molecule": {"qcmol": {"schema_name": "qcschema_molecule", "schema_version": 2, "validated": true, "symbols": ["C", "C", "C", "C", "C", "C", "C", "C", "O", "H", "H", "H", "H", "H", "H", "H", "H", "H", "H", "H", "H", "H", "H", "H", "H", "H", "H"], "geometry": [[0.0, 0.0, 0.0], [2.8910020043259825, 2.3792532494291315e-16, -1.1344250830069586e-15], [4.083902896968406, 2.641938088556282, 1.6653345369377348e-16], [3.7517915829472606, 4.231068218591647, 2.4076184198335095], [5.092612755803545, 3.161920554395908, 4.770401681700685], [3.447400904487462, 1.6009932699280744, 6.60195320206548], [2.2237905024757536, 3.114962601784547, 8.752485305918889], [0.2976322227370556, 5.099231761078402, 7.944274556628931], [-0.7591921831514252, 6.361461542721918, 10.025790587714644], [-0.7321838742717297, 1.021713076987682, -1.6234823947956278], [-0.7309448876236329, -1.9151403494992618, -0.08819445375522367], [-0.7756085808922721, 0.8774075736613767, 1.683100221268549], [3.5396544732741475, -0.9912493575575569, -1.678865006333735], [3.584827615057389, -1.0893849573293026, 1.5968401791281033], [3.3173886788888716, 3.700376184689396, -1.5884401559171133], [6.098302475590022, 2.450661428335153, -0.36543054523549956], [4.5128427602714964, 6.095724913330327, 2.0061053978590975], [1.7554756562205678, 4.518383632828407, 2.781880629871879], [5.936782935005891, 4.708395447495993, 5.82705297445938], [6.670339641199334, 2.0044573736175666, 4.146539230911076], [1.9929405371494897, 0.5884179251261926, 5.565118403486819], [4.620665503618915, 0.15886133604726654, 7.473101795610181], [3.679900044405674, 4.0476722692020655, 9.860806907107142], [1.286247583133779, 1.7928283770938265, 10.023565467761003], [1.1779882988557393, 6.555420550781795, 6.813308148568333], [-1.1786013446396963, 4.237695397210061, 6.796037176536312], [-1.6492146564603107, 5.187566436144321, 11.042276956236533]], "name": "C8H18O", "identifiers": {"molecule_hash": "f03bbaec6aacb8e4345f7cb0a53de1853396e3d2", "molecular_formula": "C8H18O"}, "molecular_charge": 0.0, "molecular_multiplicity": 1, "connectivity": [[0, 1, 1.0], [0, 9, 1.0], [0, 10, 1.0], [0, 11, 1.0], [1, 2, 1.0], [1, 12, 1.0], [1, 13, 1.0], [2, 3, 1.0], [2, 14, 1.0], [2, 15, 1.0], [3, 4, 1.0], [3, 16, 1.0], [3, 17, 1.0], [4, 5, 1.0], [4, 18, 1.0], [4, 19, 1.0], [5, 6, 1.0], [5, 20, 1.0], [5, 21, 1.0], [6, 7, 1.0], [6, 22, 1.0], [6, 23, 1.0], [7, 8, 1.0], [7, 24, 1.0], [7, 25, 1.0], [8, 26, 1.0]], "fix_com": true, "fix_orientation": true, "provenance": {"creator": "QCElemental", "version": "v0.22.0", "routine": "qcelemental.molparse.from_schema"}, "id": "98688"}, "charge": 0, "optimize_geometry": false, "conformers": [], "conformer_generation_options": {"n_conformer_pool": 4000, "n_max_conformers": 0, "rms_tolerance": 0.05, "energy_window": 15, "keep_original_conformer": true}, "stage_1_unrestrained_charges": null, "stage_1_restrained_charges": null, "stage_2_unrestrained_charges": null, "stage_2_restrained_charges": null, "keep_original_orientation": false, "reorientations": [], "translations": [], "rotations": []}}, {"index": 7, "molecule": {"qcmol": {"schema_name": "qcschema_molecule", "schema_version": 2, "validated": true, "symbols": ["C", "C", "C", "C", "C", "C", "C", "C", "O", "H", "H", "H", "H", "H", "H", "H", "H", "H", "H", "H", "H", "H", "H", "H", "H", "H", "H"], "geometry": [[0.0, 0.0, 0.0], [2.8910020043259825, 2.3792532494291315e-16, -1.1344250830069586e-15], [4.083902896968406, 2.641938088556282, 1.6653345369377348e-16], [3.7517915829472606, 4.231068218591647, 2.4076184198335095], [5.092612755803545, 3.161920554395908, 4.770401681700685], [3.447400904487462, 1.6009932699280744, 6.60195320206548], [2.2237905024757536, 3.114962601784547, 8.752485305918889], [0.2976322227370556, 5.099231761078402, 7.944274556628931], [-0.7591921831514252, 6.361461542721918, 10.025790587714644], [-0.7321838742717297, 1.021713076987682, -1.6234823947956278], [-0.7309448876236329, -1.9151403494992618, -0.08819445375522367], [-0.7756085808922721, 0.8774075736613767, 1.683100221268549], [3.5396544732741475, -0.9912493575575569, -1.678865006333735], [3.584827615057389, -1.0893849573293026, 1.5968401791281033], [3.3173886788888716, 3.700376184689396, -1.5884401559171133], [6.098302475590022, 2.450661428335153, -0.36543054523549956], [4.5128427602714964, 6.095724913330327, 2.0061053978590975], [1.7554756562205678, 4.518383632828407, 2.781880629871879], [5.936782935005891, 4.708395447495993, 5.82705297445938], [6.670339641199334, 2.0044573736175666, 4.146539230911076], [1.9929405371494897, 0.5884179251261926, 5.565118403486819], [4.620665503618915, 0.15886133604726654, 7.473101795610181], [3.679900044405674, 4.0476722692020655, 9.860806907107142], [1.286247583133779, 1.7928283770938265, 10.023565467761003], [1.1779882988557393, 6.555420550781795, 6.813308148568333], [-1.1786013446396963, 4.237695397210061, 6.796037176536312], [-1.6492146564603107, 5.187566436144321, 11.042276956236533]], "name": "C8H18O", "identifiers": {"molecule_hash": "f03bbaec6aacb8e4345f7cb0a53de1853396e3d2", "molecular_formula": "C8H18O"}, "molecular_charge": 0.0, "molecular_multiplicity": 1, "connectivity": [[0, 1, 1.0], [0, 9, 1.0], [0, 10, 1.0], [0, 11, 1.0], [1, 2, 1.0], [1, 12, 1.0], [1, 13, 1.0], [2, 3, 1.0], [2, 14, 1.0], [2, 15, 1.0], [3, 4, 1.0], [3, 16, 1.0], [3, 17, 1.0], [4, 5, 1.0], [4, 18, 1.0], [4, 19, 1.0], [5, 6, 1.0], [5, 20, 1.0], [5, 21, 1.0], [6, 7, 1.0], [6, 22, 1.0], [6, 23, 1.0], [7, 8, 1.0], [7, 24, 1.0], [7, 25, 1.0], [8, 26, 1.0]], "fix_com": true, "fix_orientation": true, "provenance": {"creator": "QCElemental", "version": "v0.22.0", "routine": "qcelemental.molparse.from_schema"}, "id": "98688"}, "charge": 0, "optimize_geometry": false, "conformers": [], "conformer_generation_options": {"n_conformer_pool": 4000, "n_max_conformers": 0, "rms_tolerance": 0.05, "energy_window": 15, "keep_original_conformer": true}, "stage_1_unrestrained_charges": null, "stage_1_restrained_charges": null, "stage_2_unrestrained_charges": null, "stage_2_restrained_charges": null, "keep_original_orientation": false, "reorientations": [], "translations": [], "rotations": []}}]}, "surface_constraints": {"matrix": [[824706665182660.4, 801511537304096.0, 774454133783394.0, 747729442323162.5, 717807009930861.4, 689791668638517.4, 663599797069252.8, 638469680019011.4, 630099212759421.9, 827309423765397.1, 831085620190034.5, 829062222509766.0, 797251871077012.9, 801179453066715.6, 777011487951421.9, 766517071745699.0, 749555108252141.1, 744497991907203.8, 720379173277942.6, 710156964424066.9, 683618618785452.8, 690564457480926.6, 652129912170014.5, 670178211649602.6, 634294347254844.0, 627164579649542.4, 633127322617636.9], [801511537304096.0, 819545525566347.2, 801235312930328.4, 774247819545726.8, 745736700546215.9, 715656877930726.9, 685623918568064.9, 656576122587399.8, 647562100160380.6, 793092172401191.1, 797029089208986.1, 794883667496306.1, 828723277107290.9, 831238125165991.6, 802142108093256.8, 801113016718770.8, 775939485368074.5, 769429913049840.6, 746429060985102.8, 742493271778333.9, 710636807012087.2, 716785633930680.8, 673808489134056.2, 692723719145944.9, 652103717587886.2, 643006397452727.5, 649330774659720.9], [774454133783394.0, 801235312930328.4, 821186183079634.4, 802898823489819.4, 775676648466251.1, 744058835221191.5, 714086491058190.6, 683971880003079.2, 672954492295073.9, 768016177375600.2, 769545555066114.2, 760964440745797.6, 799595871693490.2, 800815181225037.1, 833870548314557.6, 832481131046071.8, 804143072344042.0, 803260625385378.4, 773722650344109.5, 776589384090697.5, 737616542975124.6, 745044872044929.2, 703775025288030.5, 720214551597843.0, 681103302797412.9, 669345288668142.4, 673623886915472.4], [747729442323162.5, 774247819545726.8, 802898823489819.4, 822296443833156.4, 803135314315576.4, 776705274608252.2, 745579061690641.8, 710746450704574.9, 699295352768298.1, 745877374524608.6, 738105352710642.9, 735208503123215.6, 762971479746076.8, 778002623724847.0, 804076996576229.4, 802679969740904.9, 835788171031357.1, 833805859549542.5, 802308858552316.1, 803806991475546.8, 774528506369108.0, 777552127908270.0, 738248722395868.0, 751233694029732.2, 705377033318456.0, 695244569627532.2, 696886317229854.8], [717807009930861.4, 745736700546215.9, 775676648466251.1, 803135314315576.4, 820933130177222.0, 802194495361259.8, 775193981023149.4, 741355067450080.5, 727458028242431.8, 716616751759873.1, 709589981243216.2, 702305308469248.2, 729467651623091.1, 755583912661997.2, 774650678670804.2, 773469509937631.0, 804842207493271.1, 803299797661004.1, 831488465756281.1, 833567077449099.1, 800613783065268.8, 803919829694511.6, 777183325503753.9, 772886546805516.6, 732768229159695.9, 731750205350156.0, 720336198814398.6], [689791668638517.4, 715656877930726.9, 744058835221191.5, 776705274608252.2, 802194495361259.8, 820230054989882.5, 801205313239885.1, 773560861773475.4, 757872522976961.6, 687375855707185.5, 680119463265301.4, 678683592620253.4, 697104356493153.0, 727760517305160.4, 740287420915444.0, 740019538251588.2, 782456398246860.8, 772217304766456.0, 801582543824785.9, 802923013364730.6, 830260710358937.8, 833520506579875.6, 801570134610730.6, 800723724687601.5, 765772231447212.0, 768150346721137.2, 751590274756337.9], [663599797069252.8, 685623918568064.9, 714086491058190.6, 745579061690641.8, 775193981023149.4, 801205313239885.1, 819890291133549.1, 800381720644354.1, 784077517258586.0, 658906267609543.4, 655370794812047.5, 656796525449661.5, 665600931936696.8, 696213699279356.8, 711201618536057.1, 710511518389377.6, 743925881715665.6, 745005369187200.5, 771486904909801.0, 777077999674426.6, 799883861195082.9, 802533679660304.5, 832162360555346.9, 831187864630959.2, 796647635570556.8, 795971378554333.2, 777918261025100.6], [638469680019011.4, 656576122587399.8, 683971880003079.2, 710746450704574.9, 741355067450080.5, 773560861773475.4, 800381720644354.1, 820021300628549.5, 813044545313448.5, 633435319719143.6, 631389324089092.6, 634211086658002.9, 637561164861182.4, 664428404435829.1, 685918936837760.2, 679022685648593.0, 706832100547262.4, 708056923577134.8, 737868044419212.4, 739916331869779.6, 773063213026400.0, 774148477050724.5, 800204621152066.9, 800673392148553.0, 827397776033977.1, 826685177185138.6, 810381919112300.0], [630099212759421.9, 647562100160380.6, 672954492295073.9, 699295352768298.1, 727458028242431.8, 757872522976961.6, 784077517258586.0, 813044545313448.5, 846892925264165.8, 624679828240548.1, 625040319068747.4, 625287570599040.4, 630944559512362.1, 654127966182915.2, 676481229218542.6, 665452789410882.6, 696731105168363.6, 696737392088211.4, 727611354444285.5, 721703357926379.2, 755850490476825.5, 759450424665308.2, 778908649953769.9, 782465491406261.8, 807745038880212.4, 806880280880274.2, 851732627049157.5], [827309423765397.1, 793092172401191.1, 768016177375600.2, 745877374524608.6, 716616751759873.1, 687375855707185.5, 658906267609543.4, 633435319719143.6, 624679828240548.1, 861511384017003.4, 822546016236696.2, 820944629965929.9, 783152838280301.0, 788283163917741.6, 769711194493210.0, 758535515308806.8, 751830354511184.1, 741713943369393.8, 721999024006288.4, 707850816885239.4, 681219275057853.0, 689071594854448.5, 649689911866872.6, 661826924026076.8, 628917392717829.1, 622758365349508.4, 627187355946030.9], [831085620190034.5, 797029089208986.1, 769545555066114.2, 738105352710642.9, 709589981243216.2, 680119463265301.4, 655370794812047.5, 631389324089092.6, 625040319068747.4, 822546016236696.2, 870148419510955.2, 823499921643400.4, 789636238574517.2, 791233352715683.0, 772560244416941.8, 764874416832080.5, 733446461897013.6, 736497887661878.2, 713724509555506.6, 702228601229850.0, 671778627615552.0, 680817187756746.8, 643324534345155.2, 662667043037723.1, 626426444181095.0, 620167109232038.2, 627775765615157.2], [829062222509766.0, 794883667496306.1, 760964440745797.6, 735208503123215.6, 702305308469248.2, 678683592620253.4, 656796525449661.5, 634211086658002.9, 625287570599040.4, 820944629965929.9, 823499921643400.4, 865551662482613.5, 788153832540854.8, 794413577648594.6, 764996735786158.8, 745915623753913.0, 739800685491930.2, 732680462070148.6, 701722050892691.8, 692225080097193.6, 673611505252027.4, 678217071082623.8, 644093982529051.5, 665918319963438.5, 631083801750668.4, 624039860049480.2, 630350203938103.9], [797251871077012.9, 828723277107290.9, 799595871693490.2, 762971479746076.8, 729467651623091.1, 697104356493153.0, 665600931936696.8, 637561164861182.4, 630944559512362.1, 783152838280301.0, 789636238574517.2, 788153832540854.8, 869108022030794.2, 829279860934965.0, 797697644013435.8, 801527765891861.8, 762953091053705.9, 757331883838339.5, 728837313337136.6, 725741639376535.9, 693225540479357.1, 697257343820277.9, 651251039806467.4, 673543129072538.6, 633235184690738.2, 622820718555905.6, 633970390835761.4], [801179453066715.6, 831238125165991.6, 800815181225037.1, 778002623724847.0, 755583912661997.2, 727760517305160.4, 696213699279356.8, 664428404435829.1, 654127966182915.2, 788283163917741.6, 791233352715683.0, 794413577648594.6, 829279860934965.0, 874514875281829.8, 792916140129058.6, 795790552760678.4, 781497369200074.5, 769198532198843.8, 758247768498723.5, 753481856713116.6, 724149339370033.6, 730002041779408.8, 685618170883756.6, 703267465326397.4, 658400354613302.9, 651385493190289.2, 654663131539078.4], [777011487951421.9, 802142108093256.8, 833870548314557.6, 804076996576229.4, 774650678670804.2, 740287420915444.0, 711201618536057.1, 685918936837760.2, 676481229218542.6, 769711194493210.0, 772560244416941.8, 764996735786158.8, 797697644013435.8, 792916140129058.6, 877537478293992.0, 833775855416956.5, 802691164757591.4, 799206591170496.6, 773604936127042.4, 775186773505641.9, 730273229573800.9, 742134725052581.9, 698674545811759.9, 716197575149876.2, 684633282911845.8, 671671631576283.9, 679013817044302.2], [766517071745699.0, 801113016718770.8, 832481131046071.8, 802679969740904.9, 773469509937631.0, 740019538251588.2, 710511518389377.6, 679022685648593.0, 665452789410882.6, 758535515308806.8, 764874416832080.5, 745915623753913.0, 801527765891861.8, 795790552760678.4, 833775855416956.5, 874467537486956.8, 795670309520662.0, 803360658827083.4, 767597124083170.4, 778471712195698.6, 732951747955434.6, 740235236079066.5, 701253493254905.2, 717150219683963.1, 678245242933528.8, 663630796480440.9, 665847394837175.9], [749555108252141.1, 775939485368074.5, 804143072344042.0, 835788171031357.1, 804842207493271.1, 782456398246860.8, 743925881715665.6, 706832100547262.4, 696731105168363.6, 751830354511184.1, 733446461897013.6, 739800685491930.2, 762953091053705.9, 781497369200074.5, 802691164757591.4, 795670309520662.0, 880426698879019.9, 836601080675594.0, 803495962642013.5, 792449772123301.2, 785850811882544.8, 786848648873240.2, 732103649876810.0, 750430434580094.4, 702674615079414.4, 687256300533059.0, 694924446640505.9], [744497991907203.8, 769429913049840.6, 803260625385378.4, 833805859549542.5, 803299797661004.1, 772217304766456.0, 745005369187200.5, 708056923577134.8, 696737392088211.4, 741713943369393.8, 736497887661878.2, 732680462070148.6, 757331883838339.5, 769198532198843.8, 799206591170496.6, 803360658827083.4, 836601080675594.0, 874883814913363.2, 794268197261529.1, 806724367556454.2, 767590614040876.9, 768870038507569.0, 737575942931227.5, 755881016966903.1, 701670668221537.9, 691810004871235.8, 694668970590562.2], [720379173277942.6, 746429060985102.8, 773722650344109.5, 802308858552316.1, 831488465756281.1, 801582543824785.9, 771486904909801.0, 737868044419212.4, 727611354444285.5, 721999024006288.4, 713724509555506.6, 701722050892691.8, 728837313337136.6, 758247768498723.5, 773604936127042.4, 767597124083170.4, 803495962642013.5, 794268197261529.1, 871586952725855.2, 833714638838983.6, 799146941466506.0, 797672058273035.4, 775438683673346.4, 764953023800058.6, 726072031322769.0, 729054442327951.2, 718142913422354.5], [710156964424066.9, 742493271778333.9, 776589384090697.5, 803806991475546.8, 833567077449099.1, 802923013364730.6, 777077999674426.6, 739916331869779.6, 721703357926379.2, 707850816885239.4, 702228601229850.0, 692225080097193.6, 725741639376535.9, 753481856713116.6, 775186773505641.9, 778471712195698.6, 792449772123301.2, 806724367556454.2, 833714638838983.6, 876662714488049.0, 793096099067191.6, 801320437224035.1, 786073016121287.9, 770915757721185.4, 731281766600331.2, 731947138874815.6, 712244576638246.0], [683618618785452.8, 710636807012087.2, 737616542975124.6, 774528506369108.0, 800613783065268.8, 830260710358937.8, 799883861195082.9, 773063213026400.0, 755850490476825.5, 681219275057853.0, 671778627615552.0, 673611505252027.4, 693225540479357.1, 724149339370033.6, 730273229573800.9, 732951747955434.6, 785850811882544.8, 767590614040876.9, 799146941466506.0, 793096099067191.6, 870127509823701.8, 833130774187667.0, 792615021478129.2, 796778976527962.6, 763589921622094.8, 771198367425856.2, 751415868703097.6], [690564457480926.6, 716785633930680.8, 745044872044929.2, 777552127908270.0, 803919829694511.6, 833520506579875.6, 802533679660304.5, 774148477050724.5, 759450424665308.2, 689071594854448.5, 680817187756746.8, 678217071082623.8, 697257343820277.9, 730002041779408.8, 742134725052581.9, 740235236079066.5, 786848648873240.2, 768870038507569.0, 797672058273035.4, 801320437224035.1, 833130774187667.0, 877111170685386.5, 798754514305303.1, 796774439703508.9, 765969937923753.8, 768016661792412.9, 752103841067386.2], [652129912170014.5, 673808489134056.2, 703775025288030.5, 738248722395868.0, 777183325503753.9, 801570134610730.6, 832162360555346.9, 800204621152066.9, 778908649953769.9, 649689911866872.6, 643324534345155.2, 644093982529051.5, 651251039806467.4, 685618170883756.6, 698674545811759.9, 701253493254905.2, 732103649876810.0, 737575942931227.5, 775438683673346.4, 786073016121287.9, 792615021478129.2, 798754514305303.1, 875973338605714.9, 831952081141591.5, 790815980739171.2, 795697671004111.6, 766479023982959.1], [670178211649602.6, 692723719145944.9, 720214551597843.0, 751233694029732.2, 772886546805516.6, 800723724687601.5, 831187864630959.2, 800673392148553.0, 782465491406261.