{"resp_b": 0.1, "restrained_fit": true, "exclude_hydrogens": true, "convergence_tolerance": 1e-06, "max_iter": 500, "resp_a": 0.0005, "charge_constraints": {"charge_sum_constraints": [], "charge_equivalence_constraints": [], "molecules": [{"qcmol": {"schema_name": "qcschema_molecule", "schema_version": 2, "validated": true, "symbols": ["C", "C", "C", "C", "O", "C", "C", "C", "H", "H", "H", "H", "H", "H", "H", "H", "H", "H", "H", "H", "H", "H"], "geometry": [[-0.0, -0.0, 0.0], [2.8897466783629753, 2.5687985369873787e-16, 1.1678283827158848e-15], [4.043297296942572, 2.6668924277095574, 2.7755575615628914e-16], [3.390599251155502, 4.2325544101629955, 2.316910726089865], [2.1746308224195774, 6.125091195259719, 2.13516933765861], [4.316300058746752, 3.2759244898652353, 4.866207607855591], [4.250273525135307, 5.252030369336094, 6.973405402067053], [6.2257470679453855, 7.336291794068654, 6.660302644939611], [-0.7275780404800247, -1.916131604799575, -0.06885715712717838], [-0.7648214078271607, 0.8970906107723084, 1.679287119237719], [-0.7335271448393833, 1.013429205718786, -1.625513198510112], [3.5656841072795764, -0.979124126182822, -1.6718468216104636], [3.5887243145927834, -1.070542282956096, 1.6063705844602292], [3.3970715928798745, 3.713959536168224, -1.636765037579148], [6.090283534522922, 2.5152074648304623, -0.11599226026948845], [3.1164353345622136, 1.6818152569732066, 5.370065453997785], [6.207579833801577, 2.5003420656057944, 4.649920202616755], [2.379666891858289, 6.081207001747743, 7.050816712627366], [4.555908755999978, 4.293072187335108, 8.763519855993176], [5.921555592766757, 8.39388125200286, 4.9331846516884355], [8.125362510825394, 6.55510302141376, 6.610820337750806], [6.1403797081122935, 8.658806866474455, 8.225781477013712]], "name": "C7H14O", "identifiers": {"molecule_hash": "28c57b5b513b8df8027ae9af5701aeb92ac7fa76", "molecular_formula": "C7H14O"}, "molecular_charge": 0.0, "molecular_multiplicity": 1, "connectivity": [[0, 1, 1.0], [0, 8, 1.0], [0, 9, 1.0], [0, 10, 1.0], [1, 2, 1.0], [1, 11, 1.0], [1, 12, 1.0], [2, 3, 1.0], [2, 13, 1.0], [2, 14, 1.0], [3, 4, 2.0], [3, 5, 1.0], [5, 6, 1.0], [5, 15, 1.0], [5, 16, 1.0], [6, 7, 1.0], [6, 17, 1.0], [6, 18, 1.0], [7, 19, 1.0], [7, 20, 1.0], [7, 21, 1.0]], "fix_com": true, "fix_orientation": true, "provenance": {"creator": "QCElemental", "version": "v0.22.0", "routine": "qcelemental.molparse.from_schema"}, "id": "143835"}, "charge": 0, "optimize_geometry": false, "conformers": [], "conformer_generation_options": {"n_conformer_pool": 4000, "n_max_conformers": 0, "rms_tolerance": 0.05, "energy_window": 15, "keep_original_conformer": true}, "stage_1_unrestrained_charges": null, "stage_1_restrained_charges": null, "stage_2_unrestrained_charges": null, "stage_2_restrained_charges": null, "keep_original_orientation": false, "reorientations": [], "translations": [], "rotations": []}], "unconstrained_atoms": [{"index": 0, "molecule": {"qcmol": {"schema_name": "qcschema_molecule", "schema_version": 2, "validated": true, "symbols": ["C", "C", "C", "C", "O", "C", "C", "C", "H", "H", "H", "H", "H", "H", "H", "H", "H", "H", "H", "H", "H", "H"], "geometry": [[-0.0, -0.0, 0.0], [2.8897466783629753, 2.5687985369873787e-16, 1.1678283827158848e-15], [4.043297296942572, 2.6668924277095574, 2.7755575615628914e-16], [3.390599251155502, 4.2325544101629955, 2.316910726089865], [2.1746308224195774, 6.125091195259719, 2.13516933765861], [4.316300058746752, 3.2759244898652353, 4.866207607855591], [4.250273525135307, 5.252030369336094, 6.973405402067053], [6.2257470679453855, 7.336291794068654, 6.660302644939611], [-0.7275780404800247, -1.916131604799575, -0.06885715712717838], [-0.7648214078271607, 0.8970906107723084, 1.679287119237719], [-0.7335271448393833, 1.013429205718786, -1.625513198510112], [3.5656841072795764, -0.979124126182822, -1.6718468216104636], [3.5887243145927834, -1.070542282956096, 1.6063705844602292], [3.3970715928798745, 3.713959536168224, -1.636765037579148], [6.090283534522922, 2.5152074648304623, -0.11599226026948845], [3.1164353345622136, 1.6818152569732066, 5.370065453997785], [6.207579833801577, 2.5003420656057944, 4.649920202616755], [2.379666891858289, 6.081207001747743, 7.050816712627366], [4.555908755999978, 4.293072187335108, 8.763519855993176], [5.921555592766757, 8.39388125200286, 4.9331846516884355], [8.125362510825394, 6.55510302141376, 6.610820337750806], [6.1403797081122935, 8.658806866474455, 8.225781477013712]], "name": "C7H14O", "identifiers": {"molecule_hash": "28c57b5b513b8df8027ae9af5701aeb92ac7fa76", "molecular_formula": "C7H14O"}, "molecular_charge": 0.0, "molecular_multiplicity": 1, "connectivity": [[0, 1, 1.0], [0, 8, 1.0], [0, 9, 1.0], [0, 10, 1.0], [1, 2, 1.0], [1, 11, 1.0], [1, 12, 1.0], [2, 3, 1.0], [2, 13, 1.0], [2, 14, 1.0], [3, 4, 2.0], [3, 5, 1.0], [5, 6, 1.0], [5, 15, 1.0], [5, 16, 1.0], [6, 7, 1.0], [6, 17, 1.0], [6, 18, 1.0], [7, 19, 1.0], [7, 20, 1.0], [7, 21, 1.0]], "fix_com": true, "fix_orientation": true, "provenance": {"creator": "QCElemental", "version": "v0.22.0", "routine": "qcelemental.molparse.from_schema"}, "id": "143835"}, "charge": 0, "optimize_geometry": false, "conformers": [], "conformer_generation_options": {"n_conformer_pool": 4000, "n_max_conformers": 0, "rms_tolerance": 0.05, "energy_window": 15, "keep_original_conformer": true}, "stage_1_unrestrained_charges": null, "stage_1_restrained_charges": null, "stage_2_unrestrained_charges": null, "stage_2_restrained_charges": null, "keep_original_orientation": false, "reorientations": [], "translations": [], "rotations": []}}, {"index": 1, "molecule": {"qcmol": {"schema_name": "qcschema_molecule", "schema_version": 2, "validated": true, "symbols": ["C", "C", "C", "C", "O", "C", "C", "C", "H", "H", "H", "H", "H", "H", "H", "H", "H", "H", "H", "H", "H", "H"], "geometry": [[-0.0, -0.0, 0.0], [2.8897466783629753, 2.5687985369873787e-16, 1.1678283827158848e-15], [4.043297296942572, 2.6668924277095574, 2.7755575615628914e-16], [3.390599251155502, 4.2325544101629955, 2.316910726089865], [2.1746308224195774, 6.125091195259719, 2.13516933765861], [4.316300058746752, 3.2759244898652353, 4.866207607855591], [4.250273525135307, 5.252030369336094, 6.973405402067053], [6.2257470679453855, 7.336291794068654, 6.660302644939611], [-0.7275780404800247, -1.916131604799575, -0.06885715712717838], [-0.7648214078271607, 0.8970906107723084, 1.679287119237719], [-0.7335271448393833, 1.013429205718786, -1.625513198510112], [3.5656841072795764, -0.979124126182822, -1.6718468216104636], [3.5887243145927834, -1.070542282956096, 1.6063705844602292], [3.3970715928798745, 3.713959536168224, -1.636765037579148], [6.090283534522922, 2.5152074648304623, -0.11599226026948845], [3.1164353345622136, 1.6818152569732066, 5.370065453997785], [6.207579833801577, 2.5003420656057944, 4.649920202616755], [2.379666891858289, 6.081207001747743, 7.050816712627366], [4.555908755999978, 4.293072187335108, 8.763519855993176], [5.921555592766757, 8.39388125200286, 4.9331846516884355], [8.125362510825394, 6.55510302141376, 6.610820337750806], [6.1403797081122935, 8.658806866474455, 8.225781477013712]], "name": "C7H14O", "identifiers": {"molecule_hash": "28c57b5b513b8df8027ae9af5701aeb92ac7fa76", "molecular_formula": "C7H14O"}, "molecular_charge": 0.0, "molecular_multiplicity": 1, "connectivity": [[0, 1, 1.0], [0, 8, 1.0], [0, 9, 1.0], [0, 10, 1.0], [1, 2, 1.0], [1, 11, 1.0], [1, 12, 1.0], [2, 3, 1.0], [2, 13, 1.0], [2, 14, 1.0], [3, 4, 2.0], [3, 5, 1.0], [5, 6, 1.0], [5, 15, 1.0], [5, 16, 1.0], [6, 7, 1.0], [6, 17, 1.0], [6, 18, 1.0], [7, 19, 1.0], [7, 20, 1.0], [7, 21, 1.0]], "fix_com": true, "fix_orientation": true, "provenance": {"creator": "QCElemental", "version": "v0.22.0", "routine": "qcelemental.molparse.from_schema"}, "id": "143835"}, "charge": 0, "optimize_geometry": false, "conformers": [], "conformer_generation_options": {"n_conformer_pool": 4000, "n_max_conformers": 0, "rms_tolerance": 0.05, "energy_window": 15, "keep_original_conformer": true}, "stage_1_unrestrained_charges": null, "stage_1_restrained_charges": null, "stage_2_unrestrained_charges": null, "stage_2_restrained_charges": null, "keep_original_orientation": false, "reorientations": [], "translations": [], "rotations": []}}, {"index": 2, "molecule": {"qcmol": {"schema_name": "qcschema_molecule", "schema_version": 2, "validated": true, "symbols": ["C", "C", "C", "C", "O", "C", "C", "C", "H", "H", "H", "H", "H", "H", "H", "H", "H", "H", "H", "H", "H", "H"], "geometry": [[-0.0, -0.0, 0.0], [2.8897466783629753, 2.5687985369873787e-16, 1.1678283827158848e-15], [4.043297296942572, 2.6668924277095574, 2.7755575615628914e-16], [3.390599251155502, 4.2325544101629955, 2.316910726089865], [2.1746308224195774, 6.125091195259719, 2.13516933765861], [4.316300058746752, 3.2759244898652353, 4.866207607855591], [4.250273525135307, 5.252030369336094, 6.973405402067053], [6.2257470679453855, 7.336291794068654, 6.660302644939611], [-0.7275780404800247, -1.916131604799575, -0.06885715712717838], [-0.7648214078271607, 0.8970906107723084, 1.679287119237719], [-0.7335271448393833, 1.013429205718786, -1.625513198510112], [3.5656841072795764, -0.979124126182822, -1.6718468216104636], [3.5887243145927834, -1.070542282956096, 1.6063705844602292], [3.3970715928798745, 3.713959536168224, -1.636765037579148], [6.090283534522922, 2.5152074648304623, -0.11599226026948845], [3.1164353345622136, 1.6818152569732066, 5.370065453997785], [6.207579833801577, 2.5003420656057944, 4.649920202616755], [2.379666891858289, 6.081207001747743, 7.050816712627366], [4.555908755999978, 4.293072187335108, 8.763519855993176], [5.921555592766757, 8.39388125200286, 4.9331846516884355], [8.125362510825394, 6.55510302141376, 6.610820337750806], [6.1403797081122935, 8.658806866474455, 8.225781477013712]], "name": "C7H14O", "identifiers": {"molecule_hash": "28c57b5b513b8df8027ae9af5701aeb92ac7fa76", "molecular_formula": "C7H14O"}, "molecular_charge": 0.0, "molecular_multiplicity": 1, "connectivity": [[0, 1, 1.0], [0, 8, 1.0], [0, 9, 1.0], [0, 10, 1.0], [1, 2, 1.0], [1, 11, 1.0], [1, 12, 1.0], [2, 3, 1.0], [2, 13, 1.0], [2, 14, 1.0], [3, 4, 2.0], [3, 5, 1.0], [5, 6, 1.0], [5, 15, 1.0], [5, 16, 1.0], [6, 7, 1.0], [6, 17, 1.0], [6, 18, 1.0], [7, 19, 1.0], [7, 20, 1.0], [7, 21, 1.0]], "fix_com": true, "fix_orientation": true, "provenance": {"creator": "QCElemental", "version": "v0.22.0", "routine": "qcelemental.molparse.from_schema"}, "id": "143835"}, "charge": 0, "optimize_geometry": false, "conformers": [], "conformer_generation_options": {"n_conformer_pool": 4000, "n_max_conformers": 0, "rms_tolerance": 0.05, "energy_window": 15, "keep_original_conformer": true}, "stage_1_unrestrained_charges": null, "stage_1_restrained_charges": null, "stage_2_unrestrained_charges": null, "stage_2_restrained_charges": null, "keep_original_orientation": false, "reorientations": [], "translations": [], "rotations": []}}, {"index": 5, "molecule": {"qcmol": {"schema_name": "qcschema_molecule", "schema_version": 2, "validated": true, "symbols": ["C", "C", "C", "C", "O", "C", "C", "C", "H", "H", "H", "H", "H", "H", "H", "H", "H", "H", "H", "H", "H", "H"], "geometry": [[-0.0, -0.0, 0.0], [2.8897466783629753, 2.5687985369873787e-16, 1.1678283827158848e-15], [4.043297296942572, 2.6668924277095574, 2.7755575615628914e-16], [3.390599251155502, 4.2325544101629955, 2.316910726089865], [2.1746308224195774, 6.125091195259719, 2.13516933765861], [4.316300058746752, 3.2759244898652353, 4.866207607855591], [4.250273525135307, 5.252030369336094, 6.973405402067053], [6.2257470679453855, 7.336291794068654, 6.660302644939611], [-0.7275780404800247, -1.916131604799575, -0.06885715712717838], [-0.7648214078271607, 0.8970906107723084, 1.679287119237719], [-0.7335271448393833, 1.013429205718786, -1.625513198510112], [3.5656841072795764, -0.979124126182822, -1.6718468216104636], [3.5887243145927834, -1.070542282956096, 1.6063705844602292], [3.3970715928798745, 3.713959536168224, -1.636765037579148], [6.090283534522922, 2.5152074648304623, -0.11599226026948845], [3.1164353345622136, 1.6818152569732066, 5.370065453997785], [6.207579833801577, 2.5003420656057944, 4.649920202616755], [2.379666891858289, 6.081207001747743, 7.050816712627366], [4.555908755999978, 4.293072187335108, 8.763519855993176], [5.921555592766757, 8.39388125200286, 4.9331846516884355], [8.125362510825394, 6.55510302141376, 6.610820337750806], [6.1403797081122935, 8.658806866474455, 8.225781477013712]], "name": "C7H14O", "identifiers": {"molecule_hash": "28c57b5b513b8df8027ae9af5701aeb92ac7fa76", "molecular_formula": "C7H14O"}, "molecular_charge": 0.0, "molecular_multiplicity": 1, "connectivity": [[0, 1, 1.0], [0, 8, 1.0], [0, 9, 1.0], [0, 10, 1.0], [1, 2, 1.0], [1, 11, 1.0], [1, 12, 1.0], [2, 3, 1.0], [2, 13, 1.0], [2, 14, 1.0], [3, 4, 2.0], [3, 5, 1.0], [5, 6, 1.0], [5, 15, 1.0], [5, 16, 1.0], [6, 7, 1.0], [6, 17, 1.0], [6, 18, 1.0], [7, 19, 1.0], [7, 20, 1.0], [7, 21, 1.0]], "fix_com": true, "fix_orientation": true, "provenance": {"creator": "QCElemental", "version": "v0.22.0", "routine": "qcelemental.molparse.from_schema"}, "id": "143835"}, "charge": 0, "optimize_geometry": false, "conformers": [], "conformer_generation_options": {"n_conformer_pool": 4000, "n_max_conformers": 0, "rms_tolerance": 0.05, "energy_window": 15, "keep_original_conformer": true}, "stage_1_unrestrained_charges": null, "stage_1_restrained_charges": null, "stage_2_unrestrained_charges": null, "stage_2_restrained_charges": null, "keep_original_orientation": false, "reorientations": [], "translations": [], "rotations": []}}, {"index": 6, "molecule": {"qcmol": {"schema_name": "qcschema_molecule", "schema_version": 2, "validated": true, "symbols": ["C", "C", "C", "C", "O", "C", "C", "C", "H", "H", "H", "H", "H", "H", "H", "H", "H", "H", "H", "H", "H", "H"], "geometry": [[-0.0, -0.0, 0.0], [2.8897466783629753, 2.5687985369873787e-16, 1.1678283827158848e-15], [4.043297296942572, 2.6668924277095574, 2.7755575615628914e-16], [3.390599251155502, 4.2325544101629955, 2.316910726089865], [2.1746308224195774, 6.125091195259719, 2.13516933765861], [4.316300058746752, 3.2759244898652353, 4.866207607855591], [4.250273525135307, 5.252030369336094, 6.973405402067053], [6.2257470679453855, 7.336291794068654, 6.660302644939611], [-0.7275780404800247, -1.916131604799575, -0.06885715712717838], [-0.7648214078271607, 0.8970906107723084, 1.679287119237719], [-0.7335271448393833, 1.013429205718786, -1.625513198510112], [3.5656841072795764, -0.979124126182822, -1.6718468216104636], [3.5887243145927834, -1.070542282956096, 1.6063705844602292], [3.3970715928798745, 3.713959536168224, -1.636765037579148], [6.090283534522922, 2.5152074648304623, -0.11599226026948845], [3.1164353345622136, 1.6818152569732066, 5.370065453997785], [6.207579833801577, 2.5003420656057944, 4.649920202616755], [2.379666891858289, 6.081207001747743, 7.050816712627366], [4.555908755999978, 4.293072187335108, 8.763519855993176], [5.921555592766757, 8.39388125200286, 4.9331846516884355], [8.125362510825394, 6.55510302141376, 6.610820337750806], [6.1403797081122935, 8.658806866474455, 8.225781477013712]], "name": "C7H14O", "identifiers": {"molecule_hash": "28c57b5b513b8df8027ae9af5701aeb92ac7fa76", "molecular_formula": "C7H14O"}, "molecular_charge": 0.0, "molecular_multiplicity": 1, "connectivity": [[0, 1, 1.0], [0, 8, 1.0], [0, 9, 1.0], [0, 10, 1.0], [1, 2, 1.0], [1, 11, 1.0], [1, 12, 1.0], [2, 3, 1.0], [2, 13, 1.0], [2, 14, 1.0], [3, 4, 2.0], [3, 5, 1.0], [5, 6, 1.0], [5, 15, 1.0], [5, 16, 1.0], [6, 7, 1.0], [6, 17, 1.0], [6, 18, 1.0], [7, 19, 1.0], [7, 20, 1.0], [7, 21, 1.0]], "fix_com": true, "fix_orientation": true, "provenance": {"creator": "QCElemental", "version": "v0.22.0", "routine": "qcelemental.molparse.from_schema"}, "id": "143835"}, "charge": 0, "optimize_geometry": false, "conformers": [], "conformer_generation_options": {"n_conformer_pool": 4000, "n_max_conformers": 0, "rms_tolerance": 0.05, "energy_window": 15, "keep_original_conformer": true}, "stage_1_unrestrained_charges": null, "stage_1_restrained_charges": null, "stage_2_unrestrained_charges": null, "stage_2_restrained_charges": null, "keep_original_orientation": false, "reorientations": [], "translations": [], "rotations": []}}, {"index": 7, "molecule": {"qcmol": {"schema_name": "qcschema_molecule", "schema_version": 2, "validated": true, "symbols": ["C", "C", "C", "C", "O", "C", "C", "C", "H", "H", "H", "H", "H", "H", "H", "H", "H", "H", "H", "H", "H", "H"], "geometry": [[-0.0, -0.0, 0.0], [2.8897466783629753, 2.5687985369873787e-16, 1.1678283827158848e-15], [4.043297296942572, 2.6668924277095574, 2.7755575615628914e-16], [3.390599251155502, 4.2325544101629955, 2.316910726089865], [2.1746308224195774, 6.125091195259719, 2.13516933765861], [4.316300058746752, 3.2759244898652353, 4.866207607855591], [4.250273525135307, 5.252030369336094, 6.973405402067053], [6.2257470679453855, 7.336291794068654, 6.660302644939611], [-0.7275780404800247, -1.916131604799575, -0.06885715712717838], [-0.7648214078271607, 0.8970906107723084, 1.679287119237719], [-0.7335271448393833, 1.013429205718786, -1.625513198510112], [3.5656841072795764, -0.979124126182822, -1.6718468216104636], [3.5887243145927834, -1.070542282956096, 1.6063705844602292], [3.3970715928798745, 3.713959536168224, -1.636765037579148], [6.090283534522922, 2.5152074648304623, -0.11599226026948845], [3.1164353345622136, 1.6818152569732066, 5.370065453997785], [6.207579833801577, 2.5003420656057944, 4.649920202616755], [2.379666891858289, 6.081207001747743, 7.050816712627366], [4.555908755999978, 4.293072187335108, 8.763519855993176], [5.921555592766757, 8.39388125200286, 4.9331846516884355], [8.125362510825394, 6.55510302141376, 6.610820337750806], [6.1403797081122935, 8.658806866474455, 8.225781477013712]], "name": "C7H14O", "identifiers": {"molecule_hash": "28c57b5b513b8df8027ae9af5701aeb92ac7fa76", "molecular_formula": "C7H14O"}, "molecular_charge": 0.0, "molecular_multiplicity": 1, "connectivity": [[0, 1, 1.0], [0, 8, 1.0], [0, 9, 1.0], [0, 10, 1.0], [1, 2, 1.0], [1, 11, 1.0], [1, 12, 1.0], [2, 3, 1.0], [2, 13, 1.0], [2, 14, 1.0], [3, 4, 2.0], [3, 5, 1.0], [5, 6, 1.0], [5, 15, 1.0], [5, 16, 1.0], [6, 7, 1.0], [6, 17, 1.0], [6, 18, 1.0], [7, 19, 1.0], [7, 20, 1.0], [7, 21, 1.0]], "fix_com": true, "fix_orientation": true, "provenance": {"creator": "QCElemental", "version": "v0.22.0", "routine": "qcelemental.molparse.from_schema"}, "id": "143835"}, "charge": 0, "optimize_geometry": false, "conformers": [], "conformer_generation_options": {"n_conformer_pool": 4000, "n_max_conformers": 0, "rms_tolerance": 0.05, "energy_window": 15, "keep_original_conformer": true}, "stage_1_unrestrained_charges": null, "stage_1_restrained_charges": null, "stage_2_unrestrained_charges": null, "stage_2_restrained_charges": null, "keep_original_orientation": false, "reorientations": [], "translations": [], "rotations": []}}]}, "surface_constraints": {"matrix": [[648914151778849.2, 629325940855101.5, 606577239781631.6, 579979533662359.9, 571524678569187.0, 555435593697688.56, 536132107253297.75, 516316608070384.1, 652266140723498.8, 652468291820182.4, 652946754307422.1, 627993954624927.1, 627137887187462.6, 607035783297244.6, 605276049158834.8, 551947713806567.56, 552942884148040.94, 543934286011579.25, 525758742172145.56, 521150408205230.4, 509373867118363.94, 501390926159423.0], [629325940855101.5, 642275336334925.0, 625959098513147.1, 603289393545600.5, 593068484518542.8, 583541969883004.0, 558353024158820.25, 538355937875250.75, 624222249261504.5, 624102962562815.1, 624932498508768.1, 650578919416174.6, 650701530803071.0, 625895527023985.5, 626313333857070.0, 583487108571742.1, 586445711833512.1, 563281998479985.5, 546588933177689.2, 541531540959459.2, 530711205529203.94, 525394028713368.44], [606577239781631.6, 625959098513147.1, 641223636316774.6, 624215493902876.6, 617978435854220.6, 602694335196849.8, 577723979599406.8, 555991506636982.2, 598362435353240.5, 603515286964882.2, 599329903543896.9, 624743196588482.1, 625220356646253.1, 651123502066660.9, 651693464997270.5, 600997403869836.2, 605087051540902.4, 585287282830421.5, 564685370752728.9, 558014257113193.6, 546672585769094.4, 544574429100596.25], [579979533662359.9, 603289393545600.5, 624215493902876.6, 635368762069909.1, 642137696134719.8, 622645335635612.2, 601719043142891.0, 582604591436558.6, 572048630934826.2, 576864076020374.8, 570387143127922.5, 600304816269068.6, 604601566017559.8, 625785166976989.4, 626045139913522.8, 623684255323024.4, 624206963130759.9, 607112173484460.1, 591124584240826.4, 582085272377905.1, 575472655725281.1, 573452142071107.9], [571524678569187.0, 593068484518542.8, 617978435854220.6, 642137696134719.8, 672055564351308.5, 615967336584415.6, 595836334486036.4, 579111569935343.0, 563154873293615.1, 571813313467158.1, 560659239867760.8, 583791794606999.4, 596515757019020.0, 618451303465333.9, 614208682886478.5, 613001822654610.8, 610308085277761.2, 603794154102192.4, 581469642171939.4, 578919456724106.9, 573663549126422.2, 569944835528587.2], [555435593697688.56, 583541969883004.0, 602694335196849.8, 622645335635612.2, 615967336584415.6, 638754577830106.4, 623758328985221.9, 603932233481609.2, 547984039480153.9, 548562950782685.0, 545828137266528.06, 587938155824940.4, 583149563056862.5, 598299911733958.9, 603286628984464.2, 648310662423227.2, 648979588810327.9, 622465498122100.8, 623714445195872.1, 599263763692090.5, 596521185326732.8, 598108079534644.9], [536132107253297.75, 558353024158820.25, 577723979599406.8, 601719043142891.0, 595836334486036.4, 623758328985221.9, 639425719846352.6, 626239307610107.1, 528182311166619.94, 531289278957812.06, 529244689476681.56, 565434321472547.4, 550100079335850.25, 574343383853482.6, 575141712798765.6, 623667236861063.0, 623988809962419.2, 647609971195842.1, 647888600267170.5, 622515741312698.0, 621611450806648.1, 620613370761148.9], [516316608070384.1, 538355937875250.75, 555991506636982.2, 582604591436558.6, 579111569935343.0, 603932233481609.2, 626239307610107.1, 646306983521673.2, 511003465552285.44, 509187850783006.75, 509478443352379.5, 547092592906687.5, 529967490625691.56, 549248546489236.5, 553489977484874.6, 599851237255856.2, 602910887068934.6, 624577677163458.2, 624035641194108.8, 651346551053655.2, 650299008585186.6, 649350027720074.5], [652266140723498.8, 624222249261504.5, 598362435353240.5, 572048630934826.2, 563154873293615.1, 547984039480153.9, 528182311166619.94, 511003465552285.44, 681432367943687.6, 646618072176461.1, 646958912224982.5, 618609522884952.1, 622383233884153.9, 594869567222400.6, 598846572858799.0, 543221798057116.8, 547329097493184.7, 532887354606922.56, 518394041841528.1, 517488885576422.9, 505257957388676.1, 495269083434480.3], [652468291820182.4, 624102962562815.1, 603515286964882.2, 576864076020374.8, 571813313467158.1, 548562950782685.0, 531289278957812.06, 509187850783006.75, 646618072176461.1, 682480655042711.9, 647038840543796.9, 616587362757517.5, 619555232423595.5, 604345426268053.9, 603043194380274.4, 543909783599510.94, 542767884641703.0, 543197761996728.7, 520255037222432.9, 513583230410958.8, 501549013789495.0, 493985399574431.7], [652946754307422.1, 624932498508768.1, 599329903543896.9, 570387143127922.5, 560659239867760.8, 545828137266528.06, 529244689476681.56, 509478443352379.5, 646958912224982.5, 647038840543796.9, 683029149630248.2, 625981621547482.8, 616116585606388.4, 603719581928474.8, 594253939533408.9, 542393618001974.7, 540833312001884.2, 537744855084742.25, 520160730560602.44, 514241041816632.0, 502818636337912.9, 494263656610222.5], [627993954624927.1, 650578919416174.6, 624743196588482.1, 600304816269068.6, 583791794606999.4, 587938155824940.4, 565434321472547.4, 547092592906687.5, 618609522884952.1, 616587362757517.5, 625981621547482.8, 683405221941916.8, 650110387638596.6, 623013251331210.4, 620787601974875.2, 590231931299759.0, 592094609802460.6, 569837377130453.6, 554766471544445.8, 551473958402185.25, 539453741508304.7, 533943069887608.6], [627137887187462.6, 650701530803071.0, 625220356646253.1, 604601566017559.8, 596515757019020.0, 583149563056862.5, 550100079335850.25, 529967490625691.56, 622383233884153.9, 619555232423595.5, 616116585606388.4, 650110387638596.6, 684141868836279.5, 618231871346770.6, 623087558631073.6, 585039272284527.4, 589810178359411.5, 550725603664726.9, 537062855956124.4, 531612332933645.8, 523028093723964.25, 517888802615732.25], [607035783297244.6, 625895527023985.5, 651123502066660.9, 625785166976989.4, 618451303465333.9, 598299911733958.9, 574343383853482.6, 549248546489236.5, 594869567222400.6, 604345426268053.9, 603719581928474.8, 623013251331210.4, 618231871346770.6, 685388718464221.0, 652158926746907.5, 595345595161768.0, 597061982447815.8, 585320709521316.0, 561638947963297.2, 551059253301209.0, 538991667996032.1, 536584611815827.56], [605276049158834.8, 626313333857070.0, 651693464997270.5, 626045139913522.8, 614208682886478.5, 603286628984464.2, 575141712798765.6, 553489977484874.6, 598846572858799.0, 603043194380274.4, 594253939533408.9, 620787601974875.2, 623087558631073.6, 652158926746907.5, 686802884814965.9, 599525336629593.6, 609446880748761.2, 583367649670640.8, 559110713896639.75, 556251848864726.7, 542157394246027.44, 543293371328155.56], [551947713806567.56, 583487108571742.1, 600997403869836.2, 623684255323024.4, 613001822654610.8, 648310662423227.2, 623667236861063.0, 599851237255856.2, 543221798057116.8, 543909783599510.94, 542393618001974.7, 590231931299759.0, 585039272284527.4, 595345595161768.0, 599525336629593.6, 681981635405820.5, 649446757314572.0, 617785943103380.9, 623638802359340.2, 590387295583527.4, 590691982704903.4, 597846691872261.6], [552942884148040.94, 586445711833512.1, 605087051540902.4, 624206963130759.9, 610308085277761.2, 648979588810327.9, 623988809962419.2, 602910887068934.6, 547329097493184.7, 542767884641703.0, 540833312001884.2, 592094609802460.6, 589810178359411.5, 597061982447815.8, 609446880748761.2, 649446757314572.0, 683625875265987.5, 614119358889397.2, 625405478136677.1, 599110238924331.6, 595006544890096.9, 595734024020716.4], [543934286011579.25, 563281998479985.5, 585287282830421.5, 607112173484460.1, 603794154102192.4, 622465498122100.8, 647609971195842.1, 624577677163458.2, 532887354606922.56, 543197761996728.7, 537744855084742.25, 569837377130453.6, 550725603664726.9, 585320709521316.0, 583367649670640.8, 617785943103380.9, 614119358889397.2, 680727029026128.2, 647199244104137.8, 619125008291092.4, 615659214012790.5, 616971826456462.6], [525758742172145.56, 546588933177689.2, 564685370752728.9, 591124584240826.4, 581469642171939.4, 623714445195872.1, 647888600267170.5, 624035641194108.8, 518394041841528.1, 520255037222432.9, 520160730560602.44, 554766471544445.8, 537062855956124.4, 561638947963297.2, 559110713896639.75, 623638802359340.2, 625405478136677.1, 647199244104137.8, 680513890053187.9, 616221183040402.9, 619358579415728.9, 613676131133005.1], [521150408205230.4, 541531540959459.2, 558014257113193.6, 582085272377905.1, 578919456724106.9, 599263763692090.5, 622515741312698.0, 651346551053655.2, 517488885576422.9, 513583230410958.8, 514241041816632.0, 551473958402185.25, 531612332933645.8, 551059253301209.0, 556251848864726.7, 590387295583527.4, 599110238924331.6, 619125008291092.4, 616221183040402.9, 681905452130941.4, 646520774871769.2, 645261397636202.1], [509373867118363.94, 530711205529203.94, 546672585769094.4, 575472655725281.1, 573663549126422.2, 596521185326732.8, 621611450806648.1, 650299008585186.6, 505257957388676.1, 501549013789495.0, 502818636337912.9, 539453741508304.7, 523028093723964.25, 538991667996032.1, 542157394246027.44, 590691982704903.4, 595006544890096.9, 615659214012790.5, 619358579415728.9, 646520774871769.2, 679882637925516.2, 643948979913711.1], [501390926159423.0, 525394028713368.44, 544574429100596.25, 573452142071107.9, 569944835528587.2, 598108079534644.9, 620613370761148.9, 649350027720074.5, 495269083434480.3, 493985399574431.7, 494263656610222.5, 533943069887608.6, 517888802615732.25, 536584611815827.56, 543293371328155.56, 597846691872261.6, 595734024020716.4, 616971826456462.6, 613676131133005.1, 645261397636202.1, 643948979913711.1, 678422818117372.8], [6819702853245.211, 7764373802684.321, 3846825761216.4673, -5209921318278.004, -20519683410605.02, 4065300701184.349, 4510163090297.229, 2690979535236.944, 6958875306068.37, 4712789726177.912, 7917936262886.39, 12333071888091.951, 6560535684471.5205, 4513643569170.263, 7090179816916.306, 6668191779668.924, 8565591150283.6875, 3143150828251.252, 7487655351278.417, 2246232200171.96, 1728094815690.3232, 2657969306069.1035]]}}