{"resp_b": 0.1, "restrained_fit": true, "exclude_hydrogens": true, "convergence_tolerance": 1e-06, "max_iter": 500, "resp_a": 0.0005, "charge_constraints": {"charge_sum_constraints": [], "charge_equivalence_constraints": [], "molecules": [{"qcmol": {"schema_name": "qcschema_molecule", "schema_version": 2, "validated": true, "symbols": ["C", "C", "C", "C", "O", "C", "C", "C", "H", "H", "H", "H", "H", "H", "H", "H", "H", "H", "H", "H", "H", "H"], "geometry": [[-0.0, -0.0, 0.0], [2.8897466783629753, 2.5687985369873787e-16, 1.1678283827158848e-15], [4.043297296942572, 2.6668924277095574, 2.7755575615628914e-16], [3.390599251155502, 4.2325544101629955, 2.316910726089865], [2.1746308224195774, 6.125091195259719, 2.13516933765861], [4.316300058746752, 3.2759244898652353, 4.866207607855591], [4.250273525135307, 5.252030369336094, 6.973405402067053], [6.2257470679453855, 7.336291794068654, 6.660302644939611], [-0.7275780404800247, -1.916131604799575, -0.06885715712717838], [-0.7648214078271607, 0.8970906107723084, 1.679287119237719], [-0.7335271448393833, 1.013429205718786, -1.625513198510112], [3.5656841072795764, -0.979124126182822, -1.6718468216104636], [3.5887243145927834, -1.070542282956096, 1.6063705844602292], [3.3970715928798745, 3.713959536168224, -1.636765037579148], [6.090283534522922, 2.5152074648304623, -0.11599226026948845], [3.1164353345622136, 1.6818152569732066, 5.370065453997785], [6.207579833801577, 2.5003420656057944, 4.649920202616755], [2.379666891858289, 6.081207001747743, 7.050816712627366], [4.555908755999978, 4.293072187335108, 8.763519855993176], [5.921555592766757, 8.39388125200286, 4.9331846516884355], [8.125362510825394, 6.55510302141376, 6.610820337750806], [6.1403797081122935, 8.658806866474455, 8.225781477013712]], "name": "C7H14O", "identifiers": {"molecule_hash": "28c57b5b513b8df8027ae9af5701aeb92ac7fa76", "molecular_formula": "C7H14O"}, "molecular_charge": 0.0, "molecular_multiplicity": 1, "connectivity": [[0, 1, 1.0], [0, 8, 1.0], [0, 9, 1.0], [0, 10, 1.0], [1, 2, 1.0], [1, 11, 1.0], [1, 12, 1.0], [2, 3, 1.0], [2, 13, 1.0], [2, 14, 1.0], [3, 4, 2.0], [3, 5, 1.0], [5, 6, 1.0], [5, 15, 1.0], [5, 16, 1.0], [6, 7, 1.0], [6, 17, 1.0], [6, 18, 1.0], [7, 19, 1.0], [7, 20, 1.0], [7, 21, 1.0]], "fix_com": true, "fix_orientation": true, "provenance": {"creator": "QCElemental", "version": "v0.22.0", "routine": "qcelemental.molparse.from_schema"}, "id": "143835"}, "charge": 0, "optimize_geometry": false, "conformers": [], "conformer_generation_options": {"n_conformer_pool": 4000, "n_max_conformers": 0, "rms_tolerance": 0.05, "energy_window": 15, "keep_original_conformer": true}, "stage_1_unrestrained_charges": null, "stage_1_restrained_charges": null, "stage_2_unrestrained_charges": null, "stage_2_restrained_charges": null, "keep_original_orientation": false, "reorientations": [], "translations": [], "rotations": []}], "unconstrained_atoms": [{"index": 0, "molecule": {"qcmol": {"schema_name": "qcschema_molecule", "schema_version": 2, "validated": true, "symbols": ["C", "C", "C", "C", "O", "C", "C", "C", "H", "H", "H", "H", "H", "H", "H", "H", "H", "H", "H", "H", "H", "H"], "geometry": [[-0.0, -0.0, 0.0], [2.8897466783629753, 2.5687985369873787e-16, 1.1678283827158848e-15], [4.043297296942572, 2.6668924277095574, 2.7755575615628914e-16], [3.390599251155502, 4.2325544101629955, 2.316910726089865], [2.1746308224195774, 6.125091195259719, 2.13516933765861], [4.316300058746752, 3.2759244898652353, 4.866207607855591], [4.250273525135307, 5.252030369336094, 6.973405402067053], [6.2257470679453855, 7.336291794068654, 6.660302644939611], [-0.7275780404800247, -1.916131604799575, -0.06885715712717838], [-0.7648214078271607, 0.8970906107723084, 1.679287119237719], [-0.7335271448393833, 1.013429205718786, -1.625513198510112], [3.5656841072795764, -0.979124126182822, -1.6718468216104636], [3.5887243145927834, -1.070542282956096, 1.6063705844602292], [3.3970715928798745, 3.713959536168224, -1.636765037579148], [6.090283534522922, 2.5152074648304623, -0.11599226026948845], [3.1164353345622136, 1.6818152569732066, 5.370065453997785], [6.207579833801577, 2.5003420656057944, 4.649920202616755], [2.379666891858289, 6.081207001747743, 7.050816712627366], [4.555908755999978, 4.293072187335108, 8.763519855993176], [5.921555592766757, 8.39388125200286, 4.9331846516884355], [8.125362510825394, 6.55510302141376, 6.610820337750806], [6.1403797081122935, 8.658806866474455, 8.225781477013712]], "name": "C7H14O", "identifiers": {"molecule_hash": "28c57b5b513b8df8027ae9af5701aeb92ac7fa76", "molecular_formula": "C7H14O"}, "molecular_charge": 0.0, "molecular_multiplicity": 1, "connectivity": [[0, 1, 1.0], [0, 8, 1.0], [0, 9, 1.0], [0, 10, 1.0], [1, 2, 1.0], [1, 11, 1.0], [1, 12, 1.0], [2, 3, 1.0], [2, 13, 1.0], [2, 14, 1.0], [3, 4, 2.0], [3, 5, 1.0], [5, 6, 1.0], [5, 15, 1.0], [5, 16, 1.0], [6, 7, 1.0], [6, 17, 1.0], [6, 18, 1.0], [7, 19, 1.0], [7, 20, 1.0], [7, 21, 1.0]], "fix_com": true, "fix_orientation": true, "provenance": {"creator": "QCElemental", "version": "v0.22.0", "routine": "qcelemental.molparse.from_schema"}, "id": "143835"}, "charge": 0, "optimize_geometry": false, "conformers": [], "conformer_generation_options": {"n_conformer_pool": 4000, "n_max_conformers": 0, "rms_tolerance": 0.05, "energy_window": 15, "keep_original_conformer": true}, "stage_1_unrestrained_charges": null, "stage_1_restrained_charges": null, "stage_2_unrestrained_charges": null, "stage_2_restrained_charges": null, "keep_original_orientation": false, "reorientations": [], "translations": [], "rotations": []}}, {"index": 1, "molecule": {"qcmol": {"schema_name": "qcschema_molecule", "schema_version": 2, "validated": true, "symbols": ["C", "C", "C", "C", "O", "C", "C", "C", "H", "H", "H", "H", "H", "H", "H", "H", "H", "H", "H", "H", "H", "H"], "geometry": [[-0.0, -0.0, 0.0], [2.8897466783629753, 2.5687985369873787e-16, 1.1678283827158848e-15], [4.043297296942572, 2.6668924277095574, 2.7755575615628914e-16], [3.390599251155502, 4.2325544101629955, 2.316910726089865], [2.1746308224195774, 6.125091195259719, 2.13516933765861], [4.316300058746752, 3.2759244898652353, 4.866207607855591], [4.250273525135307, 5.252030369336094, 6.973405402067053], [6.2257470679453855, 7.336291794068654, 6.660302644939611], [-0.7275780404800247, -1.916131604799575, -0.06885715712717838], [-0.7648214078271607, 0.8970906107723084, 1.679287119237719], [-0.7335271448393833, 1.013429205718786, -1.625513198510112], [3.5656841072795764, -0.979124126182822, -1.6718468216104636], [3.5887243145927834, -1.070542282956096, 1.6063705844602292], [3.3970715928798745, 3.713959536168224, -1.636765037579148], [6.090283534522922, 2.5152074648304623, -0.11599226026948845], [3.1164353345622136, 1.6818152569732066, 5.370065453997785], [6.207579833801577, 2.5003420656057944, 4.649920202616755], [2.379666891858289, 6.081207001747743, 7.050816712627366], [4.555908755999978, 4.293072187335108, 8.763519855993176], [5.921555592766757, 8.39388125200286, 4.9331846516884355], [8.125362510825394, 6.55510302141376, 6.610820337750806], [6.1403797081122935, 8.658806866474455, 8.225781477013712]], "name": "C7H14O", "identifiers": {"molecule_hash": "28c57b5b513b8df8027ae9af5701aeb92ac7fa76", "molecular_formula": "C7H14O"}, "molecular_charge": 0.0, "molecular_multiplicity": 1, "connectivity": [[0, 1, 1.0], [0, 8, 1.0], [0, 9, 1.0], [0, 10, 1.0], [1, 2, 1.0], [1, 11, 1.0], [1, 12, 1.0], [2, 3, 1.0], [2, 13, 1.0], [2, 14, 1.0], [3, 4, 2.0], [3, 5, 1.0], [5, 6, 1.0], [5, 15, 1.0], [5, 16, 1.0], [6, 7, 1.0], [6, 17, 1.0], [6, 18, 1.0], [7, 19, 1.0], [7, 20, 1.0], [7, 21, 1.0]], "fix_com": true, "fix_orientation": true, "provenance": {"creator": "QCElemental", "version": "v0.22.0", "routine": "qcelemental.molparse.from_schema"}, "id": "143835"}, "charge": 0, "optimize_geometry": false, "conformers": [], "conformer_generation_options": {"n_conformer_pool": 4000, "n_max_conformers": 0, "rms_tolerance": 0.05, "energy_window": 15, "keep_original_conformer": true}, "stage_1_unrestrained_charges": null, "stage_1_restrained_charges": null, "stage_2_unrestrained_charges": null, "stage_2_restrained_charges": null, "keep_original_orientation": false, "reorientations": [], "translations": [], "rotations": []}}, {"index": 2, "molecule": {"qcmol": {"schema_name": "qcschema_molecule", "schema_version": 2, "validated": true, "symbols": ["C", "C", "C", "C", "O", "C", "C", "C", "H", "H", "H", "H", "H", "H", "H", "H", "H", "H", "H", "H", "H", "H"], "geometry": [[-0.0, -0.0, 0.0], [2.8897466783629753, 2.5687985369873787e-16, 1.1678283827158848e-15], [4.043297296942572, 2.6668924277095574, 2.7755575615628914e-16], [3.390599251155502, 4.2325544101629955, 2.316910726089865], [2.1746308224195774, 6.125091195259719, 2.13516933765861], [4.316300058746752, 3.2759244898652353, 4.866207607855591], [4.250273525135307, 5.252030369336094, 6.973405402067053], [6.2257470679453855, 7.336291794068654, 6.660302644939611], [-0.7275780404800247, -1.916131604799575, -0.06885715712717838], [-0.7648214078271607, 0.8970906107723084, 1.679287119237719], [-0.7335271448393833, 1.013429205718786, -1.625513198510112], [3.5656841072795764, -0.979124126182822, -1.6718468216104636], [3.5887243145927834, -1.070542282956096, 1.6063705844602292], [3.3970715928798745, 3.713959536168224, -1.636765037579148], [6.090283534522922, 2.5152074648304623, -0.11599226026948845], [3.1164353345622136, 1.6818152569732066, 5.370065453997785], [6.207579833801577, 2.5003420656057944, 4.649920202616755], [2.379666891858289, 6.081207001747743, 7.050816712627366], [4.555908755999978, 4.293072187335108, 8.763519855993176], [5.921555592766757, 8.39388125200286, 4.9331846516884355], [8.125362510825394, 6.55510302141376, 6.610820337750806], [6.1403797081122935, 8.658806866474455, 8.225781477013712]], "name": "C7H14O", "identifiers": {"molecule_hash": "28c57b5b513b8df8027ae9af5701aeb92ac7fa76", "molecular_formula": "C7H14O"}, "molecular_charge": 0.0, "molecular_multiplicity": 1, "connectivity": [[0, 1, 1.0], [0, 8, 1.0], [0, 9, 1.0], [0, 10, 1.0], [1, 2, 1.0], [1, 11, 1.0], [1, 12, 1.0], [2, 3, 1.0], [2, 13, 1.0], [2, 14, 1.0], [3, 4, 2.0], [3, 5, 1.0], [5, 6, 1.0], [5, 15, 1.0], [5, 16, 1.0], [6, 7, 1.0], [6, 17, 1.0], [6, 18, 1.0], [7, 19, 1.0], [7, 20, 1.0], [7, 21, 1.0]], "fix_com": true, "fix_orientation": true, "provenance": {"creator": "QCElemental", "version": "v0.22.0", "routine": "qcelemental.molparse.from_schema"}, "id": "143835"}, "charge": 0, "optimize_geometry": false, "conformers": [], "conformer_generation_options": {"n_conformer_pool": 4000, "n_max_conformers": 0, "rms_tolerance": 0.05, "energy_window": 15, "keep_original_conformer": true}, "stage_1_unrestrained_charges": null, "stage_1_restrained_charges": null, "stage_2_unrestrained_charges": null, "stage_2_restrained_charges": null, "keep_original_orientation": false, "reorientations": [], "translations": [], "rotations": []}}, {"index": 5, "molecule": {"qcmol": {"schema_name": "qcschema_molecule", "schema_version": 2, "validated": true, "symbols": ["C", "C", "C", "C", "O", "C", "C", "C", "H", "H", "H", "H", "H", "H", "H", "H", "H", "H", "H", "H", "H", "H"], "geometry": [[-0.0, -0.0, 0.0], [2.8897466783629753, 2.5687985369873787e-16, 1.1678283827158848e-15], [4.043297296942572, 2.6668924277095574, 2.7755575615628914e-16], [3.390599251155502, 4.2325544101629955, 2.316910726089865], [2.1746308224195774, 6.125091195259719, 2.13516933765861], [4.316300058746752, 3.2759244898652353, 4.866207607855591], [4.250273525135307, 5.252030369336094, 6.973405402067053], [6.2257470679453855, 7.336291794068654, 6.660302644939611], [-0.7275780404800247, -1.916131604799575, -0.06885715712717838], [-0.7648214078271607, 0.8970906107723084, 1.679287119237719], [-0.7335271448393833, 1.013429205718786, -1.625513198510112], [3.5656841072795764, -0.979124126182822, -1.6718468216104636], [3.5887243145927834, -1.070542282956096, 1.6063705844602292], [3.3970715928798745, 3.713959536168224, -1.636765037579148], [6.090283534522922, 2.5152074648304623, -0.11599226026948845], [3.1164353345622136, 1.6818152569732066, 5.370065453997785], [6.207579833801577, 2.5003420656057944, 4.649920202616755], [2.379666891858289, 6.081207001747743, 7.050816712627366], [4.555908755999978, 4.293072187335108, 8.763519855993176], [5.921555592766757, 8.39388125200286, 4.9331846516884355], [8.125362510825394, 6.55510302141376, 6.610820337750806], [6.1403797081122935, 8.658806866474455, 8.225781477013712]], "name": "C7H14O", "identifiers": {"molecule_hash": "28c57b5b513b8df8027ae9af5701aeb92ac7fa76", "molecular_formula": "C7H14O"}, "molecular_charge": 0.0, "molecular_multiplicity": 1, "connectivity": [[0, 1, 1.0], [0, 8, 1.0], [0, 9, 1.0], [0, 10, 1.0], [1, 2, 1.0], [1, 11, 1.0], [1, 12, 1.0], [2, 3, 1.0], [2, 13, 1.0], [2, 14, 1.0], [3, 4, 2.0], [3, 5, 1.0], [5, 6, 1.0], [5, 15, 1.0], [5, 16, 1.0], [6, 7, 1.0], [6, 17, 1.0], [6, 18, 1.0], [7, 19, 1.0], [7, 20, 1.0], [7, 21, 1.0]], "fix_com": true, "fix_orientation": true, "provenance": {"creator": "QCElemental", "version": "v0.22.0", "routine": "qcelemental.molparse.from_schema"}, "id": "143835"}, "charge": 0, "optimize_geometry": false, "conformers": [], "conformer_generation_options": {"n_conformer_pool": 4000, "n_max_conformers": 0, "rms_tolerance": 0.05, "energy_window": 15, "keep_original_conformer": true}, "stage_1_unrestrained_charges": null, "stage_1_restrained_charges": null, "stage_2_unrestrained_charges": null, "stage_2_restrained_charges": null, "keep_original_orientation": false, "reorientations": [], "translations": [], "rotations": []}}, {"index": 6, "molecule": {"qcmol": {"schema_name": "qcschema_molecule", "schema_version": 2, "validated": true, "symbols": ["C", "C", "C", "C", "O", "C", "C", "C", "H", "H", "H", "H", "H", "H", "H", "H", "H", "H", "H", "H", "H", "H"], "geometry": [[-0.0, -0.0, 0.0], [2.8897466783629753, 2.5687985369873787e-16, 1.1678283827158848e-15], [4.043297296942572, 2.6668924277095574, 2.7755575615628914e-16], [3.390599251155502, 4.2325544101629955, 2.316910726089865], [2.1746308224195774, 6.125091195259719, 2.13516933765861], [4.316300058746752, 3.2759244898652353, 4.866207607855591], [4.250273525135307, 5.252030369336094, 6.973405402067053], [6.2257470679453855, 7.336291794068654, 6.660302644939611], [-0.7275780404800247, -1.916131604799575, -0.06885715712717838], [-0.7648214078271607, 0.8970906107723084, 1.679287119237719], [-0.7335271448393833, 1.013429205718786, -1.625513198510112], [3.5656841072795764, -0.979124126182822, -1.6718468216104636], [3.5887243145927834, -1.070542282956096, 1.6063705844602292], [3.3970715928798745, 3.713959536168224, -1.636765037579148], [6.090283534522922, 2.5152074648304623, -0.11599226026948845], [3.1164353345622136, 1.6818152569732066, 5.370065453997785], [6.207579833801577, 2.5003420656057944, 4.649920202616755], [2.379666891858289, 6.081207001747743, 7.050816712627366], [4.555908755999978, 4.293072187335108, 8.763519855993176], [5.921555592766757, 8.39388125200286, 4.9331846516884355], [8.125362510825394, 6.55510302141376, 6.610820337750806], [6.1403797081122935, 8.658806866474455, 8.225781477013712]], "name": "C7H14O", "identifiers": {"molecule_hash": "28c57b5b513b8df8027ae9af5701aeb92ac7fa76", "molecular_formula": "C7H14O"}, "molecular_charge": 0.0, "molecular_multiplicity": 1, "connectivity": [[0, 1, 1.0], [0, 8, 1.0], [0, 9, 1.0], [0, 10, 1.0], [1, 2, 1.0], [1, 11, 1.0], [1, 12, 1.0], [2, 3, 1.0], [2, 13, 1.0], [2, 14, 1.0], [3, 4, 2.0], [3, 5, 1.0], [5, 6, 1.0], [5, 15, 1.0], [5, 16, 1.0], [6, 7, 1.0], [6, 17, 1.0], [6, 18, 1.0], [7, 19, 1.0], [7, 20, 1.0], [7, 21, 1.0]], "fix_com": true, "fix_orientation": true, "provenance": {"creator": "QCElemental", "version": "v0.22.0", "routine": "qcelemental.molparse.from_schema"}, "id": "143835"}, "charge": 0, "optimize_geometry": false, "conformers": [], "conformer_generation_options": {"n_conformer_pool": 4000, "n_max_conformers": 0, "rms_tolerance": 0.05, "energy_window": 15, "keep_original_conformer": true}, "stage_1_unrestrained_charges": null, "stage_1_restrained_charges": null, "stage_2_unrestrained_charges": null, "stage_2_restrained_charges": null, "keep_original_orientation": false, "reorientations": [], "translations": [], "rotations": []}}, {"index": 7, "molecule": {"qcmol": {"schema_name": "qcschema_molecule", "schema_version": 2, "validated": true, "symbols": ["C", "C", "C", "C", "O", "C", "C", "C", "H", "H", "H", "H", "H", "H", "H", "H", "H", "H", "H", "H", "H", "H"], "geometry": [[-0.0, -0.0, 0.0], [2.8897466783629753, 2.5687985369873787e-16, 1.1678283827158848e-15], [4.043297296942572, 2.6668924277095574, 2.7755575615628914e-16], [3.390599251155502, 4.2325544101629955, 2.316910726089865], [2.1746308224195774, 6.125091195259719, 2.13516933765861], [4.316300058746752, 3.2759244898652353, 4.866207607855591], [4.250273525135307, 5.252030369336094, 6.973405402067053], [6.2257470679453855, 7.336291794068654, 6.660302644939611], [-0.7275780404800247, -1.916131604799575, -0.06885715712717838], [-0.7648214078271607, 0.8970906107723084, 1.679287119237719], [-0.7335271448393833, 1.013429205718786, -1.625513198510112], [3.5656841072795764, -0.979124126182822, -1.6718468216104636], [3.5887243145927834, -1.070542282956096, 1.6063705844602292], [3.3970715928798745, 3.713959536168224, -1.636765037579148], [6.090283534522922, 2.5152074648304623, -0.11599226026948845], [3.1164353345622136, 1.6818152569732066, 5.370065453997785], [6.207579833801577, 2.5003420656057944, 4.649920202616755], [2.379666891858289, 6.081207001747743, 7.050816712627366], [4.555908755999978, 4.293072187335108, 8.763519855993176], [5.921555592766757, 8.39388125200286, 4.9331846516884355], [8.125362510825394, 6.55510302141376, 6.610820337750806], [6.1403797081122935, 8.658806866474455, 8.225781477013712]], "name": "C7H14O", "identifiers": {"molecule_hash": "28c57b5b513b8df8027ae9af5701aeb92ac7fa76", "molecular_formula": "C7H14O"}, "molecular_charge": 0.0, "molecular_multiplicity": 1, "connectivity": [[0, 1, 1.0], [0, 8, 1.0], [0, 9, 1.0], [0, 10, 1.0], [1, 2, 1.0], [1, 11, 1.0], [1, 12, 1.0], [2, 3, 1.0], [2, 13, 1.0], [2, 14, 1.0], [3, 4, 2.0], [3, 5, 1.0], [5, 6, 1.0], [5, 15, 1.0], [5, 16, 1.0], [6, 7, 1.0], [6, 17, 1.0], [6, 18, 1.0], [7, 19, 1.0], [7, 20, 1.0], [7, 21, 1.0]], "fix_com": true, "fix_orientation": true, "provenance": {"creator": "QCElemental", "version": "v0.22.0", "routine": "qcelemental.molparse.from_schema"}, "id": "143835"}, "charge": 0, "optimize_geometry": false, "conformers": [], "conformer_generation_options": {"n_conformer_pool": 4000, "n_max_conformers": 0, "rms_tolerance": 0.05, "energy_window": 15, "keep_original_conformer": true}, "stage_1_unrestrained_charges": null, "stage_1_restrained_charges": null, "stage_2_unrestrained_charges": null, "stage_2_restrained_charges": null, "keep_original_orientation": false, "reorientations": [], "translations": [], "rotations": []}}]}, "surface_constraints": {"matrix": [[4709.296725267426, 4567.141203240012, 4402.049473162755, 4209.024779222387, 4147.666464521806, 4030.904346533637, 3890.81514336903, 3747.010623261808, 4733.622792879679, 4735.089917966173, 4738.562018442796, 4557.474650018644, 4551.262069491527, 4405.376886658047, 4392.606744037552, 4005.591778307743, 4012.8144110878484, 3947.437064513836, 3815.5332570634337, 3782.090200766833, 3696.626835278753, 3638.6915784542757], [4567.141203240012, 4661.117453550274, 4542.707364614823, 4378.188896776246, 4304.014009962879, 4234.877657496383, 4052.0765468277714, 3906.954012556271, 4530.102750844616, 4529.237114293967, 4535.257058274211, 4721.378120328377, 4722.267979618318, 4542.245989417802, 4545.278138517908, 4234.479281628575, 4255.950660326936, 4087.8471547879367, 3966.7019830293593, 3929.9997438470623, 3851.4756213069454, 3812.8864029512592], [4402.049473162755, 4542.707364614823, 4653.485111110911, 4530.0537079677215, 4484.790110670693, 4373.870474877293, 4192.655598789167, 4034.938977797499, 4342.43314426356, 4379.828453591807, 4349.45389988127, 4533.883291076727, 4537.346148085499, 4725.330343046202, 4729.466730375286, 4361.555551790305, 4391.234936305621, 4247.54387556466, 4098.031733129788, 4049.6183430611545, 3967.3105292005957, 3952.0825089288637], [4209.024779222387, 4378.188896776246, 4530.0537079677215, 4610.995154462669, 4660.118589138194, 4518.65876229724, 4366.7925298132095, 4228.075408864988, 4151.468563440638, 4186.415760968881, 4139.410638974775, 4356.528942242972, 4387.711786300687, 4541.44511584243, 4543.3318199529795, 4526.198401965333, 4529.991801251768, 4405.931548529866, 4289.906279816878, 4224.306405783, 4176.318289604256, 4161.653921845518], [4147.666464521806, 4304.014009962879, 4484.790110670693, 4660.118589138194, 4877.238366274107, 4470.1951875950035, 4324.100617214997, 4202.7259976855485, 4086.9248282582903, 4149.761673265286, 4068.8136958881146, 4236.690902124052, 4329.032033665677, 4488.221680041699, 4457.432138681901, 4448.673827505995, 4429.124877755493, 4381.852205180522, 4219.838408683658, 4201.331290104007, 4163.189578370814, 4136.200991151533], [4030.904346533637, 4234.877657496383, 4373.870474877293, 4518.65876229724, 4470.1951875950035, 4635.566652769036, 4526.735906884578, 4382.854113569645, 3976.82690505876, 3981.0288365216643, 3961.1807298282883, 4266.781228884164, 4232.029904698956, 4341.9793876998765, 4378.169080557965, 4704.917005851536, 4709.771559243187, 4517.353576636111, 4526.417377787846, 4348.974219981074, 4329.071029291066, 4340.586707234988], [3890.81514336903, 4052.0765468277714, 4192.655598789167, 4366.7925298132095, 4324.100617214997, 4526.735906884578, 4640.4371885867895, 4544.740881154713, 3833.1217815043024, 3855.6705105588685, 3840.8313310207286, 4103.466425739463, 3992.1835122501643, 4168.121867513623, 4173.915820319029, 4526.074818615962, 4528.408548969431, 4699.831896066185, 4701.853904396856, 4517.718253068851, 4511.155706343083, 4503.912317570212], [3747.010623261808, 3906.954012556271, 4034.938977797499, 4228.075408864988, 4202.7259976855485, 4382.854113569645, 4544.740881154713, 4690.375997600612, 3708.45201755724, 3695.276722137743, 3697.384194026116, 3970.3570580280084, 3846.077562205817, 3986.0037891342467, 4016.78518925464, 4353.237117220209, 4375.442265382228, 4532.682103816555, 4528.74838183173, 4726.949141878813, 4719.347017799411, 4712.459896609567], [4733.622792879679, 4530.102750844616, 4342.43314426356, 4151.468563440638, 4086.9248282582903, 3976.82690505876, 3833.1217815043024, 3708.45201755724, 4945.287847519875, 4692.633767574165, 4695.10707912165, 4489.370237925019, 4516.756376192397, 4317.084391979906, 4345.947111125587, 3942.2660088708303, 3972.074153243217, 3867.267104571508, 3762.0860371177514, 3755.5178275463927, 3666.7567267866216, 3594.264051145065], [4735.089917966173, 4529.237114293967, 4379.828453591807, 4186.415760968881, 4149.761673265286, 3981.0288365216643, 3855.6705105588685, 3695.276722137743, 4692.633767574165, 4952.89559276783, 4695.6872580824565, 4474.694716063399, 4496.233431839966, 4385.852423256683, 4376.402650680747, 3947.2595116038387, 3938.973059193529, 3942.0926751176044, 3775.5924608709597, 3727.174540572039, 3639.841397310648, 3584.949127346931], [4738.562018442796, 4535.257058274211, 4349.45389988127, 4139.410638974775, 4068.8136958881146, 3961.1807298282883, 3840.8313310207286, 3697.384194026116, 4695.10707912165, 4695.6872580824565, 4956.87573786965, 4542.870618079407, 4471.278464589961, 4381.310310484795, 4312.616846175577, 3936.2554142492786, 3924.932415447702, 3902.518705992559, 3774.90690539117, 3731.946976792461, 3649.053692005348, 3586.9671140354744], [4557.474650018644, 4721.378120328377, 4533.883291076727, 4356.528942242972, 4236.690902124052, 4266.781228884164, 4103.466425739463, 3970.3570580280084, 4489.370237925019, 4474.694716063399, 4542.870618079407, 4959.604934626642, 4717.977876353247, 4521.328787538374, 4505.176947820227, 4283.427294133682, 4296.945468801476, 4135.420335909852, 4026.0475392021694, 4002.1532983510047, 3914.921284896023, 3874.927833005369], [4551.262069491527, 4722.267979618318, 4537.346148085499, 4387.711786300687, 4329.032033665677, 4232.029904698956, 3992.1835122501643, 3846.077562205817, 4516.756376192397, 4496.233431839966, 4471.278464589961, 4717.977876353247, 4964.9510422946505, 4486.629510020163, 4521.86765604231, 4245.74362519658, 4280.367024507369, 3996.723342577018, 3897.569534760292, 3858.0141442559316, 3795.7179902119324, 3758.4196891240226], [4405.376886658047, 4542.245989417802, 4725.330343046202, 4541.44511584243, 4488.221680041699, 4341.9793876998765, 4168.121867513623, 3986.0037891342467, 4317.084391979906, 4385.852423256683, 4381.310310484795, 4521.328787538374, 4486.629510020163, 4973.99967519613, 4732.844663971241, 4320.539695079647, 4332.995479109398, 4247.786300982248, 4075.923198832999, 3999.1442823150637, 3911.5683082951664, 3894.098666921994], [4392.606744037552, 4545.278138517908, 4729.466730375286, 4543.3318199529795, 4457.432138681901, 4378.169080557965, 4173.915820319029, 4016.78518925464, 4345.947111125587, 4376.402650680747, 4312.616846175577, 4505.176947820227, 4521.86765604231, 4732.844663971241, 4984.262689678691, 4350.87263760773, 4422.875454941213, 4233.612804062924, 4057.575712457304, 4036.828677817108, 3934.5431732379348, 3942.785803190815], [4005.591778307743, 4234.479281628575, 4361.555551790305, 4526.198401965333, 4448.673827505995, 4704.917005851536, 4526.074818615962, 4353.237117220209, 3942.2660088708303, 3947.2595116038387, 3936.2554142492786, 4283.427294133682, 4245.74362519658, 4320.539695079647, 4350.87263760773, 4949.273811399783, 4713.161864553847, 4483.393343222237, 4525.8685233257975, 4284.555557387293, 4286.766876762421, 4338.68915863615], [4012.8144110878484, 4255.950660326936, 4391.234936305621, 4529.991801251768, 4429.124877755493, 4709.771559243187, 4528.408548969431, 4375.442265382228, 3972.074153243217, 3938.973059193529, 3924.932415447702, 4296.945468801476, 4280.367024507369, 4332.995479109398, 4422.875454941213, 4713.161864553847, 4961.206449781223, 4456.783764942537, 4538.689542200256, 4347.860614145617, 4318.079177507802, 4323.357943017508], [3947.437064513836, 4087.8471547879367, 4247.54387556466, 4405.931548529866, 4381.852205180522, 4517.353576636111, 4699.831896066185, 4532.682103816555, 3867.267104571508, 3942.0926751176044, 3902.518705992559, 4135.420335909852, 3996.723342577018, 4247.786300982248, 4233.612804062924, 4483.393343222237, 4456.783764942537, 4940.168848882555, 4696.851109654029, 4493.110737796985, 4467.9593292673335, 4477.4850576157805], [3815.5332570634337, 3966.7019830293593, 4098.031733129788, 4289.906279816878, 4219.838408683658, 4526.417377787846, 4701.853904396856, 4528.74838183173, 3762.0860371177514, 3775.5924608709597, 3774.90690539117, 4026.0475392021694, 3897.569534760292, 4075.923198832999, 4057.575712457304, 4525.8685233257975, 4538.689542200256, 4696.851109654029, 4938.621933313406, 4472.037569422929, 4494.805736035007, 4453.567516132149], [3782.090200766833, 3929.9997438470623, 4049.6183430611545, 4224.306405783, 4201.331290104007, 4348.974219981074, 4517.718253068851, 4726.949141878813, 3755.5178275463927, 3727.174540572039, 3731.946976792461, 4002.1532983510047, 3858.0141442559316, 3999.1442823150637, 4036.828677817108, 4284.555557387293, 4347.860614145617, 4493.110737796985, 4472.037569422929, 4948.721091213624, 4691.927664172553, 4682.787898388861], [3696.626835278753, 3851.4756213069454, 3967.3105292005957, 4176.318289604256, 4163.189578370814, 4329.071029291066, 4511.155706343083, 4719.347017799411, 3666.7567267866216, 3639.841397310648, 3649.053692005348, 3914.921284896023, 3795.7179902119324, 3911.5683082951664, 3934.5431732379348, 4286.766876762421, 4318.079177507802, 4467.9593292673335, 4494.805736035007, 4691.927664172553, 4934.0413090300035, 4673.263578041303], [3638.6915784542757, 3812.8864029512592, 3952.0825089288637, 4161.653921845518, 4136.200991151533, 4340.586707234988, 4503.912317570212, 4712.459896609567, 3594.264051145065, 3584.949127346931, 3586.9671140354744, 3874.927833005369, 3758.4196891240226, 3894.098666921994, 3942.785803190815, 4338.68915863615, 4323.357943017508, 4477.4850576157805, 4453.567516132149, 4682.787898388861, 4673.263578041303, 4923.4467172427985], [40.457167068362494, 44.16300791648958, 22.904222696388324, -27.085458454554544, -112.7747173446153, 23.7650417771441, 27.093050754099853, 18.291434103459675, 42.33147371183451, 29.410102179157104, 46.25943631920214, 68.27415794872994, 37.02601051615483, 27.22766462009482, 40.6099246900269, 37.84011235291408, 47.960884055573814, 19.023107840938863, 43.63799605424494, 16.797405725294272, 13.158442869984693, 18.167873472649894]]}}