{"resp_b": 0.1, "restrained_fit": true, "exclude_hydrogens": true, "convergence_tolerance": 1e-06, "max_iter": 500, "resp_a": 0.0005, "charge_constraints": {"charge_sum_constraints": [], "charge_equivalence_constraints": [], "molecules": [{"qcmol": {"schema_name": "qcschema_molecule", "schema_version": 2, "validated": true, "symbols": ["C", "C", "C", "C", "O", "C", "C", "C", "H", "H", "H", "H", "H", "H", "H", "H", "H", "H", "H", "H", "H", "H"], "geometry": [[-0.0, -0.0, 0.0], [2.8897466783629753, 2.5687985369873787e-16, 1.1678283827158848e-15], [4.043297296942572, 2.6668924277095574, 2.7755575615628914e-16], [3.390599251155502, 4.2325544101629955, 2.316910726089865], [2.1746308224195774, 6.125091195259719, 2.13516933765861], [4.316300058746752, 3.2759244898652353, 4.866207607855591], [4.250273525135307, 5.252030369336094, 6.973405402067053], [6.2257470679453855, 7.336291794068654, 6.660302644939611], [-0.7275780404800247, -1.916131604799575, -0.06885715712717838], [-0.7648214078271607, 0.8970906107723084, 1.679287119237719], [-0.7335271448393833, 1.013429205718786, -1.625513198510112], [3.5656841072795764, -0.979124126182822, -1.6718468216104636], [3.5887243145927834, -1.070542282956096, 1.6063705844602292], [3.3970715928798745, 3.713959536168224, -1.636765037579148], [6.090283534522922, 2.5152074648304623, -0.11599226026948845], [3.1164353345622136, 1.6818152569732066, 5.370065453997785], [6.207579833801577, 2.5003420656057944, 4.649920202616755], [2.379666891858289, 6.081207001747743, 7.050816712627366], [4.555908755999978, 4.293072187335108, 8.763519855993176], [5.921555592766757, 8.39388125200286, 4.9331846516884355], [8.125362510825394, 6.55510302141376, 6.610820337750806], [6.1403797081122935, 8.658806866474455, 8.225781477013712]], "name": "C7H14O", "identifiers": {"molecule_hash": "28c57b5b513b8df8027ae9af5701aeb92ac7fa76", "molecular_formula": "C7H14O"}, "molecular_charge": 0.0, "molecular_multiplicity": 1, "connectivity": [[0, 1, 1.0], [0, 8, 1.0], [0, 9, 1.0], [0, 10, 1.0], [1, 2, 1.0], [1, 11, 1.0], [1, 12, 1.0], [2, 3, 1.0], [2, 13, 1.0], [2, 14, 1.0], [3, 4, 2.0], [3, 5, 1.0], [5, 6, 1.0], [5, 15, 1.0], [5, 16, 1.0], [6, 7, 1.0], [6, 17, 1.0], [6, 18, 1.0], [7, 19, 1.0], [7, 20, 1.0], [7, 21, 1.0]], "fix_com": true, "fix_orientation": true, "provenance": {"creator": "QCElemental", "version": "v0.22.0", "routine": "qcelemental.molparse.from_schema"}, "id": "143835"}, "charge": 0, "optimize_geometry": false, "conformers": [], "conformer_generation_options": {"n_conformer_pool": 4000, "n_max_conformers": 0, "rms_tolerance": 0.05, "energy_window": 15, "keep_original_conformer": true}, "stage_1_unrestrained_charges": null, "stage_1_restrained_charges": null, "stage_2_unrestrained_charges": null, "stage_2_restrained_charges": null, "keep_original_orientation": false, "reorientations": [], "translations": [], "rotations": []}], "unconstrained_atoms": [{"index": 0, "molecule": {"qcmol": {"schema_name": "qcschema_molecule", "schema_version": 2, "validated": true, "symbols": ["C", "C", "C", "C", "O", "C", "C", "C", "H", "H", "H", "H", "H", "H", "H", "H", "H", "H", "H", "H", "H", "H"], "geometry": [[-0.0, -0.0, 0.0], [2.8897466783629753, 2.5687985369873787e-16, 1.1678283827158848e-15], [4.043297296942572, 2.6668924277095574, 2.7755575615628914e-16], [3.390599251155502, 4.2325544101629955, 2.316910726089865], [2.1746308224195774, 6.125091195259719, 2.13516933765861], [4.316300058746752, 3.2759244898652353, 4.866207607855591], [4.250273525135307, 5.252030369336094, 6.973405402067053], [6.2257470679453855, 7.336291794068654, 6.660302644939611], [-0.7275780404800247, -1.916131604799575, -0.06885715712717838], [-0.7648214078271607, 0.8970906107723084, 1.679287119237719], [-0.7335271448393833, 1.013429205718786, -1.625513198510112], [3.5656841072795764, -0.979124126182822, -1.6718468216104636], [3.5887243145927834, -1.070542282956096, 1.6063705844602292], [3.3970715928798745, 3.713959536168224, -1.636765037579148], [6.090283534522922, 2.5152074648304623, -0.11599226026948845], [3.1164353345622136, 1.6818152569732066, 5.370065453997785], [6.207579833801577, 2.5003420656057944, 4.649920202616755], [2.379666891858289, 6.081207001747743, 7.050816712627366], [4.555908755999978, 4.293072187335108, 8.763519855993176], [5.921555592766757, 8.39388125200286, 4.9331846516884355], [8.125362510825394, 6.55510302141376, 6.610820337750806], [6.1403797081122935, 8.658806866474455, 8.225781477013712]], "name": "C7H14O", "identifiers": {"molecule_hash": "28c57b5b513b8df8027ae9af5701aeb92ac7fa76", "molecular_formula": "C7H14O"}, "molecular_charge": 0.0, "molecular_multiplicity": 1, "connectivity": [[0, 1, 1.0], [0, 8, 1.0], [0, 9, 1.0], [0, 10, 1.0], [1, 2, 1.0], [1, 11, 1.0], [1, 12, 1.0], [2, 3, 1.0], [2, 13, 1.0], [2, 14, 1.0], [3, 4, 2.0], [3, 5, 1.0], [5, 6, 1.0], [5, 15, 1.0], [5, 16, 1.0], [6, 7, 1.0], [6, 17, 1.0], [6, 18, 1.0], [7, 19, 1.0], [7, 20, 1.0], [7, 21, 1.0]], "fix_com": true, "fix_orientation": true, "provenance": {"creator": "QCElemental", "version": "v0.22.0", "routine": "qcelemental.molparse.from_schema"}, "id": "143835"}, "charge": 0, "optimize_geometry": false, "conformers": [], "conformer_generation_options": {"n_conformer_pool": 4000, "n_max_conformers": 0, "rms_tolerance": 0.05, "energy_window": 15, "keep_original_conformer": true}, "stage_1_unrestrained_charges": null, "stage_1_restrained_charges": null, "stage_2_unrestrained_charges": null, "stage_2_restrained_charges": null, "keep_original_orientation": false, "reorientations": [], "translations": [], "rotations": []}}, {"index": 1, "molecule": {"qcmol": {"schema_name": "qcschema_molecule", "schema_version": 2, "validated": true, "symbols": ["C", "C", "C", "C", "O", "C", "C", "C", "H", "H", "H", "H", "H", "H", "H", "H", "H", "H", "H", "H", "H", "H"], "geometry": [[-0.0, -0.0, 0.0], [2.8897466783629753, 2.5687985369873787e-16, 1.1678283827158848e-15], [4.043297296942572, 2.6668924277095574, 2.7755575615628914e-16], [3.390599251155502, 4.2325544101629955, 2.316910726089865], [2.1746308224195774, 6.125091195259719, 2.13516933765861], [4.316300058746752, 3.2759244898652353, 4.866207607855591], [4.250273525135307, 5.252030369336094, 6.973405402067053], [6.2257470679453855, 7.336291794068654, 6.660302644939611], [-0.7275780404800247, -1.916131604799575, -0.06885715712717838], [-0.7648214078271607, 0.8970906107723084, 1.679287119237719], [-0.7335271448393833, 1.013429205718786, -1.625513198510112], [3.5656841072795764, -0.979124126182822, -1.6718468216104636], [3.5887243145927834, -1.070542282956096, 1.6063705844602292], [3.3970715928798745, 3.713959536168224, -1.636765037579148], [6.090283534522922, 2.5152074648304623, -0.11599226026948845], [3.1164353345622136, 1.6818152569732066, 5.370065453997785], [6.207579833801577, 2.5003420656057944, 4.649920202616755], [2.379666891858289, 6.081207001747743, 7.050816712627366], [4.555908755999978, 4.293072187335108, 8.763519855993176], [5.921555592766757, 8.39388125200286, 4.9331846516884355], [8.125362510825394, 6.55510302141376, 6.610820337750806], [6.1403797081122935, 8.658806866474455, 8.225781477013712]], "name": "C7H14O", "identifiers": {"molecule_hash": "28c57b5b513b8df8027ae9af5701aeb92ac7fa76", "molecular_formula": "C7H14O"}, "molecular_charge": 0.0, "molecular_multiplicity": 1, "connectivity": [[0, 1, 1.0], [0, 8, 1.0], [0, 9, 1.0], [0, 10, 1.0], [1, 2, 1.0], [1, 11, 1.0], [1, 12, 1.0], [2, 3, 1.0], [2, 13, 1.0], [2, 14, 1.0], [3, 4, 2.0], [3, 5, 1.0], [5, 6, 1.0], [5, 15, 1.0], [5, 16, 1.0], [6, 7, 1.0], [6, 17, 1.0], [6, 18, 1.0], [7, 19, 1.0], [7, 20, 1.0], [7, 21, 1.0]], "fix_com": true, "fix_orientation": true, "provenance": {"creator": "QCElemental", "version": "v0.22.0", "routine": "qcelemental.molparse.from_schema"}, "id": "143835"}, "charge": 0, "optimize_geometry": false, "conformers": [], "conformer_generation_options": {"n_conformer_pool": 4000, "n_max_conformers": 0, "rms_tolerance": 0.05, "energy_window": 15, "keep_original_conformer": true}, "stage_1_unrestrained_charges": null, "stage_1_restrained_charges": null, "stage_2_unrestrained_charges": null, "stage_2_restrained_charges": null, "keep_original_orientation": false, "reorientations": [], "translations": [], "rotations": []}}, {"index": 2, "molecule": {"qcmol": {"schema_name": "qcschema_molecule", "schema_version": 2, "validated": true, "symbols": ["C", "C", "C", "C", "O", "C", "C", "C", "H", "H", "H", "H", "H", "H", "H", "H", "H", "H", "H", "H", "H", "H"], "geometry": [[-0.0, -0.0, 0.0], [2.8897466783629753, 2.5687985369873787e-16, 1.1678283827158848e-15], [4.043297296942572, 2.6668924277095574, 2.7755575615628914e-16], [3.390599251155502, 4.2325544101629955, 2.316910726089865], [2.1746308224195774, 6.125091195259719, 2.13516933765861], [4.316300058746752, 3.2759244898652353, 4.866207607855591], [4.250273525135307, 5.252030369336094, 6.973405402067053], [6.2257470679453855, 7.336291794068654, 6.660302644939611], [-0.7275780404800247, -1.916131604799575, -0.06885715712717838], [-0.7648214078271607, 0.8970906107723084, 1.679287119237719], [-0.7335271448393833, 1.013429205718786, -1.625513198510112], [3.5656841072795764, -0.979124126182822, -1.6718468216104636], [3.5887243145927834, -1.070542282956096, 1.6063705844602292], [3.3970715928798745, 3.713959536168224, -1.636765037579148], [6.090283534522922, 2.5152074648304623, -0.11599226026948845], [3.1164353345622136, 1.6818152569732066, 5.370065453997785], [6.207579833801577, 2.5003420656057944, 4.649920202616755], [2.379666891858289, 6.081207001747743, 7.050816712627366], [4.555908755999978, 4.293072187335108, 8.763519855993176], [5.921555592766757, 8.39388125200286, 4.9331846516884355], [8.125362510825394, 6.55510302141376, 6.610820337750806], [6.1403797081122935, 8.658806866474455, 8.225781477013712]], "name": "C7H14O", "identifiers": {"molecule_hash": "28c57b5b513b8df8027ae9af5701aeb92ac7fa76", "molecular_formula": "C7H14O"}, "molecular_charge": 0.0, "molecular_multiplicity": 1, "connectivity": [[0, 1, 1.0], [0, 8, 1.0], [0, 9, 1.0], [0, 10, 1.0], [1, 2, 1.0], [1, 11, 1.0], [1, 12, 1.0], [2, 3, 1.0], [2, 13, 1.0], [2, 14, 1.0], [3, 4, 2.0], [3, 5, 1.0], [5, 6, 1.0], [5, 15, 1.0], [5, 16, 1.0], [6, 7, 1.0], [6, 17, 1.0], [6, 18, 1.0], [7, 19, 1.0], [7, 20, 1.0], [7, 21, 1.0]], "fix_com": true, "fix_orientation": true, "provenance": {"creator": "QCElemental", "version": "v0.22.0", "routine": "qcelemental.molparse.from_schema"}, "id": "143835"}, "charge": 0, "optimize_geometry": false, "conformers": [], "conformer_generation_options": {"n_conformer_pool": 4000, "n_max_conformers": 0, "rms_tolerance": 0.05, "energy_window": 15, "keep_original_conformer": true}, "stage_1_unrestrained_charges": null, "stage_1_restrained_charges": null, "stage_2_unrestrained_charges": null, "stage_2_restrained_charges": null, "keep_original_orientation": false, "reorientations": [], "translations": [], "rotations": []}}, {"index": 5, "molecule": {"qcmol": {"schema_name": "qcschema_molecule", "schema_version": 2, "validated": true, "symbols": ["C", "C", "C", "C", "O", "C", "C", "C", "H", "H", "H", "H", "H", "H", "H", "H", "H", "H", "H", "H", "H", "H"], "geometry": [[-0.0, -0.0, 0.0], [2.8897466783629753, 2.5687985369873787e-16, 1.1678283827158848e-15], [4.043297296942572, 2.6668924277095574, 2.7755575615628914e-16], [3.390599251155502, 4.2325544101629955, 2.316910726089865], [2.1746308224195774, 6.125091195259719, 2.13516933765861], [4.316300058746752, 3.2759244898652353, 4.866207607855591], [4.250273525135307, 5.252030369336094, 6.973405402067053], [6.2257470679453855, 7.336291794068654, 6.660302644939611], [-0.7275780404800247, -1.916131604799575, -0.06885715712717838], [-0.7648214078271607, 0.8970906107723084, 1.679287119237719], [-0.7335271448393833, 1.013429205718786, -1.625513198510112], [3.5656841072795764, -0.979124126182822, -1.6718468216104636], [3.5887243145927834, -1.070542282956096, 1.6063705844602292], [3.3970715928798745, 3.713959536168224, -1.636765037579148], [6.090283534522922, 2.5152074648304623, -0.11599226026948845], [3.1164353345622136, 1.6818152569732066, 5.370065453997785], [6.207579833801577, 2.5003420656057944, 4.649920202616755], [2.379666891858289, 6.081207001747743, 7.050816712627366], [4.555908755999978, 4.293072187335108, 8.763519855993176], [5.921555592766757, 8.39388125200286, 4.9331846516884355], [8.125362510825394, 6.55510302141376, 6.610820337750806], [6.1403797081122935, 8.658806866474455, 8.225781477013712]], "name": "C7H14O", "identifiers": {"molecule_hash": "28c57b5b513b8df8027ae9af5701aeb92ac7fa76", "molecular_formula": "C7H14O"}, "molecular_charge": 0.0, "molecular_multiplicity": 1, "connectivity": [[0, 1, 1.0], [0, 8, 1.0], [0, 9, 1.0], [0, 10, 1.0], [1, 2, 1.0], [1, 11, 1.0], [1, 12, 1.0], [2, 3, 1.0], [2, 13, 1.0], [2, 14, 1.0], [3, 4, 2.0], [3, 5, 1.0], [5, 6, 1.0], [5, 15, 1.0], [5, 16, 1.0], [6, 7, 1.0], [6, 17, 1.0], [6, 18, 1.0], [7, 19, 1.0], [7, 20, 1.0], [7, 21, 1.0]], "fix_com": true, "fix_orientation": true, "provenance": {"creator": "QCElemental", "version": "v0.22.0", "routine": "qcelemental.molparse.from_schema"}, "id": "143835"}, "charge": 0, "optimize_geometry": false, "conformers": [], "conformer_generation_options": {"n_conformer_pool": 4000, "n_max_conformers": 0, "rms_tolerance": 0.05, "energy_window": 15, "keep_original_conformer": true}, "stage_1_unrestrained_charges": null, "stage_1_restrained_charges": null, "stage_2_unrestrained_charges": null, "stage_2_restrained_charges": null, "keep_original_orientation": false, "reorientations": [], "translations": [], "rotations": []}}, {"index": 6, "molecule": {"qcmol": {"schema_name": "qcschema_molecule", "schema_version": 2, "validated": true, "symbols": ["C", "C", "C", "C", "O", "C", "C", "C", "H", "H", "H", "H", "H", "H", "H", "H", "H", "H", "H", "H", "H", "H"], "geometry": [[-0.0, -0.0, 0.0], [2.8897466783629753, 2.5687985369873787e-16, 1.1678283827158848e-15], [4.043297296942572, 2.6668924277095574, 2.7755575615628914e-16], [3.390599251155502, 4.2325544101629955, 2.316910726089865], [2.1746308224195774, 6.125091195259719, 2.13516933765861], [4.316300058746752, 3.2759244898652353, 4.866207607855591], [4.250273525135307, 5.252030369336094, 6.973405402067053], [6.2257470679453855, 7.336291794068654, 6.660302644939611], [-0.7275780404800247, -1.916131604799575, -0.06885715712717838], [-0.7648214078271607, 0.8970906107723084, 1.679287119237719], [-0.7335271448393833, 1.013429205718786, -1.625513198510112], [3.5656841072795764, -0.979124126182822, -1.6718468216104636], [3.5887243145927834, -1.070542282956096, 1.6063705844602292], [3.3970715928798745, 3.713959536168224, -1.636765037579148], [6.090283534522922, 2.5152074648304623, -0.11599226026948845], [3.1164353345622136, 1.6818152569732066, 5.370065453997785], [6.207579833801577, 2.5003420656057944, 4.649920202616755], [2.379666891858289, 6.081207001747743, 7.050816712627366], [4.555908755999978, 4.293072187335108, 8.763519855993176], [5.921555592766757, 8.39388125200286, 4.9331846516884355], [8.125362510825394, 6.55510302141376, 6.610820337750806], [6.1403797081122935, 8.658806866474455, 8.225781477013712]], "name": "C7H14O", "identifiers": {"molecule_hash": "28c57b5b513b8df8027ae9af5701aeb92ac7fa76", "molecular_formula": "C7H14O"}, "molecular_charge": 0.0, "molecular_multiplicity": 1, "connectivity": [[0, 1, 1.0], [0, 8, 1.0], [0, 9, 1.0], [0, 10, 1.0], [1, 2, 1.0], [1, 11, 1.0], [1, 12, 1.0], [2, 3, 1.0], [2, 13, 1.0], [2, 14, 1.0], [3, 4, 2.0], [3, 5, 1.0], [5, 6, 1.0], [5, 15, 1.0], [5, 16, 1.0], [6, 7, 1.0], [6, 17, 1.0], [6, 18, 1.0], [7, 19, 1.0], [7, 20, 1.0], [7, 21, 1.0]], "fix_com": true, "fix_orientation": true, "provenance": {"creator": "QCElemental", "version": "v0.22.0", "routine": "qcelemental.molparse.from_schema"}, "id": "143835"}, "charge": 0, "optimize_geometry": false, "conformers": [], "conformer_generation_options": {"n_conformer_pool": 4000, "n_max_conformers": 0, "rms_tolerance": 0.05, "energy_window": 15, "keep_original_conformer": true}, "stage_1_unrestrained_charges": null, "stage_1_restrained_charges": null, "stage_2_unrestrained_charges": null, "stage_2_restrained_charges": null, "keep_original_orientation": false, "reorientations": [], "translations": [], "rotations": []}}, {"index": 7, "molecule": {"qcmol": {"schema_name": "qcschema_molecule", "schema_version": 2, "validated": true, "symbols": ["C", "C", "C", "C", "O", "C", "C", "C", "H", "H", "H", "H", "H", "H", "H", "H", "H", "H", "H", "H", "H", "H"], "geometry": [[-0.0, -0.0, 0.0], [2.8897466783629753, 2.5687985369873787e-16, 1.1678283827158848e-15], [4.043297296942572, 2.6668924277095574, 2.7755575615628914e-16], [3.390599251155502, 4.2325544101629955, 2.316910726089865], [2.1746308224195774, 6.125091195259719, 2.13516933765861], [4.316300058746752, 3.2759244898652353, 4.866207607855591], [4.250273525135307, 5.252030369336094, 6.973405402067053], [6.2257470679453855, 7.336291794068654, 6.660302644939611], [-0.7275780404800247, -1.916131604799575, -0.06885715712717838], [-0.7648214078271607, 0.8970906107723084, 1.679287119237719], [-0.7335271448393833, 1.013429205718786, -1.625513198510112], [3.5656841072795764, -0.979124126182822, -1.6718468216104636], [3.5887243145927834, -1.070542282956096, 1.6063705844602292], [3.3970715928798745, 3.713959536168224, -1.636765037579148], [6.090283534522922, 2.5152074648304623, -0.11599226026948845], [3.1164353345622136, 1.6818152569732066, 5.370065453997785], [6.207579833801577, 2.5003420656057944, 4.649920202616755], [2.379666891858289, 6.081207001747743, 7.050816712627366], [4.555908755999978, 4.293072187335108, 8.763519855993176], [5.921555592766757, 8.39388125200286, 4.9331846516884355], [8.125362510825394, 6.55510302141376, 6.610820337750806], [6.1403797081122935, 8.658806866474455, 8.225781477013712]], "name": "C7H14O", "identifiers": {"molecule_hash": "28c57b5b513b8df8027ae9af5701aeb92ac7fa76", "molecular_formula": "C7H14O"}, "molecular_charge": 0.0, "molecular_multiplicity": 1, "connectivity": [[0, 1, 1.0], [0, 8, 1.0], [0, 9, 1.0], [0, 10, 1.0], [1, 2, 1.0], [1, 11, 1.0], [1, 12, 1.0], [2, 3, 1.0], [2, 13, 1.0], [2, 14, 1.0], [3, 4, 2.0], [3, 5, 1.0], [5, 6, 1.0], [5, 15, 1.0], [5, 16, 1.0], [6, 7, 1.0], [6, 17, 1.0], [6, 18, 1.0], [7, 19, 1.0], [7, 20, 1.0], [7, 21, 1.0]], "fix_com": true, "fix_orientation": true, "provenance": {"creator": "QCElemental", "version": "v0.22.0", "routine": "qcelemental.molparse.from_schema"}, "id": "143835"}, "charge": 0, "optimize_geometry": false, "conformers": [], "conformer_generation_options": {"n_conformer_pool": 4000, "n_max_conformers": 0, "rms_tolerance": 0.05, "energy_window": 15, "keep_original_conformer": true}, "stage_1_unrestrained_charges": null, "stage_1_restrained_charges": null, "stage_2_unrestrained_charges": null, "stage_2_restrained_charges": null, "keep_original_orientation": false, "reorientations": [], "translations": [], "rotations": []}}]}, "surface_constraints": {"matrix": [[1938.8964385954637, 1879.7948613146814, 1809.1009770286596, 1726.9373258990863, 1704.5483148602423, 1636.6616817633064, 1556.3807923291192, 1483.1689398174285, 1943.2263365241884, 1945.8330749053923, 1946.202643570016, 1872.9251581476738, 1868.682457708205, 1805.2531708062402, 1801.4224521741821, 1635.635307025152, 1621.6563540209977, 1583.5852277281226, 1512.6573923021292, 1486.955924927207, 1453.8711409594514, 1442.568052373853], [1879.7948613146814, 1925.375381152003, 1875.460996801277, 1807.5568300310297, 1781.2333723122983, 1728.9884182846552, 1635.6108401876445, 1559.3136033557917, 1857.696492134995, 1859.316751479617, 1860.4978777351782, 1950.3931193342014, 1947.11021938944, 1868.5438263758715, 1871.7390713772622, 1732.4641433608876, 1728.6902122760416, 1655.753327763473, 1590.425409069933, 1558.0734580253145, 1529.1598458074332, 1520.830760126215], [1809.1009770286596, 1875.460996801277, 1926.5871812832424, 1877.3861296414, 1851.144332667134, 1805.7674716277056, 1713.0805648594162, 1637.2851755048275, 1778.3150254975633, 1795.6869301891272, 1781.2335224740561, 1870.8164680516068, 1868.6050506569397, 1951.6078160069835, 1954.453576678915, 1804.38182187408, 1811.4946117214695, 1735.1333427734728, 1664.4429986403004, 1638.6123610712534, 1600.791662080247, 1601.7056562773796], [1726.9373258990863, 1807.5568300310297, 1877.3861296414, 1918.543853962798, 1933.174993666177, 1872.6577287901746, 1803.9767208479761, 1736.3270194654042, 1697.6590002719288, 1711.8852274400926, 1692.6667372734603, 1799.192821246567, 1807.816257605568, 1875.9103957984548, 1878.4230874033435, 1869.6393917161743, 1873.0301198596603, 1820.798197562603, 1768.0247711014651, 1731.3042388049512, 1710.3434583842457, 1701.1806691584957], [1704.5483148602423, 1781.2333723122983, 1851.144332667134, 1933.174993666177, 2022.4445964116308, 1844.9992156085884, 1790.6301142874693, 1732.1224249139914, 1680.5222482199692, 1694.959926785249, 1664.575015466893, 1764.0747951175215, 1788.4844314886002, 1840.8808647292308, 1830.1645660208785, 1822.0670670138404, 1821.2429795764683, 1818.1228708373633, 1748.2461285371523, 1729.8645512731152, 1716.206799860833, 1692.3813678199708], [1636.6616817633064, 1728.9884182846552, 1805.7674716277056, 1872.6577287901746, 1844.9992156085884, 1920.4584948939307, 1870.7157237503525, 1801.5605964092526, 1603.4012767837974, 1616.0088715004217, 1605.3541764374147, 1732.6399194942614, 1725.0000248010078, 1793.5305339850565, 1809.7259205260896, 1944.8318766013786, 1948.4306184896805, 1864.5194064389254, 1867.6396580214657, 1782.9119033327106, 1773.6909488380609, 1777.7796891983746], [1556.3807923291192, 1635.6108401876445, 1713.0805648594162, 1803.9767208479761, 1790.6301142874693, 1870.7157237503525, 1919.6142049311532, 1871.2735631078692, 1521.4077128129263, 1543.2963878074002, 1530.2897539195692, 1645.7592832519665, 1614.4870655463826, 1695.7542644631035, 1708.81437829569, 1864.9601268255224, 1866.6021025754276, 1943.0804790485347, 1943.522241950815, 1853.7499747319316, 1851.9409831410799, 1848.045534812792], [1483.1689398174285, 1559.3136033557917, 1637.2851755048275, 1736.3270194654042, 1732.1224249139914, 1801.5605964092526, 1871.2735631078692, 1929.5666154895036, 1453.8934340807032, 1467.1873417664196, 1457.9644919299128, 1572.3710830260202, 1533.8454002686435, 1610.8909359476459, 1637.93134166066, 1784.707744455873, 1794.3242737361095, 1863.9716216978122, 1860.3178755739525, 1939.470684895657, 1937.3666614836834, 1933.3583831029468], [1943.2263365241884, 1857.696492134995, 1778.3150254975633, 1697.6590002719288, 1680.5222482199692, 1603.4012767837974, 1521.4077128129263, 1453.8934340807032, 2029.4517722530613, 1920.7926557230612, 1920.7550877273848, 1837.042492356998, 1847.5429247970142, 1762.3401399052834, 1776.220524644408, 1599.5939090196691, 1589.8739603949564, 1541.546816785162, 1479.2055983433881, 1460.2662787424213, 1428.1436447617255, 1412.2529076003684], [1945.8330749053923, 1859.316751479617, 1795.6869301891272, 1711.8852274400926, 1694.959926785249, 1616.0088715004217, 1543.2963878074002, 1467.1873417664196, 1920.7926557230612, 2036.586159110428, 1923.605141153067, 1832.9764788685418, 1841.306202819651, 1793.8445696954482, 1792.045141371985, 1609.9845437847991, 1595.978517200487, 1579.645625000984, 1498.7243922155408, 1471.0853268429296, 1437.600500813582, 1425.2282452434176], [1946.202643570016, 1860.4978777351782, 1781.2335224740561, 1692.6667372734603, 1664.575015466893, 1605.3541764374147, 1530.2897539195692, 1457.9644919299128, 1920.7550877273848, 1923.605141153067, 2035.8399327188777, 1860.8036149438046, 1828.9222974843733, 1790.0395877023614, 1761.641535699671, 1608.9166075565747, 1583.2453733794712, 1559.5873286815302, 1488.0950360245904, 1462.5833346832187, 1427.3835537456212, 1418.3649513257526], [1872.9251581476738, 1950.3931193342014, 1870.8164680516068, 1799.192821246567, 1764.0747951175215, 1732.6399194942614, 1645.7592832519665, 1572.3710830260202, 1837.042492356998, 1832.9764788685418, 1860.8036149438046, 2054.7714988907846, 1943.17244006461, 1856.886688493761, 1853.4535153762777, 1743.4159979552676, 1730.0054025094294, 1669.8761097960928, 1598.422619155773, 1569.7904156746768, 1543.8474995732429, 1535.4603614144987], [1868.682457708205, 1947.11021938944, 1868.6050506569397, 1807.816257605568, 1788.4844314886002, 1725.0000248010078, 1614.4870655463826, 1533.8454002686435, 1847.5429247970142, 1841.306202819651, 1828.9222974843733, 1943.17244006461, 2048.3237902325686, 1840.178558387574, 1856.5665557158097, 1729.708918855008, 1735.8193834288743, 1621.677593309945, 1573.7627990432566, 1527.9982313740206, 1506.5039991623048, 1494.6042370539308], [1805.2531708062402, 1868.5438263758715, 1951.6078160069835, 1875.9103957984548, 1840.8808647292308, 1793.5305339850565, 1695.7542644631035, 1610.8909359476459, 1762.3401399052834, 1793.8445696954482, 1790.0395877023614, 1856.886688493761, 1840.178558387574, 2053.7120675621477, 1950.6290057477281, 1800.3943620002383, 1789.0110338666138, 1726.0783500728294, 1644.1535489795529, 1611.6301809502575, 1566.7660074254431, 1577.6781831676915], [1801.4224521741821, 1871.7390713772622, 1954.453576678915, 1878.4230874033435, 1830.1645660208785, 1809.7259205260896, 1708.81437829569, 1637.93134166066, 1776.220524644408, 1792.045141371985, 1761.641535699671, 1853.4535153762777, 1856.5665557158097, 1950.6290057477281, 2059.643474887168, 1798.172904029234, 1834.8860409915803, 1728.6426688917727, 1652.730098710743, 1646.1041568449562, 1595.8508342170624, 1603.9338483213362], [1635.635307025152, 1732.4641433608876, 1804.38182187408, 1869.6393917161743, 1822.0670670138404, 1944.8318766013786, 1864.9601268255224, 1784.707744455873, 1599.5939090196691, 1609.9845437847991, 1608.9166075565747, 1743.4159979552676, 1729.708918855008, 1800.3943620002383, 1798.172904029234, 2045.4561119043974, 1944.6563959835735, 1844.5827987911787, 1861.0975485531283, 1752.406869864173, 1750.7115772190818, 1773.7871470202163], [1621.6563540209977, 1728.6902122760416, 1811.4946117214695, 1873.0301198596603, 1821.2429795764683, 1948.4306184896805, 1866.6021025754276, 1794.3242737361095, 1589.8739603949564, 1595.978517200487, 1583.2453733794712, 1730.0054025094294, 1735.8193834288743, 1789.0110338666138, 1834.8860409915803, 1944.6563959835735, 2053.529115034904, 1832.4340681248382, 1868.0220400471017, 1778.1535248620385, 1765.2517156604401, 1767.151501405882], [1583.5852277281226, 1655.753327763473, 1735.1333427734728, 1820.798197562603, 1818.1228708373633, 1864.5194064389254, 1943.0804790485347, 1863.9716216978122, 1541.546816785162, 1579.645625000984, 1559.5873286815302, 1669.8761097960928, 1621.677593309945, 1726.0783500728294, 1728.6426688917727, 1844.5827987911787, 1832.4340681248382, 2046.0202107878067, 1938.6409742389612, 1840.5766874248036, 1831.9450462705997, 1834.7248646025382], [1512.6573923021292, 1590.425409069933, 1664.4429986403004, 1768.0247711014651, 1748.2461285371523, 1867.6396580214657, 1943.522241950815, 1860.3178755739525, 1479.2055983433881, 1498.7243922155408, 1488.0950360245904, 1598.422619155773, 1573.7627990432566, 1644.1535489795529, 1652.730098710743, 1861.0975485531283, 1868.0220400471017, 1938.6409742389612, 2044.6562286587323, 1829.701011636437, 1839.9850429562398, 1822.7089010128043], [1486.955924927207, 1558.0734580253145, 1638.6123610712534, 1731.3042388049512, 1729.8645512731152, 1782.9119033327106, 1853.7499747319316, 1939.470684895657, 1460.2662787424213, 1471.0853268429296, 1462.5833346832187, 1569.7904156746768, 1527.9982313740206, 1611.6301809502575, 1646.1041568449562, 1752.406869864173, 1778.1535248620385, 1840.5766874248036, 1829.701011636437, 2030.7841649830048, 1918.7524479696144, 1914.4307041455788], [1453.8711409594514, 1529.1598458074332, 1600.791662080247, 1710.3434583842457, 1716.206799860833, 1773.6909488380609, 1851.9409831410799, 1937.3666614836834, 1428.1436447617255, 1437.600500813582, 1427.3835537456212, 1543.8474995732429, 1506.5039991623048, 1566.7660074254431, 1595.8508342170624, 1750.7115772190818, 1765.2517156604401, 1831.9450462705997, 1839.9850429562398, 1918.7524479696144, 2026.6844517365707, 1911.3878179929027], [1442.568052373853, 1520.830760126215, 1601.7056562773796, 1701.1806691584957, 1692.3813678199708, 1777.7796891983746, 1848.045534812792, 1933.3583831029468, 1412.2529076003684, 1425.2282452434176, 1418.3649513257526, 1535.4603614144987, 1494.6042370539308, 1577.6781831676915, 1603.9338483213362, 1773.7871470202163, 1767.151501405882, 1834.7248646025382, 1822.7089010128043, 1914.4307041455788, 1911.3878179929027, 2019.52934046118], [13.036721305144306, 14.393136898811736, 11.293855881315759, -13.89791046041952, -56.92501807261467, 11.764052657352075, 5.81358224610027, 0.05496684595908988, 10.005674710055295, 10.242462793040376, 17.01776097325512, 20.757420019718477, 10.37039762493071, 16.223865345471417, 23.66002256939978, 23.515804657963262, 25.244816921784366, 0.24609071272590016, 10.944158207210137, -1.6475794692195294, -5.7503369569971765, 2.799511652605853]]}}