{"resp_b": 0.1, "restrained_fit": true, "exclude_hydrogens": true, "convergence_tolerance": 1e-06, "max_iter": 500, "resp_a": 0.0005, "charge_constraints": {"charge_sum_constraints": [], "charge_equivalence_constraints": [], "molecules": [{"qcmol": {"schema_name": "qcschema_molecule", "schema_version": 2, "validated": true, "symbols": ["C", "C", "C", "C", "O", "C", "C", "C", "H", "H", "H", "H", "H", "H", "H", "H", "H", "H", "H", "H", "H", "H"], "geometry": [[-0.0, -0.0, 0.0], [2.8897466783629753, 2.5687985369873787e-16, 1.1678283827158848e-15], [4.043297296942572, 2.6668924277095574, 2.7755575615628914e-16], [3.390599251155502, 4.2325544101629955, 2.316910726089865], [2.1746308224195774, 6.125091195259719, 2.13516933765861], [4.316300058746752, 3.2759244898652353, 4.866207607855591], [4.250273525135307, 5.252030369336094, 6.973405402067053], [6.2257470679453855, 7.336291794068654, 6.660302644939611], [-0.7275780404800247, -1.916131604799575, -0.06885715712717838], [-0.7648214078271607, 0.8970906107723084, 1.679287119237719], [-0.7335271448393833, 1.013429205718786, -1.625513198510112], [3.5656841072795764, -0.979124126182822, -1.6718468216104636], [3.5887243145927834, -1.070542282956096, 1.6063705844602292], [3.3970715928798745, 3.713959536168224, -1.636765037579148], [6.090283534522922, 2.5152074648304623, -0.11599226026948845], [3.1164353345622136, 1.6818152569732066, 5.370065453997785], [6.207579833801577, 2.5003420656057944, 4.649920202616755], [2.379666891858289, 6.081207001747743, 7.050816712627366], [4.555908755999978, 4.293072187335108, 8.763519855993176], [5.921555592766757, 8.39388125200286, 4.9331846516884355], [8.125362510825394, 6.55510302141376, 6.610820337750806], [6.1403797081122935, 8.658806866474455, 8.225781477013712]], "name": "C7H14O", "identifiers": {"molecule_hash": "28c57b5b513b8df8027ae9af5701aeb92ac7fa76", "molecular_formula": "C7H14O"}, "molecular_charge": 0.0, "molecular_multiplicity": 1, "connectivity": [[0, 1, 1.0], [0, 8, 1.0], [0, 9, 1.0], [0, 10, 1.0], [1, 2, 1.0], [1, 11, 1.0], [1, 12, 1.0], [2, 3, 1.0], [2, 13, 1.0], [2, 14, 1.0], [3, 4, 2.0], [3, 5, 1.0], [5, 6, 1.0], [5, 15, 1.0], [5, 16, 1.0], [6, 7, 1.0], [6, 17, 1.0], [6, 18, 1.0], [7, 19, 1.0], [7, 20, 1.0], [7, 21, 1.0]], "fix_com": true, "fix_orientation": true, "provenance": {"creator": "QCElemental", "version": "v0.22.0", "routine": "qcelemental.molparse.from_schema"}, "id": "143835"}, "charge": 0, "optimize_geometry": false, "conformers": [], "conformer_generation_options": {"n_conformer_pool": 4000, "n_max_conformers": 0, "rms_tolerance": 0.05, "energy_window": 15, "keep_original_conformer": true}, "stage_1_unrestrained_charges": null, "stage_1_restrained_charges": null, "stage_2_unrestrained_charges": null, "stage_2_restrained_charges": null, "keep_original_orientation": false, "reorientations": [], "translations": [], "rotations": []}], "unconstrained_atoms": [{"index": 0, "molecule": {"qcmol": {"schema_name": "qcschema_molecule", "schema_version": 2, "validated": true, "symbols": ["C", "C", "C", "C", "O", "C", "C", "C", "H", "H", "H", "H", "H", "H", "H", "H", "H", "H", "H", "H", "H", "H"], "geometry": [[-0.0, -0.0, 0.0], [2.8897466783629753, 2.5687985369873787e-16, 1.1678283827158848e-15], [4.043297296942572, 2.6668924277095574, 2.7755575615628914e-16], [3.390599251155502, 4.2325544101629955, 2.316910726089865], [2.1746308224195774, 6.125091195259719, 2.13516933765861], [4.316300058746752, 3.2759244898652353, 4.866207607855591], [4.250273525135307, 5.252030369336094, 6.973405402067053], [6.2257470679453855, 7.336291794068654, 6.660302644939611], [-0.7275780404800247, -1.916131604799575, -0.06885715712717838], [-0.7648214078271607, 0.8970906107723084, 1.679287119237719], [-0.7335271448393833, 1.013429205718786, -1.625513198510112], [3.5656841072795764, -0.979124126182822, -1.6718468216104636], [3.5887243145927834, -1.070542282956096, 1.6063705844602292], [3.3970715928798745, 3.713959536168224, -1.636765037579148], [6.090283534522922, 2.5152074648304623, -0.11599226026948845], [3.1164353345622136, 1.6818152569732066, 5.370065453997785], [6.207579833801577, 2.5003420656057944, 4.649920202616755], [2.379666891858289, 6.081207001747743, 7.050816712627366], [4.555908755999978, 4.293072187335108, 8.763519855993176], [5.921555592766757, 8.39388125200286, 4.9331846516884355], [8.125362510825394, 6.55510302141376, 6.610820337750806], [6.1403797081122935, 8.658806866474455, 8.225781477013712]], "name": "C7H14O", "identifiers": {"molecule_hash": "28c57b5b513b8df8027ae9af5701aeb92ac7fa76", "molecular_formula": "C7H14O"}, "molecular_charge": 0.0, "molecular_multiplicity": 1, "connectivity": [[0, 1, 1.0], [0, 8, 1.0], [0, 9, 1.0], [0, 10, 1.0], [1, 2, 1.0], [1, 11, 1.0], [1, 12, 1.0], [2, 3, 1.0], [2, 13, 1.0], [2, 14, 1.0], [3, 4, 2.0], [3, 5, 1.0], [5, 6, 1.0], [5, 15, 1.0], [5, 16, 1.0], [6, 7, 1.0], [6, 17, 1.0], [6, 18, 1.0], [7, 19, 1.0], [7, 20, 1.0], [7, 21, 1.0]], "fix_com": true, "fix_orientation": true, "provenance": {"creator": "QCElemental", "version": "v0.22.0", "routine": "qcelemental.molparse.from_schema"}, "id": "143835"}, "charge": 0, "optimize_geometry": false, "conformers": [], "conformer_generation_options": {"n_conformer_pool": 4000, "n_max_conformers": 0, "rms_tolerance": 0.05, "energy_window": 15, "keep_original_conformer": true}, "stage_1_unrestrained_charges": null, "stage_1_restrained_charges": null, "stage_2_unrestrained_charges": null, "stage_2_restrained_charges": null, "keep_original_orientation": false, "reorientations": [], "translations": [], "rotations": []}}, {"index": 1, "molecule": {"qcmol": {"schema_name": "qcschema_molecule", "schema_version": 2, "validated": true, "symbols": ["C", "C", "C", "C", "O", "C", "C", "C", "H", "H", "H", "H", "H", "H", "H", "H", "H", "H", "H", "H", "H", "H"], "geometry": [[-0.0, -0.0, 0.0], [2.8897466783629753, 2.5687985369873787e-16, 1.1678283827158848e-15], [4.043297296942572, 2.6668924277095574, 2.7755575615628914e-16], [3.390599251155502, 4.2325544101629955, 2.316910726089865], [2.1746308224195774, 6.125091195259719, 2.13516933765861], [4.316300058746752, 3.2759244898652353, 4.866207607855591], [4.250273525135307, 5.252030369336094, 6.973405402067053], [6.2257470679453855, 7.336291794068654, 6.660302644939611], [-0.7275780404800247, -1.916131604799575, -0.06885715712717838], [-0.7648214078271607, 0.8970906107723084, 1.679287119237719], [-0.7335271448393833, 1.013429205718786, -1.625513198510112], [3.5656841072795764, -0.979124126182822, -1.6718468216104636], [3.5887243145927834, -1.070542282956096, 1.6063705844602292], [3.3970715928798745, 3.713959536168224, -1.636765037579148], [6.090283534522922, 2.5152074648304623, -0.11599226026948845], [3.1164353345622136, 1.6818152569732066, 5.370065453997785], [6.207579833801577, 2.5003420656057944, 4.649920202616755], [2.379666891858289, 6.081207001747743, 7.050816712627366], [4.555908755999978, 4.293072187335108, 8.763519855993176], [5.921555592766757, 8.39388125200286, 4.9331846516884355], [8.125362510825394, 6.55510302141376, 6.610820337750806], [6.1403797081122935, 8.658806866474455, 8.225781477013712]], "name": "C7H14O", "identifiers": {"molecule_hash": "28c57b5b513b8df8027ae9af5701aeb92ac7fa76", "molecular_formula": "C7H14O"}, "molecular_charge": 0.0, "molecular_multiplicity": 1, "connectivity": [[0, 1, 1.0], [0, 8, 1.0], [0, 9, 1.0], [0, 10, 1.0], [1, 2, 1.0], [1, 11, 1.0], [1, 12, 1.0], [2, 3, 1.0], [2, 13, 1.0], [2, 14, 1.0], [3, 4, 2.0], [3, 5, 1.0], [5, 6, 1.0], [5, 15, 1.0], [5, 16, 1.0], [6, 7, 1.0], [6, 17, 1.0], [6, 18, 1.0], [7, 19, 1.0], [7, 20, 1.0], [7, 21, 1.0]], "fix_com": true, "fix_orientation": true, "provenance": {"creator": "QCElemental", "version": "v0.22.0", "routine": "qcelemental.molparse.from_schema"}, "id": "143835"}, "charge": 0, "optimize_geometry": false, "conformers": [], "conformer_generation_options": {"n_conformer_pool": 4000, "n_max_conformers": 0, "rms_tolerance": 0.05, "energy_window": 15, "keep_original_conformer": true}, "stage_1_unrestrained_charges": null, "stage_1_restrained_charges": null, "stage_2_unrestrained_charges": null, "stage_2_restrained_charges": null, "keep_original_orientation": false, "reorientations": [], "translations": [], "rotations": []}}, {"index": 2, "molecule": {"qcmol": {"schema_name": "qcschema_molecule", "schema_version": 2, "validated": true, "symbols": ["C", "C", "C", "C", "O", "C", "C", "C", "H", "H", "H", "H", "H", "H", "H", "H", "H", "H", "H", "H", "H", "H"], "geometry": [[-0.0, -0.0, 0.0], [2.8897466783629753, 2.5687985369873787e-16, 1.1678283827158848e-15], [4.043297296942572, 2.6668924277095574, 2.7755575615628914e-16], [3.390599251155502, 4.2325544101629955, 2.316910726089865], [2.1746308224195774, 6.125091195259719, 2.13516933765861], [4.316300058746752, 3.2759244898652353, 4.866207607855591], [4.250273525135307, 5.252030369336094, 6.973405402067053], [6.2257470679453855, 7.336291794068654, 6.660302644939611], [-0.7275780404800247, -1.916131604799575, -0.06885715712717838], [-0.7648214078271607, 0.8970906107723084, 1.679287119237719], [-0.7335271448393833, 1.013429205718786, -1.625513198510112], [3.5656841072795764, -0.979124126182822, -1.6718468216104636], [3.5887243145927834, -1.070542282956096, 1.6063705844602292], [3.3970715928798745, 3.713959536168224, -1.636765037579148], [6.090283534522922, 2.5152074648304623, -0.11599226026948845], [3.1164353345622136, 1.6818152569732066, 5.370065453997785], [6.207579833801577, 2.5003420656057944, 4.649920202616755], [2.379666891858289, 6.081207001747743, 7.050816712627366], [4.555908755999978, 4.293072187335108, 8.763519855993176], [5.921555592766757, 8.39388125200286, 4.9331846516884355], [8.125362510825394, 6.55510302141376, 6.610820337750806], [6.1403797081122935, 8.658806866474455, 8.225781477013712]], "name": "C7H14O", "identifiers": {"molecule_hash": "28c57b5b513b8df8027ae9af5701aeb92ac7fa76", "molecular_formula": "C7H14O"}, "molecular_charge": 0.0, "molecular_multiplicity": 1, "connectivity": [[0, 1, 1.0], [0, 8, 1.0], [0, 9, 1.0], [0, 10, 1.0], [1, 2, 1.0], [1, 11, 1.0], [1, 12, 1.0], [2, 3, 1.0], [2, 13, 1.0], [2, 14, 1.0], [3, 4, 2.0], [3, 5, 1.0], [5, 6, 1.0], [5, 15, 1.0], [5, 16, 1.0], [6, 7, 1.0], [6, 17, 1.0], [6, 18, 1.0], [7, 19, 1.0], [7, 20, 1.0], [7, 21, 1.0]], "fix_com": true, "fix_orientation": true, "provenance": {"creator": "QCElemental", "version": "v0.22.0", "routine": "qcelemental.molparse.from_schema"}, "id": "143835"}, "charge": 0, "optimize_geometry": false, "conformers": [], "conformer_generation_options": {"n_conformer_pool": 4000, "n_max_conformers": 0, "rms_tolerance": 0.05, "energy_window": 15, "keep_original_conformer": true}, "stage_1_unrestrained_charges": null, "stage_1_restrained_charges": null, "stage_2_unrestrained_charges": null, "stage_2_restrained_charges": null, "keep_original_orientation": false, "reorientations": [], "translations": [], "rotations": []}}, {"index": 5, "molecule": {"qcmol": {"schema_name": "qcschema_molecule", "schema_version": 2, "validated": true, "symbols": ["C", "C", "C", "C", "O", "C", "C", "C", "H", "H", "H", "H", "H", "H", "H", "H", "H", "H", "H", "H", "H", "H"], "geometry": [[-0.0, -0.0, 0.0], [2.8897466783629753, 2.5687985369873787e-16, 1.1678283827158848e-15], [4.043297296942572, 2.6668924277095574, 2.7755575615628914e-16], [3.390599251155502, 4.2325544101629955, 2.316910726089865], [2.1746308224195774, 6.125091195259719, 2.13516933765861], [4.316300058746752, 3.2759244898652353, 4.866207607855591], [4.250273525135307, 5.252030369336094, 6.973405402067053], [6.2257470679453855, 7.336291794068654, 6.660302644939611], [-0.7275780404800247, -1.916131604799575, -0.06885715712717838], [-0.7648214078271607, 0.8970906107723084, 1.679287119237719], [-0.7335271448393833, 1.013429205718786, -1.625513198510112], [3.5656841072795764, -0.979124126182822, -1.6718468216104636], [3.5887243145927834, -1.070542282956096, 1.6063705844602292], [3.3970715928798745, 3.713959536168224, -1.636765037579148], [6.090283534522922, 2.5152074648304623, -0.11599226026948845], [3.1164353345622136, 1.6818152569732066, 5.370065453997785], [6.207579833801577, 2.5003420656057944, 4.649920202616755], [2.379666891858289, 6.081207001747743, 7.050816712627366], [4.555908755999978, 4.293072187335108, 8.763519855993176], [5.921555592766757, 8.39388125200286, 4.9331846516884355], [8.125362510825394, 6.55510302141376, 6.610820337750806], [6.1403797081122935, 8.658806866474455, 8.225781477013712]], "name": "C7H14O", "identifiers": {"molecule_hash": "28c57b5b513b8df8027ae9af5701aeb92ac7fa76", "molecular_formula": "C7H14O"}, "molecular_charge": 0.0, "molecular_multiplicity": 1, "connectivity": [[0, 1, 1.0], [0, 8, 1.0], [0, 9, 1.0], [0, 10, 1.0], [1, 2, 1.0], [1, 11, 1.0], [1, 12, 1.0], [2, 3, 1.0], [2, 13, 1.0], [2, 14, 1.0], [3, 4, 2.0], [3, 5, 1.0], [5, 6, 1.0], [5, 15, 1.0], [5, 16, 1.0], [6, 7, 1.0], [6, 17, 1.0], [6, 18, 1.0], [7, 19, 1.0], [7, 20, 1.0], [7, 21, 1.0]], "fix_com": true, "fix_orientation": true, "provenance": {"creator": "QCElemental", "version": "v0.22.0", "routine": "qcelemental.molparse.from_schema"}, "id": "143835"}, "charge": 0, "optimize_geometry": false, "conformers": [], "conformer_generation_options": {"n_conformer_pool": 4000, "n_max_conformers": 0, "rms_tolerance": 0.05, "energy_window": 15, "keep_original_conformer": true}, "stage_1_unrestrained_charges": null, "stage_1_restrained_charges": null, "stage_2_unrestrained_charges": null, "stage_2_restrained_charges": null, "keep_original_orientation": false, "reorientations": [], "translations": [], "rotations": []}}, {"index": 6, "molecule": {"qcmol": {"schema_name": "qcschema_molecule", "schema_version": 2, "validated": true, "symbols": ["C", "C", "C", "C", "O", "C", "C", "C", "H", "H", "H", "H", "H", "H", "H", "H", "H", "H", "H", "H", "H", "H"], "geometry": [[-0.0, -0.0, 0.0], [2.8897466783629753, 2.5687985369873787e-16, 1.1678283827158848e-15], [4.043297296942572, 2.6668924277095574, 2.7755575615628914e-16], [3.390599251155502, 4.2325544101629955, 2.316910726089865], [2.1746308224195774, 6.125091195259719, 2.13516933765861], [4.316300058746752, 3.2759244898652353, 4.866207607855591], [4.250273525135307, 5.252030369336094, 6.973405402067053], [6.2257470679453855, 7.336291794068654, 6.660302644939611], [-0.7275780404800247, -1.916131604799575, -0.06885715712717838], [-0.7648214078271607, 0.8970906107723084, 1.679287119237719], [-0.7335271448393833, 1.013429205718786, -1.625513198510112], [3.5656841072795764, -0.979124126182822, -1.6718468216104636], [3.5887243145927834, -1.070542282956096, 1.6063705844602292], [3.3970715928798745, 3.713959536168224, -1.636765037579148], [6.090283534522922, 2.5152074648304623, -0.11599226026948845], [3.1164353345622136, 1.6818152569732066, 5.370065453997785], [6.207579833801577, 2.5003420656057944, 4.649920202616755], [2.379666891858289, 6.081207001747743, 7.050816712627366], [4.555908755999978, 4.293072187335108, 8.763519855993176], [5.921555592766757, 8.39388125200286, 4.9331846516884355], [8.125362510825394, 6.55510302141376, 6.610820337750806], [6.1403797081122935, 8.658806866474455, 8.225781477013712]], "name": "C7H14O", "identifiers": {"molecule_hash": "28c57b5b513b8df8027ae9af5701aeb92ac7fa76", "molecular_formula": "C7H14O"}, "molecular_charge": 0.0, "molecular_multiplicity": 1, "connectivity": [[0, 1, 1.0], [0, 8, 1.0], [0, 9, 1.0], [0, 10, 1.0], [1, 2, 1.0], [1, 11, 1.0], [1, 12, 1.0], [2, 3, 1.0], [2, 13, 1.0], [2, 14, 1.0], [3, 4, 2.0], [3, 5, 1.0], [5, 6, 1.0], [5, 15, 1.0], [5, 16, 1.0], [6, 7, 1.0], [6, 17, 1.0], [6, 18, 1.0], [7, 19, 1.0], [7, 20, 1.0], [7, 21, 1.0]], "fix_com": true, "fix_orientation": true, "provenance": {"creator": "QCElemental", "version": "v0.22.0", "routine": "qcelemental.molparse.from_schema"}, "id": "143835"}, "charge": 0, "optimize_geometry": false, "conformers": [], "conformer_generation_options": {"n_conformer_pool": 4000, "n_max_conformers": 0, "rms_tolerance": 0.05, "energy_window": 15, "keep_original_conformer": true}, "stage_1_unrestrained_charges": null, "stage_1_restrained_charges": null, "stage_2_unrestrained_charges": null, "stage_2_restrained_charges": null, "keep_original_orientation": false, "reorientations": [], "translations": [], "rotations": []}}, {"index": 7, "molecule": {"qcmol": {"schema_name": "qcschema_molecule", "schema_version": 2, "validated": true, "symbols": ["C", "C", "C", "C", "O", "C", "C", "C", "H", "H", "H", "H", "H", "H", "H", "H", "H", "H", "H", "H", "H", "H"], "geometry": [[-0.0, -0.0, 0.0], [2.8897466783629753, 2.5687985369873787e-16, 1.1678283827158848e-15], [4.043297296942572, 2.6668924277095574, 2.7755575615628914e-16], [3.390599251155502, 4.2325544101629955, 2.316910726089865], [2.1746308224195774, 6.125091195259719, 2.13516933765861], [4.316300058746752, 3.2759244898652353, 4.866207607855591], [4.250273525135307, 5.252030369336094, 6.973405402067053], [6.2257470679453855, 7.336291794068654, 6.660302644939611], [-0.7275780404800247, -1.916131604799575, -0.06885715712717838], [-0.7648214078271607, 0.8970906107723084, 1.679287119237719], [-0.7335271448393833, 1.013429205718786, -1.625513198510112], [3.5656841072795764, -0.979124126182822, -1.6718468216104636], [3.5887243145927834, -1.070542282956096, 1.6063705844602292], [3.3970715928798745, 3.713959536168224, -1.636765037579148], [6.090283534522922, 2.5152074648304623, -0.11599226026948845], [3.1164353345622136, 1.6818152569732066, 5.370065453997785], [6.207579833801577, 2.5003420656057944, 4.649920202616755], [2.379666891858289, 6.081207001747743, 7.050816712627366], [4.555908755999978, 4.293072187335108, 8.763519855993176], [5.921555592766757, 8.39388125200286, 4.9331846516884355], [8.125362510825394, 6.55510302141376, 6.610820337750806], [6.1403797081122935, 8.658806866474455, 8.225781477013712]], "name": "C7H14O", "identifiers": {"molecule_hash": "28c57b5b513b8df8027ae9af5701aeb92ac7fa76", "molecular_formula": "C7H14O"}, "molecular_charge": 0.0, "molecular_multiplicity": 1, "connectivity": [[0, 1, 1.0], [0, 8, 1.0], [0, 9, 1.0], [0, 10, 1.0], [1, 2, 1.0], [1, 11, 1.0], [1, 12, 1.0], [2, 3, 1.0], [2, 13, 1.0], [2, 14, 1.0], [3, 4, 2.0], [3, 5, 1.0], [5, 6, 1.0], [5, 15, 1.0], [5, 16, 1.0], [6, 7, 1.0], [6, 17, 1.0], [6, 18, 1.0], [7, 19, 1.0], [7, 20, 1.0], [7, 21, 1.0]], "fix_com": true, "fix_orientation": true, "provenance": {"creator": "QCElemental", "version": "v0.22.0", "routine": "qcelemental.molparse.from_schema"}, "id": "143835"}, "charge": 0, "optimize_geometry": false, "conformers": [], "conformer_generation_options": {"n_conformer_pool": 4000, "n_max_conformers": 0, "rms_tolerance": 0.05, "energy_window": 15, "keep_original_conformer": true}, "stage_1_unrestrained_charges": null, "stage_1_restrained_charges": null, "stage_2_unrestrained_charges": null, "stage_2_restrained_charges": null, "keep_original_orientation": false, "reorientations": [], "translations": [], "rotations": []}}]}, "surface_constraints": {"matrix": [[4711.438252781805, 4579.407703248585, 4422.1159324611945, 4229.662657076912, 4183.8503723786835, 4026.5966836266066, 3840.0844769848404, 3671.8281371954145, 4731.108753905185, 4736.327085335509, 4739.065411335963, 4569.4086824819215, 4562.201788755984, 4423.370761998582, 4413.621294425592, 4032.1511053363906, 3996.7875760793295, 3908.9237668719384, 3739.804270381173, 3684.5779436939374, 3606.0556845024453, 3581.6717916672164], [4579.407703248585, 4682.558798060316, 4572.94794768925, 4413.011759776668, 4357.585782379195, 4240.423812295136, 4023.547308338423, 3849.478131734079, 4536.760459560788, 4540.608036546454, 4545.0260611324875, 4745.492348187565, 4741.147698727921, 4567.712314446876, 4575.145512963881, 4258.169836277953, 4247.145127874189, 4075.083233900621, 3920.716595018532, 3850.2063201198207, 3782.4542440862956, 3765.879480112295], [4422.1159324611945, 4572.94794768925, 4688.4016057702065, 4568.525386953701, 4513.535122666779, 4415.272976710796, 4201.982927145036, 4030.2899537990584, 4357.994755735218, 4397.15181209271, 4366.901271479833, 4568.1030009461765, 4565.28958242063, 4757.5979079544595, 4764.45563031337, 4423.279932329702, 4437.590725840129, 4258.54563537296, 4092.573326626234, 4037.608664354019, 3948.690107632747, 3955.141385052448], [4229.662657076912, 4413.011759776668, 4568.525386953701, 4649.994125814339, 4688.277136380275, 4558.342109587925, 4403.47611117868, 4253.650201426771, 4167.613756412247, 4199.711579066355, 4158.506292364321, 4399.612775832785, 4421.399053406928, 4577.228705072783, 4582.414286665675, 4565.235923424241, 4569.006529561739, 4448.5198708572025, 4325.6134508201085, 4246.522823071699, 4198.574301963116, 4182.054417211121], [4183.8503723786835, 4357.585782379195, 4513.535122666779, 4688.277136380275, 4893.371641324753, 4500.667335111282, 4378.707435778436, 4250.744883662073, 4134.240783213618, 4166.077334057365, 4098.801941425661, 4322.832052899767, 4382.23361726004, 4502.0486355489775, 4475.891418649065, 4461.149372590807, 4455.18678193295, 4448.265212917341, 4285.3912336435915, 4249.911535156407, 4219.446108943693, 4168.039610897019], [4026.5966836266066, 4240.423812295136, 4415.272976710796, 4558.342109587925, 4500.667335111282, 4673.30836269104, 4558.945725301272, 4406.768577468451, 3953.4388862124347, 3982.2362800164583, 3960.2146429696963, 4253.90558102139, 4237.9156032563105, 4396.847925628033, 4434.187355006388, 4742.815891460587, 4746.70916538552, 4551.396436041385, 4556.1984465521555, 4369.287457885464, 4348.801278143219, 4362.569245949335], [3840.0844769848404, 4023.547308338423, 4201.982927145036, 4403.47611117868, 4378.707435778436, 4558.945725301272, 4664.896931048591, 4561.930282539109, 3761.975286732242, 3813.2401164414473, 3785.077780996785, 4050.9931731807487, 3979.491063729443, 4170.339744711152, 4199.638122063228, 4558.133072843316, 4557.43243502738, 4725.667986883142, 4723.216647127145, 4529.824237540232, 4525.288091775443, 4520.4190657201625], [3671.8281371954145, 3849.478131734079, 4030.2899537990584, 4253.650201426771, 4250.744883662073, 4406.768577468451, 4561.930282539109, 4698.150490170175, 3606.4386849795383, 3637.1207186367415, 3618.329460612062, 3883.729748732583, 3794.5785251917864, 3975.7890055873895, 4038.6779004174564, 4379.227522725379, 4396.805394182681, 4552.192412685132, 4540.992668508301, 4729.979437216699, 4723.984274462547, 4719.911577748375], [4731.108753905185, 4536.760459560788, 4357.994755735218, 4167.613756412247, 4134.240783213618, 3953.4388862124347, 3761.975286732242, 3606.4386849795383, 4939.681766047534, 4688.933975402593, 4690.792668140795, 4494.60699021816, 4520.96981673029, 4330.676854708986, 4362.03897659009, 3952.137699484536, 3926.6684246540112, 3814.4152583173686, 3664.4994717100126, 3624.699847428958, 3549.7042097934745, 3512.9696412016233], [4736.327085335509, 4540.608036546454, 4397.15181209271, 4199.711579066355, 4166.077334057365, 3982.2362800164583, 3813.2401164414473, 3637.1207186367415, 4688.933975402593, 4954.170722580295, 4695.780886942512, 4485.447856795838, 4507.113718986081, 4402.71409066777, 4397.412562423411, 3975.4805230073753, 3939.881396413264, 3904.29785688939, 3710.8576992831863, 3650.967682223286, 3569.0196637074523, 3543.489245635358], [4739.065411335963, 4545.0260611324875, 4366.901271479833, 4158.506292364321, 4098.801941425661, 3960.2146429696963, 3785.077780996785, 3618.329460612062, 4690.792668140795, 4695.780886942512, 4956.858658996023, 4550.855570758616, 4479.64963756889, 4397.21222477038, 4329.883766599207, 3976.0155528349887, 3912.653601433449, 3858.8430696437845, 3687.6642192288978, 3633.1284006594847, 3549.2990602128903, 3529.803537633898], [4569.4086824819215, 4745.492348187565, 4568.1030009461765, 4399.612775832785, 4322.832052899767, 4253.90558102139, 4050.9931731807487, 3883.729748732583, 4494.60699021816, 4485.447856795838, 4550.855570758616, 4991.068302426293, 4738.361789562721, 4545.738586129951, 4538.293264919768, 4288.495531458203, 4255.1457585650005, 4111.101268093804, 3943.1357448757153, 3881.082053434126, 3820.8383322135683, 3803.8206144413653], [4562.201788755984, 4741.147698727921, 4565.28958242063, 4421.399053406928, 4382.23361726004, 4237.9156032563105, 3979.491063729443, 3794.5785251917864, 4520.96981673029, 4507.113718986081, 4479.64963756889, 4738.361789562721, 4984.04832623092, 4509.482422925813, 4547.675355222825, 4258.551013483478, 4270.758516805115, 4000.4583372210354, 3886.067617742947, 3784.111230468713, 3733.954061833983, 3708.5842828226278], [4423.370761998582, 4567.712314446876, 4757.5979079544595, 4577.228705072783, 4502.0486355489775, 4396.847925628033, 4170.339744711152, 3975.7890055873895, 4330.676854708986, 4402.71409066777, 4397.21222477038, 4545.738586129951, 4509.482422925813, 5007.664969894687, 4765.230186960614, 4423.754821878002, 4393.96351341841, 4246.54442795177, 4053.1726859402297, 3981.639796693205, 3875.606737441951, 3904.9166480918725], [4413.621294425592, 4575.145512963881, 4764.45563031337, 4582.414286665675, 4475.891418649065, 4434.187355006388, 4199.638122063228, 4038.6779004174564, 4362.03897659009, 4397.412562423411, 4329.883766599207, 4538.293264919768, 4547.675355222825, 4765.230186960614, 5022.981590734763, 4417.10524429134, 4503.299084823305, 4250.628721492632, 4071.800940185932, 4062.6328439764875, 3942.8935278451213, 3967.1509045899566], [4032.1511053363906, 4258.169836277953, 4423.279932329702, 4565.235923424241, 4461.149372590807, 4742.815891460587, 4558.133072843316, 4379.227522725379, 3952.137699484536, 3975.4805230073753, 3976.0155528349887, 4288.495531458203, 4258.551013483478, 4423.754821878002, 4417.10524429134, 4990.831180359254, 4749.50633880229, 4516.683641845885, 4553.284580772003, 4308.607987195299, 4306.516436777512, 4364.639358682478], [3996.7875760793295, 4247.145127874189, 4437.590725840129, 4569.006529561739, 4455.18678193295, 4746.70916538552, 4557.43243502738, 4396.805394182681, 3926.6684246540112, 3939.881396413264, 3912.653601433449, 4255.1457585650005, 4270.758516805115, 4393.96351341841, 4503.299084823305, 4749.50633880229, 5001.3674763620675, 4484.5389434532635, 4564.925520899938, 4364.997969558382, 4335.645025310618, 4343.79755416107], [3908.9237668719384, 4075.083233900621, 4258.54563537296, 4448.5198708572025, 4448.265212917341, 4551.396436041385, 4725.667986883142, 4552.192412685132, 3814.4152583173686, 3904.29785688939, 3858.8430696437845, 4111.101268093804, 4000.4583372210354, 4246.54442795177, 4250.628721492632, 4516.683641845885, 4484.5389434532635, 4970.116289430422, 4718.496051622806, 4506.099763328602, 4485.68366981862, 4496.058920690549], [3739.804270381173, 3920.716595018532, 4092.573326626234, 4325.6134508201085, 4285.3912336435915, 4556.1984465521555, 4723.216647127145, 4540.992668508301, 3664.4994717100126, 3710.8576992831863, 3687.6642192288978, 3943.1357448757153, 3886.067617742947, 4053.1726859402297, 4071.800940185932, 4553.284580772003, 4564.925520899938, 4718.496051622806, 4960.56892047739, 4478.809705130049, 4502.607298912587, 4465.117232770285], [3684.5779436939374, 3850.2063201198207, 4037.608664354019, 4246.522823071699, 4249.911535156407, 4369.287457885464, 4529.824237540232, 4729.979437216699, 3624.699847428958, 3650.967682223286, 3633.1284006594847, 3881.082053434126, 3784.111230468713, 3981.639796693205, 4062.6328439764875, 4308.607987195299, 4364.997969558382, 4506.099763328602, 4478.809705130049, 4948.661899983503, 4690.671377636735, 4686.101344087044], [3606.0556845024453, 3782.4542440862956, 3948.690107632747, 4198.574301963116, 4219.446108943693, 4348.801278143219, 4525.288091775443, 4723.984274462547, 3549.7042097934745, 3569.0196637074523, 3549.2990602128903, 3820.8383322135683, 3733.954061833983, 3875.606737441951, 3942.8935278451213, 4306.516436777512, 4335.645025310618, 4485.68366981862, 4502.607298912587, 4690.671377636735, 4937.747626927328, 4676.8270460274825], [3581.6717916672164, 3765.879480112295, 3955.141385052448, 4182.054417211121, 4168.039610897019, 4362.569245949335, 4520.4190657201625, 4719.911577748375, 3512.9696412016233, 3543.489245635358, 3529.803537633898, 3803.8206144413653, 3708.5842828226278, 3904.9166480918725, 3967.1509045899566, 4364.639358682478, 4343.79755416107, 4496.058920690549, 4465.117232770285, 4686.101344087044, 4676.8270460274825, 4931.923842891094], [26.876050904382517, 28.791433734791674, 22.99065180716113, -19.73169212917881, -93.47700514884643, 23.178855479738225, 13.659047514194267, 4.178401934209692, 21.97516942062203, 22.67083054239125, 33.70356799874323, 39.52932394620164, 22.162535163316257, 31.366867293742082, 43.80502001587241, 43.13051852047567, 45.71740000181132, 4.276775443529622, 22.460356920259233, 1.1931915292799906, -5.244317408026293, 8.941255540861212]]}}