{"resp_b": 0.1, "restrained_fit": true, "exclude_hydrogens": true, "convergence_tolerance": 1e-06, "max_iter": 500, "resp_a": 0.0005, "charge_constraints": {"charge_sum_constraints": [], "charge_equivalence_constraints": [], "molecules": [{"qcmol": {"schema_name": "qcschema_molecule", "schema_version": 2, "validated": true, "symbols": ["C", "C", "C", "C", "O", "C", "C", "C", "H", "H", "H", "H", "H", "H", "H", "H", "H", "H", "H", "H", "H", "H"], "geometry": [[-0.0, -0.0, 0.0], [2.8897466783629753, 2.5687985369873787e-16, 1.1678283827158848e-15], [4.043297296942572, 2.6668924277095574, 2.7755575615628914e-16], [3.390599251155502, 4.2325544101629955, 2.316910726089865], [2.1746308224195774, 6.125091195259719, 2.13516933765861], [4.316300058746752, 3.2759244898652353, 4.866207607855591], [4.250273525135307, 5.252030369336094, 6.973405402067053], [6.2257470679453855, 7.336291794068654, 6.660302644939611], [-0.7275780404800247, -1.916131604799575, -0.06885715712717838], [-0.7648214078271607, 0.8970906107723084, 1.679287119237719], [-0.7335271448393833, 1.013429205718786, -1.625513198510112], [3.5656841072795764, -0.979124126182822, -1.6718468216104636], [3.5887243145927834, -1.070542282956096, 1.6063705844602292], [3.3970715928798745, 3.713959536168224, -1.636765037579148], [6.090283534522922, 2.5152074648304623, -0.11599226026948845], [3.1164353345622136, 1.6818152569732066, 5.370065453997785], [6.207579833801577, 2.5003420656057944, 4.649920202616755], [2.379666891858289, 6.081207001747743, 7.050816712627366], [4.555908755999978, 4.293072187335108, 8.763519855993176], [5.921555592766757, 8.39388125200286, 4.9331846516884355], [8.125362510825394, 6.55510302141376, 6.610820337750806], [6.1403797081122935, 8.658806866474455, 8.225781477013712]], "name": "C7H14O", "identifiers": {"molecule_hash": "28c57b5b513b8df8027ae9af5701aeb92ac7fa76", "molecular_formula": "C7H14O"}, "molecular_charge": 0.0, "molecular_multiplicity": 1, "connectivity": [[0, 1, 1.0], [0, 8, 1.0], [0, 9, 1.0], [0, 10, 1.0], [1, 2, 1.0], [1, 11, 1.0], [1, 12, 1.0], [2, 3, 1.0], [2, 13, 1.0], [2, 14, 1.0], [3, 4, 2.0], [3, 5, 1.0], [5, 6, 1.0], [5, 15, 1.0], [5, 16, 1.0], [6, 7, 1.0], [6, 17, 1.0], [6, 18, 1.0], [7, 19, 1.0], [7, 20, 1.0], [7, 21, 1.0]], "fix_com": true, "fix_orientation": true, "provenance": {"creator": "QCElemental", "version": "v0.22.0", "routine": "qcelemental.molparse.from_schema"}, "id": "143835"}, "charge": 0, "optimize_geometry": false, "conformers": [], "conformer_generation_options": {"n_conformer_pool": 4000, "n_max_conformers": 0, "rms_tolerance": 0.05, "energy_window": 15, "keep_original_conformer": true}, "stage_1_unrestrained_charges": null, "stage_1_restrained_charges": null, "stage_2_unrestrained_charges": null, "stage_2_restrained_charges": null, "keep_original_orientation": false, "reorientations": [], "translations": [], "rotations": []}], "unconstrained_atoms": [{"index": 0, "molecule": {"qcmol": {"schema_name": "qcschema_molecule", "schema_version": 2, "validated": true, "symbols": ["C", "C", "C", "C", "O", "C", "C", "C", "H", "H", "H", "H", "H", "H", "H", "H", "H", "H", "H", "H", "H", "H"], "geometry": [[-0.0, -0.0, 0.0], [2.8897466783629753, 2.5687985369873787e-16, 1.1678283827158848e-15], [4.043297296942572, 2.6668924277095574, 2.7755575615628914e-16], [3.390599251155502, 4.2325544101629955, 2.316910726089865], [2.1746308224195774, 6.125091195259719, 2.13516933765861], [4.316300058746752, 3.2759244898652353, 4.866207607855591], [4.250273525135307, 5.252030369336094, 6.973405402067053], [6.2257470679453855, 7.336291794068654, 6.660302644939611], [-0.7275780404800247, -1.916131604799575, -0.06885715712717838], [-0.7648214078271607, 0.8970906107723084, 1.679287119237719], [-0.7335271448393833, 1.013429205718786, -1.625513198510112], [3.5656841072795764, -0.979124126182822, -1.6718468216104636], [3.5887243145927834, -1.070542282956096, 1.6063705844602292], [3.3970715928798745, 3.713959536168224, -1.636765037579148], [6.090283534522922, 2.5152074648304623, -0.11599226026948845], [3.1164353345622136, 1.6818152569732066, 5.370065453997785], [6.207579833801577, 2.5003420656057944, 4.649920202616755], [2.379666891858289, 6.081207001747743, 7.050816712627366], [4.555908755999978, 4.293072187335108, 8.763519855993176], [5.921555592766757, 8.39388125200286, 4.9331846516884355], [8.125362510825394, 6.55510302141376, 6.610820337750806], [6.1403797081122935, 8.658806866474455, 8.225781477013712]], "name": "C7H14O", "identifiers": {"molecule_hash": "28c57b5b513b8df8027ae9af5701aeb92ac7fa76", "molecular_formula": "C7H14O"}, "molecular_charge": 0.0, "molecular_multiplicity": 1, "connectivity": [[0, 1, 1.0], [0, 8, 1.0], [0, 9, 1.0], [0, 10, 1.0], [1, 2, 1.0], [1, 11, 1.0], [1, 12, 1.0], [2, 3, 1.0], [2, 13, 1.0], [2, 14, 1.0], [3, 4, 2.0], [3, 5, 1.0], [5, 6, 1.0], [5, 15, 1.0], [5, 16, 1.0], [6, 7, 1.0], [6, 17, 1.0], [6, 18, 1.0], [7, 19, 1.0], [7, 20, 1.0], [7, 21, 1.0]], "fix_com": true, "fix_orientation": true, "provenance": {"creator": "QCElemental", "version": "v0.22.0", "routine": "qcelemental.molparse.from_schema"}, "id": "143835"}, "charge": 0, "optimize_geometry": false, "conformers": [], "conformer_generation_options": {"n_conformer_pool": 4000, "n_max_conformers": 0, "rms_tolerance": 0.05, "energy_window": 15, "keep_original_conformer": true}, "stage_1_unrestrained_charges": null, "stage_1_restrained_charges": null, "stage_2_unrestrained_charges": null, "stage_2_restrained_charges": null, "keep_original_orientation": false, "reorientations": [], "translations": [], "rotations": []}}, {"index": 1, "molecule": {"qcmol": {"schema_name": "qcschema_molecule", "schema_version": 2, "validated": true, "symbols": ["C", "C", "C", "C", "O", "C", "C", "C", "H", "H", "H", "H", "H", "H", "H", "H", "H", "H", "H", "H", "H", "H"], "geometry": [[-0.0, -0.0, 0.0], [2.8897466783629753, 2.5687985369873787e-16, 1.1678283827158848e-15], [4.043297296942572, 2.6668924277095574, 2.7755575615628914e-16], [3.390599251155502, 4.2325544101629955, 2.316910726089865], [2.1746308224195774, 6.125091195259719, 2.13516933765861], [4.316300058746752, 3.2759244898652353, 4.866207607855591], [4.250273525135307, 5.252030369336094, 6.973405402067053], [6.2257470679453855, 7.336291794068654, 6.660302644939611], [-0.7275780404800247, -1.916131604799575, -0.06885715712717838], [-0.7648214078271607, 0.8970906107723084, 1.679287119237719], [-0.7335271448393833, 1.013429205718786, -1.625513198510112], [3.5656841072795764, -0.979124126182822, -1.6718468216104636], [3.5887243145927834, -1.070542282956096, 1.6063705844602292], [3.3970715928798745, 3.713959536168224, -1.636765037579148], [6.090283534522922, 2.5152074648304623, -0.11599226026948845], [3.1164353345622136, 1.6818152569732066, 5.370065453997785], [6.207579833801577, 2.5003420656057944, 4.649920202616755], [2.379666891858289, 6.081207001747743, 7.050816712627366], [4.555908755999978, 4.293072187335108, 8.763519855993176], [5.921555592766757, 8.39388125200286, 4.9331846516884355], [8.125362510825394, 6.55510302141376, 6.610820337750806], [6.1403797081122935, 8.658806866474455, 8.225781477013712]], "name": "C7H14O", "identifiers": {"molecule_hash": "28c57b5b513b8df8027ae9af5701aeb92ac7fa76", "molecular_formula": "C7H14O"}, "molecular_charge": 0.0, "molecular_multiplicity": 1, "connectivity": [[0, 1, 1.0], [0, 8, 1.0], [0, 9, 1.0], [0, 10, 1.0], [1, 2, 1.0], [1, 11, 1.0], [1, 12, 1.0], [2, 3, 1.0], [2, 13, 1.0], [2, 14, 1.0], [3, 4, 2.0], [3, 5, 1.0], [5, 6, 1.0], [5, 15, 1.0], [5, 16, 1.0], [6, 7, 1.0], [6, 17, 1.0], [6, 18, 1.0], [7, 19, 1.0], [7, 20, 1.0], [7, 21, 1.0]], "fix_com": true, "fix_orientation": true, "provenance": {"creator": "QCElemental", "version": "v0.22.0", "routine": "qcelemental.molparse.from_schema"}, "id": "143835"}, "charge": 0, "optimize_geometry": false, "conformers": [], "conformer_generation_options": {"n_conformer_pool": 4000, "n_max_conformers": 0, "rms_tolerance": 0.05, "energy_window": 15, "keep_original_conformer": true}, "stage_1_unrestrained_charges": null, "stage_1_restrained_charges": null, "stage_2_unrestrained_charges": null, "stage_2_restrained_charges": null, "keep_original_orientation": false, "reorientations": [], "translations": [], "rotations": []}}, {"index": 2, "molecule": {"qcmol": {"schema_name": "qcschema_molecule", "schema_version": 2, "validated": true, "symbols": ["C", "C", "C", "C", "O", "C", "C", "C", "H", "H", "H", "H", "H", "H", "H", "H", "H", "H", "H", "H", "H", "H"], "geometry": [[-0.0, -0.0, 0.0], [2.8897466783629753, 2.5687985369873787e-16, 1.1678283827158848e-15], [4.043297296942572, 2.6668924277095574, 2.7755575615628914e-16], [3.390599251155502, 4.2325544101629955, 2.316910726089865], [2.1746308224195774, 6.125091195259719, 2.13516933765861], [4.316300058746752, 3.2759244898652353, 4.866207607855591], [4.250273525135307, 5.252030369336094, 6.973405402067053], [6.2257470679453855, 7.336291794068654, 6.660302644939611], [-0.7275780404800247, -1.916131604799575, -0.06885715712717838], [-0.7648214078271607, 0.8970906107723084, 1.679287119237719], [-0.7335271448393833, 1.013429205718786, -1.625513198510112], [3.5656841072795764, -0.979124126182822, -1.6718468216104636], [3.5887243145927834, -1.070542282956096, 1.6063705844602292], [3.3970715928798745, 3.713959536168224, -1.636765037579148], [6.090283534522922, 2.5152074648304623, -0.11599226026948845], [3.1164353345622136, 1.6818152569732066, 5.370065453997785], [6.207579833801577, 2.5003420656057944, 4.649920202616755], [2.379666891858289, 6.081207001747743, 7.050816712627366], [4.555908755999978, 4.293072187335108, 8.763519855993176], [5.921555592766757, 8.39388125200286, 4.9331846516884355], [8.125362510825394, 6.55510302141376, 6.610820337750806], [6.1403797081122935, 8.658806866474455, 8.225781477013712]], "name": "C7H14O", "identifiers": {"molecule_hash": "28c57b5b513b8df8027ae9af5701aeb92ac7fa76", "molecular_formula": "C7H14O"}, "molecular_charge": 0.0, "molecular_multiplicity": 1, "connectivity": [[0, 1, 1.0], [0, 8, 1.0], [0, 9, 1.0], [0, 10, 1.0], [1, 2, 1.0], [1, 11, 1.0], [1, 12, 1.0], [2, 3, 1.0], [2, 13, 1.0], [2, 14, 1.0], [3, 4, 2.0], [3, 5, 1.0], [5, 6, 1.0], [5, 15, 1.0], [5, 16, 1.0], [6, 7, 1.0], [6, 17, 1.0], [6, 18, 1.0], [7, 19, 1.0], [7, 20, 1.0], [7, 21, 1.0]], "fix_com": true, "fix_orientation": true, "provenance": {"creator": "QCElemental", "version": "v0.22.0", "routine": "qcelemental.molparse.from_schema"}, "id": "143835"}, "charge": 0, "optimize_geometry": false, "conformers": [], "conformer_generation_options": {"n_conformer_pool": 4000, "n_max_conformers": 0, "rms_tolerance": 0.05, "energy_window": 15, "keep_original_conformer": true}, "stage_1_unrestrained_charges": null, "stage_1_restrained_charges": null, "stage_2_unrestrained_charges": null, "stage_2_restrained_charges": null, "keep_original_orientation": false, "reorientations": [], "translations": [], "rotations": []}}, {"index": 5, "molecule": {"qcmol": {"schema_name": "qcschema_molecule", "schema_version": 2, "validated": true, "symbols": ["C", "C", "C", "C", "O", "C", "C", "C", "H", "H", "H", "H", "H", "H", "H", "H", "H", "H", "H", "H", "H", "H"], "geometry": [[-0.0, -0.0, 0.0], [2.8897466783629753, 2.5687985369873787e-16, 1.1678283827158848e-15], [4.043297296942572, 2.6668924277095574, 2.7755575615628914e-16], [3.390599251155502, 4.2325544101629955, 2.316910726089865], [2.1746308224195774, 6.125091195259719, 2.13516933765861], [4.316300058746752, 3.2759244898652353, 4.866207607855591], [4.250273525135307, 5.252030369336094, 6.973405402067053], [6.2257470679453855, 7.336291794068654, 6.660302644939611], [-0.7275780404800247, -1.916131604799575, -0.06885715712717838], [-0.7648214078271607, 0.8970906107723084, 1.679287119237719], [-0.7335271448393833, 1.013429205718786, -1.625513198510112], [3.5656841072795764, -0.979124126182822, -1.6718468216104636], [3.5887243145927834, -1.070542282956096, 1.6063705844602292], [3.3970715928798745, 3.713959536168224, -1.636765037579148], [6.090283534522922, 2.5152074648304623, -0.11599226026948845], [3.1164353345622136, 1.6818152569732066, 5.370065453997785], [6.207579833801577, 2.5003420656057944, 4.649920202616755], [2.379666891858289, 6.081207001747743, 7.050816712627366], [4.555908755999978, 4.293072187335108, 8.763519855993176], [5.921555592766757, 8.39388125200286, 4.9331846516884355], [8.125362510825394, 6.55510302141376, 6.610820337750806], [6.1403797081122935, 8.658806866474455, 8.225781477013712]], "name": "C7H14O", "identifiers": {"molecule_hash": "28c57b5b513b8df8027ae9af5701aeb92ac7fa76", "molecular_formula": "C7H14O"}, "molecular_charge": 0.0, "molecular_multiplicity": 1, "connectivity": [[0, 1, 1.0], [0, 8, 1.0], [0, 9, 1.0], [0, 10, 1.0], [1, 2, 1.0], [1, 11, 1.0], [1, 12, 1.0], [2, 3, 1.0], [2, 13, 1.0], [2, 14, 1.0], [3, 4, 2.0], [3, 5, 1.0], [5, 6, 1.0], [5, 15, 1.0], [5, 16, 1.0], [6, 7, 1.0], [6, 17, 1.0], [6, 18, 1.0], [7, 19, 1.0], [7, 20, 1.0], [7, 21, 1.0]], "fix_com": true, "fix_orientation": true, "provenance": {"creator": "QCElemental", "version": "v0.22.0", "routine": "qcelemental.molparse.from_schema"}, "id": "143835"}, "charge": 0, "optimize_geometry": false, "conformers": [], "conformer_generation_options": {"n_conformer_pool": 4000, "n_max_conformers": 0, "rms_tolerance": 0.05, "energy_window": 15, "keep_original_conformer": true}, "stage_1_unrestrained_charges": null, "stage_1_restrained_charges": null, "stage_2_unrestrained_charges": null, "stage_2_restrained_charges": null, "keep_original_orientation": false, "reorientations": [], "translations": [], "rotations": []}}, {"index": 6, "molecule": {"qcmol": {"schema_name": "qcschema_molecule", "schema_version": 2, "validated": true, "symbols": ["C", "C", "C", "C", "O", "C", "C", "C", "H", "H", "H", "H", "H", "H", "H", "H", "H", "H", "H", "H", "H", "H"], "geometry": [[-0.0, -0.0, 0.0], [2.8897466783629753, 2.5687985369873787e-16, 1.1678283827158848e-15], [4.043297296942572, 2.6668924277095574, 2.7755575615628914e-16], [3.390599251155502, 4.2325544101629955, 2.316910726089865], [2.1746308224195774, 6.125091195259719, 2.13516933765861], [4.316300058746752, 3.2759244898652353, 4.866207607855591], [4.250273525135307, 5.252030369336094, 6.973405402067053], [6.2257470679453855, 7.336291794068654, 6.660302644939611], [-0.7275780404800247, -1.916131604799575, -0.06885715712717838], [-0.7648214078271607, 0.8970906107723084, 1.679287119237719], [-0.7335271448393833, 1.013429205718786, -1.625513198510112], [3.5656841072795764, -0.979124126182822, -1.6718468216104636], [3.5887243145927834, -1.070542282956096, 1.6063705844602292], [3.3970715928798745, 3.713959536168224, -1.636765037579148], [6.090283534522922, 2.5152074648304623, -0.11599226026948845], [3.1164353345622136, 1.6818152569732066, 5.370065453997785], [6.207579833801577, 2.5003420656057944, 4.649920202616755], [2.379666891858289, 6.081207001747743, 7.050816712627366], [4.555908755999978, 4.293072187335108, 8.763519855993176], [5.921555592766757, 8.39388125200286, 4.9331846516884355], [8.125362510825394, 6.55510302141376, 6.610820337750806], [6.1403797081122935, 8.658806866474455, 8.225781477013712]], "name": "C7H14O", "identifiers": {"molecule_hash": "28c57b5b513b8df8027ae9af5701aeb92ac7fa76", "molecular_formula": "C7H14O"}, "molecular_charge": 0.0, "molecular_multiplicity": 1, "connectivity": [[0, 1, 1.0], [0, 8, 1.0], [0, 9, 1.0], [0, 10, 1.0], [1, 2, 1.0], [1, 11, 1.0], [1, 12, 1.0], [2, 3, 1.0], [2, 13, 1.0], [2, 14, 1.0], [3, 4, 2.0], [3, 5, 1.0], [5, 6, 1.0], [5, 15, 1.0], [5, 16, 1.0], [6, 7, 1.0], [6, 17, 1.0], [6, 18, 1.0], [7, 19, 1.0], [7, 20, 1.0], [7, 21, 1.0]], "fix_com": true, "fix_orientation": true, "provenance": {"creator": "QCElemental", "version": "v0.22.0", "routine": "qcelemental.molparse.from_schema"}, "id": "143835"}, "charge": 0, "optimize_geometry": false, "conformers": [], "conformer_generation_options": {"n_conformer_pool": 4000, "n_max_conformers": 0, "rms_tolerance": 0.05, "energy_window": 15, "keep_original_conformer": true}, "stage_1_unrestrained_charges": null, "stage_1_restrained_charges": null, "stage_2_unrestrained_charges": null, "stage_2_restrained_charges": null, "keep_original_orientation": false, "reorientations": [], "translations": [], "rotations": []}}, {"index": 7, "molecule": {"qcmol": {"schema_name": "qcschema_molecule", "schema_version": 2, "validated": true, "symbols": ["C", "C", "C", "C", "O", "C", "C", "C", "H", "H", "H", "H", "H", "H", "H", "H", "H", "H", "H", "H", "H", "H"], "geometry": [[-0.0, -0.0, 0.0], [2.8897466783629753, 2.5687985369873787e-16, 1.1678283827158848e-15], [4.043297296942572, 2.6668924277095574, 2.7755575615628914e-16], [3.390599251155502, 4.2325544101629955, 2.316910726089865], [2.1746308224195774, 6.125091195259719, 2.13516933765861], [4.316300058746752, 3.2759244898652353, 4.866207607855591], [4.250273525135307, 5.252030369336094, 6.973405402067053], [6.2257470679453855, 7.336291794068654, 6.660302644939611], [-0.7275780404800247, -1.916131604799575, -0.06885715712717838], [-0.7648214078271607, 0.8970906107723084, 1.679287119237719], [-0.7335271448393833, 1.013429205718786, -1.625513198510112], [3.5656841072795764, -0.979124126182822, -1.6718468216104636], [3.5887243145927834, -1.070542282956096, 1.6063705844602292], [3.3970715928798745, 3.713959536168224, -1.636765037579148], [6.090283534522922, 2.5152074648304623, -0.11599226026948845], [3.1164353345622136, 1.6818152569732066, 5.370065453997785], [6.207579833801577, 2.5003420656057944, 4.649920202616755], [2.379666891858289, 6.081207001747743, 7.050816712627366], [4.555908755999978, 4.293072187335108, 8.763519855993176], [5.921555592766757, 8.39388125200286, 4.9331846516884355], [8.125362510825394, 6.55510302141376, 6.610820337750806], [6.1403797081122935, 8.658806866474455, 8.225781477013712]], "name": "C7H14O", "identifiers": {"molecule_hash": "28c57b5b513b8df8027ae9af5701aeb92ac7fa76", "molecular_formula": "C7H14O"}, "molecular_charge": 0.0, "molecular_multiplicity": 1, "connectivity": [[0, 1, 1.0], [0, 8, 1.0], [0, 9, 1.0], [0, 10, 1.0], [1, 2, 1.0], [1, 11, 1.0], [1, 12, 1.0], [2, 3, 1.0], [2, 13, 1.0], [2, 14, 1.0], [3, 4, 2.0], [3, 5, 1.0], [5, 6, 1.0], [5, 15, 1.0], [5, 16, 1.0], [6, 7, 1.0], [6, 17, 1.0], [6, 18, 1.0], [7, 19, 1.0], [7, 20, 1.0], [7, 21, 1.0]], "fix_com": true, "fix_orientation": true, "provenance": {"creator": "QCElemental", "version": "v0.22.0", "routine": "qcelemental.molparse.from_schema"}, "id": "143835"}, "charge": 0, "optimize_geometry": false, "conformers": [], "conformer_generation_options": {"n_conformer_pool": 4000, "n_max_conformers": 0, "rms_tolerance": 0.05, "energy_window": 15, "keep_original_conformer": true}, "stage_1_unrestrained_charges": null, "stage_1_restrained_charges": null, "stage_2_unrestrained_charges": null, "stage_2_restrained_charges": null, "keep_original_orientation": false, "reorientations": [], "translations": [], "rotations": []}}]}, "surface_constraints": {"matrix": [[650589530067093.4, 632357798119647.8, 610637821017280.0, 584062502751221.8, 577736454193011.4, 556021637810463.94, 530266608809425.7, 507032555610871.3, 653305772184433.4, 654026367788215.4, 654404484104297.9, 630977053783356.6, 629981880614500.8, 610811073318148.0, 609464823047041.4, 556788623866857.75, 551905411864615.8, 539772367854964.4, 516419204725729.9, 508793120140406.44, 497950296335280.94, 494583059120752.6], [632357798119647.8, 646601656691408.0, 631465809317838.4, 609380667791531.5, 601727093882078.2, 585548412162539.8, 555600478100603.2, 531563736130539.9, 626468754509673.9, 627000063732174.4, 627610127036248.0, 655291976156736.2, 654692032574002.6, 630742831049306.2, 631769265099791.4, 587998898425951.5, 586476546800320.1, 562716885685082.2, 541400879231891.75, 531664274978722.5, 522308652527308.0, 520019775104777.8], [610637821017280.0, 631465809317838.4, 647408498767110.2, 630855127251180.2, 623261656086963.4, 609692932496225.8, 580240229104814.9, 556531578698733.56, 601783466550154.2, 607190625245058.4, 603013381912720.8, 630796786672567.0, 630408281751680.6, 656963621889178.2, 657910591023079.9, 610798614211498.8, 612774758798612.5, 588050775314082.0, 565132181987663.4, 557542185632864.9, 545263718526933.75, 546154461902749.3], [584062502751221.8, 609380667791531.5, 630855127251180.2, 642104924978588.8, 647391304550358.5, 629448953894470.4, 608063927603121.9, 587374836699478.6, 575494300983749.2, 579926696216496.2, 574236708644534.1, 607530412897102.2, 610538856177328.4, 632056941256306.5, 632773007391743.0, 630400898014226.2, 630921573723687.4, 614283903921172.0, 597312105653743.1, 586390626532984.5, 579769567280816.2, 577488335172775.5], [577736454193011.4, 601727093882078.2, 623261656086963.4, 647391304550358.5, 675712228306788.5, 621484787254297.0, 604643727151453.9, 586973669685107.2, 570885940976363.9, 575282291711849.1, 565992350162265.2, 596928048083475.2, 605130679449100.5, 621675493598752.4, 618063506874076.5, 616027834900131.8, 615204478645573.1, 614248819026677.5, 591757981539992.9, 586858560968449.9, 582651722688874.2, 575553096798062.8], [556021637810463.94, 585548412162539.8, 609692932496225.8, 629448953894470.4, 621484787254297.0, 645324325067817.5, 629532292924559.9, 608518560952482.2, 545919463015887.8, 549896089038644.2, 546855103241086.25, 587409987648150.2, 585202064654914.2, 607148690322244.1, 612304807382461.6, 654922424757974.6, 655460040348138.6, 628489834597175.4, 629152919287013.0, 603342925229905.1, 600513988068996.6, 602415184658296.8], [530266608809425.7, 555600478100603.2, 580240229104814.9, 608063927603121.9, 604643727151453.9, 629532292924559.9, 644162791215573.2, 629944401361027.6, 519480719414173.94, 526559798343665.75, 522670849219431.1, 559390297585611.0, 549516922685359.75, 575870705006256.9, 579916453184530.9, 629420071932659.2, 629323325156219.2, 652554500100544.2, 652215991488198.5, 625510964657816.4, 624884581000045.4, 624212223429501.5], [507032555610871.3, 531563736130539.9, 556531578698733.56, 587374836699478.6, 586973669685107.2, 608518560952482.2, 629944401361027.6, 648754665157185.4, 498003089041114.0, 502239973910887.25, 499645035828018.5, 536293355567185.6, 523982854596421.94, 549005667109206.5, 557689855277735.6, 604715478654245.8, 607142812016660.8, 628599724458124.6, 627053177663555.4, 653149835634024.0, 652321981080309.8, 651759584196421.0], [653305772184433.4, 626468754509673.9, 601783466550154.2, 575494300983749.2, 570885940976363.9, 545919463015887.8, 519480719414173.94, 498003089041114.0, 682107040435054.5, 647481982133733.9, 647738629070438.4, 620647937628295.5, 624288249745972.0, 598011165552296.4, 602341927188531.4, 545739774207341.44, 542222848183828.7, 526721946259900.1, 506020579649426.06, 500524701611080.44, 490168855020726.9, 485096146599458.6], [654026367788215.4, 627000063732174.4, 607190625245058.4, 579926696216496.2, 575282291711849.1, 549896089038644.2, 526559798343665.75, 502239973910887.25, 647481982133733.9, 684107802509288.9, 648427452647995.0, 619383094095926.6, 622374947931735.4, 607958652562878.9, 607226661455536.5, 548963198594813.4, 544047452070005.2, 539133627648766.4, 512422102017548.7, 504152043770266.75, 492836178786569.75, 489310604214365.8], [654404484104297.9, 627610127036248.0, 603013381912720.8, 574236708644534.1, 565992350162265.2, 546855103241086.25, 522670849219431.1, 499645035828018.5, 647738629070438.4, 648427452647995.0, 684478949880390.0, 628415095227833.9, 618582475646901.2, 607198953012901.5, 597901712492769.5, 549037001449298.06, 540287563957880.5, 532856822727021.4, 509219283168530.9, 501688552250888.25, 490112897715806.4, 487420686914166.94], [630977053783356.6, 655291976156736.2, 630796786672567.0, 607530412897102.2, 596928048083475.2, 587409987648150.2, 559390297585611.0, 536293355567185.6, 620647937628295.5, 619383094095926.6, 628415095227833.9, 689202884761959.2, 654307330843868.5, 627708568994317.5, 626680438510909.4, 592186398254693.0, 587581228708056.6, 567690408727722.1, 544496553733628.0, 535927731775456.8, 527608917835948.75, 525258870941156.0], [629981880614500.8, 654692032574002.6, 630408281751680.6, 610538856177328.4, 605130679449100.5, 585202064654914.2, 549516922685359.75, 523982854596421.94, 624288249745972.0, 622374947931735.4, 618582475646901.2, 654307330843868.5, 688233508649005.0, 622702009903641.6, 627975981184863.5, 588051514971852.8, 589737238770201.1, 552412210309545.94, 536616355764665.2, 522537441888573.4, 515611446062605.7, 512108097342587.5], [610811073318148.0, 630742831049306.2, 656963621889178.2, 632056941256306.5, 621675493598752.4, 607148690322244.1, 575870705006256.9, 549005667109206.5, 598011165552296.4, 607958652562878.9, 607198953012901.5, 627708568994317.5, 622702009903641.6, 691494694216619.4, 658017541910019.1, 610864264538402.5, 606750409892507.1, 586393559003889.4, 559691449992984.6, 549813552931444.44, 535171807995532.4, 539219048401126.5], [609464823047041.4, 631769265099791.4, 657910591023079.9, 632773007391743.0, 618063506874076.5, 612304807382461.6, 579916453184530.9, 557689855277735.6, 602341927188531.4, 607226661455536.5, 597901712492769.5, 626680438510909.4, 627975981184863.5, 658017541910019.1, 693609736114869.0, 609946009941759.5, 621848338811785.8, 586957526213629.8, 562263810730516.06, 560997731559024.25, 544463296350271.9, 547812806471284.0], [556788623866857.75, 587998898425951.5, 610798614211498.8, 630400898014226.2, 616027834900131.8, 654922424757974.6, 629420071932659.2, 604715478654245.8, 545739774207341.44, 548963198594813.4, 549037001449298.06, 592186398254693.0, 588051514971852.8, 610864264538402.5, 609946009941759.5, 689170173090524.0, 655846290004415.6, 623696468273379.2, 628750523914772.6, 594963844645339.9, 594674947689665.5, 602701055710287.9], [551905411864615.8, 586476546800320.1, 612774758798612.5, 630921573723687.4, 615204478645573.1, 655460040348138.6, 629323325156219.2, 607142812016660.8, 542222848183828.7, 544047452070005.2, 540287563957880.5, 587581228708056.6, 589737238770201.1, 606750409892507.1, 621848338811785.8, 655846290004415.6, 690625111717476.0, 619257627374912.8, 630358016209114.9, 602750699946268.6, 598697297977343.1, 599823081952512.2], [539772367854964.4, 562716885685082.2, 588050775314082.0, 614283903921172.0, 614248819026677.5, 628489834597175.4, 652554500100544.2, 628599724458124.6, 526721946259900.1, 539133627648766.4, 532856822727021.4, 567690408727722.1, 552412210309545.94, 586393559003889.4, 586957526213629.8, 623696468273379.2, 619257627374912.8, 686309699133046.4, 651564134760085.1, 622234858298481.6, 619415764773707.1, 620848402170275.5], [516419204725729.9, 541400879231891.75, 565132181987663.4, 597312105653743.1, 591757981539992.9, 629152919287013.0, 652215991488198.5, 627053177663555.4, 506020579649426.06, 512422102017548.7, 509219283168530.9, 544496553733628.0, 536616355764665.2, 559691449992984.6, 562263810730516.06, 628750523914772.6, 630358016209114.9, 651564134760085.1, 684991308352901.5, 618466532160011.5, 621752621188780.9, 616575737486092.1], [508793120140406.44, 531664274978722.5, 557542185632864.9, 586390626532984.5, 586858560968449.9, 603342925229905.1, 625510964657816.4, 653149835634024.0, 500524701611080.44, 504152043770266.75, 501688552250888.25, 535927731775456.8, 522537441888573.4, 549813552931444.44, 560997731559024.25, 594963844645339.9, 602750699946268.6, 622234858298481.6, 618466532160011.5, 683347098114848.0, 647721894641707.2, 647090816381044.9], [497950296335280.94, 522308652527308.0, 545263718526933.75, 579769567280816.2, 582651722688874.2, 600513988068996.6, 624884581000045.4, 652321981080309.8, 490168855020726.9, 492836178786569.75, 490112897715806.4, 527608917835948.75, 515611446062605.7, 535171807995532.4, 544463296350271.9, 594674947689665.5, 598697297977343.1, 619415764773707.1, 621752621188780.9, 647721894641707.2, 681839971523449.1, 645810161201335.4], [494583059120752.6, 520019775104777.8, 546154461902749.3, 577488335172775.5, 575553096798062.8, 602415184658296.8, 624212223429501.5, 651759584196421.0, 485096146599458.6, 489310604214365.8, 487420686914166.94, 525258870941156.0, 512108097342587.5, 539219048401126.5, 547812806471284.0, 602701055710287.9, 599823081952512.2, 620848402170275.5, 616575737486092.1, 647090816381044.9, 645810161201335.4, 681035766364034.1], [4325425233332.157, 4821946985373.537, 3918529663656.9097, -3980219068167.371, -17364910063465.768, 4008445743417.858, 2026040779022.592, 106221651593.344, 3319792103145.48, 3463688911562.647, 5638586031347.219, 6909087233154.272, 3503729440147.3276, 5463844317401.606, 7908853039833.717, 7765619989467.621, 8330167681554.237, 251382856582.30905, 3668195123145.242, -430503657637.1409, -1806377755582.899, 994840773774.4136]]}}