{"resp_b": 0.1, "restrained_fit": true, "exclude_hydrogens": true, "convergence_tolerance": 1e-06, "max_iter": 500, "resp_a": 0.0005, "charge_constraints": {"charge_sum_constraints": [], "charge_equivalence_constraints": [], "molecules": [{"qcmol": {"schema_name": "qcschema_molecule", "schema_version": 2, "validated": true, "symbols": ["C", "C", "C", "C", "C", "C", "F", "H", "H", "H", "H", "H", "H", "H", "H", "H", "H", "H", "H", "H"], "geometry": [[0.0, -0.0, 0.0], [2.890957921610893, -4.962391710524697e-16, -1.630085871124268e-17], [4.093584222512691, 2.6389380654603842, -4.440892098500626e-16], [3.389958777870075, 4.459229077957309, -2.149927774446865], [4.271198213353958, 3.747401784347803, -4.825219976718209], [2.572017922571896, 1.9326619338184043, -6.256715088530622], [0.1595308878025826, 2.8959317673119718, -6.3780323204125215], [-0.7693801570636827, 0.789738718956557, -1.7268368713885391], [-0.725745263750573, -1.9101517688730847, 0.18596632485528564], [-0.7334671571517588, 1.0990126743506685, 1.5722320096604518], [3.582166968229375, -1.1001641624644822, -1.5897610918821947], [3.5542300122479276, -0.9841219885814616, 1.677438720413653], [3.5942440440229184, 3.5604406582311605, 1.769438287351549], [6.139251966893803, 2.424219519365798, 0.03453465357368979], [4.242975603583001, 6.26950441881566, -1.6895203941892163], [1.3680617066843719, 4.7913873953768, -2.1806195374610384], [6.164918780654238, 2.9459697328081407, -4.7701430327379075], [4.397223459061727, 5.463457550835074, -5.94467991758793], [3.231980218937206, 1.6901433979422893, -8.17878510223788], [2.448486856626921, 0.09726104052533646, -5.375309834682932]], "name": "C6FH13", "identifiers": {"molecule_hash": "d7a5fe300ba6d62dde3e911877b9a16c1e59d7ae", "molecular_formula": "C6FH13"}, "molecular_charge": 0.0, "molecular_multiplicity": 1, "connectivity": [[0, 1, 1.0], [0, 7, 1.0], [0, 8, 1.0], [0, 9, 1.0], [1, 2, 1.0], [1, 10, 1.0], [1, 11, 1.0], [2, 3, 1.0], [2, 12, 1.0], [2, 13, 1.0], [3, 4, 1.0], [3, 14, 1.0], [3, 15, 1.0], [4, 5, 1.0], [4, 16, 1.0], [4, 17, 1.0], [5, 6, 1.0], [5, 18, 1.0], [5, 19, 1.0]], "fix_com": true, "fix_orientation": true, "provenance": {"creator": "QCElemental", "version": "v0.22.0", "routine": "qcelemental.molparse.from_schema"}, "id": "55587"}, "charge": 0, "optimize_geometry": false, "conformers": [], "conformer_generation_options": {"n_conformer_pool": 4000, "n_max_conformers": 0, "rms_tolerance": 0.05, "energy_window": 15, "keep_original_conformer": true}, "stage_1_unrestrained_charges": null, "stage_1_restrained_charges": null, "stage_2_unrestrained_charges": null, "stage_2_restrained_charges": null, "keep_original_orientation": false, "reorientations": [], "translations": [], "rotations": []}], "unconstrained_atoms": [{"index": 0, "molecule": {"qcmol": {"schema_name": "qcschema_molecule", "schema_version": 2, "validated": true, "symbols": ["C", "C", "C", "C", "C", "C", "F", "H", "H", "H", "H", "H", "H", "H", "H", "H", "H", "H", "H", "H"], "geometry": [[0.0, -0.0, 0.0], [2.890957921610893, -4.962391710524697e-16, -1.630085871124268e-17], [4.093584222512691, 2.6389380654603842, -4.440892098500626e-16], [3.389958777870075, 4.459229077957309, -2.149927774446865], [4.271198213353958, 3.747401784347803, -4.825219976718209], [2.572017922571896, 1.9326619338184043, -6.256715088530622], [0.1595308878025826, 2.8959317673119718, -6.3780323204125215], [-0.7693801570636827, 0.789738718956557, -1.7268368713885391], [-0.725745263750573, -1.9101517688730847, 0.18596632485528564], [-0.7334671571517588, 1.0990126743506685, 1.5722320096604518], [3.582166968229375, -1.1001641624644822, -1.5897610918821947], [3.5542300122479276, -0.9841219885814616, 1.677438720413653], [3.5942440440229184, 3.5604406582311605, 1.769438287351549], [6.139251966893803, 2.424219519365798, 0.03453465357368979], [4.242975603583001, 6.26950441881566, -1.6895203941892163], [1.3680617066843719, 4.7913873953768, -2.1806195374610384], [6.164918780654238, 2.9459697328081407, -4.7701430327379075], [4.397223459061727, 5.463457550835074, -5.94467991758793], [3.231980218937206, 1.6901433979422893, -8.17878510223788], [2.448486856626921, 0.09726104052533646, -5.375309834682932]], "name": "C6FH13", "identifiers": {"molecule_hash": "d7a5fe300ba6d62dde3e911877b9a16c1e59d7ae", "molecular_formula": "C6FH13"}, "molecular_charge": 0.0, "molecular_multiplicity": 1, "connectivity": [[0, 1, 1.0], [0, 7, 1.0], [0, 8, 1.0], [0, 9, 1.0], [1, 2, 1.0], [1, 10, 1.0], [1, 11, 1.0], [2, 3, 1.0], [2, 12, 1.0], [2, 13, 1.0], [3, 4, 1.0], [3, 14, 1.0], [3, 15, 1.0], [4, 5, 1.0], [4, 16, 1.0], [4, 17, 1.0], [5, 6, 1.0], [5, 18, 1.0], [5, 19, 1.0]], "fix_com": true, "fix_orientation": true, "provenance": {"creator": "QCElemental", "version": "v0.22.0", "routine": "qcelemental.molparse.from_schema"}, "id": "55587"}, "charge": 0, "optimize_geometry": false, "conformers": [], "conformer_generation_options": {"n_conformer_pool": 4000, "n_max_conformers": 0, "rms_tolerance": 0.05, "energy_window": 15, "keep_original_conformer": true}, "stage_1_unrestrained_charges": null, "stage_1_restrained_charges": null, "stage_2_unrestrained_charges": null, "stage_2_restrained_charges": null, "keep_original_orientation": false, "reorientations": [], "translations": [], "rotations": []}}, {"index": 1, "molecule": {"qcmol": {"schema_name": "qcschema_molecule", "schema_version": 2, "validated": true, "symbols": ["C", "C", "C", "C", "C", "C", "F", "H", "H", "H", "H", "H", "H", "H", "H", "H", "H", "H", "H", "H"], "geometry": [[0.0, -0.0, 0.0], [2.890957921610893, -4.962391710524697e-16, -1.630085871124268e-17], [4.093584222512691, 2.6389380654603842, -4.440892098500626e-16], [3.389958777870075, 4.459229077957309, -2.149927774446865], [4.271198213353958, 3.747401784347803, -4.825219976718209], [2.572017922571896, 1.9326619338184043, -6.256715088530622], [0.1595308878025826, 2.8959317673119718, -6.3780323204125215], [-0.7693801570636827, 0.789738718956557, -1.7268368713885391], [-0.725745263750573, -1.9101517688730847, 0.18596632485528564], [-0.7334671571517588, 1.0990126743506685, 1.5722320096604518], [3.582166968229375, -1.1001641624644822, -1.5897610918821947], [3.5542300122479276, -0.9841219885814616, 1.677438720413653], [3.5942440440229184, 3.5604406582311605, 1.769438287351549], [6.139251966893803, 2.424219519365798, 0.03453465357368979], [4.242975603583001, 6.26950441881566, -1.6895203941892163], [1.3680617066843719, 4.7913873953768, -2.1806195374610384], [6.164918780654238, 2.9459697328081407, -4.7701430327379075], [4.397223459061727, 5.463457550835074, -5.94467991758793], [3.231980218937206, 1.6901433979422893, -8.17878510223788], [2.448486856626921, 0.09726104052533646, -5.375309834682932]], "name": "C6FH13", "identifiers": {"molecule_hash": "d7a5fe300ba6d62dde3e911877b9a16c1e59d7ae", "molecular_formula": "C6FH13"}, "molecular_charge": 0.0, "molecular_multiplicity": 1, "connectivity": [[0, 1, 1.0], [0, 7, 1.0], [0, 8, 1.0], [0, 9, 1.0], [1, 2, 1.0], [1, 10, 1.0], [1, 11, 1.0], [2, 3, 1.0], [2, 12, 1.0], [2, 13, 1.0], [3, 4, 1.0], [3, 14, 1.0], [3, 15, 1.0], [4, 5, 1.0], [4, 16, 1.0], [4, 17, 1.0], [5, 6, 1.0], [5, 18, 1.0], [5, 19, 1.0]], "fix_com": true, "fix_orientation": true, "provenance": {"creator": "QCElemental", "version": "v0.22.0", "routine": "qcelemental.molparse.from_schema"}, "id": "55587"}, "charge": 0, "optimize_geometry": false, "conformers": [], "conformer_generation_options": {"n_conformer_pool": 4000, "n_max_conformers": 0, "rms_tolerance": 0.05, "energy_window": 15, "keep_original_conformer": true}, "stage_1_unrestrained_charges": null, "stage_1_restrained_charges": null, "stage_2_unrestrained_charges": null, "stage_2_restrained_charges": null, "keep_original_orientation": false, "reorientations": [], "translations": [], "rotations": []}}, {"index": 2, "molecule": {"qcmol": {"schema_name": "qcschema_molecule", "schema_version": 2, "validated": true, "symbols": ["C", "C", "C", "C", "C", "C", "F", "H", "H", "H", "H", "H", "H", "H", "H", "H", "H", "H", "H", "H"], "geometry": [[0.0, -0.0, 0.0], [2.890957921610893, -4.962391710524697e-16, -1.630085871124268e-17], [4.093584222512691, 2.6389380654603842, -4.440892098500626e-16], [3.389958777870075, 4.459229077957309, -2.149927774446865], [4.271198213353958, 3.747401784347803, -4.825219976718209], [2.572017922571896, 1.9326619338184043, -6.256715088530622], [0.1595308878025826, 2.8959317673119718, -6.3780323204125215], [-0.7693801570636827, 0.789738718956557, -1.7268368713885391], [-0.725745263750573, -1.9101517688730847, 0.18596632485528564], [-0.7334671571517588, 1.0990126743506685, 1.5722320096604518], [3.582166968229375, -1.1001641624644822, -1.5897610918821947], [3.5542300122479276, -0.9841219885814616, 1.677438720413653], [3.5942440440229184, 3.5604406582311605, 1.769438287351549], [6.139251966893803, 2.424219519365798, 0.03453465357368979], [4.242975603583001, 6.26950441881566, -1.6895203941892163], [1.3680617066843719, 4.7913873953768, -2.1806195374610384], [6.164918780654238, 2.9459697328081407, -4.7701430327379075], [4.397223459061727, 5.463457550835074, -5.94467991758793], [3.231980218937206, 1.6901433979422893, -8.17878510223788], [2.448486856626921, 0.09726104052533646, -5.375309834682932]], "name": "C6FH13", "identifiers": {"molecule_hash": "d7a5fe300ba6d62dde3e911877b9a16c1e59d7ae", "molecular_formula": "C6FH13"}, "molecular_charge": 0.0, "molecular_multiplicity": 1, "connectivity": [[0, 1, 1.0], [0, 7, 1.0], [0, 8, 1.0], [0, 9, 1.0], [1, 2, 1.0], [1, 10, 1.0], [1, 11, 1.0], [2, 3, 1.0], [2, 12, 1.0], [2, 13, 1.0], [3, 4, 1.0], [3, 14, 1.0], [3, 15, 1.0], [4, 5, 1.0], [4, 16, 1.0], [4, 17, 1.0], [5, 6, 1.0], [5, 18, 1.0], [5, 19, 1.0]], "fix_com": true, "fix_orientation": true, "provenance": {"creator": "QCElemental", "version": "v0.22.0", "routine": "qcelemental.molparse.from_schema"}, "id": "55587"}, "charge": 0, "optimize_geometry": false, "conformers": [], "conformer_generation_options": {"n_conformer_pool": 4000, "n_max_conformers": 0, "rms_tolerance": 0.05, "energy_window": 15, "keep_original_conformer": true}, "stage_1_unrestrained_charges": null, "stage_1_restrained_charges": null, "stage_2_unrestrained_charges": null, "stage_2_restrained_charges": null, "keep_original_orientation": false, "reorientations": [], "translations": [], "rotations": []}}, {"index": 3, "molecule": {"qcmol": {"schema_name": "qcschema_molecule", "schema_version": 2, "validated": true, "symbols": ["C", "C", "C", "C", "C", "C", "F", "H", "H", "H", "H", "H", "H", "H", "H", "H", "H", "H", "H", "H"], "geometry": [[0.0, -0.0, 0.0], [2.890957921610893, -4.962391710524697e-16, -1.630085871124268e-17], [4.093584222512691, 2.6389380654603842, -4.440892098500626e-16], [3.389958777870075, 4.459229077957309, -2.149927774446865], [4.271198213353958, 3.747401784347803, -4.825219976718209], [2.572017922571896, 1.9326619338184043, -6.256715088530622], [0.1595308878025826, 2.8959317673119718, -6.3780323204125215], [-0.7693801570636827, 0.789738718956557, -1.7268368713885391], [-0.725745263750573, -1.9101517688730847, 0.18596632485528564], [-0.7334671571517588, 1.0990126743506685, 1.5722320096604518], [3.582166968229375, -1.1001641624644822, -1.5897610918821947], [3.5542300122479276, -0.9841219885814616, 1.677438720413653], [3.5942440440229184, 3.5604406582311605, 1.769438287351549], [6.139251966893803, 2.424219519365798, 0.03453465357368979], [4.242975603583001, 6.26950441881566, -1.6895203941892163], [1.3680617066843719, 4.7913873953768, -2.1806195374610384], [6.164918780654238, 2.9459697328081407, -4.7701430327379075], [4.397223459061727, 5.463457550835074, -5.94467991758793], [3.231980218937206, 1.6901433979422893, -8.17878510223788], [2.448486856626921, 0.09726104052533646, -5.375309834682932]], "name": "C6FH13", "identifiers": {"molecule_hash": "d7a5fe300ba6d62dde3e911877b9a16c1e59d7ae", "molecular_formula": "C6FH13"}, "molecular_charge": 0.0, "molecular_multiplicity": 1, "connectivity": [[0, 1, 1.0], [0, 7, 1.0], [0, 8, 1.0], [0, 9, 1.0], [1, 2, 1.0], [1, 10, 1.0], [1, 11, 1.0], [2, 3, 1.0], [2, 12, 1.0], [2, 13, 1.0], [3, 4, 1.0], [3, 14, 1.0], [3, 15, 1.0], [4, 5, 1.0], [4, 16, 1.0], [4, 17, 1.0], [5, 6, 1.0], [5, 18, 1.0], [5, 19, 1.0]], "fix_com": true, "fix_orientation": true, "provenance": {"creator": "QCElemental", "version": "v0.22.0", "routine": "qcelemental.molparse.from_schema"}, "id": "55587"}, "charge": 0, "optimize_geometry": false, "conformers": [], "conformer_generation_options": {"n_conformer_pool": 4000, "n_max_conformers": 0, "rms_tolerance": 0.05, "energy_window": 15, "keep_original_conformer": true}, "stage_1_unrestrained_charges": null, "stage_1_restrained_charges": null, "stage_2_unrestrained_charges": null, "stage_2_restrained_charges": null, "keep_original_orientation": false, "reorientations": [], "translations": [], "rotations": []}}, {"index": 4, "molecule": {"qcmol": {"schema_name": "qcschema_molecule", "schema_version": 2, "validated": true, "symbols": ["C", "C", "C", "C", "C", "C", "F", "H", "H", "H", "H", "H", "H", "H", "H", "H", "H", "H", "H", "H"], "geometry": [[0.0, -0.0, 0.0], [2.890957921610893, -4.962391710524697e-16, -1.630085871124268e-17], [4.093584222512691, 2.6389380654603842, -4.440892098500626e-16], [3.389958777870075, 4.459229077957309, -2.149927774446865], [4.271198213353958, 3.747401784347803, -4.825219976718209], [2.572017922571896, 1.9326619338184043, -6.256715088530622], [0.1595308878025826, 2.8959317673119718, -6.3780323204125215], [-0.7693801570636827, 0.789738718956557, -1.7268368713885391], [-0.725745263750573, -1.9101517688730847, 0.18596632485528564], [-0.7334671571517588, 1.0990126743506685, 1.5722320096604518], [3.582166968229375, -1.1001641624644822, -1.5897610918821947], [3.5542300122479276, -0.9841219885814616, 1.677438720413653], [3.5942440440229184, 3.5604406582311605, 1.769438287351549], [6.139251966893803, 2.424219519365798, 0.03453465357368979], [4.242975603583001, 6.26950441881566, -1.6895203941892163], [1.3680617066843719, 4.7913873953768, -2.1806195374610384], [6.164918780654238, 2.9459697328081407, -4.7701430327379075], [4.397223459061727, 5.463457550835074, -5.94467991758793], [3.231980218937206, 1.6901433979422893, -8.17878510223788], [2.448486856626921, 0.09726104052533646, -5.375309834682932]], "name": "C6FH13", "identifiers": {"molecule_hash": "d7a5fe300ba6d62dde3e911877b9a16c1e59d7ae", "molecular_formula": "C6FH13"}, "molecular_charge": 0.0, "molecular_multiplicity": 1, "connectivity": [[0, 1, 1.0], [0, 7, 1.0], [0, 8, 1.0], [0, 9, 1.0], [1, 2, 1.0], [1, 10, 1.0], [1, 11, 1.0], [2, 3, 1.0], [2, 12, 1.0], [2, 13, 1.0], [3, 4, 1.0], [3, 14, 1.0], [3, 15, 1.0], [4, 5, 1.0], [4, 16, 1.0], [4, 17, 1.0], [5, 6, 1.0], [5, 18, 1.0], [5, 19, 1.0]], "fix_com": true, "fix_orientation": true, "provenance": {"creator": "QCElemental", "version": "v0.22.0", "routine": "qcelemental.molparse.from_schema"}, "id": "55587"}, "charge": 0, "optimize_geometry": false, "conformers": [], "conformer_generation_options": {"n_conformer_pool": 4000, "n_max_conformers": 0, "rms_tolerance": 0.05, "energy_window": 15, "keep_original_conformer": true}, "stage_1_unrestrained_charges": null, "stage_1_restrained_charges": null, "stage_2_unrestrained_charges": null, "stage_2_restrained_charges": null, "keep_original_orientation": false, "reorientations": [], "translations": [], "rotations": []}}, {"index": 5, "molecule": {"qcmol": {"schema_name": "qcschema_molecule", "schema_version": 2, "validated": true, "symbols": ["C", "C", "C", "C", "C", "C", "F", "H", "H", "H", "H", "H", "H", "H", "H", "H", "H", "H", "H", "H"], "geometry": [[0.0, -0.0, 0.0], [2.890957921610893, -4.962391710524697e-16, -1.630085871124268e-17], [4.093584222512691, 2.6389380654603842, -4.440892098500626e-16], [3.389958777870075, 4.459229077957309, -2.149927774446865], [4.271198213353958, 3.747401784347803, -4.825219976718209], [2.572017922571896, 1.9326619338184043, -6.256715088530622], [0.1595308878025826, 2.8959317673119718, -6.3780323204125215], [-0.7693801570636827, 0.789738718956557, -1.7268368713885391], [-0.725745263750573, -1.9101517688730847, 0.18596632485528564], [-0.7334671571517588, 1.0990126743506685, 1.5722320096604518], [3.582166968229375, -1.1001641624644822, -1.5897610918821947], [3.5542300122479276, -0.9841219885814616, 1.677438720413653], [3.5942440440229184, 3.5604406582311605, 1.769438287351549], [6.139251966893803, 2.424219519365798, 0.03453465357368979], [4.242975603583001, 6.26950441881566, -1.6895203941892163], [1.3680617066843719, 4.7913873953768, -2.1806195374610384], [6.164918780654238, 2.9459697328081407, -4.7701430327379075], [4.397223459061727, 5.463457550835074, -5.94467991758793], [3.231980218937206, 1.6901433979422893, -8.17878510223788], [2.448486856626921, 0.09726104052533646, -5.375309834682932]], "name": "C6FH13", "identifiers": {"molecule_hash": "d7a5fe300ba6d62dde3e911877b9a16c1e59d7ae", "molecular_formula": "C6FH13"}, "molecular_charge": 0.0, "molecular_multiplicity": 1, "connectivity": [[0, 1, 1.0], [0, 7, 1.0], [0, 8, 1.0], [0, 9, 1.0], [1, 2, 1.0], [1, 10, 1.0], [1, 11, 1.0], [2, 3, 1.0], [2, 12, 1.0], [2, 13, 1.0], [3, 4, 1.0], [3, 14, 1.0], [3, 15, 1.0], [4, 5, 1.0], [4, 16, 1.0], [4, 17, 1.0], [5, 6, 1.0], [5, 18, 1.0], [5, 19, 1.0]], "fix_com": true, "fix_orientation": true, "provenance": {"creator": "QCElemental", "version": "v0.22.0", "routine": "qcelemental.molparse.from_schema"}, "id": "55587"}, "charge": 0, "optimize_geometry": false, "conformers": [], "conformer_generation_options": {"n_conformer_pool": 4000, "n_max_conformers": 0, "rms_tolerance": 0.05, "energy_window": 15, "keep_original_conformer": true}, "stage_1_unrestrained_charges": null, "stage_1_restrained_charges": null, "stage_2_unrestrained_charges": null, "stage_2_restrained_charges": null, "keep_original_orientation": false, "reorientations": [], "translations": [], "rotations": []}}]}, "surface_constraints": {"matrix": [[1874.0791080593074, 1810.404400127557, 1736.5894056246375, 1665.6038859654682, 1600.0581051670713, 1537.1091228665337, 1438.4821519159916, 1885.7823943538137, 1883.683018118459, 1879.1873387237813, 1802.226778977917, 1802.9441536444162, 1717.6641665274963, 1736.3861919352537, 1637.21034548698, 1674.2233992319655, 1579.3921876770048, 1605.4502575373049, 1553.9138625060305, 1533.8630609205613], [1810.404400127557, 1853.9791492065183, 1803.438399119391, 1729.777023665738, 1657.3623861471021, 1586.2687336456602, 1483.5655360786159, 1794.8312721659422, 1792.550542602888, 1788.9476376649804, 1876.4953845260816, 1878.5552049718156, 1802.7816747023057, 1802.4227896425837, 1712.50688057852, 1729.4803922338865, 1647.1902289643272, 1651.3668704524598, 1595.2801671140398, 1586.1807092075387], [1736.5894056246375, 1803.438399119391, 1853.7706321557353, 1802.821800111106, 1729.7840432338082, 1649.7111829168482, 1561.592884907407, 1728.5633245218903, 1707.7118683122992, 1706.2820272060846, 1797.4172386034263, 1799.0857303042642, 1882.3492862551705, 1882.6072283220167, 1804.1257971595971, 1798.5642290653795, 1712.476973642002, 1735.1495195846592, 1645.3814105027818, 1643.2245754835901], [1665.6038859654682, 1729.777023665738, 1802.821800111106, 1849.8466503489199, 1798.8315282736542, 1727.7814058762988, 1651.2132949672402, 1643.457426545206, 1655.5882693490473, 1634.4599468167285, 1707.3322414207732, 1726.6896539365723, 1803.3439134834025, 1802.5177056481257, 1879.4803439043565, 1875.0352646037213, 1793.800262504157, 1797.6051002561278, 1721.2584514008524, 1718.4849084068035], [1600.0581051670713, 1657.3623861471021, 1729.7840432338082, 1798.8315282736542, 1845.9748070621486, 1795.6871631467754, 1742.128646288191, 1585.860677178368, 1600.8778690938307, 1556.5326151257548, 1641.3388167953876, 1644.7780925653256, 1713.3754514268558, 1731.6463521738356, 1798.8616078136047, 1795.9233752609885, 1870.2468510773028, 1874.6785116511844, 1784.8693276488373, 1783.2906064566482], [1537.1091228665337, 1586.2687336456602, 1649.7111829168482, 1727.7814058762988, 1795.6871631467754, 1845.802880814909, 1813.3385945525802, 1531.350950493374, 1545.1024537483704, 1485.2283422715484, 1571.5927960180784, 1573.9273123690834, 1628.5728795209523, 1644.5789017541836, 1724.058758876534, 1723.1126102721144, 1792.6219322796326, 1794.2540207425275, 1864.7801508637515, 1863.0053192274468], [1438.4821519159916, 1483.5655360786159, 1561.592884907407, 1651.2132949672402, 1742.128646288191, 1813.3385945525802, 1884.0505622237183, 1438.8388726599248, 1444.1639936330955, 1387.0196792607571, 1465.4493328069204, 1463.1723709290345, 1543.5609819705332, 1558.6820687026427, 1646.3764472583073, 1643.5669903777257, 1733.6975940077728, 1750.6613111464735, 1803.5083135484688, 1800.3116022559761], [1885.7823943538137, 1794.8312721659422, 1728.5633245218903, 1643.457426545206, 1585.860677178368, 1531.350950493374, 1438.8388726599248, 1979.075342986827, 1867.8356501305639, 1860.904478797158, 1785.8108960173631, 1760.4937453822718, 1709.302839384724, 1745.5800317113003, 1606.5964248153134, 1643.3159301295054, 1552.5545071291056, 1601.8332695479123, 1556.5578483032682, 1523.0598050125793], [1883.683018118459, 1792.550542602888, 1707.7118683122992, 1655.5882693490473, 1600.8778690938307, 1545.1024537483704, 1444.1639936330955, 1867.8356501305639, 1971.3975598763186, 1861.5082906922653, 1780.3448693279618, 1778.7748034563062, 1678.5885861779268, 1694.5998278668362, 1623.7848514449097, 1673.190187037823, 1580.4394241787068, 1609.180532163552, 1563.7183587187017, 1546.4858860419843], [1879.1873387237813, 1788.9476376649804, 1706.2820272060846, 1634.4599468167285, 1556.5326151257548, 1485.2283422715484, 1387.0196792607571, 1860.904478797158, 1861.5082906922653, 1964.140056755225, 1760.8527132791978, 1789.0056892915081, 1685.7659205487118, 1702.778683442323, 1610.2173353454868, 1650.0924723081175, 1541.1507585888367, 1556.345128354014, 1496.8187125165364, 1480.7674039322687], [1802.226778977917, 1876.4953845260816, 1797.4172386034263, 1707.3322414207732, 1641.3388167953876, 1571.5927960180784, 1465.4493328069204, 1785.8108960173631, 1780.3448693279618, 1760.8527132791978, 1974.8587664575066, 1873.1807784394048, 1804.7529159331443, 1779.9597204182296, 1681.1441490580914, 1699.4700897209266, 1637.6077304970595, 1632.7603443873631, 1583.8195101283827, 1572.719129547329], [1802.9441536444162, 1878.5552049718156, 1799.0857303042642, 1726.6896539365723, 1644.7780925653256, 1573.9273123690834, 1463.1723709290345, 1760.4937453822718, 1778.7748034563062, 1789.0056892915081, 1873.1807784394048, 1980.8228429144137, 1781.9985279339132, 1789.7270000721346, 1714.986489110846, 1729.3173529068556, 1642.6719810876182, 1623.6046733609257, 1582.2132894612873, 1580.4244416474185], [1717.6641665274963, 1802.7816747023057, 1882.3492862551705, 1803.3439134834025, 1713.3754514268558, 1628.5728795209523, 1543.5609819705332, 1709.302839384724, 1678.5885861779268, 1685.7659205487118, 1804.7529159331443, 1781.9985279339132, 1986.5027973784156, 1882.618911441854, 1796.3813548881835, 1799.3209604442404, 1685.8217309813358, 1721.2159930476485, 1619.1693374764168, 1621.850088450909], [1736.3861919352537, 1802.4227896425837, 1882.6072283220167, 1802.5177056481257, 1731.6463521738356, 1644.5789017541836, 1558.6820687026427, 1745.5800317113003, 1694.5998278668362, 1702.778683442323, 1779.9597204182296, 1789.7270000721346, 1882.618911441854, 1988.6439962289326, 1804.9675864570827, 1770.8652231650303, 1710.2408025253255, 1747.8770408338592, 1636.151626252737, 1635.991690740351], [1637.21034548698, 1712.50688057852, 1804.1257971595971, 1879.4803439043565, 1798.8616078136047, 1724.058758876534, 1646.3764472583073, 1606.5964248153134, 1623.7848514449097, 1610.2173353454868, 1681.1441490580914, 1714.986489110846, 1796.3813548881835, 1804.9675864570827, 1984.5289234651777, 1876.9744418813505, 1794.4172693852947, 1775.8565159005693, 1727.7115484175647, 1703.1319163912024], [1674.2233992319655, 1729.4803922338865, 1798.5642290653795, 1875.0352646037213, 1795.9233752609885, 1723.1126102721144, 1643.5669903777257, 1643.3159301295054, 1673.190187037823, 1650.0924723081175, 1699.4700897209266, 1729.3173529068556, 1799.3209604442404, 1770.8652231650303, 1876.9744418813505, 1975.479365024699, 1778.0890136752312, 1786.1519760471326, 1707.2008587467674, 1725.3254092980044], [1579.3921876770048, 1647.1902289643272, 1712.476973642002, 1793.800262504157, 1870.2468510773028, 1792.6219322796326, 1733.6975940077728, 1552.5545071291056, 1580.4394241787068, 1541.1507585888367, 1637.6077304970595, 1642.6719810876182, 1685.8217309813358, 1710.2408025253255, 1794.4172693852947, 1778.0890136752312, 1969.7750026339422, 1869.4034789376058, 1762.9111678404279, 1780.4232518925407], [1605.4502575373049, 1651.3668704524598, 1735.1495195846592, 1797.6051002561278, 1874.6785116511844, 1794.2540207425275, 1750.6613111464735, 1601.8332695479123, 1609.180532163552, 1556.345128354014, 1632.7603443873631, 1623.6046733609257, 1721.2159930476485, 1747.8770408338592, 1775.8565159005693, 1786.1519760471326, 1869.4034789376058, 1981.464421211587, 1776.6473786874674, 1756.761919765721], [1553.9138625060305, 1595.2801671140398, 1645.3814105027818, 1721.2584514008524, 1784.8693276488373, 1864.7801508637515, 1803.5083135484688, 1556.5578483032682, 1563.7183587187017, 1496.8187125165364, 1583.8195101283827, 1582.2132894612873, 1619.1693374764168, 1636.151626252737, 1727.7115484175647, 1707.2008587467674, 1762.9111678404279, 1776.6473786874674, 1961.3008226814663, 1851.6510428882118], [1533.8630609205613, 1586.1807092075387, 1643.2245754835901, 1718.4849084068035, 1783.2906064566482, 1863.0053192274468, 1800.3116022559761, 1523.0598050125793, 1546.4858860419843, 1480.7674039322687, 1572.719129547329, 1580.4244416474185, 1621.850088450909, 1635.991690740351, 1703.1319163912024, 1725.3254092980044, 1780.4232518925407, 1756.761919765721, 1851.6510428882118, 1958.735797392278], [40.58567941370116, 44.175933980856115, 39.66923762260382, 34.06377734514748, 23.108551993907373, 10.534278704153467, -27.53691094974432, 37.962647216725586, 40.312776466253894, 40.58508344207917, 45.70646267890108, 47.432926595537765, 39.50488832357409, 39.531123488007154, 34.989040342482504, 35.43877578997139, 25.620439765693302, 20.721566827755307, 19.68006720338217, 20.00352645056845]]}}