{"resp_b": 0.1, "restrained_fit": true, "exclude_hydrogens": true, "convergence_tolerance": 1e-06, "max_iter": 500, "resp_a": 0.0005, "charge_constraints": {"charge_sum_constraints": [], "charge_equivalence_constraints": [], "molecules": [{"qcmol": {"schema_name": "qcschema_molecule", "schema_version": 2, "validated": true, "symbols": ["C", "C", "C", "C", "C", "C", "F", "H", "H", "H", "H", "H", "H", "H", "H", "H", "H", "H", "H", "H"], "geometry": [[0.0, -0.0, 0.0], [2.890957921610893, -4.962391710524697e-16, -1.630085871124268e-17], [4.093584222512691, 2.6389380654603842, -4.440892098500626e-16], [3.389958777870075, 4.459229077957309, -2.149927774446865], [4.271198213353958, 3.747401784347803, -4.825219976718209], [2.572017922571896, 1.9326619338184043, -6.256715088530622], [0.1595308878025826, 2.8959317673119718, -6.3780323204125215], [-0.7693801570636827, 0.789738718956557, -1.7268368713885391], [-0.725745263750573, -1.9101517688730847, 0.18596632485528564], [-0.7334671571517588, 1.0990126743506685, 1.5722320096604518], [3.582166968229375, -1.1001641624644822, -1.5897610918821947], [3.5542300122479276, -0.9841219885814616, 1.677438720413653], [3.5942440440229184, 3.5604406582311605, 1.769438287351549], [6.139251966893803, 2.424219519365798, 0.03453465357368979], [4.242975603583001, 6.26950441881566, -1.6895203941892163], [1.3680617066843719, 4.7913873953768, -2.1806195374610384], [6.164918780654238, 2.9459697328081407, -4.7701430327379075], [4.397223459061727, 5.463457550835074, -5.94467991758793], [3.231980218937206, 1.6901433979422893, -8.17878510223788], [2.448486856626921, 0.09726104052533646, -5.375309834682932]], "name": "C6FH13", "identifiers": {"molecule_hash": "d7a5fe300ba6d62dde3e911877b9a16c1e59d7ae", "molecular_formula": "C6FH13"}, "molecular_charge": 0.0, "molecular_multiplicity": 1, "connectivity": [[0, 1, 1.0], [0, 7, 1.0], [0, 8, 1.0], [0, 9, 1.0], [1, 2, 1.0], [1, 10, 1.0], [1, 11, 1.0], [2, 3, 1.0], [2, 12, 1.0], [2, 13, 1.0], [3, 4, 1.0], [3, 14, 1.0], [3, 15, 1.0], [4, 5, 1.0], [4, 16, 1.0], [4, 17, 1.0], [5, 6, 1.0], [5, 18, 1.0], [5, 19, 1.0]], "fix_com": true, "fix_orientation": true, "provenance": {"creator": "QCElemental", "version": "v0.22.0", "routine": "qcelemental.molparse.from_schema"}, "id": "55587"}, "charge": 0, "optimize_geometry": false, "conformers": [], "conformer_generation_options": {"n_conformer_pool": 4000, "n_max_conformers": 0, "rms_tolerance": 0.05, "energy_window": 15, "keep_original_conformer": true}, "stage_1_unrestrained_charges": null, "stage_1_restrained_charges": null, "stage_2_unrestrained_charges": null, "stage_2_restrained_charges": null, "keep_original_orientation": false, "reorientations": [], "translations": [], "rotations": []}], "unconstrained_atoms": [{"index": 0, "molecule": {"qcmol": {"schema_name": "qcschema_molecule", "schema_version": 2, "validated": true, "symbols": ["C", "C", "C", "C", "C", "C", "F", "H", "H", "H", "H", "H", "H", "H", "H", "H", "H", "H", "H", "H"], "geometry": [[0.0, -0.0, 0.0], [2.890957921610893, -4.962391710524697e-16, -1.630085871124268e-17], [4.093584222512691, 2.6389380654603842, -4.440892098500626e-16], [3.389958777870075, 4.459229077957309, -2.149927774446865], [4.271198213353958, 3.747401784347803, -4.825219976718209], [2.572017922571896, 1.9326619338184043, -6.256715088530622], [0.1595308878025826, 2.8959317673119718, -6.3780323204125215], [-0.7693801570636827, 0.789738718956557, -1.7268368713885391], [-0.725745263750573, -1.9101517688730847, 0.18596632485528564], [-0.7334671571517588, 1.0990126743506685, 1.5722320096604518], [3.582166968229375, -1.1001641624644822, -1.5897610918821947], [3.5542300122479276, -0.9841219885814616, 1.677438720413653], [3.5942440440229184, 3.5604406582311605, 1.769438287351549], [6.139251966893803, 2.424219519365798, 0.03453465357368979], [4.242975603583001, 6.26950441881566, -1.6895203941892163], [1.3680617066843719, 4.7913873953768, -2.1806195374610384], [6.164918780654238, 2.9459697328081407, -4.7701430327379075], [4.397223459061727, 5.463457550835074, -5.94467991758793], [3.231980218937206, 1.6901433979422893, -8.17878510223788], [2.448486856626921, 0.09726104052533646, -5.375309834682932]], "name": "C6FH13", "identifiers": {"molecule_hash": "d7a5fe300ba6d62dde3e911877b9a16c1e59d7ae", "molecular_formula": "C6FH13"}, "molecular_charge": 0.0, "molecular_multiplicity": 1, "connectivity": [[0, 1, 1.0], [0, 7, 1.0], [0, 8, 1.0], [0, 9, 1.0], [1, 2, 1.0], [1, 10, 1.0], [1, 11, 1.0], [2, 3, 1.0], [2, 12, 1.0], [2, 13, 1.0], [3, 4, 1.0], [3, 14, 1.0], [3, 15, 1.0], [4, 5, 1.0], [4, 16, 1.0], [4, 17, 1.0], [5, 6, 1.0], [5, 18, 1.0], [5, 19, 1.0]], "fix_com": true, "fix_orientation": true, "provenance": {"creator": "QCElemental", "version": "v0.22.0", "routine": "qcelemental.molparse.from_schema"}, "id": "55587"}, "charge": 0, "optimize_geometry": false, "conformers": [], "conformer_generation_options": {"n_conformer_pool": 4000, "n_max_conformers": 0, "rms_tolerance": 0.05, "energy_window": 15, "keep_original_conformer": true}, "stage_1_unrestrained_charges": null, "stage_1_restrained_charges": null, "stage_2_unrestrained_charges": null, "stage_2_restrained_charges": null, "keep_original_orientation": false, "reorientations": [], "translations": [], "rotations": []}}, {"index": 1, "molecule": {"qcmol": {"schema_name": "qcschema_molecule", "schema_version": 2, "validated": true, "symbols": ["C", "C", "C", "C", "C", "C", "F", "H", "H", "H", "H", "H", "H", "H", "H", "H", "H", "H", "H", "H"], "geometry": [[0.0, -0.0, 0.0], [2.890957921610893, -4.962391710524697e-16, -1.630085871124268e-17], [4.093584222512691, 2.6389380654603842, -4.440892098500626e-16], [3.389958777870075, 4.459229077957309, -2.149927774446865], [4.271198213353958, 3.747401784347803, -4.825219976718209], [2.572017922571896, 1.9326619338184043, -6.256715088530622], [0.1595308878025826, 2.8959317673119718, -6.3780323204125215], [-0.7693801570636827, 0.789738718956557, -1.7268368713885391], [-0.725745263750573, -1.9101517688730847, 0.18596632485528564], [-0.7334671571517588, 1.0990126743506685, 1.5722320096604518], [3.582166968229375, -1.1001641624644822, -1.5897610918821947], [3.5542300122479276, -0.9841219885814616, 1.677438720413653], [3.5942440440229184, 3.5604406582311605, 1.769438287351549], [6.139251966893803, 2.424219519365798, 0.03453465357368979], [4.242975603583001, 6.26950441881566, -1.6895203941892163], [1.3680617066843719, 4.7913873953768, -2.1806195374610384], [6.164918780654238, 2.9459697328081407, -4.7701430327379075], [4.397223459061727, 5.463457550835074, -5.94467991758793], [3.231980218937206, 1.6901433979422893, -8.17878510223788], [2.448486856626921, 0.09726104052533646, -5.375309834682932]], "name": "C6FH13", "identifiers": {"molecule_hash": "d7a5fe300ba6d62dde3e911877b9a16c1e59d7ae", "molecular_formula": "C6FH13"}, "molecular_charge": 0.0, "molecular_multiplicity": 1, "connectivity": [[0, 1, 1.0], [0, 7, 1.0], [0, 8, 1.0], [0, 9, 1.0], [1, 2, 1.0], [1, 10, 1.0], [1, 11, 1.0], [2, 3, 1.0], [2, 12, 1.0], [2, 13, 1.0], [3, 4, 1.0], [3, 14, 1.0], [3, 15, 1.0], [4, 5, 1.0], [4, 16, 1.0], [4, 17, 1.0], [5, 6, 1.0], [5, 18, 1.0], [5, 19, 1.0]], "fix_com": true, "fix_orientation": true, "provenance": {"creator": "QCElemental", "version": "v0.22.0", "routine": "qcelemental.molparse.from_schema"}, "id": "55587"}, "charge": 0, "optimize_geometry": false, "conformers": [], "conformer_generation_options": {"n_conformer_pool": 4000, "n_max_conformers": 0, "rms_tolerance": 0.05, "energy_window": 15, "keep_original_conformer": true}, "stage_1_unrestrained_charges": null, "stage_1_restrained_charges": null, "stage_2_unrestrained_charges": null, "stage_2_restrained_charges": null, "keep_original_orientation": false, "reorientations": [], "translations": [], "rotations": []}}, {"index": 2, "molecule": {"qcmol": {"schema_name": "qcschema_molecule", "schema_version": 2, "validated": true, "symbols": ["C", "C", "C", "C", "C", "C", "F", "H", "H", "H", "H", "H", "H", "H", "H", "H", "H", "H", "H", "H"], "geometry": [[0.0, -0.0, 0.0], [2.890957921610893, -4.962391710524697e-16, -1.630085871124268e-17], [4.093584222512691, 2.6389380654603842, -4.440892098500626e-16], [3.389958777870075, 4.459229077957309, -2.149927774446865], [4.271198213353958, 3.747401784347803, -4.825219976718209], [2.572017922571896, 1.9326619338184043, -6.256715088530622], [0.1595308878025826, 2.8959317673119718, -6.3780323204125215], [-0.7693801570636827, 0.789738718956557, -1.7268368713885391], [-0.725745263750573, -1.9101517688730847, 0.18596632485528564], [-0.7334671571517588, 1.0990126743506685, 1.5722320096604518], [3.582166968229375, -1.1001641624644822, -1.5897610918821947], [3.5542300122479276, -0.9841219885814616, 1.677438720413653], [3.5942440440229184, 3.5604406582311605, 1.769438287351549], [6.139251966893803, 2.424219519365798, 0.03453465357368979], [4.242975603583001, 6.26950441881566, -1.6895203941892163], [1.3680617066843719, 4.7913873953768, -2.1806195374610384], [6.164918780654238, 2.9459697328081407, -4.7701430327379075], [4.397223459061727, 5.463457550835074, -5.94467991758793], [3.231980218937206, 1.6901433979422893, -8.17878510223788], [2.448486856626921, 0.09726104052533646, -5.375309834682932]], "name": "C6FH13", "identifiers": {"molecule_hash": "d7a5fe300ba6d62dde3e911877b9a16c1e59d7ae", "molecular_formula": "C6FH13"}, "molecular_charge": 0.0, "molecular_multiplicity": 1, "connectivity": [[0, 1, 1.0], [0, 7, 1.0], [0, 8, 1.0], [0, 9, 1.0], [1, 2, 1.0], [1, 10, 1.0], [1, 11, 1.0], [2, 3, 1.0], [2, 12, 1.0], [2, 13, 1.0], [3, 4, 1.0], [3, 14, 1.0], [3, 15, 1.0], [4, 5, 1.0], [4, 16, 1.0], [4, 17, 1.0], [5, 6, 1.0], [5, 18, 1.0], [5, 19, 1.0]], "fix_com": true, "fix_orientation": true, "provenance": {"creator": "QCElemental", "version": "v0.22.0", "routine": "qcelemental.molparse.from_schema"}, "id": "55587"}, "charge": 0, "optimize_geometry": false, "conformers": [], "conformer_generation_options": {"n_conformer_pool": 4000, "n_max_conformers": 0, "rms_tolerance": 0.05, "energy_window": 15, "keep_original_conformer": true}, "stage_1_unrestrained_charges": null, "stage_1_restrained_charges": null, "stage_2_unrestrained_charges": null, "stage_2_restrained_charges": null, "keep_original_orientation": false, "reorientations": [], "translations": [], "rotations": []}}, {"index": 3, "molecule": {"qcmol": {"schema_name": "qcschema_molecule", "schema_version": 2, "validated": true, "symbols": ["C", "C", "C", "C", "C", "C", "F", "H", "H", "H", "H", "H", "H", "H", "H", "H", "H", "H", "H", "H"], "geometry": [[0.0, -0.0, 0.0], [2.890957921610893, -4.962391710524697e-16, -1.630085871124268e-17], [4.093584222512691, 2.6389380654603842, -4.440892098500626e-16], [3.389958777870075, 4.459229077957309, -2.149927774446865], [4.271198213353958, 3.747401784347803, -4.825219976718209], [2.572017922571896, 1.9326619338184043, -6.256715088530622], [0.1595308878025826, 2.8959317673119718, -6.3780323204125215], [-0.7693801570636827, 0.789738718956557, -1.7268368713885391], [-0.725745263750573, -1.9101517688730847, 0.18596632485528564], [-0.7334671571517588, 1.0990126743506685, 1.5722320096604518], [3.582166968229375, -1.1001641624644822, -1.5897610918821947], [3.5542300122479276, -0.9841219885814616, 1.677438720413653], [3.5942440440229184, 3.5604406582311605, 1.769438287351549], [6.139251966893803, 2.424219519365798, 0.03453465357368979], [4.242975603583001, 6.26950441881566, -1.6895203941892163], [1.3680617066843719, 4.7913873953768, -2.1806195374610384], [6.164918780654238, 2.9459697328081407, -4.7701430327379075], [4.397223459061727, 5.463457550835074, -5.94467991758793], [3.231980218937206, 1.6901433979422893, -8.17878510223788], [2.448486856626921, 0.09726104052533646, -5.375309834682932]], "name": "C6FH13", "identifiers": {"molecule_hash": "d7a5fe300ba6d62dde3e911877b9a16c1e59d7ae", "molecular_formula": "C6FH13"}, "molecular_charge": 0.0, "molecular_multiplicity": 1, "connectivity": [[0, 1, 1.0], [0, 7, 1.0], [0, 8, 1.0], [0, 9, 1.0], [1, 2, 1.0], [1, 10, 1.0], [1, 11, 1.0], [2, 3, 1.0], [2, 12, 1.0], [2, 13, 1.0], [3, 4, 1.0], [3, 14, 1.0], [3, 15, 1.0], [4, 5, 1.0], [4, 16, 1.0], [4, 17, 1.0], [5, 6, 1.0], [5, 18, 1.0], [5, 19, 1.0]], "fix_com": true, "fix_orientation": true, "provenance": {"creator": "QCElemental", "version": "v0.22.0", "routine": "qcelemental.molparse.from_schema"}, "id": "55587"}, "charge": 0, "optimize_geometry": false, "conformers": [], "conformer_generation_options": {"n_conformer_pool": 4000, "n_max_conformers": 0, "rms_tolerance": 0.05, "energy_window": 15, "keep_original_conformer": true}, "stage_1_unrestrained_charges": null, "stage_1_restrained_charges": null, "stage_2_unrestrained_charges": null, "stage_2_restrained_charges": null, "keep_original_orientation": false, "reorientations": [], "translations": [], "rotations": []}}, {"index": 4, "molecule": {"qcmol": {"schema_name": "qcschema_molecule", "schema_version": 2, "validated": true, "symbols": ["C", "C", "C", "C", "C", "C", "F", "H", "H", "H", "H", "H", "H", "H", "H", "H", "H", "H", "H", "H"], "geometry": [[0.0, -0.0, 0.0], [2.890957921610893, -4.962391710524697e-16, -1.630085871124268e-17], [4.093584222512691, 2.6389380654603842, -4.440892098500626e-16], [3.389958777870075, 4.459229077957309, -2.149927774446865], [4.271198213353958, 3.747401784347803, -4.825219976718209], [2.572017922571896, 1.9326619338184043, -6.256715088530622], [0.1595308878025826, 2.8959317673119718, -6.3780323204125215], [-0.7693801570636827, 0.789738718956557, -1.7268368713885391], [-0.725745263750573, -1.9101517688730847, 0.18596632485528564], [-0.7334671571517588, 1.0990126743506685, 1.5722320096604518], [3.582166968229375, -1.1001641624644822, -1.5897610918821947], [3.5542300122479276, -0.9841219885814616, 1.677438720413653], [3.5942440440229184, 3.5604406582311605, 1.769438287351549], [6.139251966893803, 2.424219519365798, 0.03453465357368979], [4.242975603583001, 6.26950441881566, -1.6895203941892163], [1.3680617066843719, 4.7913873953768, -2.1806195374610384], [6.164918780654238, 2.9459697328081407, -4.7701430327379075], [4.397223459061727, 5.463457550835074, -5.94467991758793], [3.231980218937206, 1.6901433979422893, -8.17878510223788], [2.448486856626921, 0.09726104052533646, -5.375309834682932]], "name": "C6FH13", "identifiers": {"molecule_hash": "d7a5fe300ba6d62dde3e911877b9a16c1e59d7ae", "molecular_formula": "C6FH13"}, "molecular_charge": 0.0, "molecular_multiplicity": 1, "connectivity": [[0, 1, 1.0], [0, 7, 1.0], [0, 8, 1.0], [0, 9, 1.0], [1, 2, 1.0], [1, 10, 1.0], [1, 11, 1.0], [2, 3, 1.0], [2, 12, 1.0], [2, 13, 1.0], [3, 4, 1.0], [3, 14, 1.0], [3, 15, 1.0], [4, 5, 1.0], [4, 16, 1.0], [4, 17, 1.0], [5, 6, 1.0], [5, 18, 1.0], [5, 19, 1.0]], "fix_com": true, "fix_orientation": true, "provenance": {"creator": "QCElemental", "version": "v0.22.0", "routine": "qcelemental.molparse.from_schema"}, "id": "55587"}, "charge": 0, "optimize_geometry": false, "conformers": [], "conformer_generation_options": {"n_conformer_pool": 4000, "n_max_conformers": 0, "rms_tolerance": 0.05, "energy_window": 15, "keep_original_conformer": true}, "stage_1_unrestrained_charges": null, "stage_1_restrained_charges": null, "stage_2_unrestrained_charges": null, "stage_2_restrained_charges": null, "keep_original_orientation": false, "reorientations": [], "translations": [], "rotations": []}}, {"index": 5, "molecule": {"qcmol": {"schema_name": "qcschema_molecule", "schema_version": 2, "validated": true, "symbols": ["C", "C", "C", "C", "C", "C", "F", "H", "H", "H", "H", "H", "H", "H", "H", "H", "H", "H", "H", "H"], "geometry": [[0.0, -0.0, 0.0], [2.890957921610893, -4.962391710524697e-16, -1.630085871124268e-17], [4.093584222512691, 2.6389380654603842, -4.440892098500626e-16], [3.389958777870075, 4.459229077957309, -2.149927774446865], [4.271198213353958, 3.747401784347803, -4.825219976718209], [2.572017922571896, 1.9326619338184043, -6.256715088530622], [0.1595308878025826, 2.8959317673119718, -6.3780323204125215], [-0.7693801570636827, 0.789738718956557, -1.7268368713885391], [-0.725745263750573, -1.9101517688730847, 0.18596632485528564], [-0.7334671571517588, 1.0990126743506685, 1.5722320096604518], [3.582166968229375, -1.1001641624644822, -1.5897610918821947], [3.5542300122479276, -0.9841219885814616, 1.677438720413653], [3.5942440440229184, 3.5604406582311605, 1.769438287351549], [6.139251966893803, 2.424219519365798, 0.03453465357368979], [4.242975603583001, 6.26950441881566, -1.6895203941892163], [1.3680617066843719, 4.7913873953768, -2.1806195374610384], [6.164918780654238, 2.9459697328081407, -4.7701430327379075], [4.397223459061727, 5.463457550835074, -5.94467991758793], [3.231980218937206, 1.6901433979422893, -8.17878510223788], [2.448486856626921, 0.09726104052533646, -5.375309834682932]], "name": "C6FH13", "identifiers": {"molecule_hash": "d7a5fe300ba6d62dde3e911877b9a16c1e59d7ae", "molecular_formula": "C6FH13"}, "molecular_charge": 0.0, "molecular_multiplicity": 1, "connectivity": [[0, 1, 1.0], [0, 7, 1.0], [0, 8, 1.0], [0, 9, 1.0], [1, 2, 1.0], [1, 10, 1.0], [1, 11, 1.0], [2, 3, 1.0], [2, 12, 1.0], [2, 13, 1.0], [3, 4, 1.0], [3, 14, 1.0], [3, 15, 1.0], [4, 5, 1.0], [4, 16, 1.0], [4, 17, 1.0], [5, 6, 1.0], [5, 18, 1.0], [5, 19, 1.0]], "fix_com": true, "fix_orientation": true, "provenance": {"creator": "QCElemental", "version": "v0.22.0", "routine": "qcelemental.molparse.from_schema"}, "id": "55587"}, "charge": 0, "optimize_geometry": false, "conformers": [], "conformer_generation_options": {"n_conformer_pool": 4000, "n_max_conformers": 0, "rms_tolerance": 0.05, "energy_window": 15, "keep_original_conformer": true}, "stage_1_unrestrained_charges": null, "stage_1_restrained_charges": null, "stage_2_unrestrained_charges": null, "stage_2_restrained_charges": null, "keep_original_orientation": false, "reorientations": [], "translations": [], "rotations": []}}]}, "surface_constraints": {"matrix": [[581888025684949.2, 563367557633947.2, 542496146134218.6, 522684463082189.4, 504404539120260.8, 487268128360885.9, 460292408791142.75, 586391850030268.4, 585928941672179.5, 584321414186911.9, 561529395475203.9, 561795762118683.4, 537350750588953.06, 543012215510092.4, 514820430101966.5, 525776948330690.3, 498689311658358.06, 506202580012255.06, 492595209777907.44, 486479383183878.1], [563367557633947.2, 575517168799094.5, 561523607233690.7, 541061021504851.56, 520890705107222.6, 501467902129515.6, 473536580118967.8, 559804621811942.2, 559245211955954.56, 557933650267385.25, 582663958106766.9, 583316125711100.6, 561913707506090.3, 561863345027892.8, 536651054432681.3, 541512915732963.0, 518427538891091.25, 519322102151010.44, 504426945477876.06, 501690078351763.2], [542496146134218.6, 561523607233690.7, 576459392193537.1, 562615234562335.3, 542567349426499.06, 520828112439678.44, 497742838474227.25, 541012130984556.56, 534945633995059.5, 534195276677099.75, 560323439354812.25, 560768219486527.7, 585472777635016.4, 585582661409784.2, 563751978161094.2, 561936693239360.44, 538147338946731.7, 544391343890866.44, 519770990513223.3, 519257901985771.1], [522684463082189.4, 541061021504851.56, 562615234562335.3, 577124101065048.4, 563524435787228.0, 544888043597841.25, 525804340945096.25, 516845725345115.75, 520627693179396.44, 513959732264178.2, 534807419471653.7, 540611230717387.3, 563311241233209.6, 563050956304647.5, 586682490719646.6, 585195248420796.1, 562765762813711.25, 563352813003909.4, 543240284137275.06, 542628008212660.9], [504404539120260.8, 520890705107222.6, 542567349426499.06, 563524435787228.0, 578410791305514.2, 566014595049741.6, 554479053898965.7, 500875512408402.06, 505449050391614.1, 491814276637182.25, 516334184699704.2, 517500226772877.5, 538170535372582.8, 543653526749191.5, 564241924719111.8, 563276996134924.0, 586320066839317.9, 587119470083518.1, 563159368742515.8, 562809869951493.9], [487268128360885.9, 501467902129515.6, 520828112439678.44, 544888043597841.25, 566014595049741.6, 582690667773469.9, 577820176037838.0, 486249547581488.6, 490521934939827.2, 471858276446224.75, 497172291551387.4, 497985737777366.5, 514832239325994.25, 519717779760896.56, 544387222775511.44, 544099255582312.1, 565698477182133.1, 565960225313044.9, 588618814541469.0, 588225329912668.5], [460292408791142.75, 473536580118967.8, 497742838474227.25, 525804340945096.25, 554479053898965.7, 577820176037838.0, 603966802987232.6, 461097107409443.1, 462791256001066.06, 444679763561211.56, 468120939273883.5, 467378415585055.7, 492576372590181.0, 497179659120624.9, 524805243926934.2, 524003000553042.3, 552580060317288.7, 557439564788922.5, 575047122723642.8, 574321024768425.1], [586391850030268.4, 559804621811942.2, 541012130984556.56, 516845725345115.75, 500875512408402.06, 486249547581488.6, 461097107409443.1, 614938447525130.9, 582327960925163.4, 580025066177605.6, 557670810299218.5, 550235957382979.0, 535769899102357.5, 546670867391268.7, 506350924248824.7, 517246204861970.0, 491235766402754.06, 505914998253897.44, 494141198263959.0, 483882328782690.06], [585928941672179.5, 559245211955954.56, 534945633995059.5, 520627693179396.44, 505449050391614.1, 490521934939827.2, 462791256001066.06, 582327960925163.4, 612970357359673.4, 580420560561667.1, 556134843622104.4, 555748553537407.94, 526670182013478.1, 531508572078978.06, 511641245260839.9, 526525940808457.25, 499729286503468.7, 508040880324750.06, 496451088926590.06, 491159942158287.5], [584321414186911.9, 557933650267385.25, 534195276677099.75, 513959732264178.2, 491814276637182.25, 471858276446224.75, 444679763561211.56, 580025066177605.6, 580420560561667.1, 610257254020399.5, 550218272565841.1, 558549094210972.44, 528444305167796.1, 533726363062967.75, 507296405980259.7, 519118187689099.4, 487704372045572.8, 491934037704106.9, 475590652408776.5, 470659095735637.25], [561529395475203.9, 582663958106766.9, 560323439354812.25, 534807419471653.7, 516334184699704.2, 497172291551387.4, 468120939273883.5, 557670810299218.5, 556134843622104.4, 550218272565841.1, 612273573749511.5, 582259377152459.6, 563115359348603.2, 555836228107192.75, 527692691951273.2, 532966351774679.2, 515708298424000.56, 514011171754586.9, 501106936856064.4, 497678940957103.3], [561795762118683.4, 583316125711100.6, 560768219486527.7, 540611230717387.3, 517500226772877.5, 497985737777366.5, 467378415585055.7, 550235957382979.0, 555748553537407.94, 558549094210972.44, 582259377152459.6, 614173494019548.5, 556280367878012.5, 558550872746835.44, 537877781644648.3, 541917796831715.3, 517490784140871.4, 511329933851677.7, 500727796255496.5, 500212312101548.1], [537350750588953.06, 561913707506090.3, 585472777635016.4, 563311241233209.6, 538170535372582.8, 514832239325994.25, 492576372590181.0, 535769899102357.5, 526670182013478.1, 528444305167796.1, 563115359348603.2, 556280367878012.5, 617033977237814.1, 586184916362326.4, 561979438780992.56, 562682377444290.25, 530677701193533.3, 540727402460259.06, 512130064779464.9, 513172574574504.5], [543012215510092.4, 561863345027892.8, 585582661409784.2, 563050956304647.5, 543653526749191.5, 519717779760896.56, 497179659120624.9, 546670867391268.7, 531508572078978.06, 533726363062967.75, 555836228107192.75, 558550872746835.44, 586184916362326.4, 617684647484716.1, 564464875372442.0, 554153405367615.0, 538045753524950.1, 548777964603328.6, 517426677005147.1, 517490612632959.25], [514820430101966.5, 536651054432681.3, 563751978161094.2, 586682490719646.6, 564241924719111.8, 544387222775511.44, 524805243926934.2, 506350924248824.7, 511641245260839.9, 507296405980259.7, 527692691951273.2, 537877781644648.3, 561979438780992.56, 564464875372442.0, 618781179720094.4, 586611143228104.5, 563604972727576.1, 557558801355161.56, 545757121464699.94, 538669115188703.06], [525776948330690.3, 541512915732963.0, 561936693239360.44, 585195248420796.1, 563276996134924.0, 544099255582312.1, 524003000553042.3, 517246204861970.0, 526525940808457.25, 519118187689099.4, 532966351774679.2, 541917796831715.3, 562682377444290.25, 554153405367615.0, 586611143228104.5, 615664825713497.6, 558638703276403.6, 560529760997945.8, 539595533570958.5, 545314223951551.0], [498689311658358.06, 518427538891091.25, 538147338946731.7, 562765762813711.25, 586320066839317.9, 565698477182133.1, 552580060317288.7, 491235766402754.06, 499729286503468.7, 487704372045572.8, 515708298424000.56, 517490784140871.4, 530677701193533.3, 538045753524950.1, 563604972727576.1, 558638703276403.6, 616754122905381.9, 586314672003687.2, 557142467924480.4, 562437945393518.56], [506202580012255.06, 519322102151010.44, 544391343890866.44, 563352813003909.4, 587119470083518.1, 565960225313044.9, 557439564788922.5, 505914998253897.44, 508040880324750.06, 491934037704106.9, 514011171754586.9, 511329933851677.7, 540727402460259.06, 548777964603328.6, 557558801355161.56, 560529760997945.8, 586314672003687.2, 619014507961042.1, 561074119324746.25, 555232829776160.25], [492595209777907.44, 504426945477876.06, 519770990513223.3, 543240284137275.06, 563159368742515.8, 588618814541469.0, 575047122723642.8, 494141198263959.0, 496451088926590.06, 475590652408776.5, 501106936856064.4, 500727796255496.5, 512130064779464.9, 517426677005147.1, 545757121464699.94, 539595533570958.5, 557142467924480.4, 561074119324746.25, 617662573232431.0, 585202209327449.0], [486479383183878.1, 501690078351763.2, 519257901985771.1, 542628008212660.9, 562809869951493.9, 588225329912668.5, 574321024768425.1, 483882328782690.06, 491159942158287.5, 470659095735637.25, 497678940957103.3, 500212312101548.1, 513172574574504.5, 517490612632959.25, 538669115188703.06, 545314223951551.0, 562437945393518.56, 555232829776160.25, 585202209327449.0, 617092876650983.9], [10089963152015.893, 10812439448905.342, 9606075443982.678, 7941647304197.041, 4860205525768.6455, 1375824022620.2102, -8367334111428.134, 9521011223061.41, 9959182125246.31, 10257520323553.76, 11224740893521.127, 11600423707583.234, 9696719258621.41, 9669031303520.922, 8250400426870.59, 8331922226477.197, 5443570025844.747, 4355727540912.341, 3662708128947.672, 3656582310105.0894]]}}