{"resp_b": 0.1, "restrained_fit": true, "exclude_hydrogens": true, "convergence_tolerance": 1e-06, "max_iter": 500, "resp_a": 0.0005, "charge_constraints": {"charge_sum_constraints": [], "charge_equivalence_constraints": [], "molecules": [{"qcmol": {"schema_name": "qcschema_molecule", "schema_version": 2, "validated": true, "symbols": ["C", "C", "C", "C", "C", "C", "F", "H", "H", "H", "H", "H", "H", "H", "H", "H", "H", "H", "H", "H"], "geometry": [[0.0, -0.0, 0.0], [2.890957921610893, -4.962391710524697e-16, -1.630085871124268e-17], [4.093584222512691, 2.6389380654603842, -4.440892098500626e-16], [3.389958777870075, 4.459229077957309, -2.149927774446865], [4.271198213353958, 3.747401784347803, -4.825219976718209], [2.572017922571896, 1.9326619338184043, -6.256715088530622], [0.1595308878025826, 2.8959317673119718, -6.3780323204125215], [-0.7693801570636827, 0.789738718956557, -1.7268368713885391], [-0.725745263750573, -1.9101517688730847, 0.18596632485528564], [-0.7334671571517588, 1.0990126743506685, 1.5722320096604518], [3.582166968229375, -1.1001641624644822, -1.5897610918821947], [3.5542300122479276, -0.9841219885814616, 1.677438720413653], [3.5942440440229184, 3.5604406582311605, 1.769438287351549], [6.139251966893803, 2.424219519365798, 0.03453465357368979], [4.242975603583001, 6.26950441881566, -1.6895203941892163], [1.3680617066843719, 4.7913873953768, -2.1806195374610384], [6.164918780654238, 2.9459697328081407, -4.7701430327379075], [4.397223459061727, 5.463457550835074, -5.94467991758793], [3.231980218937206, 1.6901433979422893, -8.17878510223788], [2.448486856626921, 0.09726104052533646, -5.375309834682932]], "name": "C6FH13", "identifiers": {"molecule_hash": "d7a5fe300ba6d62dde3e911877b9a16c1e59d7ae", "molecular_formula": "C6FH13"}, "molecular_charge": 0.0, "molecular_multiplicity": 1, "connectivity": [[0, 1, 1.0], [0, 7, 1.0], [0, 8, 1.0], [0, 9, 1.0], [1, 2, 1.0], [1, 10, 1.0], [1, 11, 1.0], [2, 3, 1.0], [2, 12, 1.0], [2, 13, 1.0], [3, 4, 1.0], [3, 14, 1.0], [3, 15, 1.0], [4, 5, 1.0], [4, 16, 1.0], [4, 17, 1.0], [5, 6, 1.0], [5, 18, 1.0], [5, 19, 1.0]], "fix_com": true, "fix_orientation": true, "provenance": {"creator": "QCElemental", "version": "v0.22.0", "routine": "qcelemental.molparse.from_schema"}, "id": "55587"}, "charge": 0, "optimize_geometry": false, "conformers": [], "conformer_generation_options": {"n_conformer_pool": 4000, "n_max_conformers": 0, "rms_tolerance": 0.05, "energy_window": 15, "keep_original_conformer": true}, "stage_1_unrestrained_charges": null, "stage_1_restrained_charges": null, "stage_2_unrestrained_charges": null, "stage_2_restrained_charges": null, "keep_original_orientation": false, "reorientations": [], "translations": [], "rotations": []}], "unconstrained_atoms": [{"index": 0, "molecule": {"qcmol": {"schema_name": "qcschema_molecule", "schema_version": 2, "validated": true, "symbols": ["C", "C", "C", "C", "C", "C", "F", "H", "H", "H", "H", "H", "H", "H", "H", "H", "H", "H", "H", "H"], "geometry": [[0.0, -0.0, 0.0], [2.890957921610893, -4.962391710524697e-16, -1.630085871124268e-17], [4.093584222512691, 2.6389380654603842, -4.440892098500626e-16], [3.389958777870075, 4.459229077957309, -2.149927774446865], [4.271198213353958, 3.747401784347803, -4.825219976718209], [2.572017922571896, 1.9326619338184043, -6.256715088530622], [0.1595308878025826, 2.8959317673119718, -6.3780323204125215], [-0.7693801570636827, 0.789738718956557, -1.7268368713885391], [-0.725745263750573, -1.9101517688730847, 0.18596632485528564], [-0.7334671571517588, 1.0990126743506685, 1.5722320096604518], [3.582166968229375, -1.1001641624644822, -1.5897610918821947], [3.5542300122479276, -0.9841219885814616, 1.677438720413653], [3.5942440440229184, 3.5604406582311605, 1.769438287351549], [6.139251966893803, 2.424219519365798, 0.03453465357368979], [4.242975603583001, 6.26950441881566, -1.6895203941892163], [1.3680617066843719, 4.7913873953768, -2.1806195374610384], [6.164918780654238, 2.9459697328081407, -4.7701430327379075], [4.397223459061727, 5.463457550835074, -5.94467991758793], [3.231980218937206, 1.6901433979422893, -8.17878510223788], [2.448486856626921, 0.09726104052533646, -5.375309834682932]], "name": "C6FH13", "identifiers": {"molecule_hash": "d7a5fe300ba6d62dde3e911877b9a16c1e59d7ae", "molecular_formula": "C6FH13"}, "molecular_charge": 0.0, "molecular_multiplicity": 1, "connectivity": [[0, 1, 1.0], [0, 7, 1.0], [0, 8, 1.0], [0, 9, 1.0], [1, 2, 1.0], [1, 10, 1.0], [1, 11, 1.0], [2, 3, 1.0], [2, 12, 1.0], [2, 13, 1.0], [3, 4, 1.0], [3, 14, 1.0], [3, 15, 1.0], [4, 5, 1.0], [4, 16, 1.0], [4, 17, 1.0], [5, 6, 1.0], [5, 18, 1.0], [5, 19, 1.0]], "fix_com": true, "fix_orientation": true, "provenance": {"creator": "QCElemental", "version": "v0.22.0", "routine": "qcelemental.molparse.from_schema"}, "id": "55587"}, "charge": 0, "optimize_geometry": false, "conformers": [], "conformer_generation_options": {"n_conformer_pool": 4000, "n_max_conformers": 0, "rms_tolerance": 0.05, "energy_window": 15, "keep_original_conformer": true}, "stage_1_unrestrained_charges": null, "stage_1_restrained_charges": null, "stage_2_unrestrained_charges": null, "stage_2_restrained_charges": null, "keep_original_orientation": false, "reorientations": [], "translations": [], "rotations": []}}, {"index": 1, "molecule": {"qcmol": {"schema_name": "qcschema_molecule", "schema_version": 2, "validated": true, "symbols": ["C", "C", "C", "C", "C", "C", "F", "H", "H", "H", "H", "H", "H", "H", "H", "H", "H", "H", "H", "H"], "geometry": [[0.0, -0.0, 0.0], [2.890957921610893, -4.962391710524697e-16, -1.630085871124268e-17], [4.093584222512691, 2.6389380654603842, -4.440892098500626e-16], [3.389958777870075, 4.459229077957309, -2.149927774446865], [4.271198213353958, 3.747401784347803, -4.825219976718209], [2.572017922571896, 1.9326619338184043, -6.256715088530622], [0.1595308878025826, 2.8959317673119718, -6.3780323204125215], [-0.7693801570636827, 0.789738718956557, -1.7268368713885391], [-0.725745263750573, -1.9101517688730847, 0.18596632485528564], [-0.7334671571517588, 1.0990126743506685, 1.5722320096604518], [3.582166968229375, -1.1001641624644822, -1.5897610918821947], [3.5542300122479276, -0.9841219885814616, 1.677438720413653], [3.5942440440229184, 3.5604406582311605, 1.769438287351549], [6.139251966893803, 2.424219519365798, 0.03453465357368979], [4.242975603583001, 6.26950441881566, -1.6895203941892163], [1.3680617066843719, 4.7913873953768, -2.1806195374610384], [6.164918780654238, 2.9459697328081407, -4.7701430327379075], [4.397223459061727, 5.463457550835074, -5.94467991758793], [3.231980218937206, 1.6901433979422893, -8.17878510223788], [2.448486856626921, 0.09726104052533646, -5.375309834682932]], "name": "C6FH13", "identifiers": {"molecule_hash": "d7a5fe300ba6d62dde3e911877b9a16c1e59d7ae", "molecular_formula": "C6FH13"}, "molecular_charge": 0.0, "molecular_multiplicity": 1, "connectivity": [[0, 1, 1.0], [0, 7, 1.0], [0, 8, 1.0], [0, 9, 1.0], [1, 2, 1.0], [1, 10, 1.0], [1, 11, 1.0], [2, 3, 1.0], [2, 12, 1.0], [2, 13, 1.0], [3, 4, 1.0], [3, 14, 1.0], [3, 15, 1.0], [4, 5, 1.0], [4, 16, 1.0], [4, 17, 1.0], [5, 6, 1.0], [5, 18, 1.0], [5, 19, 1.0]], "fix_com": true, "fix_orientation": true, "provenance": {"creator": "QCElemental", "version": "v0.22.0", "routine": "qcelemental.molparse.from_schema"}, "id": "55587"}, "charge": 0, "optimize_geometry": false, "conformers": [], "conformer_generation_options": {"n_conformer_pool": 4000, "n_max_conformers": 0, "rms_tolerance": 0.05, "energy_window": 15, "keep_original_conformer": true}, "stage_1_unrestrained_charges": null, "stage_1_restrained_charges": null, "stage_2_unrestrained_charges": null, "stage_2_restrained_charges": null, "keep_original_orientation": false, "reorientations": [], "translations": [], "rotations": []}}, {"index": 2, "molecule": {"qcmol": {"schema_name": "qcschema_molecule", "schema_version": 2, "validated": true, "symbols": ["C", "C", "C", "C", "C", "C", "F", "H", "H", "H", "H", "H", "H", "H", "H", "H", "H", "H", "H", "H"], "geometry": [[0.0, -0.0, 0.0], [2.890957921610893, -4.962391710524697e-16, -1.630085871124268e-17], [4.093584222512691, 2.6389380654603842, -4.440892098500626e-16], [3.389958777870075, 4.459229077957309, -2.149927774446865], [4.271198213353958, 3.747401784347803, -4.825219976718209], [2.572017922571896, 1.9326619338184043, -6.256715088530622], [0.1595308878025826, 2.8959317673119718, -6.3780323204125215], [-0.7693801570636827, 0.789738718956557, -1.7268368713885391], [-0.725745263750573, -1.9101517688730847, 0.18596632485528564], [-0.7334671571517588, 1.0990126743506685, 1.5722320096604518], [3.582166968229375, -1.1001641624644822, -1.5897610918821947], [3.5542300122479276, -0.9841219885814616, 1.677438720413653], [3.5942440440229184, 3.5604406582311605, 1.769438287351549], [6.139251966893803, 2.424219519365798, 0.03453465357368979], [4.242975603583001, 6.26950441881566, -1.6895203941892163], [1.3680617066843719, 4.7913873953768, -2.1806195374610384], [6.164918780654238, 2.9459697328081407, -4.7701430327379075], [4.397223459061727, 5.463457550835074, -5.94467991758793], [3.231980218937206, 1.6901433979422893, -8.17878510223788], [2.448486856626921, 0.09726104052533646, -5.375309834682932]], "name": "C6FH13", "identifiers": {"molecule_hash": "d7a5fe300ba6d62dde3e911877b9a16c1e59d7ae", "molecular_formula": "C6FH13"}, "molecular_charge": 0.0, "molecular_multiplicity": 1, "connectivity": [[0, 1, 1.0], [0, 7, 1.0], [0, 8, 1.0], [0, 9, 1.0], [1, 2, 1.0], [1, 10, 1.0], [1, 11, 1.0], [2, 3, 1.0], [2, 12, 1.0], [2, 13, 1.0], [3, 4, 1.0], [3, 14, 1.0], [3, 15, 1.0], [4, 5, 1.0], [4, 16, 1.0], [4, 17, 1.0], [5, 6, 1.0], [5, 18, 1.0], [5, 19, 1.0]], "fix_com": true, "fix_orientation": true, "provenance": {"creator": "QCElemental", "version": "v0.22.0", "routine": "qcelemental.molparse.from_schema"}, "id": "55587"}, "charge": 0, "optimize_geometry": false, "conformers": [], "conformer_generation_options": {"n_conformer_pool": 4000, "n_max_conformers": 0, "rms_tolerance": 0.05, "energy_window": 15, "keep_original_conformer": true}, "stage_1_unrestrained_charges": null, "stage_1_restrained_charges": null, "stage_2_unrestrained_charges": null, "stage_2_restrained_charges": null, "keep_original_orientation": false, "reorientations": [], "translations": [], "rotations": []}}, {"index": 3, "molecule": {"qcmol": {"schema_name": "qcschema_molecule", "schema_version": 2, "validated": true, "symbols": ["C", "C", "C", "C", "C", "C", "F", "H", "H", "H", "H", "H", "H", "H", "H", "H", "H", "H", "H", "H"], "geometry": [[0.0, -0.0, 0.0], [2.890957921610893, -4.962391710524697e-16, -1.630085871124268e-17], [4.093584222512691, 2.6389380654603842, -4.440892098500626e-16], [3.389958777870075, 4.459229077957309, -2.149927774446865], [4.271198213353958, 3.747401784347803, -4.825219976718209], [2.572017922571896, 1.9326619338184043, -6.256715088530622], [0.1595308878025826, 2.8959317673119718, -6.3780323204125215], [-0.7693801570636827, 0.789738718956557, -1.7268368713885391], [-0.725745263750573, -1.9101517688730847, 0.18596632485528564], [-0.7334671571517588, 1.0990126743506685, 1.5722320096604518], [3.582166968229375, -1.1001641624644822, -1.5897610918821947], [3.5542300122479276, -0.9841219885814616, 1.677438720413653], [3.5942440440229184, 3.5604406582311605, 1.769438287351549], [6.139251966893803, 2.424219519365798, 0.03453465357368979], [4.242975603583001, 6.26950441881566, -1.6895203941892163], [1.3680617066843719, 4.7913873953768, -2.1806195374610384], [6.164918780654238, 2.9459697328081407, -4.7701430327379075], [4.397223459061727, 5.463457550835074, -5.94467991758793], [3.231980218937206, 1.6901433979422893, -8.17878510223788], [2.448486856626921, 0.09726104052533646, -5.375309834682932]], "name": "C6FH13", "identifiers": {"molecule_hash": "d7a5fe300ba6d62dde3e911877b9a16c1e59d7ae", "molecular_formula": "C6FH13"}, "molecular_charge": 0.0, "molecular_multiplicity": 1, "connectivity": [[0, 1, 1.0], [0, 7, 1.0], [0, 8, 1.0], [0, 9, 1.0], [1, 2, 1.0], [1, 10, 1.0], [1, 11, 1.0], [2, 3, 1.0], [2, 12, 1.0], [2, 13, 1.0], [3, 4, 1.0], [3, 14, 1.0], [3, 15, 1.0], [4, 5, 1.0], [4, 16, 1.0], [4, 17, 1.0], [5, 6, 1.0], [5, 18, 1.0], [5, 19, 1.0]], "fix_com": true, "fix_orientation": true, "provenance": {"creator": "QCElemental", "version": "v0.22.0", "routine": "qcelemental.molparse.from_schema"}, "id": "55587"}, "charge": 0, "optimize_geometry": false, "conformers": [], "conformer_generation_options": {"n_conformer_pool": 4000, "n_max_conformers": 0, "rms_tolerance": 0.05, "energy_window": 15, "keep_original_conformer": true}, "stage_1_unrestrained_charges": null, "stage_1_restrained_charges": null, "stage_2_unrestrained_charges": null, "stage_2_restrained_charges": null, "keep_original_orientation": false, "reorientations": [], "translations": [], "rotations": []}}, {"index": 4, "molecule": {"qcmol": {"schema_name": "qcschema_molecule", "schema_version": 2, "validated": true, "symbols": ["C", "C", "C", "C", "C", "C", "F", "H", "H", "H", "H", "H", "H", "H", "H", "H", "H", "H", "H", "H"], "geometry": [[0.0, -0.0, 0.0], [2.890957921610893, -4.962391710524697e-16, -1.630085871124268e-17], [4.093584222512691, 2.6389380654603842, -4.440892098500626e-16], [3.389958777870075, 4.459229077957309, -2.149927774446865], [4.271198213353958, 3.747401784347803, -4.825219976718209], [2.572017922571896, 1.9326619338184043, -6.256715088530622], [0.1595308878025826, 2.8959317673119718, -6.3780323204125215], [-0.7693801570636827, 0.789738718956557, -1.7268368713885391], [-0.725745263750573, -1.9101517688730847, 0.18596632485528564], [-0.7334671571517588, 1.0990126743506685, 1.5722320096604518], [3.582166968229375, -1.1001641624644822, -1.5897610918821947], [3.5542300122479276, -0.9841219885814616, 1.677438720413653], [3.5942440440229184, 3.5604406582311605, 1.769438287351549], [6.139251966893803, 2.424219519365798, 0.03453465357368979], [4.242975603583001, 6.26950441881566, -1.6895203941892163], [1.3680617066843719, 4.7913873953768, -2.1806195374610384], [6.164918780654238, 2.9459697328081407, -4.7701430327379075], [4.397223459061727, 5.463457550835074, -5.94467991758793], [3.231980218937206, 1.6901433979422893, -8.17878510223788], [2.448486856626921, 0.09726104052533646, -5.375309834682932]], "name": "C6FH13", "identifiers": {"molecule_hash": "d7a5fe300ba6d62dde3e911877b9a16c1e59d7ae", "molecular_formula": "C6FH13"}, "molecular_charge": 0.0, "molecular_multiplicity": 1, "connectivity": [[0, 1, 1.0], [0, 7, 1.0], [0, 8, 1.0], [0, 9, 1.0], [1, 2, 1.0], [1, 10, 1.0], [1, 11, 1.0], [2, 3, 1.0], [2, 12, 1.0], [2, 13, 1.0], [3, 4, 1.0], [3, 14, 1.0], [3, 15, 1.0], [4, 5, 1.0], [4, 16, 1.0], [4, 17, 1.0], [5, 6, 1.0], [5, 18, 1.0], [5, 19, 1.0]], "fix_com": true, "fix_orientation": true, "provenance": {"creator": "QCElemental", "version": "v0.22.0", "routine": "qcelemental.molparse.from_schema"}, "id": "55587"}, "charge": 0, "optimize_geometry": false, "conformers": [], "conformer_generation_options": {"n_conformer_pool": 4000, "n_max_conformers": 0, "rms_tolerance": 0.05, "energy_window": 15, "keep_original_conformer": true}, "stage_1_unrestrained_charges": null, "stage_1_restrained_charges": null, "stage_2_unrestrained_charges": null, "stage_2_restrained_charges": null, "keep_original_orientation": false, "reorientations": [], "translations": [], "rotations": []}}, {"index": 5, "molecule": {"qcmol": {"schema_name": "qcschema_molecule", "schema_version": 2, "validated": true, "symbols": ["C", "C", "C", "C", "C", "C", "F", "H", "H", "H", "H", "H", "H", "H", "H", "H", "H", "H", "H", "H"], "geometry": [[0.0, -0.0, 0.0], [2.890957921610893, -4.962391710524697e-16, -1.630085871124268e-17], [4.093584222512691, 2.6389380654603842, -4.440892098500626e-16], [3.389958777870075, 4.459229077957309, -2.149927774446865], [4.271198213353958, 3.747401784347803, -4.825219976718209], [2.572017922571896, 1.9326619338184043, -6.256715088530622], [0.1595308878025826, 2.8959317673119718, -6.3780323204125215], [-0.7693801570636827, 0.789738718956557, -1.7268368713885391], [-0.725745263750573, -1.9101517688730847, 0.18596632485528564], [-0.7334671571517588, 1.0990126743506685, 1.5722320096604518], [3.582166968229375, -1.1001641624644822, -1.5897610918821947], [3.5542300122479276, -0.9841219885814616, 1.677438720413653], [3.5942440440229184, 3.5604406582311605, 1.769438287351549], [6.139251966893803, 2.424219519365798, 0.03453465357368979], [4.242975603583001, 6.26950441881566, -1.6895203941892163], [1.3680617066843719, 4.7913873953768, -2.1806195374610384], [6.164918780654238, 2.9459697328081407, -4.7701430327379075], [4.397223459061727, 5.463457550835074, -5.94467991758793], [3.231980218937206, 1.6901433979422893, -8.17878510223788], [2.448486856626921, 0.09726104052533646, -5.375309834682932]], "name": "C6FH13", "identifiers": {"molecule_hash": "d7a5fe300ba6d62dde3e911877b9a16c1e59d7ae", "molecular_formula": "C6FH13"}, "molecular_charge": 0.0, "molecular_multiplicity": 1, "connectivity": [[0, 1, 1.0], [0, 7, 1.0], [0, 8, 1.0], [0, 9, 1.0], [1, 2, 1.0], [1, 10, 1.0], [1, 11, 1.0], [2, 3, 1.0], [2, 12, 1.0], [2, 13, 1.0], [3, 4, 1.0], [3, 14, 1.0], [3, 15, 1.0], [4, 5, 1.0], [4, 16, 1.0], [4, 17, 1.0], [5, 6, 1.0], [5, 18, 1.0], [5, 19, 1.0]], "fix_com": true, "fix_orientation": true, "provenance": {"creator": "QCElemental", "version": "v0.22.0", "routine": "qcelemental.molparse.from_schema"}, "id": "55587"}, "charge": 0, "optimize_geometry": false, "conformers": [], "conformer_generation_options": {"n_conformer_pool": 4000, "n_max_conformers": 0, "rms_tolerance": 0.05, "energy_window": 15, "keep_original_conformer": true}, "stage_1_unrestrained_charges": null, "stage_1_restrained_charges": null, "stage_2_unrestrained_charges": null, "stage_2_restrained_charges": null, "keep_original_orientation": false, "reorientations": [], "translations": [], "rotations": []}}]}, "surface_constraints": {"matrix": [[574962361722217.4, 556900984485347.8, 536328003372310.06, 517061458469944.7, 497626412426099.9, 477343251768595.25, 451810770573584.56, 579184747646817.9, 578909559382703.1, 577532787117222.8, 555176209806920.56, 555311749206193.0, 531261054408158.25, 536440892622405.56, 509071932101520.44, 521651742863886.1, 492754798718300.56, 499761554322828.75, 480969432055094.7, 475615698795970.06], [556900984485347.8, 569092857593212.8, 555363751114649.0, 535094459961998.5, 514002455249543.1, 493257098696414.94, 466832298483644.94, 553252373921525.5, 552816677713593.56, 551782125350198.94, 576177650418058.6, 576657539964293.0, 555794029851095.8, 555667603935158.25, 531108112118571.94, 536079515655082.94, 511701345904327.44, 512218601119951.44, 495568456578182.9, 492809097838560.56], [536328003372310.06, 555363751114649.0, 570056319928780.5, 556356077870299.56, 536686547714601.06, 514406013811642.56, 492033916599169.8, 534602841731139.1, 528849774938559.0, 528390179046682.3, 554279970600887.2, 554629363351603.3, 578901319461541.4, 578853017363049.4, 557449102972175.75, 555596155346586.7, 532304793455810.1, 538848392513609.2, 513471013515219.25, 512523057875794.0], [517061458469944.7, 535094459961998.5, 556356077870299.56, 570568954977461.4, 557198074634880.9, 538624806997308.0, 520328682041984.06, 511285358050562.44, 514638219224326.8, 509071379043720.2, 528844111074516.3, 534396077506110.9, 557051163770216.3, 556626668838960.2, 579912941916145.5, 578441512445163.2, 556418341589534.25, 557014785301886.44, 537372320406059.4, 536110212258326.5], [497626412426099.9, 514002455249543.1, 536686547714601.06, 557198074634880.9, 571892677848850.0, 559505126825223.9, 548336906428693.06, 495338314172314.6, 497660154170919.3, 485095616119741.7, 509848668340205.7, 509205330324077.75, 532585920248135.0, 538474883898538.25, 557856022406984.3, 556883584536484.1, 579577329837383.4, 580475224629694.4, 557101111518586.44, 556206052865303.8], [477343251768595.25, 493257098696414.94, 514406013811642.56, 538624806997308.0, 559505126825223.9, 575760891817388.4, 570802709525452.5, 476941439634219.2, 479657540482882.7, 461040648339523.3, 489713204839610.75, 488933221784529.8, 509364572000703.6, 513569828009701.56, 538434162072754.75, 537885318795409.5, 559034609750042.2, 559639204929009.56, 581923855187483.4, 580940526640106.0], [451810770573584.56, 466832298483644.94, 492033916599169.8, 520328682041984.06, 548336906428693.06, 570802709525452.5, 595380333212952.2, 452239245356164.9, 453645672796435.06, 435999301526530.6, 461968344921601.06, 460801782290933.0, 488248023878968.06, 490588107733872.9, 519649272472854.2, 519002721569342.2, 546613744604563.25, 551513806079834.0, 568245335794795.6, 567119902664895.8], [579184747646817.9, 553252373921525.5, 534602841731139.1, 511285358050562.44, 495338314172314.6, 476941439634219.2, 452239245356164.9, 606785213428712.0, 575251597111022.4, 573103596435819.1, 551380832155282.06, 543877908141796.8, 529090723375351.1, 539733932265430.7, 500134262030384.1, 512979572677713.44, 486594736574635.94, 502086499633779.1, 482480555549838.2, 474294172112818.56], [578909559382703.1, 552816677713593.56, 528849774938559.0, 514638219224326.8, 497660154170919.3, 479657540482882.7, 453645672796435.06, 575251597111022.4, 605373294238867.5, 573620963190546.9, 549806250090922.56, 549355096797960.1, 520799040895677.3, 525242636340204.4, 505720463953746.06, 521959609083113.75, 492821661548859.94, 500028445284597.0, 484057198072514.06, 479094222182822.9], [577532787117222.8, 551782125350198.94, 528390179046682.3, 509071379043720.2, 485095616119741.7, 461040648339523.3, 435999301526530.6, 573103596435819.1, 573620963190546.9, 603207180497468.8, 544268708656706.06, 552423176593656.56, 522953542797864.0, 527084204254490.44, 502218579714729.1, 516619040480787.5, 482326018306642.8, 485215194319504.6, 462720926836578.75, 458228987083657.7], [555176209806920.56, 576177650418058.6, 554279970600887.2, 528844111074516.3, 509848668340205.7, 489713204839610.75, 461968344921601.06, 551380832155282.06, 549806250090922.56, 544268708656706.06, 605229215177204.5, 575679629476609.2, 556604427086448.06, 550565713538793.94, 522246411051907.56, 526985927416023.9, 509036337855284.1, 507619669371415.9, 493128428950057.0, 489867006914281.1], [555311749206193.0, 576657539964293.0, 554629363351603.3, 534396077506110.9, 509205330324077.75, 488933221784529.8, 460801782290933.0, 543877908141796.8, 549355096797960.1, 552423176593656.56, 575679629476609.2, 606677863322253.1, 550944826455726.44, 552147358922169.3, 532775467263983.56, 536354004225258.7, 509229950318927.7, 501716853937380.4, 491111284705183.25, 490109059895508.94], [531261054408158.25, 555794029851095.8, 578901319461541.4, 557051163770216.3, 532585920248135.0, 509364572000703.6, 488248023878968.06, 529090723375351.1, 520799040895677.3, 522953542797864.0, 556604427086448.06, 550944826455726.44, 609691597082513.6, 579520235944673.4, 556327116347249.56, 555587124852544.56, 525015482430213.5, 535301170722812.9, 507131980874825.25, 507175877369417.8], [536440892622405.56, 555667603935158.25, 578853017363049.4, 556626668838960.2, 538474883898538.25, 513569828009701.56, 490588107733872.9, 539733932265430.7, 525242636340204.4, 527084204254490.44, 550565713538793.94, 552147358922169.3, 579520235944673.4, 609942665523143.9, 557117827645410.9, 548068749201355.0, 532957993530615.25, 544794439676964.25, 511477587995726.5, 511552514721402.25], [509071932101520.44, 531108112118571.94, 557449102972175.75, 579912941916145.5, 557856022406984.3, 538434162072754.75, 519649272472854.2, 500134262030384.1, 505720463953746.06, 502218579714729.1, 522246411051907.56, 532775467263983.56, 556327116347249.56, 557117827645410.9, 611101674918687.9, 579990520302715.2, 557077526326202.56, 551237175682956.9, 540237760731177.44, 532694003314155.94], [521651742863886.1, 536079515655082.94, 555596155346586.7, 578441512445163.2, 556883584536484.1, 537885318795409.5, 519002721569342.2, 512979572677713.44, 521959609083113.75, 516619040480787.5, 526985927416023.9, 536354004225258.7, 555587124852544.56, 548068749201355.0, 579990520302715.2, 608086932109082.6, 552451904832001.1, 554000956029601.44, 533855308011184.6, 538516452008617.94], [492754798718300.56, 511701345904327.44, 532304793455810.1, 556418341589534.25, 579577329837383.4, 559034609750042.2, 546613744604563.25, 486594736574635.94, 492821661548859.94, 482326018306642.8, 509036337855284.1, 509229950318927.7, 525015482430213.5, 532957993530615.25, 557077526326202.56, 552451904832001.1, 609202976724575.1, 579748157237472.8, 550905869607782.3, 555769152918558.56], [499761554322828.75, 512218601119951.44, 538848392513609.2, 557014785301886.44, 580475224629694.4, 559639204929009.56, 551513806079834.0, 502086499633779.1, 500028445284597.0, 485215194319504.6, 507619669371415.9, 501716853937380.4, 535301170722812.9, 544794439676964.25, 551237175682956.9, 554000956029601.44, 579748157237472.8, 611545464440311.1, 555307778306268.9, 548986016532955.8], [480969432055094.7, 495568456578182.9, 513471013515219.25, 537372320406059.4, 557101111518586.44, 581923855187483.4, 568245335794795.6, 482480555549838.2, 484057198072514.06, 462720926836578.75, 493128428950057.0, 491111284705183.25, 507131980874825.25, 511477587995726.5, 540237760731177.44, 533855308011184.6, 550905869607782.3, 555307778306268.9, 610705971299053.1, 578450881891919.8], [475615698795970.06, 492809097838560.56, 512523057875794.0, 536110212258326.5, 556206052865303.8, 580940526640106.0, 567119902664895.8, 474294172112818.56, 479094222182822.9, 458228987083657.7, 489867006914281.1, 490109059895508.94, 507175877369417.8, 511552514721402.25, 532694003314155.94, 538516452008617.94, 555769152918558.56, 548986016532955.8, 578450881891919.8, 608825503191703.9], [9006776747212.154, 9515204204483.234, 8484270657722.468, 6969835079025.273, 4280322060891.3535, 1349531503942.538, -7631147383327.086, 8722653849334.01, 8893427772304.098, 9023004380661.44, 9911734462716.08, 10003821427397.186, 8348757694916.463, 8806477273266.28, 7213994525405.448, 7239474358321.089, 4716449377800.002, 3710317986271.935, 3673352558496.2183, 3618060438253.276]]}}