{"resp_b": 0.1, "restrained_fit": true, "exclude_hydrogens": true, "convergence_tolerance": 1e-06, "max_iter": 500, "resp_a": 0.0005, "charge_constraints": {"charge_sum_constraints": [], "charge_equivalence_constraints": [], "molecules": [{"qcmol": {"schema_name": "qcschema_molecule", "schema_version": 2, "validated": true, "symbols": ["C", "C", "C", "C", "C", "C", "F", "H", "H", "H", "H", "H", "H", "H", "H", "H", "H", "H", "H", "H"], "geometry": [[0.0, -0.0, 0.0], [2.890957921610893, -4.962391710524697e-16, -1.630085871124268e-17], [4.093584222512691, 2.6389380654603842, -4.440892098500626e-16], [3.389958777870075, 4.459229077957309, -2.149927774446865], [4.271198213353958, 3.747401784347803, -4.825219976718209], [2.572017922571896, 1.9326619338184043, -6.256715088530622], [0.1595308878025826, 2.8959317673119718, -6.3780323204125215], [-0.7693801570636827, 0.789738718956557, -1.7268368713885391], [-0.725745263750573, -1.9101517688730847, 0.18596632485528564], [-0.7334671571517588, 1.0990126743506685, 1.5722320096604518], [3.582166968229375, -1.1001641624644822, -1.5897610918821947], [3.5542300122479276, -0.9841219885814616, 1.677438720413653], [3.5942440440229184, 3.5604406582311605, 1.769438287351549], [6.139251966893803, 2.424219519365798, 0.03453465357368979], [4.242975603583001, 6.26950441881566, -1.6895203941892163], [1.3680617066843719, 4.7913873953768, -2.1806195374610384], [6.164918780654238, 2.9459697328081407, -4.7701430327379075], [4.397223459061727, 5.463457550835074, -5.94467991758793], [3.231980218937206, 1.6901433979422893, -8.17878510223788], [2.448486856626921, 0.09726104052533646, -5.375309834682932]], "name": "C6FH13", "identifiers": {"molecule_hash": "d7a5fe300ba6d62dde3e911877b9a16c1e59d7ae", "molecular_formula": "C6FH13"}, "molecular_charge": 0.0, "molecular_multiplicity": 1, "connectivity": [[0, 1, 1.0], [0, 7, 1.0], [0, 8, 1.0], [0, 9, 1.0], [1, 2, 1.0], [1, 10, 1.0], [1, 11, 1.0], [2, 3, 1.0], [2, 12, 1.0], [2, 13, 1.0], [3, 4, 1.0], [3, 14, 1.0], [3, 15, 1.0], [4, 5, 1.0], [4, 16, 1.0], [4, 17, 1.0], [5, 6, 1.0], [5, 18, 1.0], [5, 19, 1.0]], "fix_com": true, "fix_orientation": true, "provenance": {"creator": "QCElemental", "version": "v0.22.0", "routine": "qcelemental.molparse.from_schema"}, "id": "55587"}, "charge": 0, "optimize_geometry": false, "conformers": [], "conformer_generation_options": {"n_conformer_pool": 4000, "n_max_conformers": 0, "rms_tolerance": 0.05, "energy_window": 15, "keep_original_conformer": true}, "stage_1_unrestrained_charges": null, "stage_1_restrained_charges": null, "stage_2_unrestrained_charges": null, "stage_2_restrained_charges": null, "keep_original_orientation": false, "reorientations": [], "translations": [], "rotations": []}], "unconstrained_atoms": [{"index": 0, "molecule": {"qcmol": {"schema_name": "qcschema_molecule", "schema_version": 2, "validated": true, "symbols": ["C", "C", "C", "C", "C", "C", "F", "H", "H", "H", "H", "H", "H", "H", "H", "H", "H", "H", "H", "H"], "geometry": [[0.0, -0.0, 0.0], [2.890957921610893, -4.962391710524697e-16, -1.630085871124268e-17], [4.093584222512691, 2.6389380654603842, -4.440892098500626e-16], [3.389958777870075, 4.459229077957309, -2.149927774446865], [4.271198213353958, 3.747401784347803, -4.825219976718209], [2.572017922571896, 1.9326619338184043, -6.256715088530622], [0.1595308878025826, 2.8959317673119718, -6.3780323204125215], [-0.7693801570636827, 0.789738718956557, -1.7268368713885391], [-0.725745263750573, -1.9101517688730847, 0.18596632485528564], [-0.7334671571517588, 1.0990126743506685, 1.5722320096604518], [3.582166968229375, -1.1001641624644822, -1.5897610918821947], [3.5542300122479276, -0.9841219885814616, 1.677438720413653], [3.5942440440229184, 3.5604406582311605, 1.769438287351549], [6.139251966893803, 2.424219519365798, 0.03453465357368979], [4.242975603583001, 6.26950441881566, -1.6895203941892163], [1.3680617066843719, 4.7913873953768, -2.1806195374610384], [6.164918780654238, 2.9459697328081407, -4.7701430327379075], [4.397223459061727, 5.463457550835074, -5.94467991758793], [3.231980218937206, 1.6901433979422893, -8.17878510223788], [2.448486856626921, 0.09726104052533646, -5.375309834682932]], "name": "C6FH13", "identifiers": {"molecule_hash": "d7a5fe300ba6d62dde3e911877b9a16c1e59d7ae", "molecular_formula": "C6FH13"}, "molecular_charge": 0.0, "molecular_multiplicity": 1, "connectivity": [[0, 1, 1.0], [0, 7, 1.0], [0, 8, 1.0], [0, 9, 1.0], [1, 2, 1.0], [1, 10, 1.0], [1, 11, 1.0], [2, 3, 1.0], [2, 12, 1.0], [2, 13, 1.0], [3, 4, 1.0], [3, 14, 1.0], [3, 15, 1.0], [4, 5, 1.0], [4, 16, 1.0], [4, 17, 1.0], [5, 6, 1.0], [5, 18, 1.0], [5, 19, 1.0]], "fix_com": true, "fix_orientation": true, "provenance": {"creator": "QCElemental", "version": "v0.22.0", "routine": "qcelemental.molparse.from_schema"}, "id": "55587"}, "charge": 0, "optimize_geometry": false, "conformers": [], "conformer_generation_options": {"n_conformer_pool": 4000, "n_max_conformers": 0, "rms_tolerance": 0.05, "energy_window": 15, "keep_original_conformer": true}, "stage_1_unrestrained_charges": null, "stage_1_restrained_charges": null, "stage_2_unrestrained_charges": null, "stage_2_restrained_charges": null, "keep_original_orientation": false, "reorientations": [], "translations": [], "rotations": []}}, {"index": 1, "molecule": {"qcmol": {"schema_name": "qcschema_molecule", "schema_version": 2, "validated": true, "symbols": ["C", "C", "C", "C", "C", "C", "F", "H", "H", "H", "H", "H", "H", "H", "H", "H", "H", "H", "H", "H"], "geometry": [[0.0, -0.0, 0.0], [2.890957921610893, -4.962391710524697e-16, -1.630085871124268e-17], [4.093584222512691, 2.6389380654603842, -4.440892098500626e-16], [3.389958777870075, 4.459229077957309, -2.149927774446865], [4.271198213353958, 3.747401784347803, -4.825219976718209], [2.572017922571896, 1.9326619338184043, -6.256715088530622], [0.1595308878025826, 2.8959317673119718, -6.3780323204125215], [-0.7693801570636827, 0.789738718956557, -1.7268368713885391], [-0.725745263750573, -1.9101517688730847, 0.18596632485528564], [-0.7334671571517588, 1.0990126743506685, 1.5722320096604518], [3.582166968229375, -1.1001641624644822, -1.5897610918821947], [3.5542300122479276, -0.9841219885814616, 1.677438720413653], [3.5942440440229184, 3.5604406582311605, 1.769438287351549], [6.139251966893803, 2.424219519365798, 0.03453465357368979], [4.242975603583001, 6.26950441881566, -1.6895203941892163], [1.3680617066843719, 4.7913873953768, -2.1806195374610384], [6.164918780654238, 2.9459697328081407, -4.7701430327379075], [4.397223459061727, 5.463457550835074, -5.94467991758793], [3.231980218937206, 1.6901433979422893, -8.17878510223788], [2.448486856626921, 0.09726104052533646, -5.375309834682932]], "name": "C6FH13", "identifiers": {"molecule_hash": "d7a5fe300ba6d62dde3e911877b9a16c1e59d7ae", "molecular_formula": "C6FH13"}, "molecular_charge": 0.0, "molecular_multiplicity": 1, "connectivity": [[0, 1, 1.0], [0, 7, 1.0], [0, 8, 1.0], [0, 9, 1.0], [1, 2, 1.0], [1, 10, 1.0], [1, 11, 1.0], [2, 3, 1.0], [2, 12, 1.0], [2, 13, 1.0], [3, 4, 1.0], [3, 14, 1.0], [3, 15, 1.0], [4, 5, 1.0], [4, 16, 1.0], [4, 17, 1.0], [5, 6, 1.0], [5, 18, 1.0], [5, 19, 1.0]], "fix_com": true, "fix_orientation": true, "provenance": {"creator": "QCElemental", "version": "v0.22.0", "routine": "qcelemental.molparse.from_schema"}, "id": "55587"}, "charge": 0, "optimize_geometry": false, "conformers": [], "conformer_generation_options": {"n_conformer_pool": 4000, "n_max_conformers": 0, "rms_tolerance": 0.05, "energy_window": 15, "keep_original_conformer": true}, "stage_1_unrestrained_charges": null, "stage_1_restrained_charges": null, "stage_2_unrestrained_charges": null, "stage_2_restrained_charges": null, "keep_original_orientation": false, "reorientations": [], "translations": [], "rotations": []}}, {"index": 2, "molecule": {"qcmol": {"schema_name": "qcschema_molecule", "schema_version": 2, "validated": true, "symbols": ["C", "C", "C", "C", "C", "C", "F", "H", "H", "H", "H", "H", "H", "H", "H", "H", "H", "H", "H", "H"], "geometry": [[0.0, -0.0, 0.0], [2.890957921610893, -4.962391710524697e-16, -1.630085871124268e-17], [4.093584222512691, 2.6389380654603842, -4.440892098500626e-16], [3.389958777870075, 4.459229077957309, -2.149927774446865], [4.271198213353958, 3.747401784347803, -4.825219976718209], [2.572017922571896, 1.9326619338184043, -6.256715088530622], [0.1595308878025826, 2.8959317673119718, -6.3780323204125215], [-0.7693801570636827, 0.789738718956557, -1.7268368713885391], [-0.725745263750573, -1.9101517688730847, 0.18596632485528564], [-0.7334671571517588, 1.0990126743506685, 1.5722320096604518], [3.582166968229375, -1.1001641624644822, -1.5897610918821947], [3.5542300122479276, -0.9841219885814616, 1.677438720413653], [3.5942440440229184, 3.5604406582311605, 1.769438287351549], [6.139251966893803, 2.424219519365798, 0.03453465357368979], [4.242975603583001, 6.26950441881566, -1.6895203941892163], [1.3680617066843719, 4.7913873953768, -2.1806195374610384], [6.164918780654238, 2.9459697328081407, -4.7701430327379075], [4.397223459061727, 5.463457550835074, -5.94467991758793], [3.231980218937206, 1.6901433979422893, -8.17878510223788], [2.448486856626921, 0.09726104052533646, -5.375309834682932]], "name": "C6FH13", "identifiers": {"molecule_hash": "d7a5fe300ba6d62dde3e911877b9a16c1e59d7ae", "molecular_formula": "C6FH13"}, "molecular_charge": 0.0, "molecular_multiplicity": 1, "connectivity": [[0, 1, 1.0], [0, 7, 1.0], [0, 8, 1.0], [0, 9, 1.0], [1, 2, 1.0], [1, 10, 1.0], [1, 11, 1.0], [2, 3, 1.0], [2, 12, 1.0], [2, 13, 1.0], [3, 4, 1.0], [3, 14, 1.0], [3, 15, 1.0], [4, 5, 1.0], [4, 16, 1.0], [4, 17, 1.0], [5, 6, 1.0], [5, 18, 1.0], [5, 19, 1.0]], "fix_com": true, "fix_orientation": true, "provenance": {"creator": "QCElemental", "version": "v0.22.0", "routine": "qcelemental.molparse.from_schema"}, "id": "55587"}, "charge": 0, "optimize_geometry": false, "conformers": [], "conformer_generation_options": {"n_conformer_pool": 4000, "n_max_conformers": 0, "rms_tolerance": 0.05, "energy_window": 15, "keep_original_conformer": true}, "stage_1_unrestrained_charges": null, "stage_1_restrained_charges": null, "stage_2_unrestrained_charges": null, "stage_2_restrained_charges": null, "keep_original_orientation": false, "reorientations": [], "translations": [], "rotations": []}}, {"index": 3, "molecule": {"qcmol": {"schema_name": "qcschema_molecule", "schema_version": 2, "validated": true, "symbols": ["C", "C", "C", "C", "C", "C", "F", "H", "H", "H", "H", "H", "H", "H", "H", "H", "H", "H", "H", "H"], "geometry": [[0.0, -0.0, 0.0], [2.890957921610893, -4.962391710524697e-16, -1.630085871124268e-17], [4.093584222512691, 2.6389380654603842, -4.440892098500626e-16], [3.389958777870075, 4.459229077957309, -2.149927774446865], [4.271198213353958, 3.747401784347803, -4.825219976718209], [2.572017922571896, 1.9326619338184043, -6.256715088530622], [0.1595308878025826, 2.8959317673119718, -6.3780323204125215], [-0.7693801570636827, 0.789738718956557, -1.7268368713885391], [-0.725745263750573, -1.9101517688730847, 0.18596632485528564], [-0.7334671571517588, 1.0990126743506685, 1.5722320096604518], [3.582166968229375, -1.1001641624644822, -1.5897610918821947], [3.5542300122479276, -0.9841219885814616, 1.677438720413653], [3.5942440440229184, 3.5604406582311605, 1.769438287351549], [6.139251966893803, 2.424219519365798, 0.03453465357368979], [4.242975603583001, 6.26950441881566, -1.6895203941892163], [1.3680617066843719, 4.7913873953768, -2.1806195374610384], [6.164918780654238, 2.9459697328081407, -4.7701430327379075], [4.397223459061727, 5.463457550835074, -5.94467991758793], [3.231980218937206, 1.6901433979422893, -8.17878510223788], [2.448486856626921, 0.09726104052533646, -5.375309834682932]], "name": "C6FH13", "identifiers": {"molecule_hash": "d7a5fe300ba6d62dde3e911877b9a16c1e59d7ae", "molecular_formula": "C6FH13"}, "molecular_charge": 0.0, "molecular_multiplicity": 1, "connectivity": [[0, 1, 1.0], [0, 7, 1.0], [0, 8, 1.0], [0, 9, 1.0], [1, 2, 1.0], [1, 10, 1.0], [1, 11, 1.0], [2, 3, 1.0], [2, 12, 1.0], [2, 13, 1.0], [3, 4, 1.0], [3, 14, 1.0], [3, 15, 1.0], [4, 5, 1.0], [4, 16, 1.0], [4, 17, 1.0], [5, 6, 1.0], [5, 18, 1.0], [5, 19, 1.0]], "fix_com": true, "fix_orientation": true, "provenance": {"creator": "QCElemental", "version": "v0.22.0", "routine": "qcelemental.molparse.from_schema"}, "id": "55587"}, "charge": 0, "optimize_geometry": false, "conformers": [], "conformer_generation_options": {"n_conformer_pool": 4000, "n_max_conformers": 0, "rms_tolerance": 0.05, "energy_window": 15, "keep_original_conformer": true}, "stage_1_unrestrained_charges": null, "stage_1_restrained_charges": null, "stage_2_unrestrained_charges": null, "stage_2_restrained_charges": null, "keep_original_orientation": false, "reorientations": [], "translations": [], "rotations": []}}, {"index": 4, "molecule": {"qcmol": {"schema_name": "qcschema_molecule", "schema_version": 2, "validated": true, "symbols": ["C", "C", "C", "C", "C", "C", "F", "H", "H", "H", "H", "H", "H", "H", "H", "H", "H", "H", "H", "H"], "geometry": [[0.0, -0.0, 0.0], [2.890957921610893, -4.962391710524697e-16, -1.630085871124268e-17], [4.093584222512691, 2.6389380654603842, -4.440892098500626e-16], [3.389958777870075, 4.459229077957309, -2.149927774446865], [4.271198213353958, 3.747401784347803, -4.825219976718209], [2.572017922571896, 1.9326619338184043, -6.256715088530622], [0.1595308878025826, 2.8959317673119718, -6.3780323204125215], [-0.7693801570636827, 0.789738718956557, -1.7268368713885391], [-0.725745263750573, -1.9101517688730847, 0.18596632485528564], [-0.7334671571517588, 1.0990126743506685, 1.5722320096604518], [3.582166968229375, -1.1001641624644822, -1.5897610918821947], [3.5542300122479276, -0.9841219885814616, 1.677438720413653], [3.5942440440229184, 3.5604406582311605, 1.769438287351549], [6.139251966893803, 2.424219519365798, 0.03453465357368979], [4.242975603583001, 6.26950441881566, -1.6895203941892163], [1.3680617066843719, 4.7913873953768, -2.1806195374610384], [6.164918780654238, 2.9459697328081407, -4.7701430327379075], [4.397223459061727, 5.463457550835074, -5.94467991758793], [3.231980218937206, 1.6901433979422893, -8.17878510223788], [2.448486856626921, 0.09726104052533646, -5.375309834682932]], "name": "C6FH13", "identifiers": {"molecule_hash": "d7a5fe300ba6d62dde3e911877b9a16c1e59d7ae", "molecular_formula": "C6FH13"}, "molecular_charge": 0.0, "molecular_multiplicity": 1, "connectivity": [[0, 1, 1.0], [0, 7, 1.0], [0, 8, 1.0], [0, 9, 1.0], [1, 2, 1.0], [1, 10, 1.0], [1, 11, 1.0], [2, 3, 1.0], [2, 12, 1.0], [2, 13, 1.0], [3, 4, 1.0], [3, 14, 1.0], [3, 15, 1.0], [4, 5, 1.0], [4, 16, 1.0], [4, 17, 1.0], [5, 6, 1.0], [5, 18, 1.0], [5, 19, 1.0]], "fix_com": true, "fix_orientation": true, "provenance": {"creator": "QCElemental", "version": "v0.22.0", "routine": "qcelemental.molparse.from_schema"}, "id": "55587"}, "charge": 0, "optimize_geometry": false, "conformers": [], "conformer_generation_options": {"n_conformer_pool": 4000, "n_max_conformers": 0, "rms_tolerance": 0.05, "energy_window": 15, "keep_original_conformer": true}, "stage_1_unrestrained_charges": null, "stage_1_restrained_charges": null, "stage_2_unrestrained_charges": null, "stage_2_restrained_charges": null, "keep_original_orientation": false, "reorientations": [], "translations": [], "rotations": []}}, {"index": 5, "molecule": {"qcmol": {"schema_name": "qcschema_molecule", "schema_version": 2, "validated": true, "symbols": ["C", "C", "C", "C", "C", "C", "F", "H", "H", "H", "H", "H", "H", "H", "H", "H", "H", "H", "H", "H"], "geometry": [[0.0, -0.0, 0.0], [2.890957921610893, -4.962391710524697e-16, -1.630085871124268e-17], [4.093584222512691, 2.6389380654603842, -4.440892098500626e-16], [3.389958777870075, 4.459229077957309, -2.149927774446865], [4.271198213353958, 3.747401784347803, -4.825219976718209], [2.572017922571896, 1.9326619338184043, -6.256715088530622], [0.1595308878025826, 2.8959317673119718, -6.3780323204125215], [-0.7693801570636827, 0.789738718956557, -1.7268368713885391], [-0.725745263750573, -1.9101517688730847, 0.18596632485528564], [-0.7334671571517588, 1.0990126743506685, 1.5722320096604518], [3.582166968229375, -1.1001641624644822, -1.5897610918821947], [3.5542300122479276, -0.9841219885814616, 1.677438720413653], [3.5942440440229184, 3.5604406582311605, 1.769438287351549], [6.139251966893803, 2.424219519365798, 0.03453465357368979], [4.242975603583001, 6.26950441881566, -1.6895203941892163], [1.3680617066843719, 4.7913873953768, -2.1806195374610384], [6.164918780654238, 2.9459697328081407, -4.7701430327379075], [4.397223459061727, 5.463457550835074, -5.94467991758793], [3.231980218937206, 1.6901433979422893, -8.17878510223788], [2.448486856626921, 0.09726104052533646, -5.375309834682932]], "name": "C6FH13", "identifiers": {"molecule_hash": "d7a5fe300ba6d62dde3e911877b9a16c1e59d7ae", "molecular_formula": "C6FH13"}, "molecular_charge": 0.0, "molecular_multiplicity": 1, "connectivity": [[0, 1, 1.0], [0, 7, 1.0], [0, 8, 1.0], [0, 9, 1.0], [1, 2, 1.0], [1, 10, 1.0], [1, 11, 1.0], [2, 3, 1.0], [2, 12, 1.0], [2, 13, 1.0], [3, 4, 1.0], [3, 14, 1.0], [3, 15, 1.0], [4, 5, 1.0], [4, 16, 1.0], [4, 17, 1.0], [5, 6, 1.0], [5, 18, 1.0], [5, 19, 1.0]], "fix_com": true, "fix_orientation": true, "provenance": {"creator": "QCElemental", "version": "v0.22.0", "routine": "qcelemental.molparse.from_schema"}, "id": "55587"}, "charge": 0, "optimize_geometry": false, "conformers": [], "conformer_generation_options": {"n_conformer_pool": 4000, "n_max_conformers": 0, "rms_tolerance": 0.05, "energy_window": 15, "keep_original_conformer": true}, "stage_1_unrestrained_charges": null, "stage_1_restrained_charges": null, "stage_2_unrestrained_charges": null, "stage_2_restrained_charges": null, "keep_original_orientation": false, "reorientations": [], "translations": [], "rotations": []}}]}, "surface_constraints": {"matrix": [[574975214405616.4, 556913432615863.0, 536339992382264.0, 517073026702302.94, 497637532763225.0, 477353923964886.06, 451820862731114.4, 579197696501813.2, 578922501292436.6, 577545696007661.5, 555188618082086.75, 555324161461304.9, 531272928661000.44, 536452877921084.3, 509083329585700.94, 521663424906251.0, 492765798437473.44, 499772719312079.56, 480980191633449.5, 475626336877543.8], [556913432615863.0, 569105578168403.5, 555376165934328.6, 535106422127902.4, 514013936538584.06, 493268117718278.94, 466842721360464.5, 553264741990679.06, 552829035173809.7, 551794458022037.56, 576190528577683.6, 576670429075863.9, 555806454464732.0, 555680026077094.06, 531119988642080.94, 536091505476155.25, 511712768817468.4, 512230040723274.75, 495579530211515.44, 492820109416643.56], [536339992382264.0, 555376165934328.6, 570069063408371.6, 556368515281309.1, 536698546293644.25, 514417518021016.4, 492044913927419.4, 534614797197430.94, 528861598934845.25, 528401984377823.44, 554292360980938.25, 554641761490083.56, 578914260978810.4, 578865957241090.5, 557461564682065.8, 555608575853209.25, 532316696149821.06, 538860433935057.25, 513482500942783.56, 512534524156232.8], [517073026702302.94, 535106422127902.4, 556368515281309.1, 570581710926994.2, 557210531900357.75, 538636849271882.3, 520340308094077.1, 511296801355338.06, 514649741849504.9, 509082763427138.5, 528855928605251.3, 534408020376641.8, 557063616906479.2, 556639111483827.5, 579925906856277.5, 578454445108560.5, 556430781300669.0, 557027237733255.5, 537384339664747.06, 536122199589778.9], [497637532763225.0, 514013936538584.06, 536698546293644.25, 557210531900357.75, 571905463009987.5, 559517634998582.0, 548349163964711.25, 495349388995712.94, 497671277249066.7, 485106453206398.2, 509860046757550.8, 509216702273099.06, 532597830074967.0, 538486928363941.6, 557868494276471.0, 556896035799402.2, 579590286611851.6, 580488200749824.9, 557113566493380.2, 556218487860571.1], [477353923964886.06, 493268117718278.94, 514417518021016.4, 538636849271882.3, 559517634998582.0, 575773763929668.2, 570815469553753.6, 476952111203280.94, 479668266296246.44, 461050952795828.1, 489724129475170.75, 488944142572808.0, 509375964332688.06, 513581325806795.8, 538446203711359.4, 537897338879884.2, 559047106401568.5, 559651715461921.56, 581936865902028.2, 580953515300003.8], [451820862731114.4, 466842721360464.5, 492044913927419.4, 520340308094077.1, 548349163964711.25, 570815469553753.6, 595393641256170.0, 452249353670264.2, 453655806238664.2, 436009037291078.1, 461978645976624.4, 460812071336768.9, 488258938516711.75, 490599083164051.1, 519660885091234.94, 519014309534558.6, 546625970387984.3, 551526131879747.5, 568258039266175.5, 567132581073415.0], [579197696501813.2, 553264741990679.06, 534614797197430.94, 511296801355338.06, 495349388995712.94, 476952111203280.94, 452249353670264.2, 606798781460120.9, 575264458887329.5, 573116408071956.5, 551393153888663.8, 543890066192714.6, 529102554965375.1, 539745998161167.44, 500145462362656.1, 512991064355554.06, 486605603945102.56, 502097721341011.7, 482491359154514.75, 474304790019021.94], [578922501292436.6, 552829035173809.7, 528861598934845.25, 514649741849504.9, 497671277249066.7, 479668266296246.44, 453655806238664.2, 575264458887329.5, 605386829004597.6, 573633785821915.0, 549818536459509.44, 549367377383238.6, 520810681003047.5, 525254371625922.7, 505731800949665.56, 521971310882064.4, 492832661043417.0, 500039616812726.25, 484068030946670.9, 479104938696978.25], [577545696007661.5, 551794458022037.56, 528401984377823.44, 509082763427138.5, 485106453206398.2, 461050952795828.1, 436009037291078.1, 573116408071956.5, 573633785821915.0, 603220661527081.8, 544280877395751.25, 552435522614611.8, 522965225505316.6, 527095969389940.44, 502229817475660.75, 516630604980371.06, 482336782396631.3, 485226032443358.94, 462731273317280.6, 458239234779343.7], [555188618082086.75, 576190528577683.6, 554292360980938.25, 528855928605251.3, 509860046757550.8, 489724129475170.75, 461978645976624.4, 551393153888663.8, 549818536459509.44, 544280877395751.25, 605242742401437.2, 575692495540491.2, 556616869591139.3, 550578025893495.6, 522258082705371.9, 526997712184485.1, 509047689485435.06, 507630998423656.56, 493139431257223.8, 489877933935132.7], [555324161461304.9, 576670429075863.9, 554641761490083.56, 534408020376641.8, 509216702273099.06, 488944142572808.0, 460812071336768.9, 543890066192714.6, 549367377383238.6, 552435522614611.8, 575692495540491.2, 606691422958134.6, 550957143847037.1, 552159703901323.9, 532787377936869.6, 536365992305739.0, 509241315172200.1, 501728058433135.9, 491122255087452.7, 490120010088357.0], [531272928661000.44, 555806454464732.0, 578914260978810.4, 557063616906479.2, 532597830074967.0, 509375964332688.06, 488258938516711.75, 529102554965375.1, 520810681003047.5, 522965225505316.6, 556616869591139.3, 550957143847037.1, 609705227266942.0, 579533191137126.0, 556339548591346.44, 555599547319034.75, 525027230347665.4, 535313134125596.44, 507143326347111.75, 507187223477988.1], [536452877921084.3, 555680026077094.06, 578865957241090.5, 556639111483827.5, 538486928363941.6, 513581325806795.8, 490599083164051.1, 539745998161167.44, 525254371625922.7, 527095969389940.44, 550578025893495.6, 552159703901323.9, 579533191137126.0, 609956299879946.6, 557130282395604.9, 548080993302793.75, 532969920740023.2, 544806615368146.94, 511489044426710.25, 511563976474939.6], [509083329585700.94, 531119988642080.94, 557461564682065.8, 579925906856277.5, 557868494276471.0, 538446203711359.4, 519660885091234.94, 500145462362656.1, 505731800949665.56, 502229817475660.75, 522258082705371.9, 532787377936869.6, 556339548591346.44, 557130282395604.9, 611115337173625.4, 580003487991694.9, 557089978505152.2, 551249497756858.4, 540249846403867.94, 532705923109202.5], [521663424906251.0, 536091505476155.25, 555608575853209.25, 578454445108560.5, 556896035799402.2, 537897338879884.2, 519014309534558.6, 512991064355554.06, 521971310882064.4, 516630604980371.06, 526997712184485.1, 536365992305739.0, 555599547319034.75, 548080993302793.75, 580003487991694.9, 608100528174550.1, 552464257130972.4, 554013347687008.0, 533867247850327.75, 538528480291481.8], [492765798437473.44, 511712768817468.4, 532316696149821.06, 556430781300669.0, 579590286611851.6, 559047106401568.5, 546625970387984.3, 486605603945102.56, 492832661043417.0, 482336782396631.3, 509047689485435.06, 509241315172200.1, 525027230347665.4, 532969920740023.2, 557089978505152.2, 552464257130972.4, 609216596148730.0, 579761117037676.1, 550918175440728.75, 555781580169850.06], [499772719312079.56, 512230040723274.75, 538860433935057.25, 557027237733255.5, 580488200749824.9, 559651715461921.56, 551526131879747.5, 502097721341011.7, 500039616812726.25, 485226032443358.94, 507630998423656.56, 501728058433135.9, 535313134125596.44, 544806615368146.94, 551249497756858.4, 554013347687008.0, 579761117037676.1, 611559133751222.1, 555320198165083.44, 548998285745621.0], [480980191633449.5, 495579530211515.44, 513482500942783.56, 537384339664747.06, 557113566493380.2, 581936865902028.2, 568258039266175.5, 482491359154514.75, 484068030946670.9, 462731273317280.6, 493139431257223.8, 491122255087452.7, 507143326347111.75, 511489044426710.25, 540249846403867.94, 533867247850327.75, 550918175440728.75, 555320198165083.44, 610719626468097.8, 578463815948243.6], [475626336877543.8, 492820109416643.56, 512534524156232.8, 536122199589778.9, 556218487860571.1, 580953515300003.8, 567132581073415.0, 474304790019021.94, 479104938696978.25, 458239234779343.7, 489877933935132.7, 490120010088357.0, 507187223477988.1, 511563976474939.6, 532705923109202.5, 538528480291481.8, 555781580169850.06, 548998285745621.0, 578463815948243.6, 608839115923830.4], [10199276059652.768, 10814870297387.564, 9523035899770.135, 7777016339583.863, 4783246742991.695, 1607973133594.0894, -8825005552897.025, 9857522637867.83, 10133298119876.97, 10136445810664.283, 11304884011779.732, 11440248824629.09, 9261152358551.074, 9895991760068.617, 8046298660520.231, 8017960309506.2705, 5330343935795.444, 4003168535463.686, 4397417884576.7783, 4347788662939.1006]]}}