{"resp_b": 0.1, "restrained_fit": true, "exclude_hydrogens": true, "convergence_tolerance": 1e-06, "max_iter": 500, "resp_a": 0.0005, "charge_constraints": {"charge_sum_constraints": [], "charge_equivalence_constraints": [], "molecules": [{"qcmol": {"schema_name": "qcschema_molecule", "schema_version": 2, "validated": true, "symbols": ["C", "C", "C", "C", "C", "C", "F", "H", "H", "H", "H", "H", "H", "H", "H", "H", "H", "H", "H", "H"], "geometry": [[0.0, -0.0, 0.0], [2.890957921610893, -4.962391710524697e-16, -1.630085871124268e-17], [4.093584222512691, 2.6389380654603842, -4.440892098500626e-16], [3.389958777870075, 4.459229077957309, -2.149927774446865], [4.271198213353958, 3.747401784347803, -4.825219976718209], [2.572017922571896, 1.9326619338184043, -6.256715088530622], [0.1595308878025826, 2.8959317673119718, -6.3780323204125215], [-0.7693801570636827, 0.789738718956557, -1.7268368713885391], [-0.725745263750573, -1.9101517688730847, 0.18596632485528564], [-0.7334671571517588, 1.0990126743506685, 1.5722320096604518], [3.582166968229375, -1.1001641624644822, -1.5897610918821947], [3.5542300122479276, -0.9841219885814616, 1.677438720413653], [3.5942440440229184, 3.5604406582311605, 1.769438287351549], [6.139251966893803, 2.424219519365798, 0.03453465357368979], [4.242975603583001, 6.26950441881566, -1.6895203941892163], [1.3680617066843719, 4.7913873953768, -2.1806195374610384], [6.164918780654238, 2.9459697328081407, -4.7701430327379075], [4.397223459061727, 5.463457550835074, -5.94467991758793], [3.231980218937206, 1.6901433979422893, -8.17878510223788], [2.448486856626921, 0.09726104052533646, -5.375309834682932]], "name": "C6FH13", "identifiers": {"molecule_hash": "d7a5fe300ba6d62dde3e911877b9a16c1e59d7ae", "molecular_formula": "C6FH13"}, "molecular_charge": 0.0, "molecular_multiplicity": 1, "connectivity": [[0, 1, 1.0], [0, 7, 1.0], [0, 8, 1.0], [0, 9, 1.0], [1, 2, 1.0], [1, 10, 1.0], [1, 11, 1.0], [2, 3, 1.0], [2, 12, 1.0], [2, 13, 1.0], [3, 4, 1.0], [3, 14, 1.0], [3, 15, 1.0], [4, 5, 1.0], [4, 16, 1.0], [4, 17, 1.0], [5, 6, 1.0], [5, 18, 1.0], [5, 19, 1.0]], "fix_com": true, "fix_orientation": true, "provenance": {"creator": "QCElemental", "version": "v0.22.0", "routine": "qcelemental.molparse.from_schema"}, "id": "55587"}, "charge": 0, "optimize_geometry": false, "conformers": [], "conformer_generation_options": {"n_conformer_pool": 4000, "n_max_conformers": 0, "rms_tolerance": 0.05, "energy_window": 15, "keep_original_conformer": true}, "stage_1_unrestrained_charges": null, "stage_1_restrained_charges": null, "stage_2_unrestrained_charges": null, "stage_2_restrained_charges": null, "keep_original_orientation": false, "reorientations": [], "translations": [], "rotations": []}], "unconstrained_atoms": [{"index": 0, "molecule": {"qcmol": {"schema_name": "qcschema_molecule", "schema_version": 2, "validated": true, "symbols": ["C", "C", "C", "C", "C", "C", "F", "H", "H", "H", "H", "H", "H", "H", "H", "H", "H", "H", "H", "H"], "geometry": [[0.0, -0.0, 0.0], [2.890957921610893, -4.962391710524697e-16, -1.630085871124268e-17], [4.093584222512691, 2.6389380654603842, -4.440892098500626e-16], [3.389958777870075, 4.459229077957309, -2.149927774446865], [4.271198213353958, 3.747401784347803, -4.825219976718209], [2.572017922571896, 1.9326619338184043, -6.256715088530622], [0.1595308878025826, 2.8959317673119718, -6.3780323204125215], [-0.7693801570636827, 0.789738718956557, -1.7268368713885391], [-0.725745263750573, -1.9101517688730847, 0.18596632485528564], [-0.7334671571517588, 1.0990126743506685, 1.5722320096604518], [3.582166968229375, -1.1001641624644822, -1.5897610918821947], [3.5542300122479276, -0.9841219885814616, 1.677438720413653], [3.5942440440229184, 3.5604406582311605, 1.769438287351549], [6.139251966893803, 2.424219519365798, 0.03453465357368979], [4.242975603583001, 6.26950441881566, -1.6895203941892163], [1.3680617066843719, 4.7913873953768, -2.1806195374610384], [6.164918780654238, 2.9459697328081407, -4.7701430327379075], [4.397223459061727, 5.463457550835074, -5.94467991758793], [3.231980218937206, 1.6901433979422893, -8.17878510223788], [2.448486856626921, 0.09726104052533646, -5.375309834682932]], "name": "C6FH13", "identifiers": {"molecule_hash": "d7a5fe300ba6d62dde3e911877b9a16c1e59d7ae", "molecular_formula": "C6FH13"}, "molecular_charge": 0.0, "molecular_multiplicity": 1, "connectivity": [[0, 1, 1.0], [0, 7, 1.0], [0, 8, 1.0], [0, 9, 1.0], [1, 2, 1.0], [1, 10, 1.0], [1, 11, 1.0], [2, 3, 1.0], [2, 12, 1.0], [2, 13, 1.0], [3, 4, 1.0], [3, 14, 1.0], [3, 15, 1.0], [4, 5, 1.0], [4, 16, 1.0], [4, 17, 1.0], [5, 6, 1.0], [5, 18, 1.0], [5, 19, 1.0]], "fix_com": true, "fix_orientation": true, "provenance": {"creator": "QCElemental", "version": "v0.22.0", "routine": "qcelemental.molparse.from_schema"}, "id": "55587"}, "charge": 0, "optimize_geometry": false, "conformers": [], "conformer_generation_options": {"n_conformer_pool": 4000, "n_max_conformers": 0, "rms_tolerance": 0.05, "energy_window": 15, "keep_original_conformer": true}, "stage_1_unrestrained_charges": null, "stage_1_restrained_charges": null, "stage_2_unrestrained_charges": null, "stage_2_restrained_charges": null, "keep_original_orientation": false, "reorientations": [], "translations": [], "rotations": []}}, {"index": 1, "molecule": {"qcmol": {"schema_name": "qcschema_molecule", "schema_version": 2, "validated": true, "symbols": ["C", "C", "C", "C", "C", "C", "F", "H", "H", "H", "H", "H", "H", "H", "H", "H", "H", "H", "H", "H"], "geometry": [[0.0, -0.0, 0.0], [2.890957921610893, -4.962391710524697e-16, -1.630085871124268e-17], [4.093584222512691, 2.6389380654603842, -4.440892098500626e-16], [3.389958777870075, 4.459229077957309, -2.149927774446865], [4.271198213353958, 3.747401784347803, -4.825219976718209], [2.572017922571896, 1.9326619338184043, -6.256715088530622], [0.1595308878025826, 2.8959317673119718, -6.3780323204125215], [-0.7693801570636827, 0.789738718956557, -1.7268368713885391], [-0.725745263750573, -1.9101517688730847, 0.18596632485528564], [-0.7334671571517588, 1.0990126743506685, 1.5722320096604518], [3.582166968229375, -1.1001641624644822, -1.5897610918821947], [3.5542300122479276, -0.9841219885814616, 1.677438720413653], [3.5942440440229184, 3.5604406582311605, 1.769438287351549], [6.139251966893803, 2.424219519365798, 0.03453465357368979], [4.242975603583001, 6.26950441881566, -1.6895203941892163], [1.3680617066843719, 4.7913873953768, -2.1806195374610384], [6.164918780654238, 2.9459697328081407, -4.7701430327379075], [4.397223459061727, 5.463457550835074, -5.94467991758793], [3.231980218937206, 1.6901433979422893, -8.17878510223788], [2.448486856626921, 0.09726104052533646, -5.375309834682932]], "name": "C6FH13", "identifiers": {"molecule_hash": "d7a5fe300ba6d62dde3e911877b9a16c1e59d7ae", "molecular_formula": "C6FH13"}, "molecular_charge": 0.0, "molecular_multiplicity": 1, "connectivity": [[0, 1, 1.0], [0, 7, 1.0], [0, 8, 1.0], [0, 9, 1.0], [1, 2, 1.0], [1, 10, 1.0], [1, 11, 1.0], [2, 3, 1.0], [2, 12, 1.0], [2, 13, 1.0], [3, 4, 1.0], [3, 14, 1.0], [3, 15, 1.0], [4, 5, 1.0], [4, 16, 1.0], [4, 17, 1.0], [5, 6, 1.0], [5, 18, 1.0], [5, 19, 1.0]], "fix_com": true, "fix_orientation": true, "provenance": {"creator": "QCElemental", "version": "v0.22.0", "routine": "qcelemental.molparse.from_schema"}, "id": "55587"}, "charge": 0, "optimize_geometry": false, "conformers": [], "conformer_generation_options": {"n_conformer_pool": 4000, "n_max_conformers": 0, "rms_tolerance": 0.05, "energy_window": 15, "keep_original_conformer": true}, "stage_1_unrestrained_charges": null, "stage_1_restrained_charges": null, "stage_2_unrestrained_charges": null, "stage_2_restrained_charges": null, "keep_original_orientation": false, "reorientations": [], "translations": [], "rotations": []}}, {"index": 2, "molecule": {"qcmol": {"schema_name": "qcschema_molecule", "schema_version": 2, "validated": true, "symbols": ["C", "C", "C", "C", "C", "C", "F", "H", "H", "H", "H", "H", "H", "H", "H", "H", "H", "H", "H", "H"], "geometry": [[0.0, -0.0, 0.0], [2.890957921610893, -4.962391710524697e-16, -1.630085871124268e-17], [4.093584222512691, 2.6389380654603842, -4.440892098500626e-16], [3.389958777870075, 4.459229077957309, -2.149927774446865], [4.271198213353958, 3.747401784347803, -4.825219976718209], [2.572017922571896, 1.9326619338184043, -6.256715088530622], [0.1595308878025826, 2.8959317673119718, -6.3780323204125215], [-0.7693801570636827, 0.789738718956557, -1.7268368713885391], [-0.725745263750573, -1.9101517688730847, 0.18596632485528564], [-0.7334671571517588, 1.0990126743506685, 1.5722320096604518], [3.582166968229375, -1.1001641624644822, -1.5897610918821947], [3.5542300122479276, -0.9841219885814616, 1.677438720413653], [3.5942440440229184, 3.5604406582311605, 1.769438287351549], [6.139251966893803, 2.424219519365798, 0.03453465357368979], [4.242975603583001, 6.26950441881566, -1.6895203941892163], [1.3680617066843719, 4.7913873953768, -2.1806195374610384], [6.164918780654238, 2.9459697328081407, -4.7701430327379075], [4.397223459061727, 5.463457550835074, -5.94467991758793], [3.231980218937206, 1.6901433979422893, -8.17878510223788], [2.448486856626921, 0.09726104052533646, -5.375309834682932]], "name": "C6FH13", "identifiers": {"molecule_hash": "d7a5fe300ba6d62dde3e911877b9a16c1e59d7ae", "molecular_formula": "C6FH13"}, "molecular_charge": 0.0, "molecular_multiplicity": 1, "connectivity": [[0, 1, 1.0], [0, 7, 1.0], [0, 8, 1.0], [0, 9, 1.0], [1, 2, 1.0], [1, 10, 1.0], [1, 11, 1.0], [2, 3, 1.0], [2, 12, 1.0], [2, 13, 1.0], [3, 4, 1.0], [3, 14, 1.0], [3, 15, 1.0], [4, 5, 1.0], [4, 16, 1.0], [4, 17, 1.0], [5, 6, 1.0], [5, 18, 1.0], [5, 19, 1.0]], "fix_com": true, "fix_orientation": true, "provenance": {"creator": "QCElemental", "version": "v0.22.0", "routine": "qcelemental.molparse.from_schema"}, "id": "55587"}, "charge": 0, "optimize_geometry": false, "conformers": [], "conformer_generation_options": {"n_conformer_pool": 4000, "n_max_conformers": 0, "rms_tolerance": 0.05, "energy_window": 15, "keep_original_conformer": true}, "stage_1_unrestrained_charges": null, "stage_1_restrained_charges": null, "stage_2_unrestrained_charges": null, "stage_2_restrained_charges": null, "keep_original_orientation": false, "reorientations": [], "translations": [], "rotations": []}}, {"index": 3, "molecule": {"qcmol": {"schema_name": "qcschema_molecule", "schema_version": 2, "validated": true, "symbols": ["C", "C", "C", "C", "C", "C", "F", "H", "H", "H", "H", "H", "H", "H", "H", "H", "H", "H", "H", "H"], "geometry": [[0.0, -0.0, 0.0], [2.890957921610893, -4.962391710524697e-16, -1.630085871124268e-17], [4.093584222512691, 2.6389380654603842, -4.440892098500626e-16], [3.389958777870075, 4.459229077957309, -2.149927774446865], [4.271198213353958, 3.747401784347803, -4.825219976718209], [2.572017922571896, 1.9326619338184043, -6.256715088530622], [0.1595308878025826, 2.8959317673119718, -6.3780323204125215], [-0.7693801570636827, 0.789738718956557, -1.7268368713885391], [-0.725745263750573, -1.9101517688730847, 0.18596632485528564], [-0.7334671571517588, 1.0990126743506685, 1.5722320096604518], [3.582166968229375, -1.1001641624644822, -1.5897610918821947], [3.5542300122479276, -0.9841219885814616, 1.677438720413653], [3.5942440440229184, 3.5604406582311605, 1.769438287351549], [6.139251966893803, 2.424219519365798, 0.03453465357368979], [4.242975603583001, 6.26950441881566, -1.6895203941892163], [1.3680617066843719, 4.7913873953768, -2.1806195374610384], [6.164918780654238, 2.9459697328081407, -4.7701430327379075], [4.397223459061727, 5.463457550835074, -5.94467991758793], [3.231980218937206, 1.6901433979422893, -8.17878510223788], [2.448486856626921, 0.09726104052533646, -5.375309834682932]], "name": "C6FH13", "identifiers": {"molecule_hash": "d7a5fe300ba6d62dde3e911877b9a16c1e59d7ae", "molecular_formula": "C6FH13"}, "molecular_charge": 0.0, "molecular_multiplicity": 1, "connectivity": [[0, 1, 1.0], [0, 7, 1.0], [0, 8, 1.0], [0, 9, 1.0], [1, 2, 1.0], [1, 10, 1.0], [1, 11, 1.0], [2, 3, 1.0], [2, 12, 1.0], [2, 13, 1.0], [3, 4, 1.0], [3, 14, 1.0], [3, 15, 1.0], [4, 5, 1.0], [4, 16, 1.0], [4, 17, 1.0], [5, 6, 1.0], [5, 18, 1.0], [5, 19, 1.0]], "fix_com": true, "fix_orientation": true, "provenance": {"creator": "QCElemental", "version": "v0.22.0", "routine": "qcelemental.molparse.from_schema"}, "id": "55587"}, "charge": 0, "optimize_geometry": false, "conformers": [], "conformer_generation_options": {"n_conformer_pool": 4000, "n_max_conformers": 0, "rms_tolerance": 0.05, "energy_window": 15, "keep_original_conformer": true}, "stage_1_unrestrained_charges": null, "stage_1_restrained_charges": null, "stage_2_unrestrained_charges": null, "stage_2_restrained_charges": null, "keep_original_orientation": false, "reorientations": [], "translations": [], "rotations": []}}, {"index": 4, "molecule": {"qcmol": {"schema_name": "qcschema_molecule", "schema_version": 2, "validated": true, "symbols": ["C", "C", "C", "C", "C", "C", "F", "H", "H", "H", "H", "H", "H", "H", "H", "H", "H", "H", "H", "H"], "geometry": [[0.0, -0.0, 0.0], [2.890957921610893, -4.962391710524697e-16, -1.630085871124268e-17], [4.093584222512691, 2.6389380654603842, -4.440892098500626e-16], [3.389958777870075, 4.459229077957309, -2.149927774446865], [4.271198213353958, 3.747401784347803, -4.825219976718209], [2.572017922571896, 1.9326619338184043, -6.256715088530622], [0.1595308878025826, 2.8959317673119718, -6.3780323204125215], [-0.7693801570636827, 0.789738718956557, -1.7268368713885391], [-0.725745263750573, -1.9101517688730847, 0.18596632485528564], [-0.7334671571517588, 1.0990126743506685, 1.5722320096604518], [3.582166968229375, -1.1001641624644822, -1.5897610918821947], [3.5542300122479276, -0.9841219885814616, 1.677438720413653], [3.5942440440229184, 3.5604406582311605, 1.769438287351549], [6.139251966893803, 2.424219519365798, 0.03453465357368979], [4.242975603583001, 6.26950441881566, -1.6895203941892163], [1.3680617066843719, 4.7913873953768, -2.1806195374610384], [6.164918780654238, 2.9459697328081407, -4.7701430327379075], [4.397223459061727, 5.463457550835074, -5.94467991758793], [3.231980218937206, 1.6901433979422893, -8.17878510223788], [2.448486856626921, 0.09726104052533646, -5.375309834682932]], "name": "C6FH13", "identifiers": {"molecule_hash": "d7a5fe300ba6d62dde3e911877b9a16c1e59d7ae", "molecular_formula": "C6FH13"}, "molecular_charge": 0.0, "molecular_multiplicity": 1, "connectivity": [[0, 1, 1.0], [0, 7, 1.0], [0, 8, 1.0], [0, 9, 1.0], [1, 2, 1.0], [1, 10, 1.0], [1, 11, 1.0], [2, 3, 1.0], [2, 12, 1.0], [2, 13, 1.0], [3, 4, 1.0], [3, 14, 1.0], [3, 15, 1.0], [4, 5, 1.0], [4, 16, 1.0], [4, 17, 1.0], [5, 6, 1.0], [5, 18, 1.0], [5, 19, 1.0]], "fix_com": true, "fix_orientation": true, "provenance": {"creator": "QCElemental", "version": "v0.22.0", "routine": "qcelemental.molparse.from_schema"}, "id": "55587"}, "charge": 0, "optimize_geometry": false, "conformers": [], "conformer_generation_options": {"n_conformer_pool": 4000, "n_max_conformers": 0, "rms_tolerance": 0.05, "energy_window": 15, "keep_original_conformer": true}, "stage_1_unrestrained_charges": null, "stage_1_restrained_charges": null, "stage_2_unrestrained_charges": null, "stage_2_restrained_charges": null, "keep_original_orientation": false, "reorientations": [], "translations": [], "rotations": []}}, {"index": 5, "molecule": {"qcmol": {"schema_name": "qcschema_molecule", "schema_version": 2, "validated": true, "symbols": ["C", "C", "C", "C", "C", "C", "F", "H", "H", "H", "H", "H", "H", "H", "H", "H", "H", "H", "H", "H"], "geometry": [[0.0, -0.0, 0.0], [2.890957921610893, -4.962391710524697e-16, -1.630085871124268e-17], [4.093584222512691, 2.6389380654603842, -4.440892098500626e-16], [3.389958777870075, 4.459229077957309, -2.149927774446865], [4.271198213353958, 3.747401784347803, -4.825219976718209], [2.572017922571896, 1.9326619338184043, -6.256715088530622], [0.1595308878025826, 2.8959317673119718, -6.3780323204125215], [-0.7693801570636827, 0.789738718956557, -1.7268368713885391], [-0.725745263750573, -1.9101517688730847, 0.18596632485528564], [-0.7334671571517588, 1.0990126743506685, 1.5722320096604518], [3.582166968229375, -1.1001641624644822, -1.5897610918821947], [3.5542300122479276, -0.9841219885814616, 1.677438720413653], [3.5942440440229184, 3.5604406582311605, 1.769438287351549], [6.139251966893803, 2.424219519365798, 0.03453465357368979], [4.242975603583001, 6.26950441881566, -1.6895203941892163], [1.3680617066843719, 4.7913873953768, -2.1806195374610384], [6.164918780654238, 2.9459697328081407, -4.7701430327379075], [4.397223459061727, 5.463457550835074, -5.94467991758793], [3.231980218937206, 1.6901433979422893, -8.17878510223788], [2.448486856626921, 0.09726104052533646, -5.375309834682932]], "name": "C6FH13", "identifiers": {"molecule_hash": "d7a5fe300ba6d62dde3e911877b9a16c1e59d7ae", "molecular_formula": "C6FH13"}, "molecular_charge": 0.0, "molecular_multiplicity": 1, "connectivity": [[0, 1, 1.0], [0, 7, 1.0], [0, 8, 1.0], [0, 9, 1.0], [1, 2, 1.0], [1, 10, 1.0], [1, 11, 1.0], [2, 3, 1.0], [2, 12, 1.0], [2, 13, 1.0], [3, 4, 1.0], [3, 14, 1.0], [3, 15, 1.0], [4, 5, 1.0], [4, 16, 1.0], [4, 17, 1.0], [5, 6, 1.0], [5, 18, 1.0], [5, 19, 1.0]], "fix_com": true, "fix_orientation": true, "provenance": {"creator": "QCElemental", "version": "v0.22.0", "routine": "qcelemental.molparse.from_schema"}, "id": "55587"}, "charge": 0, "optimize_geometry": false, "conformers": [], "conformer_generation_options": {"n_conformer_pool": 4000, "n_max_conformers": 0, "rms_tolerance": 0.05, "energy_window": 15, "keep_original_conformer": true}, "stage_1_unrestrained_charges": null, "stage_1_restrained_charges": null, "stage_2_unrestrained_charges": null, "stage_2_restrained_charges": null, "keep_original_orientation": false, "reorientations": [], "translations": [], "rotations": []}}]}, "surface_constraints": {"matrix": [[1875.1984867366723, 1812.5344875290818, 1739.0871156345036, 1668.6553825291896, 1597.9002052423036, 1523.6182615836858, 1428.7321685978611, 1886.85298874363, 1884.3033940584462, 1880.5092590975935, 1804.287833971327, 1805.0725548557634, 1720.1764371723002, 1738.0593316313154, 1639.151921731657, 1682.731819273453, 1580.0848138135368, 1603.8319924294615, 1535.269857629778, 1517.1492555298096], [1812.5344875290818, 1857.13274568784, 1807.1469585131072, 1732.6053825743456, 1655.3482085974658, 1578.8412179751506, 1479.8745359483785, 1797.0804417015418, 1794.3631382036688, 1791.5209182641688, 1879.4553886885851, 1881.2533028747591, 1806.838137292997, 1806.3582143542765, 1716.2244754301869, 1734.5284743503535, 1645.8867622297435, 1647.7951339640401, 1586.1387795380665, 1576.4561335679177], [1739.0871156345036, 1807.1469585131072, 1857.4912538512278, 1805.6088798080052, 1731.846283301476, 1648.8910431066597, 1561.7776540294672, 1730.8413569328272, 1709.7587331466057, 1709.2364679768925, 1801.2192268149067, 1802.7889928327936, 1886.146458083565, 1885.9075507900752, 1806.3988610082881, 1801.6156769153006, 1714.7817432527984, 1737.4377588571083, 1645.309264102763, 1641.3805142612505], [1668.6553825291896, 1732.6053825743456, 1805.6088798080052, 1851.6831647613421, 1799.7434355222304, 1728.0187352463445, 1652.912512995749, 1647.00043546441, 1656.932764516848, 1639.4336063725095, 1709.586895683768, 1728.634968769813, 1806.368458870354, 1804.8059507327816, 1880.578848517349, 1877.2892826754314, 1795.1571080140104, 1797.2377732283906, 1723.1233558302522, 1717.8794091319699], [1597.9002052423036, 1655.3482085974658, 1731.846283301476, 1799.7434355222304, 1845.9394540434107, 1795.2000322027534, 1741.9835721613576, 1588.213802946271, 1595.1528748450721, 1553.9867962308283, 1640.1470770085546, 1637.90160660325, 1716.2667447460908, 1736.2418874754942, 1799.163091169397, 1797.3369325434708, 1870.367012434154, 1873.3302414532568, 1786.3477045463476, 1782.5395488748022], [1523.6182615836858, 1578.8412179751506, 1648.8910431066597, 1728.0187352463445, 1795.2000322027534, 1844.1455193389097, 1810.7007392799867, 1520.4807899789253, 1528.507371578047, 1467.9442770592004, 1566.1138420392133, 1563.5892002358842, 1630.5103398895071, 1644.9328168875943, 1724.894256952208, 1723.9956620213993, 1792.0993530203532, 1793.5637586061403, 1864.7263160284372, 1860.4564844181907], [1428.7321685978611, 1479.8745359483785, 1561.7776540294672, 1652.912512995749, 1741.9835721613576, 1810.7007392799867, 1876.805484389346, 1428.4640315002582, 1432.2435194622863, 1375.847832938775, 1463.126143274094, 1459.6381216881073, 1547.9054246243372, 1556.0165601623419, 1648.6353389381254, 1647.4156426050063, 1734.6438707847858, 1750.5183490692568, 1801.9769961204295, 1797.0623768473754], [1886.85298874363, 1797.0804417015418, 1730.8413569328272, 1647.00043546441, 1588.213802946271, 1520.4807899789253, 1428.4640315002582, 1979.1265992639214, 1868.6813877028785, 1862.3418859823362, 1788.337093062858, 1763.1046430582662, 1710.3731099887389, 1747.091643979522, 1607.1500929489928, 1651.4181316246813, 1557.54336500346, 1609.5110706115147, 1538.5248022170467, 1511.083720649456], [1884.3033940584462, 1794.3631382036688, 1709.7587331466057, 1656.932764516848, 1595.1528748450721, 1528.507371578047, 1432.2435194622863, 1868.6813877028785, 1970.8027111557838, 1862.3238218624447, 1782.081641726278, 1780.6639941992526, 1681.042679355456, 1696.3565859625373, 1624.5705297917152, 1679.7976536328179, 1577.7997579852383, 1602.0855649060334, 1542.5945026821157, 1525.8919330045428], [1880.5092590975935, 1791.5209182641688, 1709.2364679768925, 1639.4336063725095, 1553.9867962308283, 1467.9442770592004, 1375.847832938775, 1862.3418859823362, 1862.3238218624447, 1965.2744737813703, 1763.4154147804104, 1791.8659946742519, 1689.3929121773954, 1703.3318162089336, 1613.9657362411378, 1663.603038047072, 1543.277264900311, 1553.2094221073992, 1473.0831818777735, 1457.9918439506926], [1804.287833971327, 1879.4553886885851, 1801.2192268149067, 1709.586895683768, 1640.1470770085546, 1566.1138420392133, 1463.126143274094, 1788.337093062858, 1782.081641726278, 1763.4154147804104, 1977.0641747304783, 1875.6663211737773, 1807.3433363956024, 1786.512806527513, 1684.5758009984056, 1701.94857498601, 1635.99044171689, 1631.064480106071, 1577.002002613342, 1565.9313273324326], [1805.0725548557634, 1881.2533028747591, 1802.7889928327936, 1728.634968769813, 1637.90160660325, 1563.5892002358842, 1459.6381216881073, 1763.1046430582662, 1780.6639941992526, 1791.8659946742519, 1875.6663211737773, 1982.0843635110134, 1788.4752618440427, 1792.6483079097738, 1720.1834725755605, 1733.8985661422844, 1636.181450148988, 1611.3543966767963, 1570.5295330120045, 1566.5696575140355], [1720.1764371723002, 1806.838137292997, 1886.146458083565, 1806.368458870354, 1716.2667447460908, 1630.5103398895071, 1547.9054246243372, 1710.3731099887389, 1681.042679355456, 1689.3929121773954, 1807.3433363956024, 1788.4752618440427, 1989.6745480776021, 1886.118334282689, 1801.0169378427552, 1800.1312356180215, 1688.4954195164585, 1723.7745371514022, 1622.788023981308, 1622.09784144118], [1738.0593316313154, 1806.3582143542765, 1885.9075507900752, 1804.8059507327816, 1736.2418874754942, 1644.9328168875943, 1556.0165601623419, 1747.091643979522, 1696.3565859625373, 1703.3318162089336, 1786.512806527513, 1792.6483079097738, 1886.118334282689, 1990.7108330070303, 1803.6873131417517, 1774.417370047302, 1715.00097832807, 1755.7927336305672, 1637.617678027923, 1637.1212871927673], [1639.151921731657, 1716.2244754301869, 1806.3988610082881, 1880.578848517349, 1799.163091169397, 1724.894256952208, 1648.6353389381254, 1607.1500929489928, 1624.5705297917152, 1613.9657362411378, 1684.5758009984056, 1720.1834725755605, 1801.0169378427552, 1803.6873131417517, 1983.4473574551625, 1879.351221887153, 1794.7439285864707, 1774.8572215864785, 1730.47378664928, 1703.6990920074652], [1682.731819273453, 1734.5284743503535, 1801.6156769153006, 1877.2892826754314, 1797.3369325434708, 1723.9956620213993, 1647.4156426050063, 1651.4181316246813, 1679.7976536328179, 1663.603038047072, 1701.94857498601, 1733.8985661422844, 1800.1312356180215, 1774.417370047302, 1879.351221887153, 1977.0800753982926, 1780.6537084587549, 1785.8212292807782, 1709.5869398489338, 1724.4247843056155], [1580.0848138135368, 1645.8867622297435, 1714.7817432527984, 1795.1571080140104, 1870.367012434154, 1792.0993530203532, 1734.6438707847858, 1557.54336500346, 1577.7997579852383, 1543.277264900311, 1635.99044171689, 1636.181450148988, 1688.4954195164585, 1715.00097832807, 1794.7439285864707, 1780.6537084587549, 1969.2371109329738, 1868.6832189635097, 1763.962752351985, 1779.8827785376125], [1603.8319924294615, 1647.7951339640401, 1737.4377588571083, 1797.2377732283906, 1873.3302414532568, 1793.5637586061403, 1750.5183490692568, 1609.5110706115147, 1602.0855649060334, 1553.2094221073992, 1631.064480106071, 1611.3543966767963, 1723.7745371514022, 1755.7927336305672, 1774.8572215864785, 1785.8212292807782, 1868.6832189635097, 1977.4477961481284, 1778.2947171906956, 1756.226322217592], [1535.269857629778, 1586.1387795380665, 1645.309264102763, 1723.1233558302522, 1786.3477045463476, 1864.7263160284372, 1801.9769961204295, 1538.5248022170467, 1542.5945026821157, 1473.0831818777735, 1577.002002613342, 1570.5295330120045, 1622.788023981308, 1637.617678027923, 1730.47378664928, 1709.5869398489338, 1763.962752351985, 1778.2947171906956, 1962.1903829841663, 1851.2504648145525], [1517.1492555298096, 1576.4561335679177, 1641.3805142612505, 1717.8794091319699, 1782.5395488748022, 1860.4564844181907, 1797.0623768473754, 1511.083720649456, 1525.8919330045428, 1457.9918439506926, 1565.9313273324326, 1566.5696575140355, 1622.09784144118, 1637.1212871927673, 1703.6990920074652, 1724.4247843056155, 1779.8827785376125, 1756.226322217592, 1851.2504648145525, 1954.1056659909789], [31.895219873926397, 34.054344042066724, 31.18114739713445, 26.641527835214585, 18.245090612305212, 8.791372632333221, -21.22789792180977, 30.920863514542678, 31.429657147163137, 31.568838221080302, 35.254919759474454, 35.48115682360862, 30.65091585760654, 32.172905382713864, 27.313651498850472, 27.40036969551071, 19.68145633637293, 16.369824192763257, 16.586084660071887, 16.43224803941305]]}}