{"resp_b": 0.1, "restrained_fit": true, "exclude_hydrogens": true, "convergence_tolerance": 1e-06, "max_iter": 500, "resp_a": 0.0005, "charge_constraints": {"charge_sum_constraints": [], "charge_equivalence_constraints": [], "molecules": [{"qcmol": {"schema_name": "qcschema_molecule", "schema_version": 2, "validated": true, "symbols": ["C", "C", "C", "C", "C", "O", "C", "C", "O", "H", "H", "H", "H", "H", "H", "H", "H", "H", "H", "H", "H", "H", "H"], "geometry": [[0.0, 0.0, -0.0], [2.8903495875204115, 2.061820189979922e-16, 8.241833302260379e-17], [4.144995758029226, 2.614104065095, 2.220446049250313e-16], [3.64221924483095, 4.246734637886916, 2.3577338854644743], [1.4672015406801462, 6.1073727104055315, 2.1195966987480155], [2.15885743506113, 7.937595895774625, 0.26675631896976926], [0.4946920503799914, 9.730625873957, -0.2682475160442799], [1.4885380965788197, 11.51371775664094, -2.248356972351907], [-1.5210439014716681, 9.887721764179785, 0.709903246447741], [-0.7464248062028018, 1.0916890755261124, -1.5705094649236309], [-0.7694567747971559, 0.7828480879837576, 1.7322651392090642], [-0.7209915905390111, -1.9126036403651447, -0.17363494717062722], [3.5641659488082773, -1.0652188974487093, 1.6249214164489785], [3.54594114896637, -1.0188962037455171, -1.659371175545502], [3.5858798875565383, 3.6518518310012573, -1.6809465489845727], [6.170245669764306, 2.325087437575569, -0.1676462186184262], [5.322205856912713, 5.331160619795493, 2.8149310035374633], [3.2711490577521607, 3.0445290864596832, 3.983313322313884], [1.1277840540024986, 7.067257863452133, 3.892682088552978], [-0.2750329900287487, 5.21578739807378, 1.5435036799828348], [1.9273532084566685, 10.474758650054154, -3.958206964777804], [3.2220055534659213, 12.382834360902516, -1.5887161490125337], [0.09198943689271122, 12.948646393489279, -2.640808486583576]], "name": "C7H14O2", "identifiers": {"molecule_hash": "ab69a7624d40be09cdd77496470720e4708a959a", "molecular_formula": "C7H14O2"}, "molecular_charge": 0.0, "molecular_multiplicity": 1, "connectivity": [[0, 1, 1.0], [0, 9, 1.0], [0, 10, 1.0], [0, 11, 1.0], [1, 2, 1.0], [1, 12, 1.0], [1, 13, 1.0], [2, 3, 1.0], [2, 14, 1.0], [2, 15, 1.0], [3, 4, 1.0], [3, 16, 1.0], [3, 17, 1.0], [4, 5, 1.0], [4, 18, 1.0], [4, 19, 1.0], [5, 6, 1.0], [6, 7, 1.0], [6, 8, 2.0], [7, 20, 1.0], [7, 21, 1.0], [7, 22, 1.0]], "fix_com": true, "fix_orientation": true, "provenance": {"creator": "QCElemental", "version": "v0.22.0", "routine": "qcelemental.molparse.from_schema"}, "id": "165435"}, "charge": 0, "optimize_geometry": false, "conformers": [], "conformer_generation_options": {"n_conformer_pool": 4000, "n_max_conformers": 0, "rms_tolerance": 0.05, "energy_window": 15, "keep_original_conformer": true}, "stage_1_unrestrained_charges": null, "stage_1_restrained_charges": null, "stage_2_unrestrained_charges": null, "stage_2_restrained_charges": null, "keep_original_orientation": false, "reorientations": [], "translations": [], "rotations": []}], "unconstrained_atoms": [{"index": 0, "molecule": {"qcmol": {"schema_name": "qcschema_molecule", "schema_version": 2, "validated": true, "symbols": ["C", "C", "C", "C", "C", "O", "C", "C", "O", "H", "H", "H", "H", "H", "H", "H", "H", "H", "H", "H", "H", "H", "H"], "geometry": [[0.0, 0.0, -0.0], [2.8903495875204115, 2.061820189979922e-16, 8.241833302260379e-17], [4.144995758029226, 2.614104065095, 2.220446049250313e-16], [3.64221924483095, 4.246734637886916, 2.3577338854644743], [1.4672015406801462, 6.1073727104055315, 2.1195966987480155], [2.15885743506113, 7.937595895774625, 0.26675631896976926], [0.4946920503799914, 9.730625873957, -0.2682475160442799], [1.4885380965788197, 11.51371775664094, -2.248356972351907], [-1.5210439014716681, 9.887721764179785, 0.709903246447741], [-0.7464248062028018, 1.0916890755261124, -1.5705094649236309], [-0.7694567747971559, 0.7828480879837576, 1.7322651392090642], [-0.7209915905390111, -1.9126036403651447, -0.17363494717062722], [3.5641659488082773, -1.0652188974487093, 1.6249214164489785], [3.54594114896637, -1.0188962037455171, -1.659371175545502], [3.5858798875565383, 3.6518518310012573, -1.6809465489845727], [6.170245669764306, 2.325087437575569, -0.1676462186184262], [5.322205856912713, 5.331160619795493, 2.8149310035374633], [3.2711490577521607, 3.0445290864596832, 3.983313322313884], [1.1277840540024986, 7.067257863452133, 3.892682088552978], [-0.2750329900287487, 5.21578739807378, 1.5435036799828348], [1.9273532084566685, 10.474758650054154, -3.958206964777804], [3.2220055534659213, 12.382834360902516, -1.5887161490125337], [0.09198943689271122, 12.948646393489279, -2.640808486583576]], "name": "C7H14O2", "identifiers": {"molecule_hash": "ab69a7624d40be09cdd77496470720e4708a959a", "molecular_formula": "C7H14O2"}, "molecular_charge": 0.0, "molecular_multiplicity": 1, "connectivity": [[0, 1, 1.0], [0, 9, 1.0], [0, 10, 1.0], [0, 11, 1.0], [1, 2, 1.0], [1, 12, 1.0], [1, 13, 1.0], [2, 3, 1.0], [2, 14, 1.0], [2, 15, 1.0], [3, 4, 1.0], [3, 16, 1.0], [3, 17, 1.0], [4, 5, 1.0], [4, 18, 1.0], [4, 19, 1.0], [5, 6, 1.0], [6, 7, 1.0], [6, 8, 2.0], [7, 20, 1.0], [7, 21, 1.0], [7, 22, 1.0]], "fix_com": true, "fix_orientation": true, "provenance": {"creator": "QCElemental", "version": "v0.22.0", "routine": "qcelemental.molparse.from_schema"}, "id": "165435"}, "charge": 0, "optimize_geometry": false, "conformers": [], "conformer_generation_options": {"n_conformer_pool": 4000, "n_max_conformers": 0, "rms_tolerance": 0.05, "energy_window": 15, "keep_original_conformer": true}, "stage_1_unrestrained_charges": null, "stage_1_restrained_charges": null, "stage_2_unrestrained_charges": null, "stage_2_restrained_charges": null, "keep_original_orientation": false, "reorientations": [], "translations": [], "rotations": []}}, {"index": 1, "molecule": {"qcmol": {"schema_name": "qcschema_molecule", "schema_version": 2, "validated": true, "symbols": ["C", "C", "C", "C", "C", "O", "C", "C", "O", "H", "H", "H", "H", "H", "H", "H", "H", "H", "H", "H", "H", "H", "H"], "geometry": [[0.0, 0.0, -0.0], [2.8903495875204115, 2.061820189979922e-16, 8.241833302260379e-17], [4.144995758029226, 2.614104065095, 2.220446049250313e-16], [3.64221924483095, 4.246734637886916, 2.3577338854644743], [1.4672015406801462, 6.1073727104055315, 2.1195966987480155], [2.15885743506113, 7.937595895774625, 0.26675631896976926], [0.4946920503799914, 9.730625873957, -0.2682475160442799], [1.4885380965788197, 11.51371775664094, -2.248356972351907], [-1.5210439014716681, 9.887721764179785, 0.709903246447741], [-0.7464248062028018, 1.0916890755261124, -1.5705094649236309], [-0.7694567747971559, 0.7828480879837576, 1.7322651392090642], [-0.7209915905390111, -1.9126036403651447, -0.17363494717062722], [3.5641659488082773, -1.0652188974487093, 1.6249214164489785], [3.54594114896637, -1.0188962037455171, -1.659371175545502], [3.5858798875565383, 3.6518518310012573, -1.6809465489845727], [6.170245669764306, 2.325087437575569, -0.1676462186184262], [5.322205856912713, 5.331160619795493, 2.8149310035374633], [3.2711490577521607, 3.0445290864596832, 3.983313322313884], [1.1277840540024986, 7.067257863452133, 3.892682088552978], [-0.2750329900287487, 5.21578739807378, 1.5435036799828348], [1.9273532084566685, 10.474758650054154, -3.958206964777804], [3.2220055534659213, 12.382834360902516, -1.5887161490125337], [0.09198943689271122, 12.948646393489279, -2.640808486583576]], "name": "C7H14O2", "identifiers": {"molecule_hash": "ab69a7624d40be09cdd77496470720e4708a959a", "molecular_formula": "C7H14O2"}, "molecular_charge": 0.0, "molecular_multiplicity": 1, "connectivity": [[0, 1, 1.0], [0, 9, 1.0], [0, 10, 1.0], [0, 11, 1.0], [1, 2, 1.0], [1, 12, 1.0], [1, 13, 1.0], [2, 3, 1.0], [2, 14, 1.0], [2, 15, 1.0], [3, 4, 1.0], [3, 16, 1.0], [3, 17, 1.0], [4, 5, 1.0], [4, 18, 1.0], [4, 19, 1.0], [5, 6, 1.0], [6, 7, 1.0], [6, 8, 2.0], [7, 20, 1.0], [7, 21, 1.0], [7, 22, 1.0]], "fix_com": true, "fix_orientation": true, "provenance": {"creator": "QCElemental", "version": "v0.22.0", "routine": "qcelemental.molparse.from_schema"}, "id": "165435"}, "charge": 0, "optimize_geometry": false, "conformers": [], "conformer_generation_options": {"n_conformer_pool": 4000, "n_max_conformers": 0, "rms_tolerance": 0.05, "energy_window": 15, "keep_original_conformer": true}, "stage_1_unrestrained_charges": null, "stage_1_restrained_charges": null, "stage_2_unrestrained_charges": null, "stage_2_restrained_charges": null, "keep_original_orientation": false, "reorientations": [], "translations": [], "rotations": []}}, {"index": 2, "molecule": {"qcmol": {"schema_name": "qcschema_molecule", "schema_version": 2, "validated": true, "symbols": ["C", "C", "C", "C", "C", "O", "C", "C", "O", "H", "H", "H", "H", "H", "H", "H", "H", "H", "H", "H", "H", "H", "H"], "geometry": [[0.0, 0.0, -0.0], [2.8903495875204115, 2.061820189979922e-16, 8.241833302260379e-17], [4.144995758029226, 2.614104065095, 2.220446049250313e-16], [3.64221924483095, 4.246734637886916, 2.3577338854644743], [1.4672015406801462, 6.1073727104055315, 2.1195966987480155], [2.15885743506113, 7.937595895774625, 0.26675631896976926], [0.4946920503799914, 9.730625873957, -0.2682475160442799], [1.4885380965788197, 11.51371775664094, -2.248356972351907], [-1.5210439014716681, 9.887721764179785, 0.709903246447741], [-0.7464248062028018, 1.0916890755261124, -1.5705094649236309], [-0.7694567747971559, 0.7828480879837576, 1.7322651392090642], [-0.7209915905390111, -1.9126036403651447, -0.17363494717062722], [3.5641659488082773, -1.0652188974487093, 1.6249214164489785], [3.54594114896637, -1.0188962037455171, -1.659371175545502], [3.5858798875565383, 3.6518518310012573, -1.6809465489845727], [6.170245669764306, 2.325087437575569, -0.1676462186184262], [5.322205856912713, 5.331160619795493, 2.8149310035374633], [3.2711490577521607, 3.0445290864596832, 3.983313322313884], [1.1277840540024986, 7.067257863452133, 3.892682088552978], [-0.2750329900287487, 5.21578739807378, 1.5435036799828348], [1.9273532084566685, 10.474758650054154, -3.958206964777804], [3.2220055534659213, 12.382834360902516, -1.5887161490125337], [0.09198943689271122, 12.948646393489279, -2.640808486583576]], "name": "C7H14O2", "identifiers": {"molecule_hash": "ab69a7624d40be09cdd77496470720e4708a959a", "molecular_formula": "C7H14O2"}, "molecular_charge": 0.0, "molecular_multiplicity": 1, "connectivity": [[0, 1, 1.0], [0, 9, 1.0], [0, 10, 1.0], [0, 11, 1.0], [1, 2, 1.0], [1, 12, 1.0], [1, 13, 1.0], [2, 3, 1.0], [2, 14, 1.0], [2, 15, 1.0], [3, 4, 1.0], [3, 16, 1.0], [3, 17, 1.0], [4, 5, 1.0], [4, 18, 1.0], [4, 19, 1.0], [5, 6, 1.0], [6, 7, 1.0], [6, 8, 2.0], [7, 20, 1.0], [7, 21, 1.0], [7, 22, 1.0]], "fix_com": true, "fix_orientation": true, "provenance": {"creator": "QCElemental", "version": "v0.22.0", "routine": "qcelemental.molparse.from_schema"}, "id": "165435"}, "charge": 0, "optimize_geometry": false, "conformers": [], "conformer_generation_options": {"n_conformer_pool": 4000, "n_max_conformers": 0, "rms_tolerance": 0.05, "energy_window": 15, "keep_original_conformer": true}, "stage_1_unrestrained_charges": null, "stage_1_restrained_charges": null, "stage_2_unrestrained_charges": null, "stage_2_restrained_charges": null, "keep_original_orientation": false, "reorientations": [], "translations": [], "rotations": []}}, {"index": 3, "molecule": {"qcmol": {"schema_name": "qcschema_molecule", "schema_version": 2, "validated": true, "symbols": ["C", "C", "C", "C", "C", "O", "C", "C", "O", "H", "H", "H", "H", "H", "H", "H", "H", "H", "H", "H", "H", "H", "H"], "geometry": [[0.0, 0.0, -0.0], [2.8903495875204115, 2.061820189979922e-16, 8.241833302260379e-17], [4.144995758029226, 2.614104065095, 2.220446049250313e-16], [3.64221924483095, 4.246734637886916, 2.3577338854644743], [1.4672015406801462, 6.1073727104055315, 2.1195966987480155], [2.15885743506113, 7.937595895774625, 0.26675631896976926], [0.4946920503799914, 9.730625873957, -0.2682475160442799], [1.4885380965788197, 11.51371775664094, -2.248356972351907], [-1.5210439014716681, 9.887721764179785, 0.709903246447741], [-0.7464248062028018, 1.0916890755261124, -1.5705094649236309], [-0.7694567747971559, 0.7828480879837576, 1.7322651392090642], [-0.7209915905390111, -1.9126036403651447, -0.17363494717062722], [3.5641659488082773, -1.0652188974487093, 1.6249214164489785], [3.54594114896637, -1.0188962037455171, -1.659371175545502], [3.5858798875565383, 3.6518518310012573, -1.6809465489845727], [6.170245669764306, 2.325087437575569, -0.1676462186184262], [5.322205856912713, 5.331160619795493, 2.8149310035374633], [3.2711490577521607, 3.0445290864596832, 3.983313322313884], [1.1277840540024986, 7.067257863452133, 3.892682088552978], [-0.2750329900287487, 5.21578739807378, 1.5435036799828348], [1.9273532084566685, 10.474758650054154, -3.958206964777804], [3.2220055534659213, 12.382834360902516, -1.5887161490125337], [0.09198943689271122, 12.948646393489279, -2.640808486583576]], "name": "C7H14O2", "identifiers": {"molecule_hash": "ab69a7624d40be09cdd77496470720e4708a959a", "molecular_formula": "C7H14O2"}, "molecular_charge": 0.0, "molecular_multiplicity": 1, "connectivity": [[0, 1, 1.0], [0, 9, 1.0], [0, 10, 1.0], [0, 11, 1.0], [1, 2, 1.0], [1, 12, 1.0], [1, 13, 1.0], [2, 3, 1.0], [2, 14, 1.0], [2, 15, 1.0], [3, 4, 1.0], [3, 16, 1.0], [3, 17, 1.0], [4, 5, 1.0], [4, 18, 1.0], [4, 19, 1.0], [5, 6, 1.0], [6, 7, 1.0], [6, 8, 2.0], [7, 20, 1.0], [7, 21, 1.0], [7, 22, 1.0]], "fix_com": true, "fix_orientation": true, "provenance": {"creator": "QCElemental", "version": "v0.22.0", "routine": "qcelemental.molparse.from_schema"}, "id": "165435"}, "charge": 0, "optimize_geometry": false, "conformers": [], "conformer_generation_options": {"n_conformer_pool": 4000, "n_max_conformers": 0, "rms_tolerance": 0.05, "energy_window": 15, "keep_original_conformer": true}, "stage_1_unrestrained_charges": null, "stage_1_restrained_charges": null, "stage_2_unrestrained_charges": null, "stage_2_restrained_charges": null, "keep_original_orientation": false, "reorientations": [], "translations": [], "rotations": []}}, {"index": 4, "molecule": {"qcmol": {"schema_name": "qcschema_molecule", "schema_version": 2, "validated": true, "symbols": ["C", "C", "C", "C", "C", "O", "C", "C", "O", "H", "H", "H", "H", "H", "H", "H", "H", "H", "H", "H", "H", "H", "H"], "geometry": [[0.0, 0.0, -0.0], [2.8903495875204115, 2.061820189979922e-16, 8.241833302260379e-17], [4.144995758029226, 2.614104065095, 2.220446049250313e-16], [3.64221924483095, 4.246734637886916, 2.3577338854644743], [1.4672015406801462, 6.1073727104055315, 2.1195966987480155], [2.15885743506113, 7.937595895774625, 0.26675631896976926], [0.4946920503799914, 9.730625873957, -0.2682475160442799], [1.4885380965788197, 11.51371775664094, -2.248356972351907], [-1.5210439014716681, 9.887721764179785, 0.709903246447741], [-0.7464248062028018, 1.0916890755261124, -1.5705094649236309], [-0.7694567747971559, 0.7828480879837576, 1.7322651392090642], [-0.7209915905390111, -1.9126036403651447, -0.17363494717062722], [3.5641659488082773, -1.0652188974487093, 1.6249214164489785], [3.54594114896637, -1.0188962037455171, -1.659371175545502], [3.5858798875565383, 3.6518518310012573, -1.6809465489845727], [6.170245669764306, 2.325087437575569, -0.1676462186184262], [5.322205856912713, 5.331160619795493, 2.8149310035374633], [3.2711490577521607, 3.0445290864596832, 3.983313322313884], [1.1277840540024986, 7.067257863452133, 3.892682088552978], [-0.2750329900287487, 5.21578739807378, 1.5435036799828348], [1.9273532084566685, 10.474758650054154, -3.958206964777804], [3.2220055534659213, 12.382834360902516, -1.5887161490125337], [0.09198943689271122, 12.948646393489279, -2.640808486583576]], "name": "C7H14O2", "identifiers": {"molecule_hash": "ab69a7624d40be09cdd77496470720e4708a959a", "molecular_formula": "C7H14O2"}, "molecular_charge": 0.0, "molecular_multiplicity": 1, "connectivity": [[0, 1, 1.0], [0, 9, 1.0], [0, 10, 1.0], [0, 11, 1.0], [1, 2, 1.0], [1, 12, 1.0], [1, 13, 1.0], [2, 3, 1.0], [2, 14, 1.0], [2, 15, 1.0], [3, 4, 1.0], [3, 16, 1.0], [3, 17, 1.0], [4, 5, 1.0], [4, 18, 1.0], [4, 19, 1.0], [5, 6, 1.0], [6, 7, 1.0], [6, 8, 2.0], [7, 20, 1.0], [7, 21, 1.0], [7, 22, 1.0]], "fix_com": true, "fix_orientation": true, "provenance": {"creator": "QCElemental", "version": "v0.22.0", "routine": "qcelemental.molparse.from_schema"}, "id": "165435"}, "charge": 0, "optimize_geometry": false, "conformers": [], "conformer_generation_options": {"n_conformer_pool": 4000, "n_max_conformers": 0, "rms_tolerance": 0.05, "energy_window": 15, "keep_original_conformer": true}, "stage_1_unrestrained_charges": null, "stage_1_restrained_charges": null, "stage_2_unrestrained_charges": null, "stage_2_restrained_charges": null, "keep_original_orientation": false, "reorientations": [], "translations": [], "rotations": []}}, {"index": 7, "molecule": {"qcmol": {"schema_name": "qcschema_molecule", "schema_version": 2, "validated": true, "symbols": ["C", "C", "C", "C", "C", "O", "C", "C", "O", "H", "H", "H", "H", "H", "H", "H", "H", "H", "H", "H", "H", "H", "H"], "geometry": [[0.0, 0.0, -0.0], [2.8903495875204115, 2.061820189979922e-16, 8.241833302260379e-17], [4.144995758029226, 2.614104065095, 2.220446049250313e-16], [3.64221924483095, 4.246734637886916, 2.3577338854644743], [1.4672015406801462, 6.1073727104055315, 2.1195966987480155], [2.15885743506113, 7.937595895774625, 0.26675631896976926], [0.4946920503799914, 9.730625873957, -0.2682475160442799], [1.4885380965788197, 11.51371775664094, -2.248356972351907], [-1.5210439014716681, 9.887721764179785, 0.709903246447741], [-0.7464248062028018, 1.0916890755261124, -1.5705094649236309], [-0.7694567747971559, 0.7828480879837576, 1.7322651392090642], [-0.7209915905390111, -1.9126036403651447, -0.17363494717062722], [3.5641659488082773, -1.0652188974487093, 1.6249214164489785], [3.54594114896637, -1.0188962037455171, -1.659371175545502], [3.5858798875565383, 3.6518518310012573, -1.6809465489845727], [6.170245669764306, 2.325087437575569, -0.1676462186184262], [5.322205856912713, 5.331160619795493, 2.8149310035374633], [3.2711490577521607, 3.0445290864596832, 3.983313322313884], [1.1277840540024986, 7.067257863452133, 3.892682088552978], [-0.2750329900287487, 5.21578739807378, 1.5435036799828348], [1.9273532084566685, 10.474758650054154, -3.958206964777804], [3.2220055534659213, 12.382834360902516, -1.5887161490125337], [0.09198943689271122, 12.948646393489279, -2.640808486583576]], "name": "C7H14O2", "identifiers": {"molecule_hash": "ab69a7624d40be09cdd77496470720e4708a959a", "molecular_formula": "C7H14O2"}, "molecular_charge": 0.0, "molecular_multiplicity": 1, "connectivity": [[0, 1, 1.0], [0, 9, 1.0], [0, 10, 1.0], [0, 11, 1.0], [1, 2, 1.0], [1, 12, 1.0], [1, 13, 1.0], [2, 3, 1.0], [2, 14, 1.0], [2, 15, 1.0], [3, 4, 1.0], [3, 16, 1.0], [3, 17, 1.0], [4, 5, 1.0], [4, 18, 1.0], [4, 19, 1.0], [5, 6, 1.0], [6, 7, 1.0], [6, 8, 2.0], [7, 20, 1.0], [7, 21, 1.0], [7, 22, 1.0]], "fix_com": true, "fix_orientation": true, "provenance": {"creator": "QCElemental", "version": "v0.22.0", "routine": "qcelemental.molparse.from_schema"}, "id": "165435"}, "charge": 0, "optimize_geometry": false, "conformers": [], "conformer_generation_options": {"n_conformer_pool": 4000, "n_max_conformers": 0, "rms_tolerance": 0.05, "energy_window": 15, "keep_original_conformer": true}, "stage_1_unrestrained_charges": null, "stage_1_restrained_charges": null, "stage_2_unrestrained_charges": null, "stage_2_restrained_charges": null, "keep_original_orientation": false, "reorientations": [], "translations": [], "rotations": []}}]}, "surface_constraints": {"matrix": [[4771.619566424451, 4632.119725929186, 4467.8724376648215, 4315.524981542151, 4153.959615954259, 4116.487527230829, 3942.1557732622036, 3773.2092602381254, 3878.0520733520207, 4810.872197632317, 4782.7685763876525, 4803.644920438518, 4621.447995677652, 4616.784217595254, 4479.591487744131, 4420.205266692545, 4302.5595605915, 4305.797316896242, 4039.150975252208, 4152.775499495096, 3757.684342743508, 3743.2514680685686, 3679.296917276199], [4632.119725929186, 4735.250769698105, 4624.938453093961, 4452.743999452052, 4288.284681283801, 4242.654013801533, 4070.487361338987, 3884.1618960508836, 4013.4404978566863, 4608.227548480662, 4581.604784097954, 4598.2378609034995, 4797.707409801923, 4792.2311572975905, 4629.184423978036, 4639.341422559666, 4437.357890380693, 4431.566011926936, 4174.019698625496, 4287.43985717605, 3861.2531514819675, 3861.698969948589, 3775.340181573934], [4467.8724376648215, 4624.938453093961, 4739.616567500725, 4619.80408267829, 4470.714090356185, 4429.582849810195, 4236.131254438231, 4041.0891516516017, 4164.716712073509, 4421.550892311958, 4399.105290579452, 4442.190351560062, 4624.085066197299, 4614.354740189485, 4811.599440586092, 4821.663677372726, 4616.036822407612, 4610.1391925625, 4378.606739546737, 4451.974601832793, 4025.1922149317393, 4020.88031503817, 3913.475298092582], [4315.524981542151, 4452.743999452052, 4619.80408267829, 4730.161144018207, 4632.609918208818, 4530.700449651473, 4298.6279168922665, 4069.528185246307, 4229.19677864838, 4267.235375521406, 4221.679940298715, 4334.134427218264, 4405.853928979642, 4437.72329042757, 4624.80471252625, 4632.233734799014, 4797.3824105481435, 4790.736113985981, 4631.481362411799, 4601.405513074552, 4028.6505744220763, 4036.577360853871, 3956.5068300396765], [4153.959615954259, 4288.284681283801, 4470.714090356185, 4632.609918208818, 4748.392452983714, 4677.163338677527, 4522.485613390113, 4276.001981385943, 4508.717496975377, 4128.091654422415, 4033.9226169406247, 4179.967124860872, 4232.302158274226, 4272.8797958059495, 4448.924586219191, 4490.0556409555265, 4637.076421838761, 4633.192017811816, 4819.362797056342, 4785.89631581205, 4219.374328775931, 4234.116232610891, 4171.897437266206], [4116.487527230829, 4242.654013801533, 4429.582849810195, 4530.700449651473, 4677.163338677527, 4816.834394583412, 4697.650394267441, 4582.032377253501, 4596.7669547973455, 4101.056015200961, 3990.8514923697376, 4143.247603535378, 4201.060718230914, 4206.242845087523, 4429.285467254874, 4477.883975585027, 4515.478060319642, 4473.950783038637, 4683.867236179682, 4648.192542357674, 4556.06575334293, 4575.463101125078, 4496.64464323644], [3942.1557732622036, 4070.487361338987, 4236.131254438231, 4298.6279168922665, 4522.485613390113, 4697.650394267441, 4755.1021629364595, 4680.627194845639, 4751.893994549877, 3940.762522278408, 3806.648426496019, 3965.2645163402494, 4036.1730800667065, 4049.0568229414757, 4239.635280306403, 4294.132021018068, 4238.999449510247, 4203.314219508989, 4507.49308806571, 4555.250745427969, 4654.774614259711, 4655.577256180451, 4637.345227229451], [3773.2092602381254, 3884.1618960508836, 4041.0891516516017, 4069.528185246307, 4276.001981385943, 4582.032377253501, 4680.627194845639, 4823.37206924663, 4569.773352532668, 3775.6900440846075, 3645.3292599244874, 3798.8615537465107, 3860.444937817968, 3847.8036911977397, 4057.904282034877, 4106.968462343585, 4007.302409970217, 3958.3265696933827, 4217.976678450244, 4250.326620248442, 4854.461663778235, 4853.812128181642, 4832.585764158431], [3878.0520733520207, 4013.4404978566863, 4164.716712073509, 4229.19677864838, 4508.717496975377, 4596.7669547973455, 4751.893994549877, 4569.773352532668, 4926.885126888915, 3886.478398910254, 3732.710123348589, 3897.4217500989553, 3972.794060416371, 4016.581194937183, 4155.38417646429, 4221.887044896301, 4145.76679594244, 4125.498625361477, 4510.63558013629, 4633.498880674958, 4510.498200246259, 4496.335795404888, 4529.120983294945], [4810.872197632317, 4608.227548480662, 4421.550892311958, 4267.235375521406, 4128.091654422415, 4101.056015200961, 3940.762522278408, 3775.6900440846075, 3886.478398910254, 5036.596544901596, 4751.322852875581, 4781.126386714046, 4566.906991096829, 4592.871125625458, 4443.251226665685, 4349.624975468434, 4234.968483756883, 4256.596985285888, 4019.1007574322475, 4129.19448477796, 3767.1808715420057, 3738.1683898895794, 3685.162215278371], [4782.7685763876525, 4581.604784097954, 4399.105290579452, 4221.679940298715, 4033.9226169406247, 3990.8514923697376, 3806.648426496019, 3645.3292599244874, 3732.710123348589, 4751.322852875581, 4983.198918317694, 4749.675977434344, 4571.630420891121, 4533.159272227169, 4399.089394041635, 4371.785233620775, 4208.615353303599, 4216.22380087674, 3909.700659484117, 4030.2267574903126, 3629.5001108413517, 3623.2749599513904, 3551.0706048685624], [4803.644920438518, 4598.2378609034995, 4442.190351560062, 4334.134427218264, 4179.967124860872, 4143.247603535378, 3965.2645163402494, 3798.8615537465107, 3897.4217500989553, 4781.126386714046, 4749.675977434344, 5020.010359384095, 4557.448145104363, 4555.523751336197, 4460.290780903108, 4356.034740066732, 4343.114279559033, 4329.9954493816385, 4068.5563905662884, 4179.454414334338, 3781.7297996085586, 3761.7270806323577, 3715.6525104466905], [4621.447995677652, 4797.707409801923, 4624.085066197299, 4405.853928979642, 4232.302158274226, 4201.060718230914, 4036.1730800667065, 3860.444937817968, 3972.794060416371, 4566.906991096829, 4571.630420891121, 4557.448145104363, 5038.096052842775, 4788.979200314523, 4599.31307241085, 4653.534405611544, 4371.271815284012, 4378.3059453175665, 4112.39277790207, 4219.853221961185, 3841.6775361035498, 3846.2334666890647, 3747.188434742163], [4616.784217595254, 4792.2311572975905, 4614.354740189485, 4437.72329042757, 4272.8797958059495, 4206.242845087523, 4049.0568229414757, 3847.8036911977397, 4016.581194937183, 4592.871125625458, 4533.159272227169, 4555.523751336197, 4788.979200314523, 5030.659414247324, 4583.536443430454, 4612.236227284042, 4431.241283041126, 4404.609176359126, 4146.862584256117, 4300.149172209436, 3810.900619648961, 3821.5684150415386, 3746.3552986353952], [4479.591487744131, 4629.184423978036, 4811.599440586092, 4624.80471252625, 4448.924586219191, 4429.285467254874, 4239.635280306403, 4057.904282034877, 4155.38417646429, 4443.251226665685, 4399.089394041635, 4460.290780903108, 4599.31307241085, 4583.536443430454, 5059.967705709855, 4828.662835116051, 4599.599891255105, 4603.943964926049, 4337.3465021721395, 4415.367565042777, 4061.823098343089, 4036.2376282572936, 3919.4830454650755], [4420.205266692545, 4639.341422559666, 4821.663677372726, 4632.233734799014, 4490.0556409555265, 4477.883975585027, 4294.132021018068, 4106.968462343585, 4221.887044896301, 4349.624975468434, 4371.785233620775, 4356.034740066732, 4653.534405611544, 4612.236227284042, 4828.662835116051, 5082.375519434655, 4600.737194724407, 4585.785321464285, 4371.882316186543, 4479.802159864611, 4097.54048379345, 4101.169722323362, 3963.004663912471], [4302.5595605915, 4437.357890380693, 4616.036822407612, 4797.3824105481435, 4637.076421838761, 4515.478060319642, 4238.999449510247, 4007.302409970217, 4145.76679594244, 4234.968483756883, 4208.615353303599, 4343.114279559033, 4371.271815284012, 4431.241283041126, 4599.599891255105, 4600.737194724407, 5043.391960525997, 4788.810118591696, 4633.7166610475415, 4571.767518380009, 3968.27798517461, 3963.0528656983192, 3902.8671419743096], [4305.797316896242, 4431.566011926936, 4610.1391925625, 4790.736113985981, 4633.192017811816, 4473.950783038637, 4203.314219508989, 3958.3265696933827, 4125.498625361477, 4256.596985285888, 4216.22380087674, 4329.9954493816385, 4378.3059453175665, 4404.609176359126, 4603.943964926049, 4585.785321464285, 4788.810118591696, 5028.800123940992, 4655.42490168802, 4573.384507419497, 3904.7714726496606, 3930.607281606026, 3843.9081985824296], [4039.150975252208, 4174.019698625496, 4378.606739546737, 4631.481362411799, 4819.362797056342, 4683.867236179682, 4507.49308806571, 4217.976678450244, 4510.63558013629, 4019.1007574322475, 3909.700659484117, 4068.5563905662884, 4112.39277790207, 4146.862584256117, 4337.3465021721395, 4371.882316186543, 4633.7166610475415, 4655.42490168802, 5063.850103578613, 4791.211587336767, 4149.62865236511, 4172.08857742723, 4101.209707264884], [4152.775499495096, 4287.43985717605, 4451.974601832793, 4601.405513074552, 4785.89631581205, 4648.192542357674, 4555.250745427969, 4250.326620248442, 4633.498880674958, 4129.19448477796, 4030.2267574903126, 4179.454414334338, 4219.853221961185, 4300.149172209436, 4415.367565042777, 4479.802159864611, 4571.767518380009, 4573.384507419497, 4791.211587336767, 4996.528501926718, 4173.198280075706, 4182.638850898781, 4154.039299224348], [3757.684342743508, 3861.2531514819675, 4025.1922149317393, 4028.6505744220763, 4219.374328775931, 4556.06575334293, 4654.774614259711, 4854.461663778235, 4510.498200246259, 3767.1808715420057, 3629.5001108413517, 3781.7297996085586, 3841.6775361035498, 3810.900619648961, 4061.823098343089, 4097.54048379345, 3968.27798517461, 3904.7714726496606, 4149.62865236511, 4173.198280075706, 5081.823710218377, 4810.807072972312, 4789.83084831958], [3743.2514680685686, 3861.698969948589, 4020.88031503817, 4036.577360853871, 4234.116232610891, 4575.463101125078, 4655.577256180451, 4853.812128181642, 4496.335795404888, 3738.1683898895794, 3623.2749599513904, 3761.7270806323577, 3846.2334666890647, 3821.5684150415386, 4036.2376282572936, 4101.169722323362, 3963.0528656983192, 3930.607281606026, 4172.08857742723, 4182.638850898781, 4810.807072972312, 5080.365110160979, 4788.553882934148], [3679.296917276199, 3775.340181573934, 3913.475298092582, 3956.5068300396765, 4171.897437266206, 4496.64464323644, 4637.345227229451, 4832.585764158431, 4529.120983294945, 3685.162215278371, 3551.0706048685624, 3715.6525104466905, 3747.188434742163, 3746.3552986353952, 3919.4830454650755, 3963.004663912471, 3902.8671419743096, 3843.9081985824296, 4101.209707264884, 4154.039299224348, 4789.83084831958, 4788.553882934148, 5033.827014886547], [33.14782386555171, 34.243553334498564, 35.93049606594061, 41.790726331339826, -2.7157826422989957, -8.950109908683695, -58.164056034550875, -15.865381144323518, -134.5137474837962, 24.475607625492305, 40.862084344554056, 33.337863019626134, 37.312916710684576, 28.422988858390497, 39.662430767891024, 29.395587784023718, 58.709438844753514, 60.987009066327715, -0.7283946062194742, -33.58839763107134, -0.2395010527153372, 4.5646354727436655, -14.800197395047725]]}}