{"resp_b": 0.1, "restrained_fit": true, "exclude_hydrogens": true, "convergence_tolerance": 1e-06, "max_iter": 500, "resp_a": 0.0005, "charge_constraints": {"charge_sum_constraints": [], "charge_equivalence_constraints": [], "molecules": [{"qcmol": {"schema_name": "qcschema_molecule", "schema_version": 2, "validated": true, "symbols": ["C", "C", "C", "C", "C", "O", "C", "C", "O", "H", "H", "H", "H", "H", "H", "H", "H", "H", "H", "H", "H", "H", "H"], "geometry": [[0.0, 0.0, -0.0], [2.8903495875204115, 2.061820189979922e-16, 8.241833302260379e-17], [4.144995758029226, 2.614104065095, 2.220446049250313e-16], [3.64221924483095, 4.246734637886916, 2.3577338854644743], [1.4672015406801462, 6.1073727104055315, 2.1195966987480155], [2.15885743506113, 7.937595895774625, 0.26675631896976926], [0.4946920503799914, 9.730625873957, -0.2682475160442799], [1.4885380965788197, 11.51371775664094, -2.248356972351907], [-1.5210439014716681, 9.887721764179785, 0.709903246447741], [-0.7464248062028018, 1.0916890755261124, -1.5705094649236309], [-0.7694567747971559, 0.7828480879837576, 1.7322651392090642], [-0.7209915905390111, -1.9126036403651447, -0.17363494717062722], [3.5641659488082773, -1.0652188974487093, 1.6249214164489785], [3.54594114896637, -1.0188962037455171, -1.659371175545502], [3.5858798875565383, 3.6518518310012573, -1.6809465489845727], [6.170245669764306, 2.325087437575569, -0.1676462186184262], [5.322205856912713, 5.331160619795493, 2.8149310035374633], [3.2711490577521607, 3.0445290864596832, 3.983313322313884], [1.1277840540024986, 7.067257863452133, 3.892682088552978], [-0.2750329900287487, 5.21578739807378, 1.5435036799828348], [1.9273532084566685, 10.474758650054154, -3.958206964777804], [3.2220055534659213, 12.382834360902516, -1.5887161490125337], [0.09198943689271122, 12.948646393489279, -2.640808486583576]], "name": "C7H14O2", "identifiers": {"molecule_hash": "ab69a7624d40be09cdd77496470720e4708a959a", "molecular_formula": "C7H14O2"}, "molecular_charge": 0.0, "molecular_multiplicity": 1, "connectivity": [[0, 1, 1.0], [0, 9, 1.0], [0, 10, 1.0], [0, 11, 1.0], [1, 2, 1.0], [1, 12, 1.0], [1, 13, 1.0], [2, 3, 1.0], [2, 14, 1.0], [2, 15, 1.0], [3, 4, 1.0], [3, 16, 1.0], [3, 17, 1.0], [4, 5, 1.0], [4, 18, 1.0], [4, 19, 1.0], [5, 6, 1.0], [6, 7, 1.0], [6, 8, 2.0], [7, 20, 1.0], [7, 21, 1.0], [7, 22, 1.0]], "fix_com": true, "fix_orientation": true, "provenance": {"creator": "QCElemental", "version": "v0.22.0", "routine": "qcelemental.molparse.from_schema"}, "id": "165435"}, "charge": 0, "optimize_geometry": false, "conformers": [], "conformer_generation_options": {"n_conformer_pool": 4000, "n_max_conformers": 0, "rms_tolerance": 0.05, "energy_window": 15, "keep_original_conformer": true}, "stage_1_unrestrained_charges": null, "stage_1_restrained_charges": null, "stage_2_unrestrained_charges": null, "stage_2_restrained_charges": null, "keep_original_orientation": false, "reorientations": [], "translations": [], "rotations": []}], "unconstrained_atoms": [{"index": 0, "molecule": {"qcmol": {"schema_name": "qcschema_molecule", "schema_version": 2, "validated": true, "symbols": ["C", "C", "C", "C", "C", "O", "C", "C", "O", "H", "H", "H", "H", "H", "H", "H", "H", "H", "H", "H", "H", "H", "H"], "geometry": [[0.0, 0.0, -0.0], [2.8903495875204115, 2.061820189979922e-16, 8.241833302260379e-17], [4.144995758029226, 2.614104065095, 2.220446049250313e-16], [3.64221924483095, 4.246734637886916, 2.3577338854644743], [1.4672015406801462, 6.1073727104055315, 2.1195966987480155], [2.15885743506113, 7.937595895774625, 0.26675631896976926], [0.4946920503799914, 9.730625873957, -0.2682475160442799], [1.4885380965788197, 11.51371775664094, -2.248356972351907], [-1.5210439014716681, 9.887721764179785, 0.709903246447741], [-0.7464248062028018, 1.0916890755261124, -1.5705094649236309], [-0.7694567747971559, 0.7828480879837576, 1.7322651392090642], [-0.7209915905390111, -1.9126036403651447, -0.17363494717062722], [3.5641659488082773, -1.0652188974487093, 1.6249214164489785], [3.54594114896637, -1.0188962037455171, -1.659371175545502], [3.5858798875565383, 3.6518518310012573, -1.6809465489845727], [6.170245669764306, 2.325087437575569, -0.1676462186184262], [5.322205856912713, 5.331160619795493, 2.8149310035374633], [3.2711490577521607, 3.0445290864596832, 3.983313322313884], [1.1277840540024986, 7.067257863452133, 3.892682088552978], [-0.2750329900287487, 5.21578739807378, 1.5435036799828348], [1.9273532084566685, 10.474758650054154, -3.958206964777804], [3.2220055534659213, 12.382834360902516, -1.5887161490125337], [0.09198943689271122, 12.948646393489279, -2.640808486583576]], "name": "C7H14O2", "identifiers": {"molecule_hash": "ab69a7624d40be09cdd77496470720e4708a959a", "molecular_formula": "C7H14O2"}, "molecular_charge": 0.0, "molecular_multiplicity": 1, "connectivity": [[0, 1, 1.0], [0, 9, 1.0], [0, 10, 1.0], [0, 11, 1.0], [1, 2, 1.0], [1, 12, 1.0], [1, 13, 1.0], [2, 3, 1.0], [2, 14, 1.0], [2, 15, 1.0], [3, 4, 1.0], [3, 16, 1.0], [3, 17, 1.0], [4, 5, 1.0], [4, 18, 1.0], [4, 19, 1.0], [5, 6, 1.0], [6, 7, 1.0], [6, 8, 2.0], [7, 20, 1.0], [7, 21, 1.0], [7, 22, 1.0]], "fix_com": true, "fix_orientation": true, "provenance": {"creator": "QCElemental", "version": "v0.22.0", "routine": "qcelemental.molparse.from_schema"}, "id": "165435"}, "charge": 0, "optimize_geometry": false, "conformers": [], "conformer_generation_options": {"n_conformer_pool": 4000, "n_max_conformers": 0, "rms_tolerance": 0.05, "energy_window": 15, "keep_original_conformer": true}, "stage_1_unrestrained_charges": null, "stage_1_restrained_charges": null, "stage_2_unrestrained_charges": null, "stage_2_restrained_charges": null, "keep_original_orientation": false, "reorientations": [], "translations": [], "rotations": []}}, {"index": 1, "molecule": {"qcmol": {"schema_name": "qcschema_molecule", "schema_version": 2, "validated": true, "symbols": ["C", "C", "C", "C", "C", "O", "C", "C", "O", "H", "H", "H", "H", "H", "H", "H", "H", "H", "H", "H", "H", "H", "H"], "geometry": [[0.0, 0.0, -0.0], [2.8903495875204115, 2.061820189979922e-16, 8.241833302260379e-17], [4.144995758029226, 2.614104065095, 2.220446049250313e-16], [3.64221924483095, 4.246734637886916, 2.3577338854644743], [1.4672015406801462, 6.1073727104055315, 2.1195966987480155], [2.15885743506113, 7.937595895774625, 0.26675631896976926], [0.4946920503799914, 9.730625873957, -0.2682475160442799], [1.4885380965788197, 11.51371775664094, -2.248356972351907], [-1.5210439014716681, 9.887721764179785, 0.709903246447741], [-0.7464248062028018, 1.0916890755261124, -1.5705094649236309], [-0.7694567747971559, 0.7828480879837576, 1.7322651392090642], [-0.7209915905390111, -1.9126036403651447, -0.17363494717062722], [3.5641659488082773, -1.0652188974487093, 1.6249214164489785], [3.54594114896637, -1.0188962037455171, -1.659371175545502], [3.5858798875565383, 3.6518518310012573, -1.6809465489845727], [6.170245669764306, 2.325087437575569, -0.1676462186184262], [5.322205856912713, 5.331160619795493, 2.8149310035374633], [3.2711490577521607, 3.0445290864596832, 3.983313322313884], [1.1277840540024986, 7.067257863452133, 3.892682088552978], [-0.2750329900287487, 5.21578739807378, 1.5435036799828348], [1.9273532084566685, 10.474758650054154, -3.958206964777804], [3.2220055534659213, 12.382834360902516, -1.5887161490125337], [0.09198943689271122, 12.948646393489279, -2.640808486583576]], "name": "C7H14O2", "identifiers": {"molecule_hash": "ab69a7624d40be09cdd77496470720e4708a959a", "molecular_formula": "C7H14O2"}, "molecular_charge": 0.0, "molecular_multiplicity": 1, "connectivity": [[0, 1, 1.0], [0, 9, 1.0], [0, 10, 1.0], [0, 11, 1.0], [1, 2, 1.0], [1, 12, 1.0], [1, 13, 1.0], [2, 3, 1.0], [2, 14, 1.0], [2, 15, 1.0], [3, 4, 1.0], [3, 16, 1.0], [3, 17, 1.0], [4, 5, 1.0], [4, 18, 1.0], [4, 19, 1.0], [5, 6, 1.0], [6, 7, 1.0], [6, 8, 2.0], [7, 20, 1.0], [7, 21, 1.0], [7, 22, 1.0]], "fix_com": true, "fix_orientation": true, "provenance": {"creator": "QCElemental", "version": "v0.22.0", "routine": "qcelemental.molparse.from_schema"}, "id": "165435"}, "charge": 0, "optimize_geometry": false, "conformers": [], "conformer_generation_options": {"n_conformer_pool": 4000, "n_max_conformers": 0, "rms_tolerance": 0.05, "energy_window": 15, "keep_original_conformer": true}, "stage_1_unrestrained_charges": null, "stage_1_restrained_charges": null, "stage_2_unrestrained_charges": null, "stage_2_restrained_charges": null, "keep_original_orientation": false, "reorientations": [], "translations": [], "rotations": []}}, {"index": 2, "molecule": {"qcmol": {"schema_name": "qcschema_molecule", "schema_version": 2, "validated": true, "symbols": ["C", "C", "C", "C", "C", "O", "C", "C", "O", "H", "H", "H", "H", "H", "H", "H", "H", "H", "H", "H", "H", "H", "H"], "geometry": [[0.0, 0.0, -0.0], [2.8903495875204115, 2.061820189979922e-16, 8.241833302260379e-17], [4.144995758029226, 2.614104065095, 2.220446049250313e-16], [3.64221924483095, 4.246734637886916, 2.3577338854644743], [1.4672015406801462, 6.1073727104055315, 2.1195966987480155], [2.15885743506113, 7.937595895774625, 0.26675631896976926], [0.4946920503799914, 9.730625873957, -0.2682475160442799], [1.4885380965788197, 11.51371775664094, -2.248356972351907], [-1.5210439014716681, 9.887721764179785, 0.709903246447741], [-0.7464248062028018, 1.0916890755261124, -1.5705094649236309], [-0.7694567747971559, 0.7828480879837576, 1.7322651392090642], [-0.7209915905390111, -1.9126036403651447, -0.17363494717062722], [3.5641659488082773, -1.0652188974487093, 1.6249214164489785], [3.54594114896637, -1.0188962037455171, -1.659371175545502], [3.5858798875565383, 3.6518518310012573, -1.6809465489845727], [6.170245669764306, 2.325087437575569, -0.1676462186184262], [5.322205856912713, 5.331160619795493, 2.8149310035374633], [3.2711490577521607, 3.0445290864596832, 3.983313322313884], [1.1277840540024986, 7.067257863452133, 3.892682088552978], [-0.2750329900287487, 5.21578739807378, 1.5435036799828348], [1.9273532084566685, 10.474758650054154, -3.958206964777804], [3.2220055534659213, 12.382834360902516, -1.5887161490125337], [0.09198943689271122, 12.948646393489279, -2.640808486583576]], "name": "C7H14O2", "identifiers": {"molecule_hash": "ab69a7624d40be09cdd77496470720e4708a959a", "molecular_formula": "C7H14O2"}, "molecular_charge": 0.0, "molecular_multiplicity": 1, "connectivity": [[0, 1, 1.0], [0, 9, 1.0], [0, 10, 1.0], [0, 11, 1.0], [1, 2, 1.0], [1, 12, 1.0], [1, 13, 1.0], [2, 3, 1.0], [2, 14, 1.0], [2, 15, 1.0], [3, 4, 1.0], [3, 16, 1.0], [3, 17, 1.0], [4, 5, 1.0], [4, 18, 1.0], [4, 19, 1.0], [5, 6, 1.0], [6, 7, 1.0], [6, 8, 2.0], [7, 20, 1.0], [7, 21, 1.0], [7, 22, 1.0]], "fix_com": true, "fix_orientation": true, "provenance": {"creator": "QCElemental", "version": "v0.22.0", "routine": "qcelemental.molparse.from_schema"}, "id": "165435"}, "charge": 0, "optimize_geometry": false, "conformers": [], "conformer_generation_options": {"n_conformer_pool": 4000, "n_max_conformers": 0, "rms_tolerance": 0.05, "energy_window": 15, "keep_original_conformer": true}, "stage_1_unrestrained_charges": null, "stage_1_restrained_charges": null, "stage_2_unrestrained_charges": null, "stage_2_restrained_charges": null, "keep_original_orientation": false, "reorientations": [], "translations": [], "rotations": []}}, {"index": 3, "molecule": {"qcmol": {"schema_name": "qcschema_molecule", "schema_version": 2, "validated": true, "symbols": ["C", "C", "C", "C", "C", "O", "C", "C", "O", "H", "H", "H", "H", "H", "H", "H", "H", "H", "H", "H", "H", "H", "H"], "geometry": [[0.0, 0.0, -0.0], [2.8903495875204115, 2.061820189979922e-16, 8.241833302260379e-17], [4.144995758029226, 2.614104065095, 2.220446049250313e-16], [3.64221924483095, 4.246734637886916, 2.3577338854644743], [1.4672015406801462, 6.1073727104055315, 2.1195966987480155], [2.15885743506113, 7.937595895774625, 0.26675631896976926], [0.4946920503799914, 9.730625873957, -0.2682475160442799], [1.4885380965788197, 11.51371775664094, -2.248356972351907], [-1.5210439014716681, 9.887721764179785, 0.709903246447741], [-0.7464248062028018, 1.0916890755261124, -1.5705094649236309], [-0.7694567747971559, 0.7828480879837576, 1.7322651392090642], [-0.7209915905390111, -1.9126036403651447, -0.17363494717062722], [3.5641659488082773, -1.0652188974487093, 1.6249214164489785], [3.54594114896637, -1.0188962037455171, -1.659371175545502], [3.5858798875565383, 3.6518518310012573, -1.6809465489845727], [6.170245669764306, 2.325087437575569, -0.1676462186184262], [5.322205856912713, 5.331160619795493, 2.8149310035374633], [3.2711490577521607, 3.0445290864596832, 3.983313322313884], [1.1277840540024986, 7.067257863452133, 3.892682088552978], [-0.2750329900287487, 5.21578739807378, 1.5435036799828348], [1.9273532084566685, 10.474758650054154, -3.958206964777804], [3.2220055534659213, 12.382834360902516, -1.5887161490125337], [0.09198943689271122, 12.948646393489279, -2.640808486583576]], "name": "C7H14O2", "identifiers": {"molecule_hash": "ab69a7624d40be09cdd77496470720e4708a959a", "molecular_formula": "C7H14O2"}, "molecular_charge": 0.0, "molecular_multiplicity": 1, "connectivity": [[0, 1, 1.0], [0, 9, 1.0], [0, 10, 1.0], [0, 11, 1.0], [1, 2, 1.0], [1, 12, 1.0], [1, 13, 1.0], [2, 3, 1.0], [2, 14, 1.0], [2, 15, 1.0], [3, 4, 1.0], [3, 16, 1.0], [3, 17, 1.0], [4, 5, 1.0], [4, 18, 1.0], [4, 19, 1.0], [5, 6, 1.0], [6, 7, 1.0], [6, 8, 2.0], [7, 20, 1.0], [7, 21, 1.0], [7, 22, 1.0]], "fix_com": true, "fix_orientation": true, "provenance": {"creator": "QCElemental", "version": "v0.22.0", "routine": "qcelemental.molparse.from_schema"}, "id": "165435"}, "charge": 0, "optimize_geometry": false, "conformers": [], "conformer_generation_options": {"n_conformer_pool": 4000, "n_max_conformers": 0, "rms_tolerance": 0.05, "energy_window": 15, "keep_original_conformer": true}, "stage_1_unrestrained_charges": null, "stage_1_restrained_charges": null, "stage_2_unrestrained_charges": null, "stage_2_restrained_charges": null, "keep_original_orientation": false, "reorientations": [], "translations": [], "rotations": []}}, {"index": 4, "molecule": {"qcmol": {"schema_name": "qcschema_molecule", "schema_version": 2, "validated": true, "symbols": ["C", "C", "C", "C", "C", "O", "C", "C", "O", "H", "H", "H", "H", "H", "H", "H", "H", "H", "H", "H", "H", "H", "H"], "geometry": [[0.0, 0.0, -0.0], [2.8903495875204115, 2.061820189979922e-16, 8.241833302260379e-17], [4.144995758029226, 2.614104065095, 2.220446049250313e-16], [3.64221924483095, 4.246734637886916, 2.3577338854644743], [1.4672015406801462, 6.1073727104055315, 2.1195966987480155], [2.15885743506113, 7.937595895774625, 0.26675631896976926], [0.4946920503799914, 9.730625873957, -0.2682475160442799], [1.4885380965788197, 11.51371775664094, -2.248356972351907], [-1.5210439014716681, 9.887721764179785, 0.709903246447741], [-0.7464248062028018, 1.0916890755261124, -1.5705094649236309], [-0.7694567747971559, 0.7828480879837576, 1.7322651392090642], [-0.7209915905390111, -1.9126036403651447, -0.17363494717062722], [3.5641659488082773, -1.0652188974487093, 1.6249214164489785], [3.54594114896637, -1.0188962037455171, -1.659371175545502], [3.5858798875565383, 3.6518518310012573, -1.6809465489845727], [6.170245669764306, 2.325087437575569, -0.1676462186184262], [5.322205856912713, 5.331160619795493, 2.8149310035374633], [3.2711490577521607, 3.0445290864596832, 3.983313322313884], [1.1277840540024986, 7.067257863452133, 3.892682088552978], [-0.2750329900287487, 5.21578739807378, 1.5435036799828348], [1.9273532084566685, 10.474758650054154, -3.958206964777804], [3.2220055534659213, 12.382834360902516, -1.5887161490125337], [0.09198943689271122, 12.948646393489279, -2.640808486583576]], "name": "C7H14O2", "identifiers": {"molecule_hash": "ab69a7624d40be09cdd77496470720e4708a959a", "molecular_formula": "C7H14O2"}, "molecular_charge": 0.0, "molecular_multiplicity": 1, "connectivity": [[0, 1, 1.0], [0, 9, 1.0], [0, 10, 1.0], [0, 11, 1.0], [1, 2, 1.0], [1, 12, 1.0], [1, 13, 1.0], [2, 3, 1.0], [2, 14, 1.0], [2, 15, 1.0], [3, 4, 1.0], [3, 16, 1.0], [3, 17, 1.0], [4, 5, 1.0], [4, 18, 1.0], [4, 19, 1.0], [5, 6, 1.0], [6, 7, 1.0], [6, 8, 2.0], [7, 20, 1.0], [7, 21, 1.0], [7, 22, 1.0]], "fix_com": true, "fix_orientation": true, "provenance": {"creator": "QCElemental", "version": "v0.22.0", "routine": "qcelemental.molparse.from_schema"}, "id": "165435"}, "charge": 0, "optimize_geometry": false, "conformers": [], "conformer_generation_options": {"n_conformer_pool": 4000, "n_max_conformers": 0, "rms_tolerance": 0.05, "energy_window": 15, "keep_original_conformer": true}, "stage_1_unrestrained_charges": null, "stage_1_restrained_charges": null, "stage_2_unrestrained_charges": null, "stage_2_restrained_charges": null, "keep_original_orientation": false, "reorientations": [], "translations": [], "rotations": []}}, {"index": 7, "molecule": {"qcmol": {"schema_name": "qcschema_molecule", "schema_version": 2, "validated": true, "symbols": ["C", "C", "C", "C", "C", "O", "C", "C", "O", "H", "H", "H", "H", "H", "H", "H", "H", "H", "H", "H", "H", "H", "H"], "geometry": [[0.0, 0.0, -0.0], [2.8903495875204115, 2.061820189979922e-16, 8.241833302260379e-17], [4.144995758029226, 2.614104065095, 2.220446049250313e-16], [3.64221924483095, 4.246734637886916, 2.3577338854644743], [1.4672015406801462, 6.1073727104055315, 2.1195966987480155], [2.15885743506113, 7.937595895774625, 0.26675631896976926], [0.4946920503799914, 9.730625873957, -0.2682475160442799], [1.4885380965788197, 11.51371775664094, -2.248356972351907], [-1.5210439014716681, 9.887721764179785, 0.709903246447741], [-0.7464248062028018, 1.0916890755261124, -1.5705094649236309], [-0.7694567747971559, 0.7828480879837576, 1.7322651392090642], [-0.7209915905390111, -1.9126036403651447, -0.17363494717062722], [3.5641659488082773, -1.0652188974487093, 1.6249214164489785], [3.54594114896637, -1.0188962037455171, -1.659371175545502], [3.5858798875565383, 3.6518518310012573, -1.6809465489845727], [6.170245669764306, 2.325087437575569, -0.1676462186184262], [5.322205856912713, 5.331160619795493, 2.8149310035374633], [3.2711490577521607, 3.0445290864596832, 3.983313322313884], [1.1277840540024986, 7.067257863452133, 3.892682088552978], [-0.2750329900287487, 5.21578739807378, 1.5435036799828348], [1.9273532084566685, 10.474758650054154, -3.958206964777804], [3.2220055534659213, 12.382834360902516, -1.5887161490125337], [0.09198943689271122, 12.948646393489279, -2.640808486583576]], "name": "C7H14O2", "identifiers": {"molecule_hash": "ab69a7624d40be09cdd77496470720e4708a959a", "molecular_formula": "C7H14O2"}, "molecular_charge": 0.0, "molecular_multiplicity": 1, "connectivity": [[0, 1, 1.0], [0, 9, 1.0], [0, 10, 1.0], [0, 11, 1.0], [1, 2, 1.0], [1, 12, 1.0], [1, 13, 1.0], [2, 3, 1.0], [2, 14, 1.0], [2, 15, 1.0], [3, 4, 1.0], [3, 16, 1.0], [3, 17, 1.0], [4, 5, 1.0], [4, 18, 1.0], [4, 19, 1.0], [5, 6, 1.0], [6, 7, 1.0], [6, 8, 2.0], [7, 20, 1.0], [7, 21, 1.0], [7, 22, 1.0]], "fix_com": true, "fix_orientation": true, "provenance": {"creator": "QCElemental", "version": "v0.22.0", "routine": "qcelemental.molparse.from_schema"}, "id": "165435"}, "charge": 0, "optimize_geometry": false, "conformers": [], "conformer_generation_options": {"n_conformer_pool": 4000, "n_max_conformers": 0, "rms_tolerance": 0.05, "energy_window": 15, "keep_original_conformer": true}, "stage_1_unrestrained_charges": null, "stage_1_restrained_charges": null, "stage_2_unrestrained_charges": null, "stage_2_restrained_charges": null, "keep_original_orientation": false, "reorientations": [], "translations": [], "rotations": []}}]}, "surface_constraints": {"matrix": [[1967.15169510083, 1906.555461185276, 1834.2099813427494, 1764.9628099000315, 1692.723428989513, 1680.3888655141693, 1601.471004637844, 1526.3181981116422, 1568.0069714996125, 1979.0530846763866, 1969.2992732268676, 1976.7061887686896, 1900.0872815901591, 1896.4437990215276, 1838.6035823476038, 1811.929576883775, 1755.9351465943569, 1758.7575716146953, 1639.4897097654293, 1687.9881826068854, 1517.8945919646699, 1510.9113016857066, 1482.628199523705], [1906.555461185276, 1954.7133992463391, 1905.7693910086873, 1827.1820405198328, 1753.1624151328012, 1737.6689857965628, 1658.8849326079649, 1575.691140369225, 1627.6805818833607, 1891.329071413265, 1882.0120573531742, 1887.5697312737852, 1980.290006527742, 1976.2659194479713, 1906.6905595590836, 1910.1251847786623, 1816.4163085173502, 1815.9769205145258, 1699.6583497557342, 1747.8960552275455, 1563.234709055651, 1563.6750575861286, 1525.4365528908982], [1834.2099813427494, 1905.7693910086873, 1958.2853608624837, 1902.4746199423587, 1834.3287864988883, 1821.423121798528, 1732.3512328807067, 1644.4608960847881, 1694.030622929959, 1809.9419613828643, 1802.3066834919314, 1819.5468694559654, 1903.2978130692754, 1897.777480785447, 1989.671968893713, 1991.9594001039384, 1896.090424510264, 1896.0461217070567, 1789.1274629178547, 1820.5740399370754, 1634.4585856635438, 1632.987706108993, 1585.5926505917369], [1764.9628099000315, 1827.1820405198328, 1902.4746199423587, 1949.3500859991484, 1903.846412844551, 1864.1745713302214, 1757.8110811415331, 1655.2655995814364, 1719.9118249012818, 1740.5130898190332, 1722.7568880481597, 1769.800064026831, 1805.2285246531744, 1817.581459281311, 1904.6625475030608, 1905.7713793738408, 1973.407051516211, 1973.7274138636753, 1897.6454497771103, 1884.1677044113994, 1634.6707709772413, 1638.3190456213906, 1602.4674148808774], [1692.723428989513, 1753.1624151328012, 1834.3287864988883, 1903.846412844551, 1953.4726919853204, 1928.6783156846145, 1854.9599764656334, 1743.133190756494, 1839.4999115417847, 1678.0930862189196, 1639.9532695639064, 1701.2269578319545, 1727.8382102548367, 1743.9736310561766, 1824.634733732889, 1841.1507974240608, 1900.7817328271817, 1901.989063169085, 1978.0075345137238, 1963.0522463503594, 1714.9459494022296, 1721.6624342871476, 1693.115231480775], [1680.3888655141693, 1737.6689857965628, 1821.423121798528, 1864.1745713302214, 1928.6783156846145, 2001.47397660791, 1941.6967842356275, 1884.493229015503, 1885.83326953923, 1669.9944680933738, 1624.9085278242994, 1689.5872730064282, 1718.5304851428696, 1719.566585023532, 1821.0338742393235, 1841.42002288115, 1852.4815587002254, 1836.4187904291427, 1924.1612553373204, 1908.7202020214065, 1867.8076131789596, 1876.9474333558296, 1840.429663829713], [1601.471004637844, 1658.8849326079649, 1732.3512328807067, 1757.8110811415331, 1854.9599764656334, 1941.6967842356275, 1963.7386529406294, 1924.5573110774499, 1951.6539571719215, 1597.3979914764184, 1542.4928561475003, 1609.4233125213536, 1643.0566418392536, 1647.7378838191134, 1734.1042868684783, 1756.2867495759413, 1728.0176556001015, 1714.3530036874795, 1841.8187666472277, 1862.5746749065504, 1907.0866180639464, 1908.031362326326, 1898.6819971742307], [1526.3181981116422, 1575.691140369225, 1644.4608960847881, 1655.2655995814364, 1743.133190756494, 1884.493229015503, 1924.5573110774499, 1984.1073277657786, 1865.7640316553104, 1524.1167895428753, 1471.0980918653624, 1535.5176191726032, 1564.5660042339, 1558.618424653962, 1651.8799764410246, 1671.6915537688883, 1625.22090086654, 1606.0140786476031, 1712.3331931181192, 1726.5325170338424, 1991.5266804876483, 1991.6191231241194, 1981.6480569302707], [1568.0069714996125, 1627.6805818833607, 1694.030622929959, 1719.9118249012818, 1839.4999115417847, 1885.83326953923, 1951.6539571719215, 1865.7640316553104, 2020.695772693244, 1568.3923127365495, 1505.4975293575237, 1574.3496361932714, 1609.1975004413696, 1627.239741741365, 1690.5486757077274, 1717.252632957948, 1680.805976271307, 1673.7755381624634, 1834.427032638724, 1886.9082669077031, 1834.5667260963464, 1828.9815995663046, 1841.862492176605], [1979.0530846763866, 1891.329071413265, 1809.9419613828643, 1740.5130898190332, 1678.0930862189196, 1669.9944680933738, 1597.3979914764184, 1524.1167895428753, 1568.3923127365495, 2071.8636324638082, 1950.180873393892, 1961.7075114722145, 1871.744027451157, 1881.4136257685725, 1818.8348007229545, 1777.3937430673961, 1723.7401160200043, 1734.0108488640717, 1627.6335167682355, 1674.4749582955424, 1518.6990688012745, 1505.5813456892174, 1482.027114872102], [1969.2992732268676, 1882.0120573531742, 1802.3066834919314, 1722.7568880481597, 1639.9532695639064, 1624.9085278242994, 1542.4928561475003, 1471.0980918653624, 1505.4975293575237, 1950.180873393892, 2053.6313812201834, 1950.430259195329, 1875.6653472186163, 1857.8563620418322, 1801.6796913291937, 1789.0084198909503, 1714.0035923274318, 1718.3993806271442, 1583.3666831225282, 1634.5116744195698, 1462.7482635476786, 1459.2764597761807, 1427.6497829151413], [1976.7061887686896, 1887.5697312737852, 1819.5468694559654, 1769.800064026831, 1701.2269578319545, 1689.5872730064282, 1609.4233125213536, 1535.5176191726032, 1574.3496361932714, 1961.7075114722145, 1950.430259195329, 2066.5666521973253, 1868.4347912024011, 1865.6537656787941, 1826.592466881848, 1781.2090633910182, 1769.9679089604901, 1766.0727388526293, 1649.4312962745307, 1696.9188454826233, 1526.77720912525, 1516.7626923516705, 1496.2677057374333], [1900.0872815901591, 1980.290006527742, 1903.2978130692754, 1805.2285246531744, 1727.8382102548367, 1718.5304851428696, 1643.0566418392536, 1564.5660042339, 1609.1975004413696, 1871.744027451157, 1875.6653472186163, 1868.4347912024011, 2082.9398132720244, 1973.2011553893672, 1891.26722783918, 1913.9902559086656, 1786.4628122166043, 1791.358167663402, 1672.5936514413074, 1717.5327022438937, 1553.8169381075431, 1555.9722462022723, 1512.7940842100186], [1896.4437990215276, 1976.2659194479713, 1897.777480785447, 1817.581459281311, 1743.9736310561766, 1719.566585023532, 1647.7378838191134, 1558.618424653962, 1627.239741741365, 1881.4136257685725, 1857.8563620418322, 1865.6537656787941, 1973.2011553893672, 2076.4191136019645, 1883.4794873798944, 1895.2206259256807, 1810.4700930082272, 1801.468586892493, 1685.6742253976083, 1751.050756176454, 1540.0778782970683, 1545.5882898424857, 1511.5955497406053], [1838.6035823476038, 1906.6905595590836, 1989.671968893713, 1904.6625475030608, 1824.634733732889, 1821.0338742393235, 1734.1042868684783, 1651.8799764410246, 1690.5486757077274, 1818.8348007229545, 1801.6796913291937, 1826.592466881848, 1891.26722783918, 1883.4794873798944, 2098.5158650885855, 1994.613852539428, 1889.3118486262445, 1893.4308692785187, 1770.991462084649, 1804.6402079882569, 1650.5055544258896, 1639.1681689986297, 1588.641667405286], [1811.929576883775, 1910.1251847786623, 1991.9594001039384, 1905.7713793738408, 1841.1507974240608, 1841.42002288115, 1756.2867495759413, 1671.6915537688883, 1717.252632957948, 1777.3937430673961, 1789.0084198909503, 1781.2090633910182, 1913.9902559086656, 1895.2206259256807, 1994.613852539428, 2102.9268515734325, 1887.2941796264934, 1883.4162770790836, 1784.7339391959504, 1830.9028015428478, 1663.8512328426934, 1666.7437490904401, 1605.7036560840634], [1755.9351465943569, 1816.4163085173502, 1896.090424510264, 1973.407051516211, 1900.7817328271817, 1852.4815587002254, 1728.0176556001015, 1625.22090086654, 1680.805976271307, 1723.7401160200043, 1714.0035923274318, 1769.9679089604901, 1786.4628122166043, 1810.4700930082272, 1889.3118486262445, 1887.2941796264934, 2074.0059230814923, 1967.907150481179, 1893.7980954960387, 1866.8519901122506, 1605.905299632386, 1603.656170073945, 1576.522602846637], [1758.7575716146953, 1815.9769205145258, 1896.0461217070567, 1973.7274138636753, 1901.989063169085, 1836.4187904291427, 1714.3530036874795, 1606.0140786476031, 1673.7755381624634, 1734.0108488640717, 1718.3993806271442, 1766.0727388526293, 1791.358167663402, 1801.468586892493, 1893.4308692785187, 1883.4162770790836, 1967.907150481179, 2074.708457126556, 1906.2673063026236, 1870.374412852507, 1580.3406620967196, 1591.732957641689, 1553.3512632169993], [1639.4897097654293, 1699.6583497557342, 1789.1274629178547, 1897.6454497771103, 1978.0075345137238, 1924.1612553373204, 1841.8187666472277, 1712.3331931181192, 1834.427032638724, 1627.6335167682355, 1583.3666831225282, 1649.4312962745307, 1672.5936514413074, 1685.6742253976083, 1770.991462084649, 1784.7339391959504, 1893.7980954960387, 1906.2673063026236, 2077.1773412800126, 1959.3921367449675, 1679.614380372752, 1689.3489659008887, 1657.7050097352374], [1687.9881826068854, 1747.8960552275455, 1820.5740399370754, 1884.1677044113994, 1963.0522463503594, 1908.7202020214065, 1862.5746749065504, 1726.5325170338424, 1886.9082669077031, 1674.4749582955424, 1634.5116744195698, 1696.9188454826233, 1717.5327022438937, 1751.050756176454, 1804.6402079882569, 1830.9028015428478, 1866.8519901122506, 1870.374412852507, 1959.3921367449675, 2047.4447123224115, 1690.0328390537782, 1694.562999660868, 1680.2222963293248], [1517.8945919646699, 1563.234709055651, 1634.4585856635438, 1634.6707709772413, 1714.9459494022296, 1867.8076131789596, 1907.0866180639464, 1991.5266804876483, 1834.5667260963464, 1518.6990688012745, 1462.7482635476786, 1526.77720912525, 1553.8169381075431, 1540.0778782970683, 1650.5055544258896, 1663.8512328426934, 1605.905299632386, 1580.3406620967196, 1679.614380372752, 1690.0328390537782, 2084.3167846776637, 1966.9337458663779, 1957.2244067019997], [1510.9113016857066, 1563.6750575861286, 1632.987706108993, 1638.3190456213906, 1721.6624342871476, 1876.9474333558296, 1908.031362326326, 1991.6191231241194, 1828.9815995663046, 1505.5813456892174, 1459.2764597761807, 1516.7626923516705, 1555.9722462022723, 1545.5882898424857, 1639.1681689986297, 1666.7437490904401, 1603.656170073945, 1591.732957641689, 1689.3489659008887, 1694.562999660868, 1966.9337458663779, 2084.4023879671586, 1956.980892297356], [1482.628199523705, 1525.4365528908982, 1585.5926505917369, 1602.4674148808774, 1693.115231480775, 1840.429663829713, 1898.6819971742307, 1981.6480569302707, 1841.862492176605, 1482.027114872102, 1427.6497829151413, 1496.2677057374333, 1512.7940842100186, 1511.5955497406053, 1588.641667405286, 1605.7036560840634, 1576.522602846637, 1553.3512632169993, 1657.7050097352374, 1680.2222963293248, 1957.2244067019997, 1956.980892297356, 2062.7547150484593], [11.726577121176147, 12.468304287876116, 12.755773637899926, 14.50828004773272, -0.2650993200399318, -3.8305267908768066, -19.63958536035021, -3.878619718545842, -47.124990858497654, 8.985644294385013, 14.058653095222683, 11.601433984694662, 13.64722281924949, 10.668489198968482, 14.04403617145399, 10.523771755640954, 19.800606073812908, 20.763487912787102, 0.6007086947325823, -9.677097583365091, 1.6522019717610998, 3.1363398065012813, -2.835285108306066]]}}