{"resp_b": 0.1, "restrained_fit": true, "exclude_hydrogens": true, "convergence_tolerance": 1e-06, "max_iter": 500, "resp_a": 0.0005, "charge_constraints": {"charge_sum_constraints": [], "charge_equivalence_constraints": [], "molecules": [{"qcmol": {"schema_name": "qcschema_molecule", "schema_version": 2, "validated": true, "symbols": ["C", "C", "C", "C", "C", "O", "C", "C", "O", "H", "H", "H", "H", "H", "H", "H", "H", "H", "H", "H", "H", "H", "H"], "geometry": [[0.0, 0.0, -0.0], [2.8903495875204115, 2.061820189979922e-16, 8.241833302260379e-17], [4.144995758029226, 2.614104065095, 2.220446049250313e-16], [3.64221924483095, 4.246734637886916, 2.3577338854644743], [1.4672015406801462, 6.1073727104055315, 2.1195966987480155], [2.15885743506113, 7.937595895774625, 0.26675631896976926], [0.4946920503799914, 9.730625873957, -0.2682475160442799], [1.4885380965788197, 11.51371775664094, -2.248356972351907], [-1.5210439014716681, 9.887721764179785, 0.709903246447741], [-0.7464248062028018, 1.0916890755261124, -1.5705094649236309], [-0.7694567747971559, 0.7828480879837576, 1.7322651392090642], [-0.7209915905390111, -1.9126036403651447, -0.17363494717062722], [3.5641659488082773, -1.0652188974487093, 1.6249214164489785], [3.54594114896637, -1.0188962037455171, -1.659371175545502], [3.5858798875565383, 3.6518518310012573, -1.6809465489845727], [6.170245669764306, 2.325087437575569, -0.1676462186184262], [5.322205856912713, 5.331160619795493, 2.8149310035374633], [3.2711490577521607, 3.0445290864596832, 3.983313322313884], [1.1277840540024986, 7.067257863452133, 3.892682088552978], [-0.2750329900287487, 5.21578739807378, 1.5435036799828348], [1.9273532084566685, 10.474758650054154, -3.958206964777804], [3.2220055534659213, 12.382834360902516, -1.5887161490125337], [0.09198943689271122, 12.948646393489279, -2.640808486583576]], "name": "C7H14O2", "identifiers": {"molecule_hash": "ab69a7624d40be09cdd77496470720e4708a959a", "molecular_formula": "C7H14O2"}, "molecular_charge": 0.0, "molecular_multiplicity": 1, "connectivity": [[0, 1, 1.0], [0, 9, 1.0], [0, 10, 1.0], [0, 11, 1.0], [1, 2, 1.0], [1, 12, 1.0], [1, 13, 1.0], [2, 3, 1.0], [2, 14, 1.0], [2, 15, 1.0], [3, 4, 1.0], [3, 16, 1.0], [3, 17, 1.0], [4, 5, 1.0], [4, 18, 1.0], [4, 19, 1.0], [5, 6, 1.0], [6, 7, 1.0], [6, 8, 2.0], [7, 20, 1.0], [7, 21, 1.0], [7, 22, 1.0]], "fix_com": true, "fix_orientation": true, "provenance": {"creator": "QCElemental", "version": "v0.22.0", "routine": "qcelemental.molparse.from_schema"}, "id": "165435"}, "charge": 0, "optimize_geometry": false, "conformers": [], "conformer_generation_options": {"n_conformer_pool": 4000, "n_max_conformers": 0, "rms_tolerance": 0.05, "energy_window": 15, "keep_original_conformer": true}, "stage_1_unrestrained_charges": null, "stage_1_restrained_charges": null, "stage_2_unrestrained_charges": null, "stage_2_restrained_charges": null, "keep_original_orientation": false, "reorientations": [], "translations": [], "rotations": []}], "unconstrained_atoms": [{"index": 0, "molecule": {"qcmol": {"schema_name": "qcschema_molecule", "schema_version": 2, "validated": true, "symbols": ["C", "C", "C", "C", "C", "O", "C", "C", "O", "H", "H", "H", "H", "H", "H", "H", "H", "H", "H", "H", "H", "H", "H"], "geometry": [[0.0, 0.0, -0.0], [2.8903495875204115, 2.061820189979922e-16, 8.241833302260379e-17], [4.144995758029226, 2.614104065095, 2.220446049250313e-16], [3.64221924483095, 4.246734637886916, 2.3577338854644743], [1.4672015406801462, 6.1073727104055315, 2.1195966987480155], [2.15885743506113, 7.937595895774625, 0.26675631896976926], [0.4946920503799914, 9.730625873957, -0.2682475160442799], [1.4885380965788197, 11.51371775664094, -2.248356972351907], [-1.5210439014716681, 9.887721764179785, 0.709903246447741], [-0.7464248062028018, 1.0916890755261124, -1.5705094649236309], [-0.7694567747971559, 0.7828480879837576, 1.7322651392090642], [-0.7209915905390111, -1.9126036403651447, -0.17363494717062722], [3.5641659488082773, -1.0652188974487093, 1.6249214164489785], [3.54594114896637, -1.0188962037455171, -1.659371175545502], [3.5858798875565383, 3.6518518310012573, -1.6809465489845727], [6.170245669764306, 2.325087437575569, -0.1676462186184262], [5.322205856912713, 5.331160619795493, 2.8149310035374633], [3.2711490577521607, 3.0445290864596832, 3.983313322313884], [1.1277840540024986, 7.067257863452133, 3.892682088552978], [-0.2750329900287487, 5.21578739807378, 1.5435036799828348], [1.9273532084566685, 10.474758650054154, -3.958206964777804], [3.2220055534659213, 12.382834360902516, -1.5887161490125337], [0.09198943689271122, 12.948646393489279, -2.640808486583576]], "name": "C7H14O2", "identifiers": {"molecule_hash": "ab69a7624d40be09cdd77496470720e4708a959a", "molecular_formula": "C7H14O2"}, "molecular_charge": 0.0, "molecular_multiplicity": 1, "connectivity": [[0, 1, 1.0], [0, 9, 1.0], [0, 10, 1.0], [0, 11, 1.0], [1, 2, 1.0], [1, 12, 1.0], [1, 13, 1.0], [2, 3, 1.0], [2, 14, 1.0], [2, 15, 1.0], [3, 4, 1.0], [3, 16, 1.0], [3, 17, 1.0], [4, 5, 1.0], [4, 18, 1.0], [4, 19, 1.0], [5, 6, 1.0], [6, 7, 1.0], [6, 8, 2.0], [7, 20, 1.0], [7, 21, 1.0], [7, 22, 1.0]], "fix_com": true, "fix_orientation": true, "provenance": {"creator": "QCElemental", "version": "v0.22.0", "routine": "qcelemental.molparse.from_schema"}, "id": "165435"}, "charge": 0, "optimize_geometry": false, "conformers": [], "conformer_generation_options": {"n_conformer_pool": 4000, "n_max_conformers": 0, "rms_tolerance": 0.05, "energy_window": 15, "keep_original_conformer": true}, "stage_1_unrestrained_charges": null, "stage_1_restrained_charges": null, "stage_2_unrestrained_charges": null, "stage_2_restrained_charges": null, "keep_original_orientation": false, "reorientations": [], "translations": [], "rotations": []}}, {"index": 1, "molecule": {"qcmol": {"schema_name": "qcschema_molecule", "schema_version": 2, "validated": true, "symbols": ["C", "C", "C", "C", "C", "O", "C", "C", "O", "H", "H", "H", "H", "H", "H", "H", "H", "H", "H", "H", "H", "H", "H"], "geometry": [[0.0, 0.0, -0.0], [2.8903495875204115, 2.061820189979922e-16, 8.241833302260379e-17], [4.144995758029226, 2.614104065095, 2.220446049250313e-16], [3.64221924483095, 4.246734637886916, 2.3577338854644743], [1.4672015406801462, 6.1073727104055315, 2.1195966987480155], [2.15885743506113, 7.937595895774625, 0.26675631896976926], [0.4946920503799914, 9.730625873957, -0.2682475160442799], [1.4885380965788197, 11.51371775664094, -2.248356972351907], [-1.5210439014716681, 9.887721764179785, 0.709903246447741], [-0.7464248062028018, 1.0916890755261124, -1.5705094649236309], [-0.7694567747971559, 0.7828480879837576, 1.7322651392090642], [-0.7209915905390111, -1.9126036403651447, -0.17363494717062722], [3.5641659488082773, -1.0652188974487093, 1.6249214164489785], [3.54594114896637, -1.0188962037455171, -1.659371175545502], [3.5858798875565383, 3.6518518310012573, -1.6809465489845727], [6.170245669764306, 2.325087437575569, -0.1676462186184262], [5.322205856912713, 5.331160619795493, 2.8149310035374633], [3.2711490577521607, 3.0445290864596832, 3.983313322313884], [1.1277840540024986, 7.067257863452133, 3.892682088552978], [-0.2750329900287487, 5.21578739807378, 1.5435036799828348], [1.9273532084566685, 10.474758650054154, -3.958206964777804], [3.2220055534659213, 12.382834360902516, -1.5887161490125337], [0.09198943689271122, 12.948646393489279, -2.640808486583576]], "name": "C7H14O2", "identifiers": {"molecule_hash": "ab69a7624d40be09cdd77496470720e4708a959a", "molecular_formula": "C7H14O2"}, "molecular_charge": 0.0, "molecular_multiplicity": 1, "connectivity": [[0, 1, 1.0], [0, 9, 1.0], [0, 10, 1.0], [0, 11, 1.0], [1, 2, 1.0], [1, 12, 1.0], [1, 13, 1.0], [2, 3, 1.0], [2, 14, 1.0], [2, 15, 1.0], [3, 4, 1.0], [3, 16, 1.0], [3, 17, 1.0], [4, 5, 1.0], [4, 18, 1.0], [4, 19, 1.0], [5, 6, 1.0], [6, 7, 1.0], [6, 8, 2.0], [7, 20, 1.0], [7, 21, 1.0], [7, 22, 1.0]], "fix_com": true, "fix_orientation": true, "provenance": {"creator": "QCElemental", "version": "v0.22.0", "routine": "qcelemental.molparse.from_schema"}, "id": "165435"}, "charge": 0, "optimize_geometry": false, "conformers": [], "conformer_generation_options": {"n_conformer_pool": 4000, "n_max_conformers": 0, "rms_tolerance": 0.05, "energy_window": 15, "keep_original_conformer": true}, "stage_1_unrestrained_charges": null, "stage_1_restrained_charges": null, "stage_2_unrestrained_charges": null, "stage_2_restrained_charges": null, "keep_original_orientation": false, "reorientations": [], "translations": [], "rotations": []}}, {"index": 2, "molecule": {"qcmol": {"schema_name": "qcschema_molecule", "schema_version": 2, "validated": true, "symbols": ["C", "C", "C", "C", "C", "O", "C", "C", "O", "H", "H", "H", "H", "H", "H", "H", "H", "H", "H", "H", "H", "H", "H"], "geometry": [[0.0, 0.0, -0.0], [2.8903495875204115, 2.061820189979922e-16, 8.241833302260379e-17], [4.144995758029226, 2.614104065095, 2.220446049250313e-16], [3.64221924483095, 4.246734637886916, 2.3577338854644743], [1.4672015406801462, 6.1073727104055315, 2.1195966987480155], [2.15885743506113, 7.937595895774625, 0.26675631896976926], [0.4946920503799914, 9.730625873957, -0.2682475160442799], [1.4885380965788197, 11.51371775664094, -2.248356972351907], [-1.5210439014716681, 9.887721764179785, 0.709903246447741], [-0.7464248062028018, 1.0916890755261124, -1.5705094649236309], [-0.7694567747971559, 0.7828480879837576, 1.7322651392090642], [-0.7209915905390111, -1.9126036403651447, -0.17363494717062722], [3.5641659488082773, -1.0652188974487093, 1.6249214164489785], [3.54594114896637, -1.0188962037455171, -1.659371175545502], [3.5858798875565383, 3.6518518310012573, -1.6809465489845727], [6.170245669764306, 2.325087437575569, -0.1676462186184262], [5.322205856912713, 5.331160619795493, 2.8149310035374633], [3.2711490577521607, 3.0445290864596832, 3.983313322313884], [1.1277840540024986, 7.067257863452133, 3.892682088552978], [-0.2750329900287487, 5.21578739807378, 1.5435036799828348], [1.9273532084566685, 10.474758650054154, -3.958206964777804], [3.2220055534659213, 12.382834360902516, -1.5887161490125337], [0.09198943689271122, 12.948646393489279, -2.640808486583576]], "name": "C7H14O2", "identifiers": {"molecule_hash": "ab69a7624d40be09cdd77496470720e4708a959a", "molecular_formula": "C7H14O2"}, "molecular_charge": 0.0, "molecular_multiplicity": 1, "connectivity": [[0, 1, 1.0], [0, 9, 1.0], [0, 10, 1.0], [0, 11, 1.0], [1, 2, 1.0], [1, 12, 1.0], [1, 13, 1.0], [2, 3, 1.0], [2, 14, 1.0], [2, 15, 1.0], [3, 4, 1.0], [3, 16, 1.0], [3, 17, 1.0], [4, 5, 1.0], [4, 18, 1.0], [4, 19, 1.0], [5, 6, 1.0], [6, 7, 1.0], [6, 8, 2.0], [7, 20, 1.0], [7, 21, 1.0], [7, 22, 1.0]], "fix_com": true, "fix_orientation": true, "provenance": {"creator": "QCElemental", "version": "v0.22.0", "routine": "qcelemental.molparse.from_schema"}, "id": "165435"}, "charge": 0, "optimize_geometry": false, "conformers": [], "conformer_generation_options": {"n_conformer_pool": 4000, "n_max_conformers": 0, "rms_tolerance": 0.05, "energy_window": 15, "keep_original_conformer": true}, "stage_1_unrestrained_charges": null, "stage_1_restrained_charges": null, "stage_2_unrestrained_charges": null, "stage_2_restrained_charges": null, "keep_original_orientation": false, "reorientations": [], "translations": [], "rotations": []}}, {"index": 3, "molecule": {"qcmol": {"schema_name": "qcschema_molecule", "schema_version": 2, "validated": true, "symbols": ["C", "C", "C", "C", "C", "O", "C", "C", "O", "H", "H", "H", "H", "H", "H", "H", "H", "H", "H", "H", "H", "H", "H"], "geometry": [[0.0, 0.0, -0.0], [2.8903495875204115, 2.061820189979922e-16, 8.241833302260379e-17], [4.144995758029226, 2.614104065095, 2.220446049250313e-16], [3.64221924483095, 4.246734637886916, 2.3577338854644743], [1.4672015406801462, 6.1073727104055315, 2.1195966987480155], [2.15885743506113, 7.937595895774625, 0.26675631896976926], [0.4946920503799914, 9.730625873957, -0.2682475160442799], [1.4885380965788197, 11.51371775664094, -2.248356972351907], [-1.5210439014716681, 9.887721764179785, 0.709903246447741], [-0.7464248062028018, 1.0916890755261124, -1.5705094649236309], [-0.7694567747971559, 0.7828480879837576, 1.7322651392090642], [-0.7209915905390111, -1.9126036403651447, -0.17363494717062722], [3.5641659488082773, -1.0652188974487093, 1.6249214164489785], [3.54594114896637, -1.0188962037455171, -1.659371175545502], [3.5858798875565383, 3.6518518310012573, -1.6809465489845727], [6.170245669764306, 2.325087437575569, -0.1676462186184262], [5.322205856912713, 5.331160619795493, 2.8149310035374633], [3.2711490577521607, 3.0445290864596832, 3.983313322313884], [1.1277840540024986, 7.067257863452133, 3.892682088552978], [-0.2750329900287487, 5.21578739807378, 1.5435036799828348], [1.9273532084566685, 10.474758650054154, -3.958206964777804], [3.2220055534659213, 12.382834360902516, -1.5887161490125337], [0.09198943689271122, 12.948646393489279, -2.640808486583576]], "name": "C7H14O2", "identifiers": {"molecule_hash": "ab69a7624d40be09cdd77496470720e4708a959a", "molecular_formula": "C7H14O2"}, "molecular_charge": 0.0, "molecular_multiplicity": 1, "connectivity": [[0, 1, 1.0], [0, 9, 1.0], [0, 10, 1.0], [0, 11, 1.0], [1, 2, 1.0], [1, 12, 1.0], [1, 13, 1.0], [2, 3, 1.0], [2, 14, 1.0], [2, 15, 1.0], [3, 4, 1.0], [3, 16, 1.0], [3, 17, 1.0], [4, 5, 1.0], [4, 18, 1.0], [4, 19, 1.0], [5, 6, 1.0], [6, 7, 1.0], [6, 8, 2.0], [7, 20, 1.0], [7, 21, 1.0], [7, 22, 1.0]], "fix_com": true, "fix_orientation": true, "provenance": {"creator": "QCElemental", "version": "v0.22.0", "routine": "qcelemental.molparse.from_schema"}, "id": "165435"}, "charge": 0, "optimize_geometry": false, "conformers": [], "conformer_generation_options": {"n_conformer_pool": 4000, "n_max_conformers": 0, "rms_tolerance": 0.05, "energy_window": 15, "keep_original_conformer": true}, "stage_1_unrestrained_charges": null, "stage_1_restrained_charges": null, "stage_2_unrestrained_charges": null, "stage_2_restrained_charges": null, "keep_original_orientation": false, "reorientations": [], "translations": [], "rotations": []}}, {"index": 4, "molecule": {"qcmol": {"schema_name": "qcschema_molecule", "schema_version": 2, "validated": true, "symbols": ["C", "C", "C", "C", "C", "O", "C", "C", "O", "H", "H", "H", "H", "H", "H", "H", "H", "H", "H", "H", "H", "H", "H"], "geometry": [[0.0, 0.0, -0.0], [2.8903495875204115, 2.061820189979922e-16, 8.241833302260379e-17], [4.144995758029226, 2.614104065095, 2.220446049250313e-16], [3.64221924483095, 4.246734637886916, 2.3577338854644743], [1.4672015406801462, 6.1073727104055315, 2.1195966987480155], [2.15885743506113, 7.937595895774625, 0.26675631896976926], [0.4946920503799914, 9.730625873957, -0.2682475160442799], [1.4885380965788197, 11.51371775664094, -2.248356972351907], [-1.5210439014716681, 9.887721764179785, 0.709903246447741], [-0.7464248062028018, 1.0916890755261124, -1.5705094649236309], [-0.7694567747971559, 0.7828480879837576, 1.7322651392090642], [-0.7209915905390111, -1.9126036403651447, -0.17363494717062722], [3.5641659488082773, -1.0652188974487093, 1.6249214164489785], [3.54594114896637, -1.0188962037455171, -1.659371175545502], [3.5858798875565383, 3.6518518310012573, -1.6809465489845727], [6.170245669764306, 2.325087437575569, -0.1676462186184262], [5.322205856912713, 5.331160619795493, 2.8149310035374633], [3.2711490577521607, 3.0445290864596832, 3.983313322313884], [1.1277840540024986, 7.067257863452133, 3.892682088552978], [-0.2750329900287487, 5.21578739807378, 1.5435036799828348], [1.9273532084566685, 10.474758650054154, -3.958206964777804], [3.2220055534659213, 12.382834360902516, -1.5887161490125337], [0.09198943689271122, 12.948646393489279, -2.640808486583576]], "name": "C7H14O2", "identifiers": {"molecule_hash": "ab69a7624d40be09cdd77496470720e4708a959a", "molecular_formula": "C7H14O2"}, "molecular_charge": 0.0, "molecular_multiplicity": 1, "connectivity": [[0, 1, 1.0], [0, 9, 1.0], [0, 10, 1.0], [0, 11, 1.0], [1, 2, 1.0], [1, 12, 1.0], [1, 13, 1.0], [2, 3, 1.0], [2, 14, 1.0], [2, 15, 1.0], [3, 4, 1.0], [3, 16, 1.0], [3, 17, 1.0], [4, 5, 1.0], [4, 18, 1.0], [4, 19, 1.0], [5, 6, 1.0], [6, 7, 1.0], [6, 8, 2.0], [7, 20, 1.0], [7, 21, 1.0], [7, 22, 1.0]], "fix_com": true, "fix_orientation": true, "provenance": {"creator": "QCElemental", "version": "v0.22.0", "routine": "qcelemental.molparse.from_schema"}, "id": "165435"}, "charge": 0, "optimize_geometry": false, "conformers": [], "conformer_generation_options": {"n_conformer_pool": 4000, "n_max_conformers": 0, "rms_tolerance": 0.05, "energy_window": 15, "keep_original_conformer": true}, "stage_1_unrestrained_charges": null, "stage_1_restrained_charges": null, "stage_2_unrestrained_charges": null, "stage_2_restrained_charges": null, "keep_original_orientation": false, "reorientations": [], "translations": [], "rotations": []}}, {"index": 7, "molecule": {"qcmol": {"schema_name": "qcschema_molecule", "schema_version": 2, "validated": true, "symbols": ["C", "C", "C", "C", "C", "O", "C", "C", "O", "H", "H", "H", "H", "H", "H", "H", "H", "H", "H", "H", "H", "H", "H"], "geometry": [[0.0, 0.0, -0.0], [2.8903495875204115, 2.061820189979922e-16, 8.241833302260379e-17], [4.144995758029226, 2.614104065095, 2.220446049250313e-16], [3.64221924483095, 4.246734637886916, 2.3577338854644743], [1.4672015406801462, 6.1073727104055315, 2.1195966987480155], [2.15885743506113, 7.937595895774625, 0.26675631896976926], [0.4946920503799914, 9.730625873957, -0.2682475160442799], [1.4885380965788197, 11.51371775664094, -2.248356972351907], [-1.5210439014716681, 9.887721764179785, 0.709903246447741], [-0.7464248062028018, 1.0916890755261124, -1.5705094649236309], [-0.7694567747971559, 0.7828480879837576, 1.7322651392090642], [-0.7209915905390111, -1.9126036403651447, -0.17363494717062722], [3.5641659488082773, -1.0652188974487093, 1.6249214164489785], [3.54594114896637, -1.0188962037455171, -1.659371175545502], [3.5858798875565383, 3.6518518310012573, -1.6809465489845727], [6.170245669764306, 2.325087437575569, -0.1676462186184262], [5.322205856912713, 5.331160619795493, 2.8149310035374633], [3.2711490577521607, 3.0445290864596832, 3.983313322313884], [1.1277840540024986, 7.067257863452133, 3.892682088552978], [-0.2750329900287487, 5.21578739807378, 1.5435036799828348], [1.9273532084566685, 10.474758650054154, -3.958206964777804], [3.2220055534659213, 12.382834360902516, -1.5887161490125337], [0.09198943689271122, 12.948646393489279, -2.640808486583576]], "name": "C7H14O2", "identifiers": {"molecule_hash": "ab69a7624d40be09cdd77496470720e4708a959a", "molecular_formula": "C7H14O2"}, "molecular_charge": 0.0, "molecular_multiplicity": 1, "connectivity": [[0, 1, 1.0], [0, 9, 1.0], [0, 10, 1.0], [0, 11, 1.0], [1, 2, 1.0], [1, 12, 1.0], [1, 13, 1.0], [2, 3, 1.0], [2, 14, 1.0], [2, 15, 1.0], [3, 4, 1.0], [3, 16, 1.0], [3, 17, 1.0], [4, 5, 1.0], [4, 18, 1.0], [4, 19, 1.0], [5, 6, 1.0], [6, 7, 1.0], [6, 8, 2.0], [7, 20, 1.0], [7, 21, 1.0], [7, 22, 1.0]], "fix_com": true, "fix_orientation": true, "provenance": {"creator": "QCElemental", "version": "v0.22.0", "routine": "qcelemental.molparse.from_schema"}, "id": "165435"}, "charge": 0, "optimize_geometry": false, "conformers": [], "conformer_generation_options": {"n_conformer_pool": 4000, "n_max_conformers": 0, "rms_tolerance": 0.05, "energy_window": 15, "keep_original_conformer": true}, "stage_1_unrestrained_charges": null, "stage_1_restrained_charges": null, "stage_2_unrestrained_charges": null, "stage_2_restrained_charges": null, "keep_original_orientation": false, "reorientations": [], "translations": [], "rotations": []}}]}, "surface_constraints": {"matrix": [[961337749331420.5, 933567694800660.5, 902338685410072.1, 871785522732388.0, 839721244534213.9, 833702072724858.0, 781950636046067.9, 751293501421314.4, 753257035158641.5, 969638241133361.0, 963198318854592.5, 967606149556835.2, 930651719396168.4, 930373104339010.1, 905732339782129.8, 892367006614776.5, 868267961395307.8, 869576926940154.4, 815416679774028.5, 840938647611157.6, 746514973132747.0, 749635950087850.6, 733068268310407.1], [933567694800660.5, 954661499244488.5, 934362538140685.1, 900576612066074.1, 868442931241474.5, 861294531707711.0, 807632666162725.9, 774236834269374.1, 778205342908952.9, 929190430540432.9, 923087834836017.9, 926704300440390.2, 966218074706122.9, 966132337016480.0, 935803215734186.2, 936879162809309.0, 896749018228074.9, 896058507378496.6, 844418912493970.0, 869604212614932.5, 768492273691023.0, 775790942260856.4, 751549173799243.4], [902338685410072.1, 934362538140685.1, 959902409882598.1, 936435856271088.0, 908235804534232.1, 902459516939827.1, 846335387297165.2, 810120108383669.5, 816054944738414.4, 893472573235145.6, 887987792299622.2, 897039117550913.5, 933036925863542.1, 932094935048842.4, 975602093850203.6, 975907600184035.4, 934546714130347.4, 933743876587916.9, 888189038341242.6, 906405374419624.5, 805930640633032.9, 811640854153433.8, 783301034454707.9], [871785522732388.0, 900576612066074.1, 936435856271088.0, 959152064624029.6, 940893857402665.8, 922041620605755.4, 869132838453102.5, 823076747432262.2, 847942290971761.1, 862204254916192.5, 852251834339373.2, 875172921621183.8, 890344368091005.0, 897655131556744.8, 938608336503841.6, 938563578310799.1, 971552432097106.5, 970634701189526.1, 939321078253504.8, 936660252410401.6, 812661621457689.1, 818700216283687.6, 801410406870987.2], [839721244534213.9, 868442931241474.5, 908235804534232.1, 940893857402665.8, 964794152392275.9, 951170511811410.6, 920273203817421.5, 868753444999677.8, 915752143621130.6, 834520466696735.1, 814867096870975.4, 844420964275519.9, 856117941450151.4, 865515086542984.2, 905552380749752.9, 912017741578049.0, 940625911789443.4, 940278567853838.5, 976642817523661.9, 975008290800957.0, 856433755697842.2, 860882749216025.0, 848006973522049.6], [833702072724858.0, 861294531707711.0, 902459516939827.1, 922041620605755.4, 951170511811410.6, 978684203012382.4, 954849647989525.4, 929568106911016.4, 933042063907104.1, 830512258397944.2, 807189740474685.8, 838784187562690.9, 851976704330987.8, 854085438144379.1, 904781960947714.2, 912160709020360.5, 917695216357570.0, 909876846268115.4, 948805289986987.0, 948520251761853.4, 923184225871058.4, 928683053740329.5, 912742322795905.0], [781950636046067.9, 807632666162725.9, 846335387297165.2, 869132838453102.5, 920273203817421.5, 954849647989525.4, 963534573973150.6, 946195354276787.8, 960292836723022.5, 780356268481868.9, 755094018859168.4, 787582707066412.1, 798634380292186.1, 801570264153718.8, 845693301625325.0, 854817019146461.1, 858182442268008.9, 851612319614626.8, 923293234416558.0, 925345604104056.5, 940399521459138.2, 942086008122331.0, 936369389740526.4], [751293501421314.4, 774236834269374.1, 810120108383669.5, 823076747432262.2, 868753444999677.8, 929568106911016.4, 946195354276787.8, 973282023788448.8, 921538303811711.9, 750574150994065.2, 725413320961241.9, 757266435566632.4, 768168469994430.2, 765738325915452.8, 812429977492619.8, 821254037420086.5, 811507088499038.9, 801634785290112.9, 860208424394936.0, 862990443460089.5, 978798498664194.6, 980327846120929.2, 974274595960003.8], [753257035158641.5, 778205342908952.9, 816054944738414.4, 847942290971761.1, 915752143621130.6, 933042063907104.1, 960292836723022.5, 921538303811711.9, 991829793656812.1, 751950734067502.4, 726711347828252.8, 759069120908027.2, 767158663203985.2, 774577352259434.2, 811214439568816.0, 821164290633022.4, 833820301510298.8, 831013437306637.9, 931496779536421.2, 934672143036317.0, 909592855084630.5, 908162595694243.0, 911471202717191.6], [969638241133361.0, 929190430540432.9, 893472573235145.6, 862204254916192.5, 834520466696735.1, 830512258397944.2, 780356268481868.9, 750574150994065.2, 751950734067502.4, 1015449190275163.4, 957459012638584.9, 963226786955762.4, 919952557239372.2, 926082741225875.9, 899354844898007.5, 878310248140254.8, 854500910540505.9, 859896422795377.0, 810973811827793.5, 836451171673971.5, 747169860462767.0, 747208813907948.5, 733317427405098.6], [963198318854592.5, 923087834836017.9, 887987792299622.2, 852251834339373.2, 814867096870975.4, 807189740474685.8, 755094018859168.4, 725413320961241.9, 726711347828252.8, 957459012638584.9, 1002522412684486.9, 956635256421694.0, 920480621308999.0, 913339569651412.1, 889215099271812.5, 881959130770081.0, 848623318101516.5, 851049680874586.8, 789010312914530.0, 815641641181977.6, 720651513159376.2, 724149009049674.5, 707726241130333.0], [967606149556835.2, 926704300440390.2, 897039117550913.5, 875172921621183.8, 844420964275519.9, 838784187562690.9, 787582707066412.1, 757266435566632.4, 759069120908027.2, 963226786955762.4, 956635256421694.0, 1010698993068999.9, 918000721401586.8, 917959616422413.6, 901283730290300.5, 879807573314962.8, 876305360429612.9, 873785240149672.6, 820712875158761.8, 845609298084617.8, 751842938575841.9, 754277658594895.8, 741210913737114.5], [930651719396168.4, 966218074706122.9, 933036925863542.1, 890344368091005.0, 856117941450151.4, 851976704330987.8, 798634380292186.1, 768168469994430.2, 767158663203985.2, 919952557239372.2, 920480621308999.0, 918000721401586.8, 1013275378272513.8, 964588921177312.6, 928418336668676.6, 938575364289556.2, 883162294340311.2, 884597037467347.2, 831298168486248.8, 854332604701279.9, 764150561483779.6, 771842230313473.8, 743861557268128.1], [930373104339010.1, 966132337016480.0, 932094935048842.4, 897655131556744.8, 865515086542984.2, 854085438144379.1, 801570264153718.8, 765738325915452.8, 774577352259434.2, 926082741225875.9, 913339569651412.1, 917959616422413.6, 964588921177312.6, 1014102084237604.1, 925970774713331.8, 931537647025440.0, 895470534292095.9, 890965451412860.1, 839279939822554.5, 872364335704077.0, 756720853491547.1, 767843963556521.2, 744121276839268.5], [905732339782129.8, 935803215734186.2, 975602093850203.6, 938608336503841.6, 905552380749752.9, 904781960947714.2, 845693301625325.0, 812429977492619.8, 811214439568816.0, 899354844898007.5, 889215099271812.5, 901283730290300.5, 928418336668676.6, 925970774713331.8, 1027308908301808.4, 978463791425762.2, 932408619102446.2, 933246492134373.8, 881250053478500.0, 900955445873042.5, 812600819634695.5, 814125421803704.2, 783023598914801.8], [892367006614776.5, 936879162809309.0, 975907600184035.4, 938563578310799.1, 912017741578049.0, 912160709020360.5, 854817019146461.1, 821254037420086.5, 821164290633022.4, 878310248140254.8, 881959130770081.0, 879807573314962.8, 938575364289556.2, 931537647025440.0, 978463791425762.2, 1027621616986091.8, 931007435143507.2, 928587235690897.9, 886767150446063.4, 911906638364044.1, 819119893855968.5, 827241559123713.9, 789590808171583.6], [868267961395307.8, 896749018228074.9, 934546714130347.4, 971552432097106.5, 940625911789443.4, 917695216357570.0, 858182442268008.9, 811507088499038.9, 833820301510298.8, 854500910540505.9, 848623318101516.5, 876305360429612.9, 883162294340311.2, 895470534292095.9, 932408619102446.2, 931007435143507.2, 1019589726119361.4, 969541726916047.8, 939153007569888.2, 929323025956237.4, 799727668565281.2, 805827988287616.6, 792190791703177.6], [869576926940154.4, 896058507378496.6, 933743876587916.9, 970634701189526.1, 940278567853838.5, 909876846268115.4, 851612319614626.8, 801634785290112.9, 831013437306637.9, 859896422795377.0, 851049680874586.8, 873785240149672.6, 884597037467347.2, 890965451412860.1, 933246492134373.8, 928587235690897.9, 969541726916047.8, 1017467788476529.6, 943938447849444.8, 929973193058111.1, 788704786071826.1, 795816889059977.4, 781558244975922.1], [815416679774028.5, 844418912493970.0, 888189038341242.6, 939321078253504.8, 976642817523661.9, 948805289986987.0, 923293234416558.0, 860208424394936.0, 931496779536421.2, 810973811827793.5, 789010312914530.0, 820712875158761.8, 831298168486248.8, 839279939822554.5, 881250053478500.0, 886767150446063.4, 939153007569888.2, 943938447849444.8, 1023424164706617.0, 973651058444226.0, 844151720250664.2, 848582962012044.2, 839333258808894.9], [840938647611157.6, 869604212614932.5, 906405374419624.5, 936660252410401.6, 975008290800957.0, 948520251761853.4, 925345604104056.5, 862990443460089.5, 934672143036317.0, 836451171673971.5, 815641641181977.6, 845609298084617.8, 854332604701279.9, 872364335704077.0, 900955445873042.5, 911906638364044.1, 929323025956237.4, 929973193058111.1, 973651058444226.0, 1020443592615224.6, 848977043269476.9, 851331888880537.2, 840611820570027.8], [746514973132747.0, 768492273691023.0, 805930640633032.9, 812661621457689.1, 856433755697842.2, 923184225871058.4, 940399521459138.2, 978798498664194.6, 909592855084630.5, 747169860462767.0, 720651513159376.2, 751842938575841.9, 764150561483779.6, 756720853491547.1, 812600819634695.5, 819119893855968.5, 799727668565281.2, 788704786071826.1, 844151720250664.2, 848977043269476.9, 1023234626325376.9, 971211839092846.0, 965020480519364.2], [749635950087850.6, 775790942260856.4, 811640854153433.8, 818700216283687.6, 860882749216025.0, 928683053740329.5, 942086008122331.0, 980327846120929.2, 908162595694243.0, 747208813907948.5, 724149009049674.5, 754277658594895.8, 771842230313473.8, 767843963556521.2, 814125421803704.2, 827241559123713.9, 805827988287616.6, 795816889059977.4, 848582962012044.2, 851331888880537.2, 971211839092846.0, 1026172236945246.6, 966649434165856.1], [733068268310407.1, 751549173799243.4, 783301034454707.9, 801410406870987.2, 848006973522049.6, 912742322795905.0, 936369389740526.4, 974274595960003.8, 911471202717191.6, 733317427405098.6, 707726241130333.0, 741210913737114.5, 743861557268128.1, 744121276839268.5, 783023598914801.8, 789590808171583.6, 792190791703177.6, 781558244975922.1, 839333258808894.9, 840611820570027.8, 965020480519364.2, 966649434165856.1, 1013397991853342.4], [10440898487885.145, 11079947968333.234, 10306947470595.234, 8368806249386.847, -168881512385.1931, -350626007772.1269, -8213343225143.842, -399508748432.4901, -21722560232841.402, 9935670233324.658, 10792313311799.977, 10181056913973.904, 11864547679735.17, 11082791064199.44, 11107123180303.223, 10432631250669.803, 10380354309827.424, 10454671397139.598, -3177282419100.916, -3545283223190.136, 2160947178088.593, 3144170123452.7197, 120421837712.13985]]}}