{"resp_b": 0.1, "restrained_fit": true, "exclude_hydrogens": true, "convergence_tolerance": 1e-06, "max_iter": 500, "resp_a": 0.0005, "charge_constraints": {"charge_sum_constraints": [], "charge_equivalence_constraints": [], "molecules": [{"qcmol": {"schema_name": "qcschema_molecule", "schema_version": 2, "validated": true, "symbols": ["C", "C", "C", "C", "C", "O", "C", "C", "O", "H", "H", "H", "H", "H", "H", "H", "H", "H", "H", "H", "H", "H", "H"], "geometry": [[0.0, 0.0, -0.0], [2.8903495875204115, 2.061820189979922e-16, 8.241833302260379e-17], [4.144995758029226, 2.614104065095, 2.220446049250313e-16], [3.64221924483095, 4.246734637886916, 2.3577338854644743], [1.4672015406801462, 6.1073727104055315, 2.1195966987480155], [2.15885743506113, 7.937595895774625, 0.26675631896976926], [0.4946920503799914, 9.730625873957, -0.2682475160442799], [1.4885380965788197, 11.51371775664094, -2.248356972351907], [-1.5210439014716681, 9.887721764179785, 0.709903246447741], [-0.7464248062028018, 1.0916890755261124, -1.5705094649236309], [-0.7694567747971559, 0.7828480879837576, 1.7322651392090642], [-0.7209915905390111, -1.9126036403651447, -0.17363494717062722], [3.5641659488082773, -1.0652188974487093, 1.6249214164489785], [3.54594114896637, -1.0188962037455171, -1.659371175545502], [3.5858798875565383, 3.6518518310012573, -1.6809465489845727], [6.170245669764306, 2.325087437575569, -0.1676462186184262], [5.322205856912713, 5.331160619795493, 2.8149310035374633], [3.2711490577521607, 3.0445290864596832, 3.983313322313884], [1.1277840540024986, 7.067257863452133, 3.892682088552978], [-0.2750329900287487, 5.21578739807378, 1.5435036799828348], [1.9273532084566685, 10.474758650054154, -3.958206964777804], [3.2220055534659213, 12.382834360902516, -1.5887161490125337], [0.09198943689271122, 12.948646393489279, -2.640808486583576]], "name": "C7H14O2", "identifiers": {"molecule_hash": "ab69a7624d40be09cdd77496470720e4708a959a", "molecular_formula": "C7H14O2"}, "molecular_charge": 0.0, "molecular_multiplicity": 1, "connectivity": [[0, 1, 1.0], [0, 9, 1.0], [0, 10, 1.0], [0, 11, 1.0], [1, 2, 1.0], [1, 12, 1.0], [1, 13, 1.0], [2, 3, 1.0], [2, 14, 1.0], [2, 15, 1.0], [3, 4, 1.0], [3, 16, 1.0], [3, 17, 1.0], [4, 5, 1.0], [4, 18, 1.0], [4, 19, 1.0], [5, 6, 1.0], [6, 7, 1.0], [6, 8, 2.0], [7, 20, 1.0], [7, 21, 1.0], [7, 22, 1.0]], "fix_com": true, "fix_orientation": true, "provenance": {"creator": "QCElemental", "version": "v0.22.0", "routine": "qcelemental.molparse.from_schema"}, "id": "165435"}, "charge": 0, "optimize_geometry": false, "conformers": [], "conformer_generation_options": {"n_conformer_pool": 4000, "n_max_conformers": 0, "rms_tolerance": 0.05, "energy_window": 15, "keep_original_conformer": true}, "stage_1_unrestrained_charges": null, "stage_1_restrained_charges": null, "stage_2_unrestrained_charges": null, "stage_2_restrained_charges": null, "keep_original_orientation": false, "reorientations": [], "translations": [], "rotations": []}], "unconstrained_atoms": [{"index": 0, "molecule": {"qcmol": {"schema_name": "qcschema_molecule", "schema_version": 2, "validated": true, "symbols": ["C", "C", "C", "C", "C", "O", "C", "C", "O", "H", "H", "H", "H", "H", "H", "H", "H", "H", "H", "H", "H", "H", "H"], "geometry": [[0.0, 0.0, -0.0], [2.8903495875204115, 2.061820189979922e-16, 8.241833302260379e-17], [4.144995758029226, 2.614104065095, 2.220446049250313e-16], [3.64221924483095, 4.246734637886916, 2.3577338854644743], [1.4672015406801462, 6.1073727104055315, 2.1195966987480155], [2.15885743506113, 7.937595895774625, 0.26675631896976926], [0.4946920503799914, 9.730625873957, -0.2682475160442799], [1.4885380965788197, 11.51371775664094, -2.248356972351907], [-1.5210439014716681, 9.887721764179785, 0.709903246447741], [-0.7464248062028018, 1.0916890755261124, -1.5705094649236309], [-0.7694567747971559, 0.7828480879837576, 1.7322651392090642], [-0.7209915905390111, -1.9126036403651447, -0.17363494717062722], [3.5641659488082773, -1.0652188974487093, 1.6249214164489785], [3.54594114896637, -1.0188962037455171, -1.659371175545502], [3.5858798875565383, 3.6518518310012573, -1.6809465489845727], [6.170245669764306, 2.325087437575569, -0.1676462186184262], [5.322205856912713, 5.331160619795493, 2.8149310035374633], [3.2711490577521607, 3.0445290864596832, 3.983313322313884], [1.1277840540024986, 7.067257863452133, 3.892682088552978], [-0.2750329900287487, 5.21578739807378, 1.5435036799828348], [1.9273532084566685, 10.474758650054154, -3.958206964777804], [3.2220055534659213, 12.382834360902516, -1.5887161490125337], [0.09198943689271122, 12.948646393489279, -2.640808486583576]], "name": "C7H14O2", "identifiers": {"molecule_hash": "ab69a7624d40be09cdd77496470720e4708a959a", "molecular_formula": "C7H14O2"}, "molecular_charge": 0.0, "molecular_multiplicity": 1, "connectivity": [[0, 1, 1.0], [0, 9, 1.0], [0, 10, 1.0], [0, 11, 1.0], [1, 2, 1.0], [1, 12, 1.0], [1, 13, 1.0], [2, 3, 1.0], [2, 14, 1.0], [2, 15, 1.0], [3, 4, 1.0], [3, 16, 1.0], [3, 17, 1.0], [4, 5, 1.0], [4, 18, 1.0], [4, 19, 1.0], [5, 6, 1.0], [6, 7, 1.0], [6, 8, 2.0], [7, 20, 1.0], [7, 21, 1.0], [7, 22, 1.0]], "fix_com": true, "fix_orientation": true, "provenance": {"creator": "QCElemental", "version": "v0.22.0", "routine": "qcelemental.molparse.from_schema"}, "id": "165435"}, "charge": 0, "optimize_geometry": false, "conformers": [], "conformer_generation_options": {"n_conformer_pool": 4000, "n_max_conformers": 0, "rms_tolerance": 0.05, "energy_window": 15, "keep_original_conformer": true}, "stage_1_unrestrained_charges": null, "stage_1_restrained_charges": null, "stage_2_unrestrained_charges": null, "stage_2_restrained_charges": null, "keep_original_orientation": false, "reorientations": [], "translations": [], "rotations": []}}, {"index": 1, "molecule": {"qcmol": {"schema_name": "qcschema_molecule", "schema_version": 2, "validated": true, "symbols": ["C", "C", "C", "C", "C", "O", "C", "C", "O", "H", "H", "H", "H", "H", "H", "H", "H", "H", "H", "H", "H", "H", "H"], "geometry": [[0.0, 0.0, -0.0], [2.8903495875204115, 2.061820189979922e-16, 8.241833302260379e-17], [4.144995758029226, 2.614104065095, 2.220446049250313e-16], [3.64221924483095, 4.246734637886916, 2.3577338854644743], [1.4672015406801462, 6.1073727104055315, 2.1195966987480155], [2.15885743506113, 7.937595895774625, 0.26675631896976926], [0.4946920503799914, 9.730625873957, -0.2682475160442799], [1.4885380965788197, 11.51371775664094, -2.248356972351907], [-1.5210439014716681, 9.887721764179785, 0.709903246447741], [-0.7464248062028018, 1.0916890755261124, -1.5705094649236309], [-0.7694567747971559, 0.7828480879837576, 1.7322651392090642], [-0.7209915905390111, -1.9126036403651447, -0.17363494717062722], [3.5641659488082773, -1.0652188974487093, 1.6249214164489785], [3.54594114896637, -1.0188962037455171, -1.659371175545502], [3.5858798875565383, 3.6518518310012573, -1.6809465489845727], [6.170245669764306, 2.325087437575569, -0.1676462186184262], [5.322205856912713, 5.331160619795493, 2.8149310035374633], [3.2711490577521607, 3.0445290864596832, 3.983313322313884], [1.1277840540024986, 7.067257863452133, 3.892682088552978], [-0.2750329900287487, 5.21578739807378, 1.5435036799828348], [1.9273532084566685, 10.474758650054154, -3.958206964777804], [3.2220055534659213, 12.382834360902516, -1.5887161490125337], [0.09198943689271122, 12.948646393489279, -2.640808486583576]], "name": "C7H14O2", "identifiers": {"molecule_hash": "ab69a7624d40be09cdd77496470720e4708a959a", "molecular_formula": "C7H14O2"}, "molecular_charge": 0.0, "molecular_multiplicity": 1, "connectivity": [[0, 1, 1.0], [0, 9, 1.0], [0, 10, 1.0], [0, 11, 1.0], [1, 2, 1.0], [1, 12, 1.0], [1, 13, 1.0], [2, 3, 1.0], [2, 14, 1.0], [2, 15, 1.0], [3, 4, 1.0], [3, 16, 1.0], [3, 17, 1.0], [4, 5, 1.0], [4, 18, 1.0], [4, 19, 1.0], [5, 6, 1.0], [6, 7, 1.0], [6, 8, 2.0], [7, 20, 1.0], [7, 21, 1.0], [7, 22, 1.0]], "fix_com": true, "fix_orientation": true, "provenance": {"creator": "QCElemental", "version": "v0.22.0", "routine": "qcelemental.molparse.from_schema"}, "id": "165435"}, "charge": 0, "optimize_geometry": false, "conformers": [], "conformer_generation_options": {"n_conformer_pool": 4000, "n_max_conformers": 0, "rms_tolerance": 0.05, "energy_window": 15, "keep_original_conformer": true}, "stage_1_unrestrained_charges": null, "stage_1_restrained_charges": null, "stage_2_unrestrained_charges": null, "stage_2_restrained_charges": null, "keep_original_orientation": false, "reorientations": [], "translations": [], "rotations": []}}, {"index": 2, "molecule": {"qcmol": {"schema_name": "qcschema_molecule", "schema_version": 2, "validated": true, "symbols": ["C", "C", "C", "C", "C", "O", "C", "C", "O", "H", "H", "H", "H", "H", "H", "H", "H", "H", "H", "H", "H", "H", "H"], "geometry": [[0.0, 0.0, -0.0], [2.8903495875204115, 2.061820189979922e-16, 8.241833302260379e-17], [4.144995758029226, 2.614104065095, 2.220446049250313e-16], [3.64221924483095, 4.246734637886916, 2.3577338854644743], [1.4672015406801462, 6.1073727104055315, 2.1195966987480155], [2.15885743506113, 7.937595895774625, 0.26675631896976926], [0.4946920503799914, 9.730625873957, -0.2682475160442799], [1.4885380965788197, 11.51371775664094, -2.248356972351907], [-1.5210439014716681, 9.887721764179785, 0.709903246447741], [-0.7464248062028018, 1.0916890755261124, -1.5705094649236309], [-0.7694567747971559, 0.7828480879837576, 1.7322651392090642], [-0.7209915905390111, -1.9126036403651447, -0.17363494717062722], [3.5641659488082773, -1.0652188974487093, 1.6249214164489785], [3.54594114896637, -1.0188962037455171, -1.659371175545502], [3.5858798875565383, 3.6518518310012573, -1.6809465489845727], [6.170245669764306, 2.325087437575569, -0.1676462186184262], [5.322205856912713, 5.331160619795493, 2.8149310035374633], [3.2711490577521607, 3.0445290864596832, 3.983313322313884], [1.1277840540024986, 7.067257863452133, 3.892682088552978], [-0.2750329900287487, 5.21578739807378, 1.5435036799828348], [1.9273532084566685, 10.474758650054154, -3.958206964777804], [3.2220055534659213, 12.382834360902516, -1.5887161490125337], [0.09198943689271122, 12.948646393489279, -2.640808486583576]], "name": "C7H14O2", "identifiers": {"molecule_hash": "ab69a7624d40be09cdd77496470720e4708a959a", "molecular_formula": "C7H14O2"}, "molecular_charge": 0.0, "molecular_multiplicity": 1, "connectivity": [[0, 1, 1.0], [0, 9, 1.0], [0, 10, 1.0], [0, 11, 1.0], [1, 2, 1.0], [1, 12, 1.0], [1, 13, 1.0], [2, 3, 1.0], [2, 14, 1.0], [2, 15, 1.0], [3, 4, 1.0], [3, 16, 1.0], [3, 17, 1.0], [4, 5, 1.0], [4, 18, 1.0], [4, 19, 1.0], [5, 6, 1.0], [6, 7, 1.0], [6, 8, 2.0], [7, 20, 1.0], [7, 21, 1.0], [7, 22, 1.0]], "fix_com": true, "fix_orientation": true, "provenance": {"creator": "QCElemental", "version": "v0.22.0", "routine": "qcelemental.molparse.from_schema"}, "id": "165435"}, "charge": 0, "optimize_geometry": false, "conformers": [], "conformer_generation_options": {"n_conformer_pool": 4000, "n_max_conformers": 0, "rms_tolerance": 0.05, "energy_window": 15, "keep_original_conformer": true}, "stage_1_unrestrained_charges": null, "stage_1_restrained_charges": null, "stage_2_unrestrained_charges": null, "stage_2_restrained_charges": null, "keep_original_orientation": false, "reorientations": [], "translations": [], "rotations": []}}, {"index": 3, "molecule": {"qcmol": {"schema_name": "qcschema_molecule", "schema_version": 2, "validated": true, "symbols": ["C", "C", "C", "C", "C", "O", "C", "C", "O", "H", "H", "H", "H", "H", "H", "H", "H", "H", "H", "H", "H", "H", "H"], "geometry": [[0.0, 0.0, -0.0], [2.8903495875204115, 2.061820189979922e-16, 8.241833302260379e-17], [4.144995758029226, 2.614104065095, 2.220446049250313e-16], [3.64221924483095, 4.246734637886916, 2.3577338854644743], [1.4672015406801462, 6.1073727104055315, 2.1195966987480155], [2.15885743506113, 7.937595895774625, 0.26675631896976926], [0.4946920503799914, 9.730625873957, -0.2682475160442799], [1.4885380965788197, 11.51371775664094, -2.248356972351907], [-1.5210439014716681, 9.887721764179785, 0.709903246447741], [-0.7464248062028018, 1.0916890755261124, -1.5705094649236309], [-0.7694567747971559, 0.7828480879837576, 1.7322651392090642], [-0.7209915905390111, -1.9126036403651447, -0.17363494717062722], [3.5641659488082773, -1.0652188974487093, 1.6249214164489785], [3.54594114896637, -1.0188962037455171, -1.659371175545502], [3.5858798875565383, 3.6518518310012573, -1.6809465489845727], [6.170245669764306, 2.325087437575569, -0.1676462186184262], [5.322205856912713, 5.331160619795493, 2.8149310035374633], [3.2711490577521607, 3.0445290864596832, 3.983313322313884], [1.1277840540024986, 7.067257863452133, 3.892682088552978], [-0.2750329900287487, 5.21578739807378, 1.5435036799828348], [1.9273532084566685, 10.474758650054154, -3.958206964777804], [3.2220055534659213, 12.382834360902516, -1.5887161490125337], [0.09198943689271122, 12.948646393489279, -2.640808486583576]], "name": "C7H14O2", "identifiers": {"molecule_hash": "ab69a7624d40be09cdd77496470720e4708a959a", "molecular_formula": "C7H14O2"}, "molecular_charge": 0.0, "molecular_multiplicity": 1, "connectivity": [[0, 1, 1.0], [0, 9, 1.0], [0, 10, 1.0], [0, 11, 1.0], [1, 2, 1.0], [1, 12, 1.0], [1, 13, 1.0], [2, 3, 1.0], [2, 14, 1.0], [2, 15, 1.0], [3, 4, 1.0], [3, 16, 1.0], [3, 17, 1.0], [4, 5, 1.0], [4, 18, 1.0], [4, 19, 1.0], [5, 6, 1.0], [6, 7, 1.0], [6, 8, 2.0], [7, 20, 1.0], [7, 21, 1.0], [7, 22, 1.0]], "fix_com": true, "fix_orientation": true, "provenance": {"creator": "QCElemental", "version": "v0.22.0", "routine": "qcelemental.molparse.from_schema"}, "id": "165435"}, "charge": 0, "optimize_geometry": false, "conformers": [], "conformer_generation_options": {"n_conformer_pool": 4000, "n_max_conformers": 0, "rms_tolerance": 0.05, "energy_window": 15, "keep_original_conformer": true}, "stage_1_unrestrained_charges": null, "stage_1_restrained_charges": null, "stage_2_unrestrained_charges": null, "stage_2_restrained_charges": null, "keep_original_orientation": false, "reorientations": [], "translations": [], "rotations": []}}, {"index": 4, "molecule": {"qcmol": {"schema_name": "qcschema_molecule", "schema_version": 2, "validated": true, "symbols": ["C", "C", "C", "C", "C", "O", "C", "C", "O", "H", "H", "H", "H", "H", "H", "H", "H", "H", "H", "H", "H", "H", "H"], "geometry": [[0.0, 0.0, -0.0], [2.8903495875204115, 2.061820189979922e-16, 8.241833302260379e-17], [4.144995758029226, 2.614104065095, 2.220446049250313e-16], [3.64221924483095, 4.246734637886916, 2.3577338854644743], [1.4672015406801462, 6.1073727104055315, 2.1195966987480155], [2.15885743506113, 7.937595895774625, 0.26675631896976926], [0.4946920503799914, 9.730625873957, -0.2682475160442799], [1.4885380965788197, 11.51371775664094, -2.248356972351907], [-1.5210439014716681, 9.887721764179785, 0.709903246447741], [-0.7464248062028018, 1.0916890755261124, -1.5705094649236309], [-0.7694567747971559, 0.7828480879837576, 1.7322651392090642], [-0.7209915905390111, -1.9126036403651447, -0.17363494717062722], [3.5641659488082773, -1.0652188974487093, 1.6249214164489785], [3.54594114896637, -1.0188962037455171, -1.659371175545502], [3.5858798875565383, 3.6518518310012573, -1.6809465489845727], [6.170245669764306, 2.325087437575569, -0.1676462186184262], [5.322205856912713, 5.331160619795493, 2.8149310035374633], [3.2711490577521607, 3.0445290864596832, 3.983313322313884], [1.1277840540024986, 7.067257863452133, 3.892682088552978], [-0.2750329900287487, 5.21578739807378, 1.5435036799828348], [1.9273532084566685, 10.474758650054154, -3.958206964777804], [3.2220055534659213, 12.382834360902516, -1.5887161490125337], [0.09198943689271122, 12.948646393489279, -2.640808486583576]], "name": "C7H14O2", "identifiers": {"molecule_hash": "ab69a7624d40be09cdd77496470720e4708a959a", "molecular_formula": "C7H14O2"}, "molecular_charge": 0.0, "molecular_multiplicity": 1, "connectivity": [[0, 1, 1.0], [0, 9, 1.0], [0, 10, 1.0], [0, 11, 1.0], [1, 2, 1.0], [1, 12, 1.0], [1, 13, 1.0], [2, 3, 1.0], [2, 14, 1.0], [2, 15, 1.0], [3, 4, 1.0], [3, 16, 1.0], [3, 17, 1.0], [4, 5, 1.0], [4, 18, 1.0], [4, 19, 1.0], [5, 6, 1.0], [6, 7, 1.0], [6, 8, 2.0], [7, 20, 1.0], [7, 21, 1.0], [7, 22, 1.0]], "fix_com": true, "fix_orientation": true, "provenance": {"creator": "QCElemental", "version": "v0.22.0", "routine": "qcelemental.molparse.from_schema"}, "id": "165435"}, "charge": 0, "optimize_geometry": false, "conformers": [], "conformer_generation_options": {"n_conformer_pool": 4000, "n_max_conformers": 0, "rms_tolerance": 0.05, "energy_window": 15, "keep_original_conformer": true}, "stage_1_unrestrained_charges": null, "stage_1_restrained_charges": null, "stage_2_unrestrained_charges": null, "stage_2_restrained_charges": null, "keep_original_orientation": false, "reorientations": [], "translations": [], "rotations": []}}, {"index": 7, "molecule": {"qcmol": {"schema_name": "qcschema_molecule", "schema_version": 2, "validated": true, "symbols": ["C", "C", "C", "C", "C", "O", "C", "C", "O", "H", "H", "H", "H", "H", "H", "H", "H", "H", "H", "H", "H", "H", "H"], "geometry": [[0.0, 0.0, -0.0], [2.8903495875204115, 2.061820189979922e-16, 8.241833302260379e-17], [4.144995758029226, 2.614104065095, 2.220446049250313e-16], [3.64221924483095, 4.246734637886916, 2.3577338854644743], [1.4672015406801462, 6.1073727104055315, 2.1195966987480155], [2.15885743506113, 7.937595895774625, 0.26675631896976926], [0.4946920503799914, 9.730625873957, -0.2682475160442799], [1.4885380965788197, 11.51371775664094, -2.248356972351907], [-1.5210439014716681, 9.887721764179785, 0.709903246447741], [-0.7464248062028018, 1.0916890755261124, -1.5705094649236309], [-0.7694567747971559, 0.7828480879837576, 1.7322651392090642], [-0.7209915905390111, -1.9126036403651447, -0.17363494717062722], [3.5641659488082773, -1.0652188974487093, 1.6249214164489785], [3.54594114896637, -1.0188962037455171, -1.659371175545502], [3.5858798875565383, 3.6518518310012573, -1.6809465489845727], [6.170245669764306, 2.325087437575569, -0.1676462186184262], [5.322205856912713, 5.331160619795493, 2.8149310035374633], [3.2711490577521607, 3.0445290864596832, 3.983313322313884], [1.1277840540024986, 7.067257863452133, 3.892682088552978], [-0.2750329900287487, 5.21578739807378, 1.5435036799828348], [1.9273532084566685, 10.474758650054154, -3.958206964777804], [3.2220055534659213, 12.382834360902516, -1.5887161490125337], [0.09198943689271122, 12.948646393489279, -2.640808486583576]], "name": "C7H14O2", "identifiers": {"molecule_hash": "ab69a7624d40be09cdd77496470720e4708a959a", "molecular_formula": "C7H14O2"}, "molecular_charge": 0.0, "molecular_multiplicity": 1, "connectivity": [[0, 1, 1.0], [0, 9, 1.0], [0, 10, 1.0], [0, 11, 1.0], [1, 2, 1.0], [1, 12, 1.0], [1, 13, 1.0], [2, 3, 1.0], [2, 14, 1.0], [2, 15, 1.0], [3, 4, 1.0], [3, 16, 1.0], [3, 17, 1.0], [4, 5, 1.0], [4, 18, 1.0], [4, 19, 1.0], [5, 6, 1.0], [6, 7, 1.0], [6, 8, 2.0], [7, 20, 1.0], [7, 21, 1.0], [7, 22, 1.0]], "fix_com": true, "fix_orientation": true, "provenance": {"creator": "QCElemental", "version": "v0.22.0", "routine": "qcelemental.molparse.from_schema"}, "id": "165435"}, "charge": 0, "optimize_geometry": false, "conformers": [], "conformer_generation_options": {"n_conformer_pool": 4000, "n_max_conformers": 0, "rms_tolerance": 0.05, "energy_window": 15, "keep_original_conformer": true}, "stage_1_unrestrained_charges": null, "stage_1_restrained_charges": null, "stage_2_unrestrained_charges": null, "stage_2_restrained_charges": null, "keep_original_orientation": false, "reorientations": [], "translations": [], "rotations": []}}]}, "surface_constraints": {"matrix": [[961373854702856.2, 933602757580556.6, 902372572363820.4, 871818241655877.4, 839752777107261.0, 833733388462070.0, 781980017478344.9, 751321737070270.8, 753285339314995.9, 969674655329747.4, 963234500019117.0, 967642485947675.2, 930686675646323.9, 930408046107165.4, 905766346467182.2, 892400541121232.1, 868300536652656.8, 869609543638313.6, 815447305819397.8, 840970224936652.4, 746543022420918.1, 749664126936358.1, 733095827468642.5], [933602757580556.6, 954697352747666.2, 934397625390118.9, 900610430374644.2, 868475547571714.8, 861326886659972.5, 807663008947333.6, 774265928481478.6, 778234578125134.5, 929225326544025.1, 923122508635411.1, 926739102763223.5, 966254363619995.1, 966168621006032.6, 935838354307108.6, 936914343382097.4, 896782691650743.2, 896092151040651.8, 844450641202503.8, 869636856078653.9, 768521143317422.8, 775820096391777.0, 751577427674130.8], [902372572363820.4, 934397625390118.9, 959938452915426.8, 936471017800723.1, 908269905868863.0, 902493396441860.4, 846367161766281.4, 810150521896763.9, 816085584832837.8, 893506117213550.6, 888021171371937.1, 897072784399504.5, 933071962891350.2, 932129937805189.2, 975638722907637.2, 975944244459666.0, 934581805556838.1, 933778935564524.5, 888222401623027.0, 906439395704067.4, 805960881901982.9, 811671327552710.0, 783330452865940.2], [871818241655877.4, 900610430374644.2, 936471017800723.1, 959188077952912.1, 940929184674575.4, 922076238634491.5, 869165471854270.4, 823107651862483.9, 847974129811258.1, 862236594030651.0, 852283860041317.5, 875205733472033.2, 890377827053135.4, 897688833570401.5, 938643576036139.2, 938598820519499.9, 971588911617106.8, 970671143706199.0, 939356345736913.9, 936695422628017.8, 812692119033919.0, 818730959957299.8, 801440510604439.0], [839752777107261.0, 868475547571714.8, 908269905868863.0, 940929184674575.4, 964830377790173.4, 951206224542484.0, 920307758626715.5, 868786065755462.4, 915786529801056.4, 834551785881871.2, 814897739669270.0, 844452644096412.9, 856150125232999.4, 865547574095855.2, 905586385459017.6, 912051972073420.5, 940661229147178.0, 940313870243219.6, 976679488101368.5, 975044901042254.0, 856465903204495.9, 860915076950783.4, 848038824108295.0], [833733388462070.0, 861326886659972.5, 902493396441860.4, 922076238634491.5, 951206224542484.0, 978720947116538.0, 954885499992850.6, 929603010282962.0, 933077098576808.5, 830543435748918.1, 807220102303686.5, 838815668393572.5, 852008742009939.0, 854117508156004.1, 904815916430939.9, 912194942801992.1, 917729684408092.6, 909910995426898.5, 948840914587380.6, 948555866631815.4, 923218875841977.4, 928717927131023.9, 912776605796026.8], [781980017478344.9, 807663008947333.6, 846367161766281.4, 869165471854270.4, 920307758626715.5, 954885499992850.6, 963570754293753.4, 946230884053466.5, 960328896357866.2, 780385575681399.9, 755122430036990.8, 787612278160625.4, 798664419159678.0, 801600358589441.8, 845725046178363.8, 854849096615659.6, 858214675418883.4, 851644284771857.0, 923327903956136.9, 925380349940042.8, 940434831374342.1, 942121384250434.8, 936404552880442.4], [751321737070270.8, 774265928481478.6, 810150521896763.9, 823107651862483.9, 868786065755462.4, 929603010282962.0, 946230884053466.5, 973318571309065.0, 921572908586735.2, 750602344620689.5, 725440619050139.0, 757294877559717.1, 768197370129750.9, 765767085817207.0, 812460462364218.0, 821284857147022.2, 811537574913375.9, 801664869826632.4, 860240725886909.1, 863022848007648.9, 978835250642008.1, 980364659047279.5, 974311183436502.4], [753285339314995.9, 778234578125134.5, 816085584832837.8, 847974129811258.1, 915786529801056.4, 933077098576808.5, 960328896357866.2, 921572908586735.2, 991867038206100.4, 751978977079124.5, 726738693847096.6, 759097621505198.0, 767187517327532.9, 774606424458881.4, 811244901578743.8, 821195102711210.8, 833851614673470.4, 831044635206163.9, 931531758371130.8, 934707239747403.8, 909627018841091.6, 908196696684445.9, 911505423989154.6], [969674655329747.4, 929225326544025.1, 893506117213550.6, 862236594030651.0, 834551785881871.2, 830543435748918.1, 780385575681399.9, 750602344620689.5, 751978977079124.5, 1015487322370940.8, 957494975198949.4, 963262955270335.8, 919987118250250.8, 926117517339745.8, 899388599250934.5, 878343251019856.4, 854532947783208.4, 859928648577366.0, 811004254026661.1, 836482563754041.2, 747197926888321.6, 747236880479501.0, 733344977072150.4], [963234500019117.0, 923122508635411.1, 888021171371937.1, 852283860041317.5, 814897739669270.0, 807220102303686.5, 755122430036990.8, 725440619050139.0, 726738693847096.6, 957494975198949.4, 1002560078203576.2, 956671187155627.2, 920515189240787.2, 913373863711433.1, 889248519331400.5, 881992312984445.9, 848655191595887.4, 851081651253306.4, 789039992179798.8, 815672313689401.0, 720678620719977.1, 724176263327391.2, 707752884381565.2], [967642485947675.2, 926739102763223.5, 897072784399504.5, 875205733472033.2, 844452644096412.9, 838815668393572.5, 787612278160625.4, 757294877559717.1, 759097621505198.0, 963262955270335.8, 956671187155627.2, 1010736941953664.2, 918035202981337.5, 917994103417834.9, 901317546073590.0, 879840616729961.2, 876338201559197.9, 873817968312431.1, 820743662674877.0, 845641030684112.1, 751871168645718.6, 754305995855193.0, 741238761056372.1], [930686675646323.9, 966254363619995.1, 933071962891350.2, 890377827053135.4, 856150125232999.4, 852008742009939.0, 798664419159678.0, 768197370129750.9, 767187517327532.9, 919987118250250.8, 920515189240787.2, 918035202981337.5, 1013313436124590.5, 964625148628869.8, 928453178947736.2, 938610603579740.6, 883195477575409.1, 884630292986297.8, 831329446042292.9, 854364696110369.1, 764179297693490.2, 771871273150031.6, 743889556919053.5], [930408046107165.4, 966168621006032.6, 932129937805189.2, 897688833570401.5, 865547574095855.2, 854117508156004.1, 801600358589441.8, 765767085817207.0, 774606424458881.4, 926117517339745.8, 913373863711433.1, 917994103417834.9, 964625148628869.8, 1014140168957193.9, 926005568473118.4, 931572610828948.0, 895504165853813.8, 890998889672257.9, 839311452504926.9, 872397055754898.9, 756749273214540.6, 767872798849185.6, 744149238499725.1], [905766346467182.2, 935838354307108.6, 975638722907637.2, 938643576036139.2, 905586385459017.6, 904815916430939.9, 845725046178363.8, 812460462364218.0, 811244901578743.8, 899388599250934.5, 889248519331400.5, 901317546073590.0, 928453178947736.2, 926005568473118.4, 1027347475285777.9, 978500528072698.9, 932443631307449.1, 933281518119834.5, 881283161694282.6, 900989281876420.9, 812631296085403.6, 814155970646654.6, 783052987534697.1], [892400541121232.1, 936914343382097.4, 975944244459666.0, 938598820519499.9, 912051972073420.5, 912194942801992.1, 854849096615659.6, 821284857147022.2, 821195102711210.8, 878343251019856.4, 881992312984445.9, 879840616729961.2, 938610603579740.6, 931572610828948.0, 978500528072698.9, 1027660204331345.0, 931042391832967.2, 928622116174596.5, 886800456750340.0, 911940833096880.5, 819150614073525.6, 827272609636884.5, 789620454686457.6], [868300536652656.8, 896782691650743.2, 934581805556838.1, 971588911617106.8, 940661229147178.0, 917729684408092.6, 858214675418883.4, 811537574913375.9, 833851614673470.4, 854532947783208.4, 848655191595887.4, 876338201559197.9, 883195477575409.1, 895504165853813.8, 932443631307449.1, 931042391832967.2, 1019628010477832.5, 969578128472559.4, 939188256233446.4, 929357923214727.8, 799757694684517.5, 805858270318105.5, 792220565890588.8], [869609543638313.6, 896092151040651.8, 933778935564524.5, 970671143706199.0, 940313870243219.6, 909910995426898.5, 851644284771857.0, 801664869826632.4, 831044635206163.9, 859928648577366.0, 851081651253306.4, 873817968312431.1, 884630292986297.8, 890998889672257.9, 933281518119834.5, 928622116174596.5, 969578128472559.4, 1017505988013693.4, 943973885342469.5, 930008120139719.0, 788734367818640.6, 795846754563134.1, 781587591451252.5], [815447305819397.8, 844450641202503.8, 888222401623027.0, 939356345736913.9, 976679488101368.5, 948840914587380.6, 923327903956136.9, 860240725886909.1, 931531758371130.8, 811004254026661.1, 789039992179798.8, 820743662674877.0, 831329446042292.9, 839311452504926.9, 881283161694282.6, 886800456750340.0, 939188256233446.4, 943973885342469.5, 1023462593042978.9, 973687617846425.1, 844183410671582.1, 848614834873866.6, 839364777632456.1], [840970224936652.4, 869636856078653.9, 906439395704067.4, 936695422628017.8, 975044901042254.0, 948555866631815.4, 925380349940042.8, 863022848007648.9, 934707239747403.8, 836482563754041.2, 815672313689401.0, 845641030684112.1, 854364696110369.1, 872397055754898.9, 900989281876420.9, 911940833096880.5, 929357923214727.8, 930008120139719.0, 973687617846425.1, 1020481909114617.8, 849008914870169.2, 851363851410191.8, 840643396108064.1], [746543022420918.1, 768521143317422.8, 805960881901982.9, 812692119033919.0, 856465903204495.9, 923218875841977.4, 940434831374342.1, 978835250642008.1, 909627018841091.6, 747197926888321.6, 720678620719977.1, 751871168645718.6, 764179297693490.2, 756749273214540.6, 812631296085403.6, 819150614073525.6, 799757694684517.5, 788734367818640.6, 844183410671582.1, 849008914870169.2, 1023273043831210.8, 971248306498957.9, 965056717767958.8], [749664126936358.1, 775820096391777.0, 811671327552710.0, 818730959957299.8, 860915076950783.4, 928717927131023.9, 942121384250434.8, 980364659047279.5, 908196696684445.9, 747236880479501.0, 724176263327391.2, 754305995855193.0, 771871273150031.6, 767872798849185.6, 814155970646654.6, 827272609636884.5, 805858270318105.5, 795846754563134.1, 848614834873866.6, 851363851410191.8, 971248306498957.9, 1026210772143317.6, 966685737000159.8], [733095827468642.5, 751577427674130.8, 783330452865940.2, 801440510604439.0, 848038824108295.0, 912776605796026.8, 936404552880442.4, 974311183436502.4, 911505423989154.6, 733344977072150.4, 707752884381565.2, 741238761056372.1, 743889556919053.5, 744149238499725.1, 783052987534697.1, 789620454686457.6, 792220565890588.8, 781587591451252.5, 839364777632456.1, 840643396108064.1, 965056717767958.8, 966685737000159.8, 1013436050983957.1], [12557997754929.71, 13335966517123.62, 12438611407192.705, 10049212516128.25, -549861721590.6101, -530228155280.9134, -10168654043581.705, -852742189129.3127, -26208493167789.098, 11881208307613.082, 13002353654804.309, 12252065172018.562, 14270829113859.996, 13337289760191.361, 13482791401410.824, 12539406763974.08, 12585406266997.672, 12646214409218.477, -4341639629724.135, -4883642170356.18, 2155939386572.8318, 3430320100028.0347, -292531056717.76013]]}}