{"resp_b": 0.1, "restrained_fit": true, "exclude_hydrogens": true, "convergence_tolerance": 1e-06, "max_iter": 500, "resp_a": 0.0005, "charge_constraints": {"charge_sum_constraints": [], "charge_equivalence_constraints": [], "molecules": [{"qcmol": {"schema_name": "qcschema_molecule", "schema_version": 2, "validated": true, "symbols": ["C", "C", "C", "C", "C", "O", "C", "C", "O", "H", "H", "H", "H", "H", "H", "H", "H", "H", "H", "H", "H", "H", "H"], "geometry": [[0.0, 0.0, -0.0], [2.8903495875204115, 2.061820189979922e-16, 8.241833302260379e-17], [4.144995758029226, 2.614104065095, 2.220446049250313e-16], [3.64221924483095, 4.246734637886916, 2.3577338854644743], [1.4672015406801462, 6.1073727104055315, 2.1195966987480155], [2.15885743506113, 7.937595895774625, 0.26675631896976926], [0.4946920503799914, 9.730625873957, -0.2682475160442799], [1.4885380965788197, 11.51371775664094, -2.248356972351907], [-1.5210439014716681, 9.887721764179785, 0.709903246447741], [-0.7464248062028018, 1.0916890755261124, -1.5705094649236309], [-0.7694567747971559, 0.7828480879837576, 1.7322651392090642], [-0.7209915905390111, -1.9126036403651447, -0.17363494717062722], [3.5641659488082773, -1.0652188974487093, 1.6249214164489785], [3.54594114896637, -1.0188962037455171, -1.659371175545502], [3.5858798875565383, 3.6518518310012573, -1.6809465489845727], [6.170245669764306, 2.325087437575569, -0.1676462186184262], [5.322205856912713, 5.331160619795493, 2.8149310035374633], [3.2711490577521607, 3.0445290864596832, 3.983313322313884], [1.1277840540024986, 7.067257863452133, 3.892682088552978], [-0.2750329900287487, 5.21578739807378, 1.5435036799828348], [1.9273532084566685, 10.474758650054154, -3.958206964777804], [3.2220055534659213, 12.382834360902516, -1.5887161490125337], [0.09198943689271122, 12.948646393489279, -2.640808486583576]], "name": "C7H14O2", "identifiers": {"molecule_hash": "ab69a7624d40be09cdd77496470720e4708a959a", "molecular_formula": "C7H14O2"}, "molecular_charge": 0.0, "molecular_multiplicity": 1, "connectivity": [[0, 1, 1.0], [0, 9, 1.0], [0, 10, 1.0], [0, 11, 1.0], [1, 2, 1.0], [1, 12, 1.0], [1, 13, 1.0], [2, 3, 1.0], [2, 14, 1.0], [2, 15, 1.0], [3, 4, 1.0], [3, 16, 1.0], [3, 17, 1.0], [4, 5, 1.0], [4, 18, 1.0], [4, 19, 1.0], [5, 6, 1.0], [6, 7, 1.0], [6, 8, 2.0], [7, 20, 1.0], [7, 21, 1.0], [7, 22, 1.0]], "fix_com": true, "fix_orientation": true, "provenance": {"creator": "QCElemental", "version": "v0.22.0", "routine": "qcelemental.molparse.from_schema"}, "id": "165435"}, "charge": 0, "optimize_geometry": false, "conformers": [], "conformer_generation_options": {"n_conformer_pool": 4000, "n_max_conformers": 0, "rms_tolerance": 0.05, "energy_window": 15, "keep_original_conformer": true}, "stage_1_unrestrained_charges": null, "stage_1_restrained_charges": null, "stage_2_unrestrained_charges": null, "stage_2_restrained_charges": null, "keep_original_orientation": false, "reorientations": [], "translations": [], "rotations": []}], "unconstrained_atoms": [{"index": 0, "molecule": {"qcmol": {"schema_name": "qcschema_molecule", "schema_version": 2, "validated": true, "symbols": ["C", "C", "C", "C", "C", "O", "C", "C", "O", "H", "H", "H", "H", "H", "H", "H", "H", "H", "H", "H", "H", "H", "H"], "geometry": [[0.0, 0.0, -0.0], [2.8903495875204115, 2.061820189979922e-16, 8.241833302260379e-17], [4.144995758029226, 2.614104065095, 2.220446049250313e-16], [3.64221924483095, 4.246734637886916, 2.3577338854644743], [1.4672015406801462, 6.1073727104055315, 2.1195966987480155], [2.15885743506113, 7.937595895774625, 0.26675631896976926], [0.4946920503799914, 9.730625873957, -0.2682475160442799], [1.4885380965788197, 11.51371775664094, -2.248356972351907], [-1.5210439014716681, 9.887721764179785, 0.709903246447741], [-0.7464248062028018, 1.0916890755261124, -1.5705094649236309], [-0.7694567747971559, 0.7828480879837576, 1.7322651392090642], [-0.7209915905390111, -1.9126036403651447, -0.17363494717062722], [3.5641659488082773, -1.0652188974487093, 1.6249214164489785], [3.54594114896637, -1.0188962037455171, -1.659371175545502], [3.5858798875565383, 3.6518518310012573, -1.6809465489845727], [6.170245669764306, 2.325087437575569, -0.1676462186184262], [5.322205856912713, 5.331160619795493, 2.8149310035374633], [3.2711490577521607, 3.0445290864596832, 3.983313322313884], [1.1277840540024986, 7.067257863452133, 3.892682088552978], [-0.2750329900287487, 5.21578739807378, 1.5435036799828348], [1.9273532084566685, 10.474758650054154, -3.958206964777804], [3.2220055534659213, 12.382834360902516, -1.5887161490125337], [0.09198943689271122, 12.948646393489279, -2.640808486583576]], "name": "C7H14O2", "identifiers": {"molecule_hash": "ab69a7624d40be09cdd77496470720e4708a959a", "molecular_formula": "C7H14O2"}, "molecular_charge": 0.0, "molecular_multiplicity": 1, "connectivity": [[0, 1, 1.0], [0, 9, 1.0], [0, 10, 1.0], [0, 11, 1.0], [1, 2, 1.0], [1, 12, 1.0], [1, 13, 1.0], [2, 3, 1.0], [2, 14, 1.0], [2, 15, 1.0], [3, 4, 1.0], [3, 16, 1.0], [3, 17, 1.0], [4, 5, 1.0], [4, 18, 1.0], [4, 19, 1.0], [5, 6, 1.0], [6, 7, 1.0], [6, 8, 2.0], [7, 20, 1.0], [7, 21, 1.0], [7, 22, 1.0]], "fix_com": true, "fix_orientation": true, "provenance": {"creator": "QCElemental", "version": "v0.22.0", "routine": "qcelemental.molparse.from_schema"}, "id": "165435"}, "charge": 0, "optimize_geometry": false, "conformers": [], "conformer_generation_options": {"n_conformer_pool": 4000, "n_max_conformers": 0, "rms_tolerance": 0.05, "energy_window": 15, "keep_original_conformer": true}, "stage_1_unrestrained_charges": null, "stage_1_restrained_charges": null, "stage_2_unrestrained_charges": null, "stage_2_restrained_charges": null, "keep_original_orientation": false, "reorientations": [], "translations": [], "rotations": []}}, {"index": 1, "molecule": {"qcmol": {"schema_name": "qcschema_molecule", "schema_version": 2, "validated": true, "symbols": ["C", "C", "C", "C", "C", "O", "C", "C", "O", "H", "H", "H", "H", "H", "H", "H", "H", "H", "H", "H", "H", "H", "H"], "geometry": [[0.0, 0.0, -0.0], [2.8903495875204115, 2.061820189979922e-16, 8.241833302260379e-17], [4.144995758029226, 2.614104065095, 2.220446049250313e-16], [3.64221924483095, 4.246734637886916, 2.3577338854644743], [1.4672015406801462, 6.1073727104055315, 2.1195966987480155], [2.15885743506113, 7.937595895774625, 0.26675631896976926], [0.4946920503799914, 9.730625873957, -0.2682475160442799], [1.4885380965788197, 11.51371775664094, -2.248356972351907], [-1.5210439014716681, 9.887721764179785, 0.709903246447741], [-0.7464248062028018, 1.0916890755261124, -1.5705094649236309], [-0.7694567747971559, 0.7828480879837576, 1.7322651392090642], [-0.7209915905390111, -1.9126036403651447, -0.17363494717062722], [3.5641659488082773, -1.0652188974487093, 1.6249214164489785], [3.54594114896637, -1.0188962037455171, -1.659371175545502], [3.5858798875565383, 3.6518518310012573, -1.6809465489845727], [6.170245669764306, 2.325087437575569, -0.1676462186184262], [5.322205856912713, 5.331160619795493, 2.8149310035374633], [3.2711490577521607, 3.0445290864596832, 3.983313322313884], [1.1277840540024986, 7.067257863452133, 3.892682088552978], [-0.2750329900287487, 5.21578739807378, 1.5435036799828348], [1.9273532084566685, 10.474758650054154, -3.958206964777804], [3.2220055534659213, 12.382834360902516, -1.5887161490125337], [0.09198943689271122, 12.948646393489279, -2.640808486583576]], "name": "C7H14O2", "identifiers": {"molecule_hash": "ab69a7624d40be09cdd77496470720e4708a959a", "molecular_formula": "C7H14O2"}, "molecular_charge": 0.0, "molecular_multiplicity": 1, "connectivity": [[0, 1, 1.0], [0, 9, 1.0], [0, 10, 1.0], [0, 11, 1.0], [1, 2, 1.0], [1, 12, 1.0], [1, 13, 1.0], [2, 3, 1.0], [2, 14, 1.0], [2, 15, 1.0], [3, 4, 1.0], [3, 16, 1.0], [3, 17, 1.0], [4, 5, 1.0], [4, 18, 1.0], [4, 19, 1.0], [5, 6, 1.0], [6, 7, 1.0], [6, 8, 2.0], [7, 20, 1.0], [7, 21, 1.0], [7, 22, 1.0]], "fix_com": true, "fix_orientation": true, "provenance": {"creator": "QCElemental", "version": "v0.22.0", "routine": "qcelemental.molparse.from_schema"}, "id": "165435"}, "charge": 0, "optimize_geometry": false, "conformers": [], "conformer_generation_options": {"n_conformer_pool": 4000, "n_max_conformers": 0, "rms_tolerance": 0.05, "energy_window": 15, "keep_original_conformer": true}, "stage_1_unrestrained_charges": null, "stage_1_restrained_charges": null, "stage_2_unrestrained_charges": null, "stage_2_restrained_charges": null, "keep_original_orientation": false, "reorientations": [], "translations": [], "rotations": []}}, {"index": 2, "molecule": {"qcmol": {"schema_name": "qcschema_molecule", "schema_version": 2, "validated": true, "symbols": ["C", "C", "C", "C", "C", "O", "C", "C", "O", "H", "H", "H", "H", "H", "H", "H", "H", "H", "H", "H", "H", "H", "H"], "geometry": [[0.0, 0.0, -0.0], [2.8903495875204115, 2.061820189979922e-16, 8.241833302260379e-17], [4.144995758029226, 2.614104065095, 2.220446049250313e-16], [3.64221924483095, 4.246734637886916, 2.3577338854644743], [1.4672015406801462, 6.1073727104055315, 2.1195966987480155], [2.15885743506113, 7.937595895774625, 0.26675631896976926], [0.4946920503799914, 9.730625873957, -0.2682475160442799], [1.4885380965788197, 11.51371775664094, -2.248356972351907], [-1.5210439014716681, 9.887721764179785, 0.709903246447741], [-0.7464248062028018, 1.0916890755261124, -1.5705094649236309], [-0.7694567747971559, 0.7828480879837576, 1.7322651392090642], [-0.7209915905390111, -1.9126036403651447, -0.17363494717062722], [3.5641659488082773, -1.0652188974487093, 1.6249214164489785], [3.54594114896637, -1.0188962037455171, -1.659371175545502], [3.5858798875565383, 3.6518518310012573, -1.6809465489845727], [6.170245669764306, 2.325087437575569, -0.1676462186184262], [5.322205856912713, 5.331160619795493, 2.8149310035374633], [3.2711490577521607, 3.0445290864596832, 3.983313322313884], [1.1277840540024986, 7.067257863452133, 3.892682088552978], [-0.2750329900287487, 5.21578739807378, 1.5435036799828348], [1.9273532084566685, 10.474758650054154, -3.958206964777804], [3.2220055534659213, 12.382834360902516, -1.5887161490125337], [0.09198943689271122, 12.948646393489279, -2.640808486583576]], "name": "C7H14O2", "identifiers": {"molecule_hash": "ab69a7624d40be09cdd77496470720e4708a959a", "molecular_formula": "C7H14O2"}, "molecular_charge": 0.0, "molecular_multiplicity": 1, "connectivity": [[0, 1, 1.0], [0, 9, 1.0], [0, 10, 1.0], [0, 11, 1.0], [1, 2, 1.0], [1, 12, 1.0], [1, 13, 1.0], [2, 3, 1.0], [2, 14, 1.0], [2, 15, 1.0], [3, 4, 1.0], [3, 16, 1.0], [3, 17, 1.0], [4, 5, 1.0], [4, 18, 1.0], [4, 19, 1.0], [5, 6, 1.0], [6, 7, 1.0], [6, 8, 2.0], [7, 20, 1.0], [7, 21, 1.0], [7, 22, 1.0]], "fix_com": true, "fix_orientation": true, "provenance": {"creator": "QCElemental", "version": "v0.22.0", "routine": "qcelemental.molparse.from_schema"}, "id": "165435"}, "charge": 0, "optimize_geometry": false, "conformers": [], "conformer_generation_options": {"n_conformer_pool": 4000, "n_max_conformers": 0, "rms_tolerance": 0.05, "energy_window": 15, "keep_original_conformer": true}, "stage_1_unrestrained_charges": null, "stage_1_restrained_charges": null, "stage_2_unrestrained_charges": null, "stage_2_restrained_charges": null, "keep_original_orientation": false, "reorientations": [], "translations": [], "rotations": []}}, {"index": 3, "molecule": {"qcmol": {"schema_name": "qcschema_molecule", "schema_version": 2, "validated": true, "symbols": ["C", "C", "C", "C", "C", "O", "C", "C", "O", "H", "H", "H", "H", "H", "H", "H", "H", "H", "H", "H", "H", "H", "H"], "geometry": [[0.0, 0.0, -0.0], [2.8903495875204115, 2.061820189979922e-16, 8.241833302260379e-17], [4.144995758029226, 2.614104065095, 2.220446049250313e-16], [3.64221924483095, 4.246734637886916, 2.3577338854644743], [1.4672015406801462, 6.1073727104055315, 2.1195966987480155], [2.15885743506113, 7.937595895774625, 0.26675631896976926], [0.4946920503799914, 9.730625873957, -0.2682475160442799], [1.4885380965788197, 11.51371775664094, -2.248356972351907], [-1.5210439014716681, 9.887721764179785, 0.709903246447741], [-0.7464248062028018, 1.0916890755261124, -1.5705094649236309], [-0.7694567747971559, 0.7828480879837576, 1.7322651392090642], [-0.7209915905390111, -1.9126036403651447, -0.17363494717062722], [3.5641659488082773, -1.0652188974487093, 1.6249214164489785], [3.54594114896637, -1.0188962037455171, -1.659371175545502], [3.5858798875565383, 3.6518518310012573, -1.6809465489845727], [6.170245669764306, 2.325087437575569, -0.1676462186184262], [5.322205856912713, 5.331160619795493, 2.8149310035374633], [3.2711490577521607, 3.0445290864596832, 3.983313322313884], [1.1277840540024986, 7.067257863452133, 3.892682088552978], [-0.2750329900287487, 5.21578739807378, 1.5435036799828348], [1.9273532084566685, 10.474758650054154, -3.958206964777804], [3.2220055534659213, 12.382834360902516, -1.5887161490125337], [0.09198943689271122, 12.948646393489279, -2.640808486583576]], "name": "C7H14O2", "identifiers": {"molecule_hash": "ab69a7624d40be09cdd77496470720e4708a959a", "molecular_formula": "C7H14O2"}, "molecular_charge": 0.0, "molecular_multiplicity": 1, "connectivity": [[0, 1, 1.0], [0, 9, 1.0], [0, 10, 1.0], [0, 11, 1.0], [1, 2, 1.0], [1, 12, 1.0], [1, 13, 1.0], [2, 3, 1.0], [2, 14, 1.0], [2, 15, 1.0], [3, 4, 1.0], [3, 16, 1.0], [3, 17, 1.0], [4, 5, 1.0], [4, 18, 1.0], [4, 19, 1.0], [5, 6, 1.0], [6, 7, 1.0], [6, 8, 2.0], [7, 20, 1.0], [7, 21, 1.0], [7, 22, 1.0]], "fix_com": true, "fix_orientation": true, "provenance": {"creator": "QCElemental", "version": "v0.22.0", "routine": "qcelemental.molparse.from_schema"}, "id": "165435"}, "charge": 0, "optimize_geometry": false, "conformers": [], "conformer_generation_options": {"n_conformer_pool": 4000, "n_max_conformers": 0, "rms_tolerance": 0.05, "energy_window": 15, "keep_original_conformer": true}, "stage_1_unrestrained_charges": null, "stage_1_restrained_charges": null, "stage_2_unrestrained_charges": null, "stage_2_restrained_charges": null, "keep_original_orientation": false, "reorientations": [], "translations": [], "rotations": []}}, {"index": 4, "molecule": {"qcmol": {"schema_name": "qcschema_molecule", "schema_version": 2, "validated": true, "symbols": ["C", "C", "C", "C", "C", "O", "C", "C", "O", "H", "H", "H", "H", "H", "H", "H", "H", "H", "H", "H", "H", "H", "H"], "geometry": [[0.0, 0.0, -0.0], [2.8903495875204115, 2.061820189979922e-16, 8.241833302260379e-17], [4.144995758029226, 2.614104065095, 2.220446049250313e-16], [3.64221924483095, 4.246734637886916, 2.3577338854644743], [1.4672015406801462, 6.1073727104055315, 2.1195966987480155], [2.15885743506113, 7.937595895774625, 0.26675631896976926], [0.4946920503799914, 9.730625873957, -0.2682475160442799], [1.4885380965788197, 11.51371775664094, -2.248356972351907], [-1.5210439014716681, 9.887721764179785, 0.709903246447741], [-0.7464248062028018, 1.0916890755261124, -1.5705094649236309], [-0.7694567747971559, 0.7828480879837576, 1.7322651392090642], [-0.7209915905390111, -1.9126036403651447, -0.17363494717062722], [3.5641659488082773, -1.0652188974487093, 1.6249214164489785], [3.54594114896637, -1.0188962037455171, -1.659371175545502], [3.5858798875565383, 3.6518518310012573, -1.6809465489845727], [6.170245669764306, 2.325087437575569, -0.1676462186184262], [5.322205856912713, 5.331160619795493, 2.8149310035374633], [3.2711490577521607, 3.0445290864596832, 3.983313322313884], [1.1277840540024986, 7.067257863452133, 3.892682088552978], [-0.2750329900287487, 5.21578739807378, 1.5435036799828348], [1.9273532084566685, 10.474758650054154, -3.958206964777804], [3.2220055534659213, 12.382834360902516, -1.5887161490125337], [0.09198943689271122, 12.948646393489279, -2.640808486583576]], "name": "C7H14O2", "identifiers": {"molecule_hash": "ab69a7624d40be09cdd77496470720e4708a959a", "molecular_formula": "C7H14O2"}, "molecular_charge": 0.0, "molecular_multiplicity": 1, "connectivity": [[0, 1, 1.0], [0, 9, 1.0], [0, 10, 1.0], [0, 11, 1.0], [1, 2, 1.0], [1, 12, 1.0], [1, 13, 1.0], [2, 3, 1.0], [2, 14, 1.0], [2, 15, 1.0], [3, 4, 1.0], [3, 16, 1.0], [3, 17, 1.0], [4, 5, 1.0], [4, 18, 1.0], [4, 19, 1.0], [5, 6, 1.0], [6, 7, 1.0], [6, 8, 2.0], [7, 20, 1.0], [7, 21, 1.0], [7, 22, 1.0]], "fix_com": true, "fix_orientation": true, "provenance": {"creator": "QCElemental", "version": "v0.22.0", "routine": "qcelemental.molparse.from_schema"}, "id": "165435"}, "charge": 0, "optimize_geometry": false, "conformers": [], "conformer_generation_options": {"n_conformer_pool": 4000, "n_max_conformers": 0, "rms_tolerance": 0.05, "energy_window": 15, "keep_original_conformer": true}, "stage_1_unrestrained_charges": null, "stage_1_restrained_charges": null, "stage_2_unrestrained_charges": null, "stage_2_restrained_charges": null, "keep_original_orientation": false, "reorientations": [], "translations": [], "rotations": []}}, {"index": 7, "molecule": {"qcmol": {"schema_name": "qcschema_molecule", "schema_version": 2, "validated": true, "symbols": ["C", "C", "C", "C", "C", "O", "C", "C", "O", "H", "H", "H", "H", "H", "H", "H", "H", "H", "H", "H", "H", "H", "H"], "geometry": [[0.0, 0.0, -0.0], [2.8903495875204115, 2.061820189979922e-16, 8.241833302260379e-17], [4.144995758029226, 2.614104065095, 2.220446049250313e-16], [3.64221924483095, 4.246734637886916, 2.3577338854644743], [1.4672015406801462, 6.1073727104055315, 2.1195966987480155], [2.15885743506113, 7.937595895774625, 0.26675631896976926], [0.4946920503799914, 9.730625873957, -0.2682475160442799], [1.4885380965788197, 11.51371775664094, -2.248356972351907], [-1.5210439014716681, 9.887721764179785, 0.709903246447741], [-0.7464248062028018, 1.0916890755261124, -1.5705094649236309], [-0.7694567747971559, 0.7828480879837576, 1.7322651392090642], [-0.7209915905390111, -1.9126036403651447, -0.17363494717062722], [3.5641659488082773, -1.0652188974487093, 1.6249214164489785], [3.54594114896637, -1.0188962037455171, -1.659371175545502], [3.5858798875565383, 3.6518518310012573, -1.6809465489845727], [6.170245669764306, 2.325087437575569, -0.1676462186184262], [5.322205856912713, 5.331160619795493, 2.8149310035374633], [3.2711490577521607, 3.0445290864596832, 3.983313322313884], [1.1277840540024986, 7.067257863452133, 3.892682088552978], [-0.2750329900287487, 5.21578739807378, 1.5435036799828348], [1.9273532084566685, 10.474758650054154, -3.958206964777804], [3.2220055534659213, 12.382834360902516, -1.5887161490125337], [0.09198943689271122, 12.948646393489279, -2.640808486583576]], "name": "C7H14O2", "identifiers": {"molecule_hash": "ab69a7624d40be09cdd77496470720e4708a959a", "molecular_formula": "C7H14O2"}, "molecular_charge": 0.0, "molecular_multiplicity": 1, "connectivity": [[0, 1, 1.0], [0, 9, 1.0], [0, 10, 1.0], [0, 11, 1.0], [1, 2, 1.0], [1, 12, 1.0], [1, 13, 1.0], [2, 3, 1.0], [2, 14, 1.0], [2, 15, 1.0], [3, 4, 1.0], [3, 16, 1.0], [3, 17, 1.0], [4, 5, 1.0], [4, 18, 1.0], [4, 19, 1.0], [5, 6, 1.0], [6, 7, 1.0], [6, 8, 2.0], [7, 20, 1.0], [7, 21, 1.0], [7, 22, 1.0]], "fix_com": true, "fix_orientation": true, "provenance": {"creator": "QCElemental", "version": "v0.22.0", "routine": "qcelemental.molparse.from_schema"}, "id": "165435"}, "charge": 0, "optimize_geometry": false, "conformers": [], "conformer_generation_options": {"n_conformer_pool": 4000, "n_max_conformers": 0, "rms_tolerance": 0.05, "energy_window": 15, "keep_original_conformer": true}, "stage_1_unrestrained_charges": null, "stage_1_restrained_charges": null, "stage_2_unrestrained_charges": null, "stage_2_restrained_charges": null, "keep_original_orientation": false, "reorientations": [], "translations": [], "rotations": []}}]}, "surface_constraints": {"matrix": [[1960.4225123453955, 1901.1014267377602, 1829.012938486318, 1760.5881308673488, 1688.9674637225603, 1677.1434679445251, 1601.437505608416, 1525.4027698641457, 1572.9705614963887, 1972.8789055076172, 1961.9420386102126, 1969.7237622195453, 1896.0391976422297, 1890.9016536332306, 1833.8291364877332, 1805.7666580123214, 1752.8086840760016, 1753.709275910391, 1636.1448541096145, 1683.3207747498445, 1508.6207906663087, 1502.3541111827265, 1497.238333636967], [1901.1014267377602, 1948.7256226037891, 1899.78563606214, 1822.2032043895827, 1749.0352787164054, 1734.1935987854354, 1658.160980178151, 1573.969865039533, 1632.2101395031389, 1886.3400859247747, 1876.0009320179583, 1881.9751056209036, 1975.758119334289, 1970.138234395751, 1901.0044861708282, 1903.1295405544672, 1812.6699565345943, 1810.1285858305112, 1695.9371205907164, 1743.0835892611392, 1554.9584533542034, 1552.4217551919596, 1539.2192320791653], [1829.012938486318, 1899.78563606214, 1950.700698733399, 1895.8250381554992, 1828.8673462287577, 1816.109779188361, 1730.7581606775111, 1641.7848643996288, 1698.0215720249746, 1805.3107985299393, 1796.7783694191337, 1813.9110477444112, 1898.8524713085976, 1891.9063647036664, 1982.3762799387152, 1983.1001737271647, 1890.2232355190683, 1888.9841191344499, 1784.4365514403287, 1814.7057620486892, 1624.9141291907763, 1622.893454706763, 1596.5362746671256], [1760.5881308673488, 1822.2032043895827, 1895.8250381554992, 1942.0159068795267, 1897.5232671120814, 1858.457184627191, 1755.6186320859501, 1652.474636879287, 1722.134976967791, 1736.4024134981632, 1718.3986796197116, 1764.9063988976225, 1801.4664048854847, 1812.9384744690385, 1898.331333677073, 1898.3025796110885, 1966.7982533212028, 1965.6915058227544, 1892.2214762372857, 1877.3593118392964, 1626.793945392164, 1630.4037337840116, 1609.5354111432591], [1688.9674637225603, 1749.0352787164054, 1828.8673462287577, 1897.5232671120814, 1946.8264272333859, 1922.8623531834967, 1851.1303037632947, 1740.665744355489, 1837.8329235159893, 1674.7141102134285, 1636.3305483817862, 1696.5285224061101, 1725.219290398617, 1739.7387033718614, 1819.7063495366579, 1835.162046460109, 1895.4339922579193, 1895.0031263385315, 1972.2658773175294, 1955.636345079031, 1709.2721363451749, 1716.9893609933436, 1696.9683839089344], [1677.1434679445251, 1734.1935987854354, 1816.109779188361, 1858.457184627191, 1922.8623531834967, 1994.0729243383798, 1935.6058462090218, 1879.145219852802, 1881.9881341419934, 1667.3163782891604, 1622.2436534984527, 1684.6561199772323, 1717.2718725224872, 1715.7232529603998, 1816.1527818841503, 1835.3626884210698, 1847.4493268405502, 1830.5954529881174, 1919.4863714246314, 1902.4645215079272, 1858.1065462461538, 1868.9199733056403, 1843.2989827151866], [1601.437505608416, 1658.160980178151, 1730.7581606775111, 1755.6186320859501, 1851.1303037632947, 1935.6058462090218, 1958.2701031502195, 1919.9092675915006, 1947.7505875556517, 1597.8294198929796, 1543.544260020974, 1607.696858395133, 1644.0938746418965, 1645.9999320361471, 1733.3745349488236, 1754.672775418156, 1726.3600635344078, 1712.4926537329388, 1837.556734989989, 1859.4137202591573, 1901.6917735972868, 1901.4303174408317, 1897.4206374290022], [1525.4027698641457, 1573.969865039533, 1641.7848643996288, 1652.474636879287, 1740.665744355489, 1879.145219852802, 1919.9092675915006, 1978.351974839762, 1863.404614641612, 1523.6541209059085, 1471.7743857864516, 1532.602189601206, 1564.8549860405649, 1555.6360134118797, 1649.4368308290173, 1669.2762225603708, 1622.5326389567517, 1603.1208002813494, 1710.1426114899884, 1725.0033565570666, 1984.2755930153735, 1983.6239119503148, 1979.2783893188137], [1572.9705614963887, 1632.2101395031389, 1698.0215720249746, 1722.134976967791, 1837.8329235159893, 1881.9881341419934, 1947.7505875556517, 1863.404614641612, 2016.8472298090858, 1573.6598987852685, 1511.1178411870467, 1578.1002656967976, 1615.2674384862735, 1630.793802561041, 1695.7950928638827, 1722.0479388279869, 1683.5568024857182, 1676.5425167550143, 1830.9052343239384, 1886.5319812020923, 1834.1711089421399, 1825.3462934881127, 1839.3267468167178], [1972.8789055076172, 1886.3400859247747, 1805.3107985299393, 1736.4024134981632, 1674.7141102134285, 1667.3163782891604, 1597.8294198929796, 1523.6541209059085, 1573.6598987852685, 2065.877829684833, 1943.6513542527216, 1955.8012384119531, 1868.3448994920805, 1875.7558008389462, 1814.5118543386957, 1772.2474222767826, 1720.6313303144773, 1729.0848283783537, 1624.3983640129752, 1670.443465477357, 1510.3306640950616, 1497.4643091176795, 1496.6890089966087], [1961.9420386102126, 1876.0009320179583, 1796.7783694191337, 1718.3986796197116, 1636.3305483817862, 1622.2436534984527, 1543.544260020974, 1471.7743857864516, 1511.1178411870467, 1943.6513542527216, 2045.8564103665342, 1942.7950784473753, 1870.7622630511905, 1851.7323282971977, 1796.335995862266, 1782.7965731304446, 1710.8973367003546, 1713.6429530152059, 1580.2702754061945, 1629.6245663637433, 1455.413457729238, 1452.6682119024417, 1443.4686895191746], [1969.7237622195453, 1881.9751056209036, 1813.9110477444112, 1764.9063988976225, 1696.5285224061101, 1684.6561199772323, 1607.696858395133, 1532.602189601206, 1578.1002656967976, 1955.8012384119531, 1942.7950784473753, 2058.856319582638, 1863.9064826845581, 1860.137923111768, 1821.9311251114116, 1773.6985416855935, 1766.5988502931627, 1760.6420784721488, 1645.3753578775668, 1691.1960649347848, 1513.659795541824, 1507.293847968768, 1509.5059770445275], [1896.0391976422297, 1975.758119334289, 1898.8524713085976, 1801.4664048854847, 1725.219290398617, 1717.2718725224872, 1644.0938746418965, 1564.8549860405649, 1615.2674384862735, 1868.3448994920805, 1870.7622630511905, 1863.9064826845581, 2080.365706002007, 1968.6488082968692, 1886.7966421385634, 1908.8871467736767, 1783.485965487932, 1786.468473052263, 1670.2144434649526, 1713.970258448774, 1547.468366823969, 1545.8203335783212, 1529.9222509675012], [1890.9016536332306, 1970.138234395751, 1891.9063647036664, 1812.9384744690385, 1739.7387033718614, 1715.7232529603998, 1645.9999320361471, 1555.6360134118797, 1630.793802561041, 1875.7558008389462, 1851.7323282971977, 1860.137923111768, 1968.6488082968692, 2070.539159174645, 1877.639306077807, 1888.2441236564216, 1807.7118898936885, 1795.7025654266195, 1681.6327579407819, 1746.4558087923913, 1532.3237254012, 1531.1315172435604, 1524.0191100214918], [1833.8291364877332, 1901.0044861708282, 1982.3762799387152, 1898.331333677073, 1819.7063495366579, 1816.1527818841503, 1733.3745349488236, 1649.4368308290173, 1695.7950928638827, 1814.5118543386957, 1796.335995862266, 1821.9311251114116, 1886.7966421385634, 1877.639306077807, 2091.3802669759966, 1986.6651933522655, 1882.9315324089725, 1887.102547648807, 1766.4468717715226, 1799.5714083273208, 1640.9760920185952, 1629.0303848193876, 1599.6638205973752], [1805.7666580123214, 1903.1295405544672, 1983.1001737271647, 1898.3025796110885, 1835.162046460109, 1835.3626884210698, 1754.672775418156, 1669.2762225603708, 1722.0479388279869, 1772.2474222767826, 1782.7965731304446, 1773.6985416855935, 1908.8871467736767, 1888.2441236564216, 1986.6651933522655, 2092.3312388838444, 1880.6646115202204, 1875.4645042546813, 1779.7984735576297, 1824.6167326347427, 1653.2135390740118, 1657.0647776782748, 1618.2394660699567], [1752.8086840760016, 1812.6699565345943, 1890.2232355190683, 1966.7982533212028, 1895.4339922579193, 1847.4493268405502, 1726.3600635344078, 1622.5326389567517, 1683.5568024857182, 1720.6313303144773, 1710.8973367003546, 1766.5988502931627, 1783.485965487932, 1807.7118898936885, 1882.9315324089725, 1880.6646115202204, 2068.2000741144216, 1960.7378119085663, 1889.519609565522, 1860.8781789755901, 1597.7911303189394, 1595.8425229810366, 1583.7985761281411], [1753.709275910391, 1810.1285858305112, 1888.9841191344499, 1965.6915058227544, 1895.0031263385315, 1830.5954529881174, 1712.4926537329388, 1603.1208002813494, 1676.5425167550143, 1729.0848283783537, 1713.6429530152059, 1760.6420784721488, 1786.468473052263, 1795.7025654266195, 1887.102547648807, 1875.4645042546813, 1960.7378119085663, 2066.07108767747, 1899.9013869411078, 1862.8921331655529, 1573.1164807598811, 1583.8248974923574, 1559.0655033864914], [1636.1448541096145, 1695.9371205907164, 1784.4365514403287, 1892.2214762372857, 1972.2658773175294, 1919.4863714246314, 1837.556734989989, 1710.1426114899884, 1830.9052343239384, 1624.3983640129752, 1580.2702754061945, 1645.3753578775668, 1670.2144434649526, 1681.6327579407819, 1766.4468717715226, 1779.7984735576297, 1889.519609565522, 1899.9013869411078, 2072.437790740638, 1953.1592101024505, 1675.0327930791968, 1686.8579042646522, 1659.6335916182654], [1683.3207747498445, 1743.0835892611392, 1814.7057620486892, 1877.3593118392964, 1955.636345079031, 1902.4645215079272, 1859.4137202591573, 1725.0033565570666, 1886.5319812020923, 1670.443465477357, 1629.6245663637433, 1691.1960649347848, 1713.970258448774, 1746.4558087923913, 1799.5714083273208, 1824.6167326347427, 1860.8781789755901, 1862.8921331655529, 1953.1592101024505, 2039.626974939864, 1686.5049328802245, 1691.467855654843, 1682.8156388294644], [1508.6207906663087, 1554.9584533542034, 1624.9141291907763, 1626.793945392164, 1709.2721363451749, 1858.1065462461538, 1901.6917735972868, 1984.2755930153735, 1834.1711089421399, 1510.3306640950616, 1455.413457729238, 1513.659795541824, 1547.468366823969, 1532.3237254012, 1640.9760920185952, 1653.2135390740118, 1597.7911303189394, 1573.1164807598811, 1675.0327930791968, 1686.5049328802245, 2075.755123666408, 1957.917141752051, 1952.772319375609], [1502.3541111827265, 1552.4217551919596, 1622.893454706763, 1630.4037337840116, 1716.9893609933436, 1868.9199733056403, 1901.4303174408317, 1983.6239119503148, 1825.3462934881127, 1497.4643091176795, 1452.6682119024417, 1507.293847968768, 1545.8203335783212, 1531.1315172435604, 1629.0303848193876, 1657.0647776782748, 1595.8425229810366, 1583.8248974923574, 1686.8579042646522, 1691.467855654843, 1957.917141752051, 2074.0644555137774, 1952.1423487076715], [1497.238333636967, 1539.2192320791653, 1596.5362746671256, 1609.5354111432591, 1696.9683839089344, 1843.2989827151866, 1897.4206374290022, 1979.2783893188137, 1839.3267468167178, 1496.6890089966087, 1443.4686895191746, 1509.5059770445275, 1529.9222509675012, 1524.0191100214918, 1599.6638205973752, 1618.2394660699567, 1583.7985761281411, 1559.0655033864914, 1659.6335916182654, 1682.8156388294644, 1952.772319375609, 1952.1423487076715, 2063.9408050831294], [7.627494190546327, 7.296246191971042, 7.875534593612756, 10.95068356257467, -4.136270040866185, -5.302995691571642, -22.543649525719697, -4.128580746590651, -52.62888660195029, 4.633252134049958, 10.687753597474282, 7.746070505582474, 8.416470698276415, 4.73760105378975, 9.04205794213911, 4.827843192266267, 16.97108766788102, 17.84922699127563, -2.6680820274655233, -16.260547622248662, 1.6755382626743125, 3.8031160304938054, -2.2365610104524842]]}}