{"resp_b": 0.1, "restrained_fit": true, "exclude_hydrogens": true, "convergence_tolerance": 1e-06, "max_iter": 500, "resp_a": 0.0005, "charge_constraints": {"charge_sum_constraints": [], "charge_equivalence_constraints": [], "molecules": [{"qcmol": {"schema_name": "qcschema_molecule", "schema_version": 2, "validated": true, "symbols": ["C", "C", "C", "C", "C", "C", "C", "C", "C", "C", "O", "O", "H", "H", "H", "H", "H", "H", "H", "H", "H", "H", "H", "H", "H", "H", "H", "H", "H", "H"], "geometry": [[0.0, 0.0, 0.0], [2.8906799044139224, -5.890135418480017e-16, -7.994618058706352e-16], [4.090002156936358, 2.6398525261429158, -6.661338147750939e-16], [3.494773814983442, 4.318328184412774, 2.2885776933983495], [4.430167759497664, 3.248457197008946, 4.8140053143202], [4.291478883621831, 5.1136823564994875, 7.029686796457409], [1.6283518554985883, 5.898615065047603, 7.813692610735553], [0.09098113968761412, 3.8559169605530776, 9.202350880400292], [0.633034176462661, 4.43068411822854, 11.977982970773487], [1.326960320702356, 7.208407611844445, 11.954466210843032], [1.4542163301940523, 8.596940960412047, 13.697868143575704], [1.8126896881883456, 7.923538977378727, 9.589706616975203], [-0.7697684251190932, 0.7991463221762917, 1.725429536940542], [-0.728358204844251, -1.910295078385659, -0.16780629230614347], [-0.7395566959983426, 1.0901777595592252, -1.5750026999750142], [3.549432854124694, -0.9937128255663361, -1.6728083252781942], [3.5748407652933634, -1.0868771256258378, 1.6026688875658186], [3.492801411747486, 3.6296812217702863, -1.700272199309022], [6.130255055095174, 2.4318180240389844, -0.14770365353403392], [1.4748243698972239, 4.675292689072498, 2.3694865210018463], [4.379159471759111, 6.148530015725711, 1.9810700447344989], [6.3941862913813505, 2.683625258772895, 4.600781738295478], [3.401994679874364, 1.5325080603343326, 5.276971120032953], [5.243180519417969, 4.302011307373723, 8.661575083560871], [5.321939028933572, 6.822012595243532, 6.551324514707935], [0.6103059051782735, 6.650890993026373, 6.213943788060509], [-1.905517084695369, 4.090967722437041, 8.805988230812837], [0.6182505092921828, 1.961123197067476, 8.646334933839247], [2.2390454764063485, 3.3800994644949833, 12.701144730336537], [-0.9378544385871842, 4.10745321974011, 13.243084550287659]], "name": "C10H18O2", "identifiers": {"molecule_hash": "f94c2958d7c99f4c521d1d791027cf813f75c01f", "molecular_formula": "C10H18O2"}, "molecular_charge": 0.0, "molecular_multiplicity": 1, "connectivity": [[0, 1, 1.0], [0, 12, 1.0], [0, 13, 1.0], [0, 14, 1.0], [1, 2, 1.0], [1, 15, 1.0], [1, 16, 1.0], [2, 3, 1.0], [2, 17, 1.0], [2, 18, 1.0], [3, 4, 1.0], [3, 19, 1.0], [3, 20, 1.0], [4, 5, 1.0], [4, 21, 1.0], [4, 22, 1.0], [5, 6, 1.0], [5, 23, 1.0], [5, 24, 1.0], [6, 7, 1.0], [6, 11, 1.0], [6, 25, 1.0], [7, 8, 1.0], [7, 26, 1.0], [7, 27, 1.0], [8, 9, 1.0], [8, 28, 1.0], [8, 29, 1.0], [9, 10, 2.0], [9, 11, 1.0]], "fix_com": true, "fix_orientation": true, "provenance": {"creator": "QCElemental", "version": "v0.22.0", "routine": "qcelemental.molparse.from_schema"}, "id": "246524"}, "charge": 0, "optimize_geometry": false, "conformers": [], "conformer_generation_options": {"n_conformer_pool": 4000, "n_max_conformers": 0, "rms_tolerance": 0.05, "energy_window": 15, "keep_original_conformer": true}, "stage_1_unrestrained_charges": null, "stage_1_restrained_charges": null, "stage_2_unrestrained_charges": null, "stage_2_restrained_charges": null, "keep_original_orientation": false, "reorientations": [], "translations": [], "rotations": []}], "unconstrained_atoms": [{"index": 0, "molecule": {"qcmol": {"schema_name": "qcschema_molecule", "schema_version": 2, "validated": true, "symbols": ["C", "C", "C", "C", "C", "C", "C", "C", "C", "C", "O", "O", "H", "H", "H", "H", "H", "H", "H", "H", "H", "H", "H", "H", "H", "H", "H", "H", "H", "H"], "geometry": [[0.0, 0.0, 0.0], [2.8906799044139224, -5.890135418480017e-16, -7.994618058706352e-16], [4.090002156936358, 2.6398525261429158, -6.661338147750939e-16], [3.494773814983442, 4.318328184412774, 2.2885776933983495], [4.430167759497664, 3.248457197008946, 4.8140053143202], [4.291478883621831, 5.1136823564994875, 7.029686796457409], [1.6283518554985883, 5.898615065047603, 7.813692610735553], [0.09098113968761412, 3.8559169605530776, 9.202350880400292], [0.633034176462661, 4.43068411822854, 11.977982970773487], [1.326960320702356, 7.208407611844445, 11.954466210843032], [1.4542163301940523, 8.596940960412047, 13.697868143575704], [1.8126896881883456, 7.923538977378727, 9.589706616975203], [-0.7697684251190932, 0.7991463221762917, 1.725429536940542], [-0.728358204844251, -1.910295078385659, -0.16780629230614347], [-0.7395566959983426, 1.0901777595592252, -1.5750026999750142], [3.549432854124694, -0.9937128255663361, -1.6728083252781942], [3.5748407652933634, -1.0868771256258378, 1.6026688875658186], [3.492801411747486, 3.6296812217702863, -1.700272199309022], [6.130255055095174, 2.4318180240389844, -0.14770365353403392], [1.4748243698972239, 4.675292689072498, 2.3694865210018463], [4.379159471759111, 6.148530015725711, 1.9810700447344989], [6.3941862913813505, 2.683625258772895, 4.600781738295478], [3.401994679874364, 1.5325080603343326, 5.276971120032953], [5.243180519417969, 4.302011307373723, 8.661575083560871], [5.321939028933572, 6.822012595243532, 6.551324514707935], [0.6103059051782735, 6.650890993026373, 6.213943788060509], [-1.905517084695369, 4.090967722437041, 8.805988230812837], [0.6182505092921828, 1.961123197067476, 8.646334933839247], [2.2390454764063485, 3.3800994644949833, 12.701144730336537], [-0.9378544385871842, 4.10745321974011, 13.243084550287659]], "name": "C10H18O2", "identifiers": {"molecule_hash": "f94c2958d7c99f4c521d1d791027cf813f75c01f", "molecular_formula": "C10H18O2"}, "molecular_charge": 0.0, "molecular_multiplicity": 1, "connectivity": [[0, 1, 1.0], [0, 12, 1.0], [0, 13, 1.0], [0, 14, 1.0], [1, 2, 1.0], [1, 15, 1.0], [1, 16, 1.0], [2, 3, 1.0], [2, 17, 1.0], [2, 18, 1.0], [3, 4, 1.0], [3, 19, 1.0], [3, 20, 1.0], [4, 5, 1.0], [4, 21, 1.0], [4, 22, 1.0], [5, 6, 1.0], [5, 23, 1.0], [5, 24, 1.0], [6, 7, 1.0], [6, 11, 1.0], [6, 25, 1.0], [7, 8, 1.0], [7, 26, 1.0], [7, 27, 1.0], [8, 9, 1.0], [8, 28, 1.0], [8, 29, 1.0], [9, 10, 2.0], [9, 11, 1.0]], "fix_com": true, "fix_orientation": true, "provenance": {"creator": "QCElemental", "version": "v0.22.0", "routine": "qcelemental.molparse.from_schema"}, "id": "246524"}, "charge": 0, "optimize_geometry": false, "conformers": [], "conformer_generation_options": {"n_conformer_pool": 4000, "n_max_conformers": 0, "rms_tolerance": 0.05, "energy_window": 15, "keep_original_conformer": true}, "stage_1_unrestrained_charges": null, "stage_1_restrained_charges": null, "stage_2_unrestrained_charges": null, "stage_2_restrained_charges": null, "keep_original_orientation": false, "reorientations": [], "translations": [], "rotations": []}}, {"index": 1, "molecule": {"qcmol": {"schema_name": "qcschema_molecule", "schema_version": 2, "validated": true, "symbols": ["C", "C", "C", "C", "C", "C", "C", "C", "C", "C", "O", "O", "H", "H", "H", "H", "H", "H", "H", "H", "H", "H", "H", "H", "H", "H", "H", "H", "H", "H"], "geometry": [[0.0, 0.0, 0.0], [2.8906799044139224, -5.890135418480017e-16, -7.994618058706352e-16], [4.090002156936358, 2.6398525261429158, -6.661338147750939e-16], [3.494773814983442, 4.318328184412774, 2.2885776933983495], [4.430167759497664, 3.248457197008946, 4.8140053143202], [4.291478883621831, 5.1136823564994875, 7.029686796457409], [1.6283518554985883, 5.898615065047603, 7.813692610735553], [0.09098113968761412, 3.8559169605530776, 9.202350880400292], [0.633034176462661, 4.43068411822854, 11.977982970773487], [1.326960320702356, 7.208407611844445, 11.954466210843032], [1.4542163301940523, 8.596940960412047, 13.697868143575704], [1.8126896881883456, 7.923538977378727, 9.589706616975203], [-0.7697684251190932, 0.7991463221762917, 1.725429536940542], [-0.728358204844251, -1.910295078385659, -0.16780629230614347], [-0.7395566959983426, 1.0901777595592252, -1.5750026999750142], [3.549432854124694, -0.9937128255663361, -1.6728083252781942], [3.5748407652933634, -1.0868771256258378, 1.6026688875658186], [3.492801411747486, 3.6296812217702863, -1.700272199309022], [6.130255055095174, 2.4318180240389844, -0.14770365353403392], [1.4748243698972239, 4.675292689072498, 2.3694865210018463], [4.379159471759111, 6.148530015725711, 1.9810700447344989], [6.3941862913813505, 2.683625258772895, 4.600781738295478], [3.401994679874364, 1.5325080603343326, 5.276971120032953], [5.243180519417969, 4.302011307373723, 8.661575083560871], [5.321939028933572, 6.822012595243532, 6.551324514707935], [0.6103059051782735, 6.650890993026373, 6.213943788060509], [-1.905517084695369, 4.090967722437041, 8.805988230812837], [0.6182505092921828, 1.961123197067476, 8.646334933839247], [2.2390454764063485, 3.3800994644949833, 12.701144730336537], [-0.9378544385871842, 4.10745321974011, 13.243084550287659]], "name": "C10H18O2", "identifiers": {"molecule_hash": "f94c2958d7c99f4c521d1d791027cf813f75c01f", "molecular_formula": "C10H18O2"}, "molecular_charge": 0.0, "molecular_multiplicity": 1, "connectivity": [[0, 1, 1.0], [0, 12, 1.0], [0, 13, 1.0], [0, 14, 1.0], [1, 2, 1.0], [1, 15, 1.0], [1, 16, 1.0], [2, 3, 1.0], [2, 17, 1.0], [2, 18, 1.0], [3, 4, 1.0], [3, 19, 1.0], [3, 20, 1.0], [4, 5, 1.0], [4, 21, 1.0], [4, 22, 1.0], [5, 6, 1.0], [5, 23, 1.0], [5, 24, 1.0], [6, 7, 1.0], [6, 11, 1.0], [6, 25, 1.0], [7, 8, 1.0], [7, 26, 1.0], [7, 27, 1.0], [8, 9, 1.0], [8, 28, 1.0], [8, 29, 1.0], [9, 10, 2.0], [9, 11, 1.0]], "fix_com": true, "fix_orientation": true, "provenance": {"creator": "QCElemental", "version": "v0.22.0", "routine": "qcelemental.molparse.from_schema"}, "id": "246524"}, "charge": 0, "optimize_geometry": false, "conformers": [], "conformer_generation_options": {"n_conformer_pool": 4000, "n_max_conformers": 0, "rms_tolerance": 0.05, "energy_window": 15, "keep_original_conformer": true}, "stage_1_unrestrained_charges": null, "stage_1_restrained_charges": null, "stage_2_unrestrained_charges": null, "stage_2_restrained_charges": null, "keep_original_orientation": false, "reorientations": [], "translations": [], "rotations": []}}, {"index": 2, "molecule": {"qcmol": {"schema_name": "qcschema_molecule", "schema_version": 2, "validated": true, "symbols": ["C", "C", "C", "C", "C", "C", "C", "C", "C", "C", "O", "O", "H", "H", "H", "H", "H", "H", "H", "H", "H", "H", "H", "H", "H", "H", "H", "H", "H", "H"], "geometry": [[0.0, 0.0, 0.0], [2.8906799044139224, -5.890135418480017e-16, -7.994618058706352e-16], [4.090002156936358, 2.6398525261429158, -6.661338147750939e-16], [3.494773814983442, 4.318328184412774, 2.2885776933983495], [4.430167759497664, 3.248457197008946, 4.8140053143202], [4.291478883621831, 5.1136823564994875, 7.029686796457409], [1.6283518554985883, 5.898615065047603, 7.813692610735553], [0.09098113968761412, 3.8559169605530776, 9.202350880400292], [0.633034176462661, 4.43068411822854, 11.977982970773487], [1.326960320702356, 7.208407611844445, 11.954466210843032], [1.4542163301940523, 8.596940960412047, 13.697868143575704], [1.8126896881883456, 7.923538977378727, 9.589706616975203], [-0.7697684251190932, 0.7991463221762917, 1.725429536940542], [-0.728358204844251, -1.910295078385659, -0.16780629230614347], [-0.7395566959983426, 1.0901777595592252, -1.5750026999750142], [3.549432854124694, -0.9937128255663361, -1.6728083252781942], [3.5748407652933634, -1.0868771256258378, 1.6026688875658186], [3.492801411747486, 3.6296812217702863, -1.700272199309022], [6.130255055095174, 2.4318180240389844, -0.14770365353403392], [1.4748243698972239, 4.675292689072498, 2.3694865210018463], [4.379159471759111, 6.148530015725711, 1.9810700447344989], [6.3941862913813505, 2.683625258772895, 4.600781738295478], [3.401994679874364, 1.5325080603343326, 5.276971120032953], [5.243180519417969, 4.302011307373723, 8.661575083560871], [5.321939028933572, 6.822012595243532, 6.551324514707935], [0.6103059051782735, 6.650890993026373, 6.213943788060509], [-1.905517084695369, 4.090967722437041, 8.805988230812837], [0.6182505092921828, 1.961123197067476, 8.646334933839247], [2.2390454764063485, 3.3800994644949833, 12.701144730336537], [-0.9378544385871842, 4.10745321974011, 13.243084550287659]], "name": "C10H18O2", "identifiers": {"molecule_hash": "f94c2958d7c99f4c521d1d791027cf813f75c01f", "molecular_formula": "C10H18O2"}, "molecular_charge": 0.0, "molecular_multiplicity": 1, "connectivity": [[0, 1, 1.0], [0, 12, 1.0], [0, 13, 1.0], [0, 14, 1.0], [1, 2, 1.0], [1, 15, 1.0], [1, 16, 1.0], [2, 3, 1.0], [2, 17, 1.0], [2, 18, 1.0], [3, 4, 1.0], [3, 19, 1.0], [3, 20, 1.0], [4, 5, 1.0], [4, 21, 1.0], [4, 22, 1.0], [5, 6, 1.0], [5, 23, 1.0], [5, 24, 1.0], [6, 7, 1.0], [6, 11, 1.0], [6, 25, 1.0], [7, 8, 1.0], [7, 26, 1.0], [7, 27, 1.0], [8, 9, 1.0], [8, 28, 1.0], [8, 29, 1.0], [9, 10, 2.0], [9, 11, 1.0]], "fix_com": true, "fix_orientation": true, "provenance": {"creator": "QCElemental", "version": "v0.22.0", "routine": "qcelemental.molparse.from_schema"}, "id": "246524"}, "charge": 0, "optimize_geometry": false, "conformers": [], "conformer_generation_options": {"n_conformer_pool": 4000, "n_max_conformers": 0, "rms_tolerance": 0.05, "energy_window": 15, "keep_original_conformer": true}, "stage_1_unrestrained_charges": null, "stage_1_restrained_charges": null, "stage_2_unrestrained_charges": null, "stage_2_restrained_charges": null, "keep_original_orientation": false, "reorientations": [], "translations": [], "rotations": []}}, {"index": 3, "molecule": {"qcmol": {"schema_name": "qcschema_molecule", "schema_version": 2, "validated": true, "symbols": ["C", "C", "C", "C", "C", "C", "C", "C", "C", "C", "O", "O", "H", "H", "H", "H", "H", "H", "H", "H", "H", "H", "H", "H", "H", "H", "H", "H", "H", "H"], "geometry": [[0.0, 0.0, 0.0], [2.8906799044139224, -5.890135418480017e-16, -7.994618058706352e-16], [4.090002156936358, 2.6398525261429158, -6.661338147750939e-16], [3.494773814983442, 4.318328184412774, 2.2885776933983495], [4.430167759497664, 3.248457197008946, 4.8140053143202], [4.291478883621831, 5.1136823564994875, 7.029686796457409], [1.6283518554985883, 5.898615065047603, 7.813692610735553], [0.09098113968761412, 3.8559169605530776, 9.202350880400292], [0.633034176462661, 4.43068411822854, 11.977982970773487], [1.326960320702356, 7.208407611844445, 11.954466210843032], [1.4542163301940523, 8.596940960412047, 13.697868143575704], [1.8126896881883456, 7.923538977378727, 9.589706616975203], [-0.7697684251190932, 0.7991463221762917, 1.725429536940542], [-0.728358204844251, -1.910295078385659, -0.16780629230614347], [-0.7395566959983426, 1.0901777595592252, -1.5750026999750142], [3.549432854124694, -0.9937128255663361, -1.6728083252781942], [3.5748407652933634, -1.0868771256258378, 1.6026688875658186], [3.492801411747486, 3.6296812217702863, -1.700272199309022], [6.130255055095174, 2.4318180240389844, -0.14770365353403392], [1.4748243698972239, 4.675292689072498, 2.3694865210018463], [4.379159471759111, 6.148530015725711, 1.9810700447344989], [6.3941862913813505, 2.683625258772895, 4.600781738295478], [3.401994679874364, 1.5325080603343326, 5.276971120032953], [5.243180519417969, 4.302011307373723, 8.661575083560871], [5.321939028933572, 6.822012595243532, 6.551324514707935], [0.6103059051782735, 6.650890993026373, 6.213943788060509], [-1.905517084695369, 4.090967722437041, 8.805988230812837], [0.6182505092921828, 1.961123197067476, 8.646334933839247], [2.2390454764063485, 3.3800994644949833, 12.701144730336537], [-0.9378544385871842, 4.10745321974011, 13.243084550287659]], "name": "C10H18O2", "identifiers": {"molecule_hash": "f94c2958d7c99f4c521d1d791027cf813f75c01f", "molecular_formula": "C10H18O2"}, "molecular_charge": 0.0, "molecular_multiplicity": 1, "connectivity": [[0, 1, 1.0], [0, 12, 1.0], [0, 13, 1.0], [0, 14, 1.0], [1, 2, 1.0], [1, 15, 1.0], [1, 16, 1.0], [2, 3, 1.0], [2, 17, 1.0], [2, 18, 1.0], [3, 4, 1.0], [3, 19, 1.0], [3, 20, 1.0], [4, 5, 1.0], [4, 21, 1.0], [4, 22, 1.0], [5, 6, 1.0], [5, 23, 1.0], [5, 24, 1.0], [6, 7, 1.0], [6, 11, 1.0], [6, 25, 1.0], [7, 8, 1.0], [7, 26, 1.0], [7, 27, 1.0], [8, 9, 1.0], [8, 28, 1.0], [8, 29, 1.0], [9, 10, 2.0], [9, 11, 1.0]], "fix_com": true, "fix_orientation": true, "provenance": {"creator": "QCElemental", "version": "v0.22.0", "routine": "qcelemental.molparse.from_schema"}, "id": "246524"}, "charge": 0, "optimize_geometry": false, "conformers": [], "conformer_generation_options": {"n_conformer_pool": 4000, "n_max_conformers": 0, "rms_tolerance": 0.05, "energy_window": 15, "keep_original_conformer": true}, "stage_1_unrestrained_charges": null, "stage_1_restrained_charges": null, "stage_2_unrestrained_charges": null, "stage_2_restrained_charges": null, "keep_original_orientation": false, "reorientations": [], "translations": [], "rotations": []}}, {"index": 4, "molecule": {"qcmol": {"schema_name": "qcschema_molecule", "schema_version": 2, "validated": true, "symbols": ["C", "C", "C", "C", "C", "C", "C", "C", "C", "C", "O", "O", "H", "H", "H", "H", "H", "H", "H", "H", "H", "H", "H", "H", "H", "H", "H", "H", "H", "H"], "geometry": [[0.0, 0.0, 0.0], [2.8906799044139224, -5.890135418480017e-16, -7.994618058706352e-16], [4.090002156936358, 2.6398525261429158, -6.661338147750939e-16], [3.494773814983442, 4.318328184412774, 2.2885776933983495], [4.430167759497664, 3.248457197008946, 4.8140053143202], [4.291478883621831, 5.1136823564994875, 7.029686796457409], [1.6283518554985883, 5.898615065047603, 7.813692610735553], [0.09098113968761412, 3.8559169605530776, 9.202350880400292], [0.633034176462661, 4.43068411822854, 11.977982970773487], [1.326960320702356, 7.208407611844445, 11.954466210843032], [1.4542163301940523, 8.596940960412047, 13.697868143575704], [1.8126896881883456, 7.923538977378727, 9.589706616975203], [-0.7697684251190932, 0.7991463221762917, 1.725429536940542], [-0.728358204844251, -1.910295078385659, -0.16780629230614347], [-0.7395566959983426, 1.0901777595592252, -1.5750026999750142], [3.549432854124694, -0.9937128255663361, -1.6728083252781942], [3.5748407652933634, -1.0868771256258378, 1.6026688875658186], [3.492801411747486, 3.6296812217702863, -1.700272199309022], [6.130255055095174, 2.4318180240389844, -0.14770365353403392], [1.4748243698972239, 4.675292689072498, 2.3694865210018463], [4.379159471759111, 6.148530015725711, 1.9810700447344989], [6.3941862913813505, 2.683625258772895, 4.600781738295478], [3.401994679874364, 1.5325080603343326, 5.276971120032953], [5.243180519417969, 4.302011307373723, 8.661575083560871], [5.321939028933572, 6.822012595243532, 6.551324514707935], [0.6103059051782735, 6.650890993026373, 6.213943788060509], [-1.905517084695369, 4.090967722437041, 8.805988230812837], [0.6182505092921828, 1.961123197067476, 8.646334933839247], [2.2390454764063485, 3.3800994644949833, 12.701144730336537], [-0.9378544385871842, 4.10745321974011, 13.243084550287659]], "name": "C10H18O2", "identifiers": {"molecule_hash": "f94c2958d7c99f4c521d1d791027cf813f75c01f", "molecular_formula": "C10H18O2"}, "molecular_charge": 0.0, "molecular_multiplicity": 1, "connectivity": [[0, 1, 1.0], [0, 12, 1.0], [0, 13, 1.0], [0, 14, 1.0], [1, 2, 1.0], [1, 15, 1.0], [1, 16, 1.0], [2, 3, 1.0], [2, 17, 1.0], [2, 18, 1.0], [3, 4, 1.0], [3, 19, 1.0], [3, 20, 1.0], [4, 5, 1.0], [4, 21, 1.0], [4, 22, 1.0], [5, 6, 1.0], [5, 23, 1.0], [5, 24, 1.0], [6, 7, 1.0], [6, 11, 1.0], [6, 25, 1.0], [7, 8, 1.0], [7, 26, 1.0], [7, 27, 1.0], [8, 9, 1.0], [8, 28, 1.0], [8, 29, 1.0], [9, 10, 2.0], [9, 11, 1.0]], "fix_com": true, "fix_orientation": true, "provenance": {"creator": "QCElemental", "version": "v0.22.0", "routine": "qcelemental.molparse.from_schema"}, "id": "246524"}, "charge": 0, "optimize_geometry": false, "conformers": [], "conformer_generation_options": {"n_conformer_pool": 4000, "n_max_conformers": 0, "rms_tolerance": 0.05, "energy_window": 15, "keep_original_conformer": true}, "stage_1_unrestrained_charges": null, "stage_1_restrained_charges": null, "stage_2_unrestrained_charges": null, "stage_2_restrained_charges": null, "keep_original_orientation": false, "reorientations": [], "translations": [], "rotations": []}}, {"index": 5, "molecule": {"qcmol": {"schema_name": "qcschema_molecule", "schema_version": 2, "validated": true, "symbols": ["C", "C", "C", "C", "C", "C", "C", "C", "C", "C", "O", "O", "H", "H", "H", "H", "H", "H", "H", "H", "H", "H", "H", "H", "H", "H", "H", "H", "H", "H"], "geometry": [[0.0, 0.0, 0.0], [2.8906799044139224, -5.890135418480017e-16, -7.994618058706352e-16], [4.090002156936358, 2.6398525261429158, -6.661338147750939e-16], [3.494773814983442, 4.318328184412774, 2.2885776933983495], [4.430167759497664, 3.248457197008946, 4.8140053143202], [4.291478883621831, 5.1136823564994875, 7.029686796457409], [1.6283518554985883, 5.898615065047603, 7.813692610735553], [0.09098113968761412, 3.8559169605530776, 9.202350880400292], [0.633034176462661, 4.43068411822854, 11.977982970773487], [1.326960320702356, 7.208407611844445, 11.954466210843032], [1.4542163301940523, 8.596940960412047, 13.697868143575704], [1.8126896881883456, 7.923538977378727, 9.589706616975203], [-0.7697684251190932, 0.7991463221762917, 1.725429536940542], [-0.728358204844251, -1.910295078385659, -0.16780629230614347], [-0.7395566959983426, 1.0901777595592252, -1.5750026999750142], [3.549432854124694, -0.9937128255663361, -1.6728083252781942], [3.5748407652933634, -1.0868771256258378, 1.6026688875658186], [3.492801411747486, 3.6296812217702863, -1.700272199309022], [6.130255055095174, 2.4318180240389844, -0.14770365353403392], [1.4748243698972239, 4.675292689072498, 2.3694865210018463], [4.379159471759111, 6.148530015725711, 1.9810700447344989], [6.3941862913813505, 2.683625258772895, 4.600781738295478], [3.401994679874364, 1.5325080603343326, 5.276971120032953], [5.243180519417969, 4.302011307373723, 8.661575083560871], [5.321939028933572, 6.822012595243532, 6.551324514707935], [0.6103059051782735, 6.650890993026373, 6.213943788060509], [-1.905517084695369, 4.090967722437041, 8.805988230812837], [0.6182505092921828, 1.961123197067476, 8.646334933839247], [2.2390454764063485, 3.3800994644949833, 12.701144730336537], [-0.9378544385871842, 4.10745321974011, 13.243084550287659]], "name": "C10H18O2", "identifiers": {"molecule_hash": "f94c2958d7c99f4c521d1d791027cf813f75c01f", "molecular_formula": "C10H18O2"}, "molecular_charge": 0.0, "molecular_multiplicity": 1, "connectivity": [[0, 1, 1.0], [0, 12, 1.0], [0, 13, 1.0], [0, 14, 1.0], [1, 2, 1.0], [1, 15, 1.0], [1, 16, 1.0], [2, 3, 1.0], [2, 17, 1.0], [2, 18, 1.0], [3, 4, 1.0], [3, 19, 1.0], [3, 20, 1.0], [4, 5, 1.0], [4, 21, 1.0], [4, 22, 1.0], [5, 6, 1.0], [5, 23, 1.0], [5, 24, 1.0], [6, 7, 1.0], [6, 11, 1.0], [6, 25, 1.0], [7, 8, 1.0], [7, 26, 1.0], [7, 27, 1.0], [8, 9, 1.0], [8, 28, 1.0], [8, 29, 1.0], [9, 10, 2.0], [9, 11, 1.0]], "fix_com": true, "fix_orientation": true, "provenance": {"creator": "QCElemental", "version": "v0.22.0", "routine": "qcelemental.molparse.from_schema"}, "id": "246524"}, "charge": 0, "optimize_geometry": false, "conformers": [], "conformer_generation_options": {"n_conformer_pool": 4000, "n_max_conformers": 0, "rms_tolerance": 0.05, "energy_window": 15, "keep_original_conformer": true}, "stage_1_unrestrained_charges": null, "stage_1_restrained_charges": null, "stage_2_unrestrained_charges": null, "stage_2_restrained_charges": null, "keep_original_orientation": false, "reorientations": [], "translations": [], "rotations": []}}, {"index": 7, "molecule": {"qcmol": {"schema_name": "qcschema_molecule", "schema_version": 2, "validated": true, "symbols": ["C", "C", "C", "C", "C", "C", "C", "C", "C", "C", "O", "O", "H", "H", "H", "H", "H", "H", "H", "H", "H", "H", "H", "H", "H", "H", "H", "H", "H", "H"], "geometry": [[0.0, 0.0, 0.0], [2.8906799044139224, -5.890135418480017e-16, -7.994618058706352e-16], [4.090002156936358, 2.6398525261429158, -6.661338147750939e-16], [3.494773814983442, 4.318328184412774, 2.2885776933983495], [4.430167759497664, 3.248457197008946, 4.8140053143202], [4.291478883621831, 5.1136823564994875, 7.029686796457409], [1.6283518554985883, 5.898615065047603, 7.813692610735553], [0.09098113968761412, 3.8559169605530776, 9.202350880400292], [0.633034176462661, 4.43068411822854, 11.977982970773487], [1.326960320702356, 7.208407611844445, 11.954466210843032], [1.4542163301940523, 8.596940960412047, 13.697868143575704], [1.8126896881883456, 7.923538977378727, 9.589706616975203], [-0.7697684251190932, 0.7991463221762917, 1.725429536940542], [-0.728358204844251, -1.910295078385659, -0.16780629230614347], [-0.7395566959983426, 1.0901777595592252, -1.5750026999750142], [3.549432854124694, -0.9937128255663361, -1.6728083252781942], [3.5748407652933634, -1.0868771256258378, 1.6026688875658186], [3.492801411747486, 3.6296812217702863, -1.700272199309022], [6.130255055095174, 2.4318180240389844, -0.14770365353403392], [1.4748243698972239, 4.675292689072498, 2.3694865210018463], [4.379159471759111, 6.148530015725711, 1.9810700447344989], [6.3941862913813505, 2.683625258772895, 4.600781738295478], [3.401994679874364, 1.5325080603343326, 5.276971120032953], [5.243180519417969, 4.302011307373723, 8.661575083560871], [5.321939028933572, 6.822012595243532, 6.551324514707935], [0.6103059051782735, 6.650890993026373, 6.213943788060509], [-1.905517084695369, 4.090967722437041, 8.805988230812837], [0.6182505092921828, 1.961123197067476, 8.646334933839247], [2.2390454764063485, 3.3800994644949833, 12.701144730336537], [-0.9378544385871842, 4.10745321974011, 13.243084550287659]], "name": "C10H18O2", "identifiers": {"molecule_hash": "f94c2958d7c99f4c521d1d791027cf813f75c01f", "molecular_formula": "C10H18O2"}, "molecular_charge": 0.0, "molecular_multiplicity": 1, "connectivity": [[0, 1, 1.0], [0, 12, 1.0], [0, 13, 1.0], [0, 14, 1.0], [1, 2, 1.0], [1, 15, 1.0], [1, 16, 1.0], [2, 3, 1.0], [2, 17, 1.0], [2, 18, 1.0], [3, 4, 1.0], [3, 19, 1.0], [3, 20, 1.0], [4, 5, 1.0], [4, 21, 1.0], [4, 22, 1.0], [5, 6, 1.0], [5, 23, 1.0], [5, 24, 1.0], [6, 7, 1.0], [6, 11, 1.0], [6, 25, 1.0], [7, 8, 1.0], [7, 26, 1.0], [7, 27, 1.0], [8, 9, 1.0], [8, 28, 1.0], [8, 29, 1.0], [9, 10, 2.0], [9, 11, 1.0]], "fix_com": true, "fix_orientation": true, "provenance": {"creator": "QCElemental", "version": "v0.22.0", "routine": "qcelemental.molparse.from_schema"}, "id": "246524"}, "charge": 0, "optimize_geometry": false, "conformers": [], "conformer_generation_options": {"n_conformer_pool": 4000, "n_max_conformers": 0, "rms_tolerance": 0.05, "energy_window": 15, "keep_original_conformer": true}, "stage_1_unrestrained_charges": null, "stage_1_restrained_charges": null, "stage_2_unrestrained_charges": null, "stage_2_restrained_charges": null, "keep_original_orientation": false, "reorientations": [], "translations": [], "rotations": []}}, {"index": 8, "molecule": {"qcmol": {"schema_name": "qcschema_molecule", "schema_version": 2, "validated": true, "symbols": ["C", "C", "C", "C", "C", "C", "C", "C", "C", "C", "O", "O", "H", "H", "H", "H", "H", "H", "H", "H", "H", "H", "H", "H", "H", "H", "H", "H", "H", "H"], "geometry": [[0.0, 0.0, 0.0], [2.8906799044139224, -5.890135418480017e-16, -7.994618058706352e-16], [4.090002156936358, 2.6398525261429158, -6.661338147750939e-16], [3.494773814983442, 4.318328184412774, 2.2885776933983495], [4.430167759497664, 3.248457197008946, 4.8140053143202], [4.291478883621831, 5.1136823564994875, 7.029686796457409], [1.6283518554985883, 5.898615065047603, 7.813692610735553], [0.09098113968761412, 3.8559169605530776, 9.202350880400292], [0.633034176462661, 4.43068411822854, 11.977982970773487], [1.326960320702356, 7.208407611844445, 11.954466210843032], [1.4542163301940523, 8.596940960412047, 13.697868143575704], [1.8126896881883456, 7.923538977378727, 9.589706616975203], [-0.7697684251190932, 0.7991463221762917, 1.725429536940542], [-0.728358204844251, -1.910295078385659, -0.16780629230614347], [-0.7395566959983426, 1.0901777595592252, -1.5750026999750142], [3.549432854124694, -0.9937128255663361, -1.6728083252781942], [3.5748407652933634, -1.0868771256258378, 1.6026688875658186], [3.492801411747486, 3.6296812217702863, -1.700272199309022], [6.130255055095174, 2.4318180240389844, -0.14770365353403392], [1.4748243698972239, 4.675292689072498, 2.3694865210018463], [4.379159471759111, 6.148530015725711, 1.9810700447344989], [6.3941862913813505, 2.683625258772895, 4.600781738295478], [3.401994679874364, 1.5325080603343326, 5.276971120032953], [5.243180519417969, 4.302011307373723, 8.661575083560871], [5.321939028933572, 6.822012595243532, 6.551324514707935], [0.6103059051782735, 6.650890993026373, 6.213943788060509], [-1.905517084695369, 4.090967722437041, 8.805988230812837], [0.6182505092921828, 1.961123197067476, 8.646334933839247], [2.2390454764063485, 3.3800994644949833, 12.701144730336537], [-0.9378544385871842, 4.10745321974011, 13.243084550287659]], "name": "C10H18O2", "identifiers": {"molecule_hash": "f94c2958d7c99f4c521d1d791027cf813f75c01f", "molecular_formula": "C10H18O2"}, "molecular_charge": 0.0, "molecular_multiplicity": 1, "connectivity": [[0, 1, 1.0], [0, 12, 1.0], [0, 13, 1.0], [0, 14, 1.0], [1, 2, 1.0], [1, 15, 1.0], [1, 16, 1.0], [2, 3, 1.0], [2, 17, 1.0], [2, 18, 1.0], [3, 4, 1.0], [3, 19, 1.0], [3, 20, 1.0], [4, 5, 1.0], [4, 21, 1.0], [4, 22, 1.0], [5, 6, 1.0], [5, 23, 1.0], [5, 24, 1.0], [6, 7, 1.0], [6, 11, 1.0], [6, 25, 1.0], [7, 8, 1.0], [7, 26, 1.0], [7, 27, 1.0], [8, 9, 1.0], [8, 28, 1.0], [8, 29, 1.0], [9, 10, 2.0], [9, 11, 1.0]], "fix_com": true, "fix_orientation": true, "provenance": {"creator": "QCElemental", "version": "v0.22.0", "routine": "qcelemental.molparse.from_schema"}, "id": "246524"}, "charge": 0, "optimize_geometry": false, "conformers": [], "conformer_generation_options": {"n_conformer_pool": 4000, "n_max_conformers": 0, "rms_tolerance": 0.05, "energy_window": 15, "keep_original_conformer": true}, "stage_1_unrestrained_charges": null, "stage_1_restrained_charges": null, "stage_2_unrestrained_charges": null, "stage_2_restrained_charges": null, "keep_original_orientation": false, "reorientations": [], "translations": [], "rotations": []}}]}, "surface_constraints": {"matrix": [[1629317799742011.2, 1578411253732106.0, 1522808895585236.0, 1474198320276043.2, 1422189696237787.0, 1372790344552777.2, 1328720469662316.8, 1325670937189986.5, 1268092870598774.5, 1259961205531520.8, 1212800897591727.0, 1295597666411133.2, 1646808960205258.0, 1637454789637717.2, 1634971820944150.5, 1574785025902271.8, 1571362844981140.2, 1511705223917807.5, 1519073594925480.5, 1477048244497403.0, 1467324136239259.5, 1427950965471225.2, 1408626775090736.2, 1361392348262999.8, 1371086376528179.8, 1310148286965843.0, 1296085715499840.8, 1390154172828599.0, 1263297197631782.5, 1232005330509297.8], [1578411253732106.0, 1608082204098019.8, 1570287592212589.5, 1517093604127487.5, 1458745791441742.2, 1403482242919966.2, 1355866322662536.0, 1351910706547084.8, 1287118811333040.5, 1275219528988108.2, 1222017476589151.8, 1316995410066741.8, 1573458306037550.2, 1566810093279822.0, 1562796278191976.8, 1628169749570042.0, 1625670681860674.8, 1572675807746248.5, 1569338517550474.8, 1521451133743137.0, 1510176701620701.0, 1470762449516154.0, 1438269641654946.8, 1390465761572067.5, 1401374948518376.2, 1338806477390148.2, 1326388669198679.0, 1416844932294522.8, 1282233068504467.5, 1248217315506655.8], [1522808895585236.0, 1570287592212589.5, 1606257503445260.8, 1569073117760562.2, 1517049342439625.0, 1461215209067747.8, 1411055690997383.5, 1396566967298498.2, 1329179184035585.5, 1324936397214294.8, 1269442275978289.2, 1374930649084444.2, 1526199288750183.0, 1487278758173630.8, 1512257381080518.8, 1569010382670856.0, 1566354567586728.8, 1630663154827599.0, 1628337363440462.2, 1569112832403884.0, 1572253449005883.8, 1525988435782304.5, 1504047787893635.2, 1445595494914393.0, 1463049815801379.2, 1397901568503220.5, 1371114826012279.8, 1455794795293747.8, 1318145603962762.2, 1289092094793505.5], [1474198320276043.2, 1517093604127487.5, 1569073117760562.2, 1604094049157405.8, 1567913396739865.8, 1513945047326690.2, 1466252178857941.5, 1435301709039978.8, 1374745771163454.8, 1380959256759355.0, 1325884952085807.2, 1438499689011166.0, 1488618292723923.8, 1428679445697626.5, 1466881730769881.0, 1508252564238761.0, 1507104014893120.0, 1570696436655487.8, 1569836640563323.5, 1624776418050882.5, 1630717128798037.8, 1566507418697934.5, 1574966595607114.2, 1503365272498154.5, 1509684827669721.5, 1461647290823134.5, 1414348957204157.0, 1473922917754307.8, 1358338566583207.8, 1338058268518094.8], [1422189696237787.0, 1458745791441742.2, 1517049342439625.0, 1567913396739865.8, 1603178605282662.2, 1566255952168838.2, 1508768059256940.5, 1466144627380430.5, 1404272370258922.5, 1412866892852325.0, 1353632241940431.0, 1478319662168664.8, 1442720009729423.0, 1379597521846559.8, 1411072301349453.5, 1447534621107804.5, 1442654234928428.5, 1521006664970975.0, 1510007564977900.8, 1566787234564703.2, 1572596892045791.5, 1624463178306527.2, 1630956855224683.2, 1570719939717572.8, 1567557687946376.5, 1507295700619321.0, 1443807979567932.5, 1498646771656873.2, 1388991929062428.2, 1364802081486906.2], [1372790344552777.2, 1403482242919966.2, 1461215209067747.8, 1513945047326690.2, 1566255952168838.2, 1600024709029722.5, 1557386246424500.5, 1513641762484128.5, 1456150893600236.8, 1465360723764779.0, 1404381491778502.8, 1530556827305848.0, 1397301802960995.8, 1338059098902386.0, 1354659820165322.2, 1397359298739609.2, 1379194509610112.8, 1467665124610044.5, 1451109224658429.0, 1503947280338731.5, 1517529279263715.2, 1568396809886278.5, 1571533948968780.5, 1625939502242104.2, 1624983654743736.8, 1563831385431393.2, 1497322791661342.5, 1535564648831033.2, 1443796306592266.0, 1415868863162612.2], [1328720469662316.8, 1355866322662536.0, 1411055690997383.5, 1466252178857941.5, 1508768059256940.5, 1557386246424500.5, 1581590896243624.0, 1557622592602881.5, 1515873509130045.8, 1522194202310911.0, 1467586388062194.0, 1569939196402858.2, 1358958507747674.0, 1295880047221385.2, 1306080317231042.0, 1350498083671784.5, 1330180495176659.0, 1419041670518552.5, 1396514896321197.0, 1467413386654554.5, 1468682382157333.8, 1492373794800039.5, 1513772763983594.2, 1562470270733628.0, 1563424764758699.2, 1614076569939685.5, 1559688209860628.5, 1562197484379223.8, 1499735576170562.8, 1490083476589471.2], [1325670937189986.5, 1351910706547084.8, 1396566967298498.2, 1435301709039978.8, 1466144627380430.5, 1513641762484128.5, 1557622592602881.5, 1607596996125788.0, 1571178174128831.2, 1523048406161595.8, 1463307733585538.8, 1527312130690671.0, 1360468964816717.8, 1296854490150763.0, 1295069063317651.0, 1354568216502542.0, 1325617961651165.8, 1417392156128570.5, 1372215071430381.5, 1438987100575592.2, 1430139177587549.0, 1447045947733116.8, 1464883124955045.8, 1512430576123874.0, 1509973519336542.8, 1564393976310769.5, 1630743542361787.5, 1635883826489499.0, 1570620575587077.5, 1565254724072108.0], [1268092870598774.5, 1287118811333040.5, 1329179184035585.5, 1374745771163454.8, 1404272370258922.5, 1456150893600236.8, 1515873509130045.8, 1571178174128831.2, 1609671671920441.5, 1570491471014378.0, 1543537655615705.2, 1529864382123255.2, 1305848642841723.8, 1240543522751951.2, 1239007871867428.8, 1285604323319552.8, 1262361296369490.2, 1340549522979590.0, 1307488294847845.2, 1381708628562057.5, 1373383266647859.8, 1376963407401313.5, 1407211148863235.8, 1458068093784425.0, 1442493796084031.8, 1502817993867449.0, 1567444915563928.2, 1577683786708598.0, 1633919054714713.5, 1628224679101233.0], [1259961205531520.8, 1275219528988108.2, 1324936397214294.8, 1380959256759355.0, 1412866892852325.0, 1465360723764779.0, 1522194202310911.0, 1523048406161595.8, 1570491471014378.0, 1609110721102764.5, 1617743623031989.0, 1587330364903993.5, 1297506403698830.8, 1230519349431947.5, 1236126263420683.0, 1265620732622229.0, 1249597206296035.8, 1324412539174234.8, 1314275506402002.8, 1388654148341102.8, 1386111752786953.5, 1379016477670609.2, 1424715328019277.2, 1469328063489591.2, 1452100948081924.2, 1511129383712267.5, 1495805075211362.8, 1513118842054256.0, 1573455579782216.8, 1567588228441971.0], [1212800897591727.0, 1222017476589151.8, 1269442275978289.2, 1325884952085807.2, 1353632241940431.0, 1404381491778502.8, 1467586388062194.0, 1463307733585538.8, 1543537655615705.2, 1617743623031989.0, 1679124784310087.2, 1568542438991848.0, 1250569281014845.0, 1186176867921361.2, 1191081639281746.0, 1209695130404773.8, 1196823903177595.8, 1263001356183347.8, 1263054118500006.8, 1336175280908251.5, 1332566446676965.0, 1314832941673832.0, 1369279552809085.0, 1406938159007045.0, 1386154827384602.8, 1442883254895562.2, 1421471944641903.0, 1444620619740270.5, 1546719218507432.2, 1542600965709007.8], [1295597666411133.2, 1316995410066741.8, 1374930649084444.2, 1438499689011166.0, 1478319662168664.8, 1530556827305848.0, 1569939196402858.2, 1527312130690671.0, 1529864382123255.2, 1587330364903993.5, 1568542438991848.0, 1626790144337104.0, 1330033462146269.2, 1261802308918339.2, 1274334994361794.8, 1305689307343121.8, 1291003962988764.2, 1372034174480276.2, 1367836546601413.2, 1442285455307362.8, 1447654342591787.5, 1448461421903168.8, 1492566766664228.0, 1536731213063751.5, 1526855785232203.0, 1581991347559835.5, 1503091893744979.0, 1516564550392314.0, 1512318379114817.5, 1504296863465348.2], [1646808960205258.0, 1573458306037550.2, 1526199288750183.0, 1488618292723923.8, 1442720009729423.0, 1397301802960995.8, 1358958507747674.0, 1360468964816717.8, 1305848642841723.8, 1297506403698830.8, 1250569281014845.0, 1330033462146269.2, 1726055141104830.5, 1633437293974794.5, 1632004319579826.2, 1555519669740412.5, 1556464557244385.0, 1518723254355593.8, 1515013151765118.5, 1493876932272959.0, 1482946450857224.0, 1446796012336073.0, 1432117193212663.2, 1388266761420223.5, 1390655931932435.5, 1338328379446137.2, 1326559254737092.8, 1430583400567654.5, 1302488306427851.2, 1269583694004287.0], [1637454789637717.2, 1566810093279822.0, 1487278758173630.8, 1428679445697626.5, 1379597521846559.8, 1338059098902386.0, 1295880047221385.2, 1296854490150763.0, 1240543522751951.2, 1230519349431947.5, 1186176867921361.2, 1261802308918339.2, 1633437293974794.5, 1706805275600453.0, 1619778784054060.0, 1573791831310635.8, 1553908307579873.8, 1470010399197774.8, 1482020744198106.5, 1420802321751562.8, 1422211488739892.5, 1387129497123943.8, 1360125187540642.0, 1328142124881652.5, 1340580433537335.5, 1276062236589149.5, 1268123909726991.2, 1362075177050437.5, 1237604945038404.2, 1205565801600540.5], [1634971820944150.5, 1562796278191976.8, 1512257381080518.8, 1466881730769881.0, 1411072301349453.5, 1354659820165322.2, 1306080317231042.0, 1295069063317651.0, 1239007871867428.8, 1236126263420683.0, 1191081639281746.0, 1274334994361794.8, 1632004319579826.2, 1619778784054060.0, 1703164334845716.8, 1543090367772843.0, 1550989860370029.2, 1494507872698594.5, 1515590843532857.2, 1476809667641030.8, 1458982722516287.2, 1412327628520980.8, 1405353800436686.0, 1340481626493986.0, 1354139816841764.5, 1290007560693675.0, 1266498117976660.2, 1351984465914393.8, 1230383502457615.5, 1204779814217169.5], [1574785025902271.8, 1628169749570042.0, 1569010382670856.0, 1508252564238761.0, 1447534621107804.5, 1397359298739609.2, 1350498083671784.5, 1354568216502542.0, 1285604323319552.8, 1265620732622229.0, 1209695130404773.8, 1305689307343121.8, 1555519669740412.5, 1573791831310635.8, 1543090367772843.0, 1707726866520284.8, 1623471406584901.2, 1577029410289467.8, 1551381274956238.0, 1508745664218421.2, 1501477184293625.2, 1466132742638760.2, 1414258860617439.8, 1383944391027435.2, 1398289341868758.5, 1331518456475900.5, 1334676751937252.2, 1422573503540346.8, 1282285352711451.2, 1247684905329398.0], [1571362844981140.2, 1625670681860674.8, 1566354567586728.8, 1507104014893120.0, 1442654234928428.5, 1379194509610112.8, 13