{"resp_b": 0.1, "restrained_fit": true, "exclude_hydrogens": true, "convergence_tolerance": 1e-06, "max_iter": 500, "resp_a": 0.0005, "charge_constraints": {"charge_sum_constraints": [], "charge_equivalence_constraints": [], "molecules": [{"qcmol": {"schema_name": "qcschema_molecule", "schema_version": 2, "validated": true, "symbols": ["C", "C", "C", "C", "C", "C", "C", "C", "C", "C", "O", "O", "H", "H", "H", "H", "H", "H", "H", "H", "H", "H", "H", "H", "H", "H", "H", "H", "H", "H"], "geometry": [[0.0, 0.0, 0.0], [2.8906799044139224, -5.890135418480017e-16, -7.994618058706352e-16], [4.090002156936358, 2.6398525261429158, -6.661338147750939e-16], [3.494773814983442, 4.318328184412774, 2.2885776933983495], [4.430167759497664, 3.248457197008946, 4.8140053143202], [4.291478883621831, 5.1136823564994875, 7.029686796457409], [1.6283518554985883, 5.898615065047603, 7.813692610735553], [0.09098113968761412, 3.8559169605530776, 9.202350880400292], [0.633034176462661, 4.43068411822854, 11.977982970773487], [1.326960320702356, 7.208407611844445, 11.954466210843032], [1.4542163301940523, 8.596940960412047, 13.697868143575704], [1.8126896881883456, 7.923538977378727, 9.589706616975203], [-0.7697684251190932, 0.7991463221762917, 1.725429536940542], [-0.728358204844251, -1.910295078385659, -0.16780629230614347], [-0.7395566959983426, 1.0901777595592252, -1.5750026999750142], [3.549432854124694, -0.9937128255663361, -1.6728083252781942], [3.5748407652933634, -1.0868771256258378, 1.6026688875658186], [3.492801411747486, 3.6296812217702863, -1.700272199309022], [6.130255055095174, 2.4318180240389844, -0.14770365353403392], [1.4748243698972239, 4.675292689072498, 2.3694865210018463], [4.379159471759111, 6.148530015725711, 1.9810700447344989], [6.3941862913813505, 2.683625258772895, 4.600781738295478], [3.401994679874364, 1.5325080603343326, 5.276971120032953], [5.243180519417969, 4.302011307373723, 8.661575083560871], [5.321939028933572, 6.822012595243532, 6.551324514707935], [0.6103059051782735, 6.650890993026373, 6.213943788060509], [-1.905517084695369, 4.090967722437041, 8.805988230812837], [0.6182505092921828, 1.961123197067476, 8.646334933839247], [2.2390454764063485, 3.3800994644949833, 12.701144730336537], [-0.9378544385871842, 4.10745321974011, 13.243084550287659]], "name": "C10H18O2", "identifiers": {"molecule_hash": "f94c2958d7c99f4c521d1d791027cf813f75c01f", "molecular_formula": "C10H18O2"}, "molecular_charge": 0.0, "molecular_multiplicity": 1, "connectivity": [[0, 1, 1.0], [0, 12, 1.0], [0, 13, 1.0], [0, 14, 1.0], [1, 2, 1.0], [1, 15, 1.0], [1, 16, 1.0], [2, 3, 1.0], [2, 17, 1.0], [2, 18, 1.0], [3, 4, 1.0], [3, 19, 1.0], [3, 20, 1.0], [4, 5, 1.0], [4, 21, 1.0], [4, 22, 1.0], [5, 6, 1.0], [5, 23, 1.0], [5, 24, 1.0], [6, 7, 1.0], [6, 11, 1.0], [6, 25, 1.0], [7, 8, 1.0], [7, 26, 1.0], [7, 27, 1.0], [8, 9, 1.0], [8, 28, 1.0], [8, 29, 1.0], [9, 10, 2.0], [9, 11, 1.0]], "fix_com": true, "fix_orientation": true, "provenance": {"creator": "QCElemental", "version": "v0.22.0", "routine": "qcelemental.molparse.from_schema"}, "id": "246524"}, "charge": 0, "optimize_geometry": false, "conformers": [], "conformer_generation_options": {"n_conformer_pool": 4000, "n_max_conformers": 0, "rms_tolerance": 0.05, "energy_window": 15, "keep_original_conformer": true}, "stage_1_unrestrained_charges": null, "stage_1_restrained_charges": null, "stage_2_unrestrained_charges": null, "stage_2_restrained_charges": null, "keep_original_orientation": false, "reorientations": [], "translations": [], "rotations": []}], "unconstrained_atoms": [{"index": 0, "molecule": {"qcmol": {"schema_name": "qcschema_molecule", "schema_version": 2, "validated": true, "symbols": ["C", "C", "C", "C", "C", "C", "C", "C", "C", "C", "O", "O", "H", "H", "H", "H", "H", "H", "H", "H", "H", "H", "H", "H", "H", "H", "H", "H", "H", "H"], "geometry": [[0.0, 0.0, 0.0], [2.8906799044139224, -5.890135418480017e-16, -7.994618058706352e-16], [4.090002156936358, 2.6398525261429158, -6.661338147750939e-16], [3.494773814983442, 4.318328184412774, 2.2885776933983495], [4.430167759497664, 3.248457197008946, 4.8140053143202], [4.291478883621831, 5.1136823564994875, 7.029686796457409], [1.6283518554985883, 5.898615065047603, 7.813692610735553], [0.09098113968761412, 3.8559169605530776, 9.202350880400292], [0.633034176462661, 4.43068411822854, 11.977982970773487], [1.326960320702356, 7.208407611844445, 11.954466210843032], [1.4542163301940523, 8.596940960412047, 13.697868143575704], [1.8126896881883456, 7.923538977378727, 9.589706616975203], [-0.7697684251190932, 0.7991463221762917, 1.725429536940542], [-0.728358204844251, -1.910295078385659, -0.16780629230614347], [-0.7395566959983426, 1.0901777595592252, -1.5750026999750142], [3.549432854124694, -0.9937128255663361, -1.6728083252781942], [3.5748407652933634, -1.0868771256258378, 1.6026688875658186], [3.492801411747486, 3.6296812217702863, -1.700272199309022], [6.130255055095174, 2.4318180240389844, -0.14770365353403392], [1.4748243698972239, 4.675292689072498, 2.3694865210018463], [4.379159471759111, 6.148530015725711, 1.9810700447344989], [6.3941862913813505, 2.683625258772895, 4.600781738295478], [3.401994679874364, 1.5325080603343326, 5.276971120032953], [5.243180519417969, 4.302011307373723, 8.661575083560871], [5.321939028933572, 6.822012595243532, 6.551324514707935], [0.6103059051782735, 6.650890993026373, 6.213943788060509], [-1.905517084695369, 4.090967722437041, 8.805988230812837], [0.6182505092921828, 1.961123197067476, 8.646334933839247], [2.2390454764063485, 3.3800994644949833, 12.701144730336537], [-0.9378544385871842, 4.10745321974011, 13.243084550287659]], "name": "C10H18O2", "identifiers": {"molecule_hash": "f94c2958d7c99f4c521d1d791027cf813f75c01f", "molecular_formula": "C10H18O2"}, "molecular_charge": 0.0, "molecular_multiplicity": 1, "connectivity": [[0, 1, 1.0], [0, 12, 1.0], [0, 13, 1.0], [0, 14, 1.0], [1, 2, 1.0], [1, 15, 1.0], [1, 16, 1.0], [2, 3, 1.0], [2, 17, 1.0], [2, 18, 1.0], [3, 4, 1.0], [3, 19, 1.0], [3, 20, 1.0], [4, 5, 1.0], [4, 21, 1.0], [4, 22, 1.0], [5, 6, 1.0], [5, 23, 1.0], [5, 24, 1.0], [6, 7, 1.0], [6, 11, 1.0], [6, 25, 1.0], [7, 8, 1.0], [7, 26, 1.0], [7, 27, 1.0], [8, 9, 1.0], [8, 28, 1.0], [8, 29, 1.0], [9, 10, 2.0], [9, 11, 1.0]], "fix_com": true, "fix_orientation": true, "provenance": {"creator": "QCElemental", "version": "v0.22.0", "routine": "qcelemental.molparse.from_schema"}, "id": "246524"}, "charge": 0, "optimize_geometry": false, "conformers": [], "conformer_generation_options": {"n_conformer_pool": 4000, "n_max_conformers": 0, "rms_tolerance": 0.05, "energy_window": 15, "keep_original_conformer": true}, "stage_1_unrestrained_charges": null, "stage_1_restrained_charges": null, "stage_2_unrestrained_charges": null, "stage_2_restrained_charges": null, "keep_original_orientation": false, "reorientations": [], "translations": [], "rotations": []}}, {"index": 1, "molecule": {"qcmol": {"schema_name": "qcschema_molecule", "schema_version": 2, "validated": true, "symbols": ["C", "C", "C", "C", "C", "C", "C", "C", "C", "C", "O", "O", "H", "H", "H", "H", "H", "H", "H", "H", "H", "H", "H", "H", "H", "H", "H", "H", "H", "H"], "geometry": [[0.0, 0.0, 0.0], [2.8906799044139224, -5.890135418480017e-16, -7.994618058706352e-16], [4.090002156936358, 2.6398525261429158, -6.661338147750939e-16], [3.494773814983442, 4.318328184412774, 2.2885776933983495], [4.430167759497664, 3.248457197008946, 4.8140053143202], [4.291478883621831, 5.1136823564994875, 7.029686796457409], [1.6283518554985883, 5.898615065047603, 7.813692610735553], [0.09098113968761412, 3.8559169605530776, 9.202350880400292], [0.633034176462661, 4.43068411822854, 11.977982970773487], [1.326960320702356, 7.208407611844445, 11.954466210843032], [1.4542163301940523, 8.596940960412047, 13.697868143575704], [1.8126896881883456, 7.923538977378727, 9.589706616975203], [-0.7697684251190932, 0.7991463221762917, 1.725429536940542], [-0.728358204844251, -1.910295078385659, -0.16780629230614347], [-0.7395566959983426, 1.0901777595592252, -1.5750026999750142], [3.549432854124694, -0.9937128255663361, -1.6728083252781942], [3.5748407652933634, -1.0868771256258378, 1.6026688875658186], [3.492801411747486, 3.6296812217702863, -1.700272199309022], [6.130255055095174, 2.4318180240389844, -0.14770365353403392], [1.4748243698972239, 4.675292689072498, 2.3694865210018463], [4.379159471759111, 6.148530015725711, 1.9810700447344989], [6.3941862913813505, 2.683625258772895, 4.600781738295478], [3.401994679874364, 1.5325080603343326, 5.276971120032953], [5.243180519417969, 4.302011307373723, 8.661575083560871], [5.321939028933572, 6.822012595243532, 6.551324514707935], [0.6103059051782735, 6.650890993026373, 6.213943788060509], [-1.905517084695369, 4.090967722437041, 8.805988230812837], [0.6182505092921828, 1.961123197067476, 8.646334933839247], [2.2390454764063485, 3.3800994644949833, 12.701144730336537], [-0.9378544385871842, 4.10745321974011, 13.243084550287659]], "name": "C10H18O2", "identifiers": {"molecule_hash": "f94c2958d7c99f4c521d1d791027cf813f75c01f", "molecular_formula": "C10H18O2"}, "molecular_charge": 0.0, "molecular_multiplicity": 1, "connectivity": [[0, 1, 1.0], [0, 12, 1.0], [0, 13, 1.0], [0, 14, 1.0], [1, 2, 1.0], [1, 15, 1.0], [1, 16, 1.0], [2, 3, 1.0], [2, 17, 1.0], [2, 18, 1.0], [3, 4, 1.0], [3, 19, 1.0], [3, 20, 1.0], [4, 5, 1.0], [4, 21, 1.0], [4, 22, 1.0], [5, 6, 1.0], [5, 23, 1.0], [5, 24, 1.0], [6, 7, 1.0], [6, 11, 1.0], [6, 25, 1.0], [7, 8, 1.0], [7, 26, 1.0], [7, 27, 1.0], [8, 9, 1.0], [8, 28, 1.0], [8, 29, 1.0], [9, 10, 2.0], [9, 11, 1.0]], "fix_com": true, "fix_orientation": true, "provenance": {"creator": "QCElemental", "version": "v0.22.0", "routine": "qcelemental.molparse.from_schema"}, "id": "246524"}, "charge": 0, "optimize_geometry": false, "conformers": [], "conformer_generation_options": {"n_conformer_pool": 4000, "n_max_conformers": 0, "rms_tolerance": 0.05, "energy_window": 15, "keep_original_conformer": true}, "stage_1_unrestrained_charges": null, "stage_1_restrained_charges": null, "stage_2_unrestrained_charges": null, "stage_2_restrained_charges": null, "keep_original_orientation": false, "reorientations": [], "translations": [], "rotations": []}}, {"index": 2, "molecule": {"qcmol": {"schema_name": "qcschema_molecule", "schema_version": 2, "validated": true, "symbols": ["C", "C", "C", "C", "C", "C", "C", "C", "C", "C", "O", "O", "H", "H", "H", "H", "H", "H", "H", "H", "H", "H", "H", "H", "H", "H", "H", "H", "H", "H"], "geometry": [[0.0, 0.0, 0.0], [2.8906799044139224, -5.890135418480017e-16, -7.994618058706352e-16], [4.090002156936358, 2.6398525261429158, -6.661338147750939e-16], [3.494773814983442, 4.318328184412774, 2.2885776933983495], [4.430167759497664, 3.248457197008946, 4.8140053143202], [4.291478883621831, 5.1136823564994875, 7.029686796457409], [1.6283518554985883, 5.898615065047603, 7.813692610735553], [0.09098113968761412, 3.8559169605530776, 9.202350880400292], [0.633034176462661, 4.43068411822854, 11.977982970773487], [1.326960320702356, 7.208407611844445, 11.954466210843032], [1.4542163301940523, 8.596940960412047, 13.697868143575704], [1.8126896881883456, 7.923538977378727, 9.589706616975203], [-0.7697684251190932, 0.7991463221762917, 1.725429536940542], [-0.728358204844251, -1.910295078385659, -0.16780629230614347], [-0.7395566959983426, 1.0901777595592252, -1.5750026999750142], [3.549432854124694, -0.9937128255663361, -1.6728083252781942], [3.5748407652933634, -1.0868771256258378, 1.6026688875658186], [3.492801411747486, 3.6296812217702863, -1.700272199309022], [6.130255055095174, 2.4318180240389844, -0.14770365353403392], [1.4748243698972239, 4.675292689072498, 2.3694865210018463], [4.379159471759111, 6.148530015725711, 1.9810700447344989], [6.3941862913813505, 2.683625258772895, 4.600781738295478], [3.401994679874364, 1.5325080603343326, 5.276971120032953], [5.243180519417969, 4.302011307373723, 8.661575083560871], [5.321939028933572, 6.822012595243532, 6.551324514707935], [0.6103059051782735, 6.650890993026373, 6.213943788060509], [-1.905517084695369, 4.090967722437041, 8.805988230812837], [0.6182505092921828, 1.961123197067476, 8.646334933839247], [2.2390454764063485, 3.3800994644949833, 12.701144730336537], [-0.9378544385871842, 4.10745321974011, 13.243084550287659]], "name": "C10H18O2", "identifiers": {"molecule_hash": "f94c2958d7c99f4c521d1d791027cf813f75c01f", "molecular_formula": "C10H18O2"}, "molecular_charge": 0.0, "molecular_multiplicity": 1, "connectivity": [[0, 1, 1.0], [0, 12, 1.0], [0, 13, 1.0], [0, 14, 1.0], [1, 2, 1.0], [1, 15, 1.0], [1, 16, 1.0], [2, 3, 1.0], [2, 17, 1.0], [2, 18, 1.0], [3, 4, 1.0], [3, 19, 1.0], [3, 20, 1.0], [4, 5, 1.0], [4, 21, 1.0], [4, 22, 1.0], [5, 6, 1.0], [5, 23, 1.0], [5, 24, 1.0], [6, 7, 1.0], [6, 11, 1.0], [6, 25, 1.0], [7, 8, 1.0], [7, 26, 1.0], [7, 27, 1.0], [8, 9, 1.0], [8, 28, 1.0], [8, 29, 1.0], [9, 10, 2.0], [9, 11, 1.0]], "fix_com": true, "fix_orientation": true, "provenance": {"creator": "QCElemental", "version": "v0.22.0", "routine": "qcelemental.molparse.from_schema"}, "id": "246524"}, "charge": 0, "optimize_geometry": false, "conformers": [], "conformer_generation_options": {"n_conformer_pool": 4000, "n_max_conformers": 0, "rms_tolerance": 0.05, "energy_window": 15, "keep_original_conformer": true}, "stage_1_unrestrained_charges": null, "stage_1_restrained_charges": null, "stage_2_unrestrained_charges": null, "stage_2_restrained_charges": null, "keep_original_orientation": false, "reorientations": [], "translations": [], "rotations": []}}, {"index": 3, "molecule": {"qcmol": {"schema_name": "qcschema_molecule", "schema_version": 2, "validated": true, "symbols": ["C", "C", "C", "C", "C", "C", "C", "C", "C", "C", "O", "O", "H", "H", "H", "H", "H", "H", "H", "H", "H", "H", "H", "H", "H", "H", "H", "H", "H", "H"], "geometry": [[0.0, 0.0, 0.0], [2.8906799044139224, -5.890135418480017e-16, -7.994618058706352e-16], [4.090002156936358, 2.6398525261429158, -6.661338147750939e-16], [3.494773814983442, 4.318328184412774, 2.2885776933983495], [4.430167759497664, 3.248457197008946, 4.8140053143202], [4.291478883621831, 5.1136823564994875, 7.029686796457409], [1.6283518554985883, 5.898615065047603, 7.813692610735553], [0.09098113968761412, 3.8559169605530776, 9.202350880400292], [0.633034176462661, 4.43068411822854, 11.977982970773487], [1.326960320702356, 7.208407611844445, 11.954466210843032], [1.4542163301940523, 8.596940960412047, 13.697868143575704], [1.8126896881883456, 7.923538977378727, 9.589706616975203], [-0.7697684251190932, 0.7991463221762917, 1.725429536940542], [-0.728358204844251, -1.910295078385659, -0.16780629230614347], [-0.7395566959983426, 1.0901777595592252, -1.5750026999750142], [3.549432854124694, -0.9937128255663361, -1.6728083252781942], [3.5748407652933634, -1.0868771256258378, 1.6026688875658186], [3.492801411747486, 3.6296812217702863, -1.700272199309022], [6.130255055095174, 2.4318180240389844, -0.14770365353403392], [1.4748243698972239, 4.675292689072498, 2.3694865210018463], [4.379159471759111, 6.148530015725711, 1.9810700447344989], [6.3941862913813505, 2.683625258772895, 4.600781738295478], [3.401994679874364, 1.5325080603343326, 5.276971120032953], [5.243180519417969, 4.302011307373723, 8.661575083560871], [5.321939028933572, 6.822012595243532, 6.551324514707935], [0.6103059051782735, 6.650890993026373, 6.213943788060509], [-1.905517084695369, 4.090967722437041, 8.805988230812837], [0.6182505092921828, 1.961123197067476, 8.646334933839247], [2.2390454764063485, 3.3800994644949833, 12.701144730336537], [-0.9378544385871842, 4.10745321974011, 13.243084550287659]], "name": "C10H18O2", "identifiers": {"molecule_hash": "f94c2958d7c99f4c521d1d791027cf813f75c01f", "molecular_formula": "C10H18O2"}, "molecular_charge": 0.0, "molecular_multiplicity": 1, "connectivity": [[0, 1, 1.0], [0, 12, 1.0], [0, 13, 1.0], [0, 14, 1.0], [1, 2, 1.0], [1, 15, 1.0], [1, 16, 1.0], [2, 3, 1.0], [2, 17, 1.0], [2, 18, 1.0], [3, 4, 1.0], [3, 19, 1.0], [3, 20, 1.0], [4, 5, 1.0], [4, 21, 1.0], [4, 22, 1.0], [5, 6, 1.0], [5, 23, 1.0], [5, 24, 1.0], [6, 7, 1.0], [6, 11, 1.0], [6, 25, 1.0], [7, 8, 1.0], [7, 26, 1.0], [7, 27, 1.0], [8, 9, 1.0], [8, 28, 1.0], [8, 29, 1.0], [9, 10, 2.0], [9, 11, 1.0]], "fix_com": true, "fix_orientation": true, "provenance": {"creator": "QCElemental", "version": "v0.22.0", "routine": "qcelemental.molparse.from_schema"}, "id": "246524"}, "charge": 0, "optimize_geometry": false, "conformers": [], "conformer_generation_options": {"n_conformer_pool": 4000, "n_max_conformers": 0, "rms_tolerance": 0.05, "energy_window": 15, "keep_original_conformer": true}, "stage_1_unrestrained_charges": null, "stage_1_restrained_charges": null, "stage_2_unrestrained_charges": null, "stage_2_restrained_charges": null, "keep_original_orientation": false, "reorientations": [], "translations": [], "rotations": []}}, {"index": 4, "molecule": {"qcmol": {"schema_name": "qcschema_molecule", "schema_version": 2, "validated": true, "symbols": ["C", "C", "C", "C", "C", "C", "C", "C", "C", "C", "O", "O", "H", "H", "H", "H", "H", "H", "H", "H", "H", "H", "H", "H", "H", "H", "H", "H", "H", "H"], "geometry": [[0.0, 0.0, 0.0], [2.8906799044139224, -5.890135418480017e-16, -7.994618058706352e-16], [4.090002156936358, 2.6398525261429158, -6.661338147750939e-16], [3.494773814983442, 4.318328184412774, 2.2885776933983495], [4.430167759497664, 3.248457197008946, 4.8140053143202], [4.291478883621831, 5.1136823564994875, 7.029686796457409], [1.6283518554985883, 5.898615065047603, 7.813692610735553], [0.09098113968761412, 3.8559169605530776, 9.202350880400292], [0.633034176462661, 4.43068411822854, 11.977982970773487], [1.326960320702356, 7.208407611844445, 11.954466210843032], [1.4542163301940523, 8.596940960412047, 13.697868143575704], [1.8126896881883456, 7.923538977378727, 9.589706616975203], [-0.7697684251190932, 0.7991463221762917, 1.725429536940542], [-0.728358204844251, -1.910295078385659, -0.16780629230614347], [-0.7395566959983426, 1.0901777595592252, -1.5750026999750142], [3.549432854124694, -0.9937128255663361, -1.6728083252781942], [3.5748407652933634, -1.0868771256258378, 1.6026688875658186], [3.492801411747486, 3.6296812217702863, -1.700272199309022], [6.130255055095174, 2.4318180240389844, -0.14770365353403392], [1.4748243698972239, 4.675292689072498, 2.3694865210018463], [4.379159471759111, 6.148530015725711, 1.9810700447344989], [6.3941862913813505, 2.683625258772895, 4.600781738295478], [3.401994679874364, 1.5325080603343326, 5.276971120032953], [5.243180519417969, 4.302011307373723, 8.661575083560871], [5.321939028933572, 6.822012595243532, 6.551324514707935], [0.6103059051782735, 6.650890993026373, 6.213943788060509], [-1.905517084695369, 4.090967722437041, 8.805988230812837], [0.6182505092921828, 1.961123197067476, 8.646334933839247], [2.2390454764063485, 3.3800994644949833, 12.701144730336537], [-0.9378544385871842, 4.10745321974011, 13.243084550287659]], "name": "C10H18O2", "identifiers": {"molecule_hash": "f94c2958d7c99f4c521d1d791027cf813f75c01f", "molecular_formula": "C10H18O2"}, "molecular_charge": 0.0, "molecular_multiplicity": 1, "connectivity": [[0, 1, 1.0], [0, 12, 1.0], [0, 13, 1.0], [0, 14, 1.0], [1, 2, 1.0], [1, 15, 1.0], [1, 16, 1.0], [2, 3, 1.0], [2, 17, 1.0], [2, 18, 1.0], [3, 4, 1.0], [3, 19, 1.0], [3, 20, 1.0], [4, 5, 1.0], [4, 21, 1.0], [4, 22, 1.0], [5, 6, 1.0], [5, 23, 1.0], [5, 24, 1.0], [6, 7, 1.0], [6, 11, 1.0], [6, 25, 1.0], [7, 8, 1.0], [7, 26, 1.0], [7, 27, 1.0], [8, 9, 1.0], [8, 28, 1.0], [8, 29, 1.0], [9, 10, 2.0], [9, 11, 1.0]], "fix_com": true, "fix_orientation": true, "provenance": {"creator": "QCElemental", "version": "v0.22.0", "routine": "qcelemental.molparse.from_schema"}, "id": "246524"}, "charge": 0, "optimize_geometry": false, "conformers": [], "conformer_generation_options": {"n_conformer_pool": 4000, "n_max_conformers": 0, "rms_tolerance": 0.05, "energy_window": 15, "keep_original_conformer": true}, "stage_1_unrestrained_charges": null, "stage_1_restrained_charges": null, "stage_2_unrestrained_charges": null, "stage_2_restrained_charges": null, "keep_original_orientation": false, "reorientations": [], "translations": [], "rotations": []}}, {"index": 5, "molecule": {"qcmol": {"schema_name": "qcschema_molecule", "schema_version": 2, "validated": true, "symbols": ["C", "C", "C", "C", "C", "C", "C", "C", "C", "C", "O", "O", "H", "H", "H", "H", "H", "H", "H", "H", "H", "H", "H", "H", "H", "H", "H", "H", "H", "H"], "geometry": [[0.0, 0.0, 0.0], [2.8906799044139224, -5.890135418480017e-16, -7.994618058706352e-16], [4.090002156936358, 2.6398525261429158, -6.661338147750939e-16], [3.494773814983442, 4.318328184412774, 2.2885776933983495], [4.430167759497664, 3.248457197008946, 4.8140053143202], [4.291478883621831, 5.1136823564994875, 7.029686796457409], [1.6283518554985883, 5.898615065047603, 7.813692610735553], [0.09098113968761412, 3.8559169605530776, 9.202350880400292], [0.633034176462661, 4.43068411822854, 11.977982970773487], [1.326960320702356, 7.208407611844445, 11.954466210843032], [1.4542163301940523, 8.596940960412047, 13.697868143575704], [1.8126896881883456, 7.923538977378727, 9.589706616975203], [-0.7697684251190932, 0.7991463221762917, 1.725429536940542], [-0.728358204844251, -1.910295078385659, -0.16780629230614347], [-0.7395566959983426, 1.0901777595592252, -1.5750026999750142], [3.549432854124694, -0.9937128255663361, -1.6728083252781942], [3.5748407652933634, -1.0868771256258378, 1.6026688875658186], [3.492801411747486, 3.6296812217702863, -1.700272199309022], [6.130255055095174, 2.4318180240389844, -0.14770365353403392], [1.4748243698972239, 4.675292689072498, 2.3694865210018463], [4.379159471759111, 6.148530015725711, 1.9810700447344989], [6.3941862913813505, 2.683625258772895, 4.600781738295478], [3.401994679874364, 1.5325080603343326, 5.276971120032953], [5.243180519417969, 4.302011307373723, 8.661575083560871], [5.321939028933572, 6.822012595243532, 6.551324514707935], [0.6103059051782735, 6.650890993026373, 6.213943788060509], [-1.905517084695369, 4.090967722437041, 8.805988230812837], [0.6182505092921828, 1.961123197067476, 8.646334933839247], [2.2390454764063485, 3.3800994644949833, 12.701144730336537], [-0.9378544385871842, 4.10745321974011, 13.243084550287659]], "name": "C10H18O2", "identifiers": {"molecule_hash": "f94c2958d7c99f4c521d1d791027cf813f75c01f", "molecular_formula": "C10H18O2"}, "molecular_charge": 0.0, "molecular_multiplicity": 1, "connectivity": [[0, 1, 1.0], [0, 12, 1.0], [0, 13, 1.0], [0, 14, 1.0], [1, 2, 1.0], [1, 15, 1.0], [1, 16, 1.0], [2, 3, 1.0], [2, 17, 1.0], [2, 18, 1.0], [3, 4, 1.0], [3, 19, 1.0], [3, 20, 1.0], [4, 5, 1.0], [4, 21, 1.0], [4, 22, 1.0], [5, 6, 1.0], [5, 23, 1.0], [5, 24, 1.0], [6, 7, 1.0], [6, 11, 1.0], [6, 25, 1.0], [7, 8, 1.0], [7, 26, 1.0], [7, 27, 1.0], [8, 9, 1.0], [8, 28, 1.0], [8, 29, 1.0], [9, 10, 2.0], [9, 11, 1.0]], "fix_com": true, "fix_orientation": true, "provenance": {"creator": "QCElemental", "version": "v0.22.0", "routine": "qcelemental.molparse.from_schema"}, "id": "246524"}, "charge": 0, "optimize_geometry": false, "conformers": [], "conformer_generation_options": {"n_conformer_pool": 4000, "n_max_conformers": 0, "rms_tolerance": 0.05, "energy_window": 15, "keep_original_conformer": true}, "stage_1_unrestrained_charges": null, "stage_1_restrained_charges": null, "stage_2_unrestrained_charges": null, "stage_2_restrained_charges": null, "keep_original_orientation": false, "reorientations": [], "translations": [], "rotations": []}}, {"index": 7, "molecule": {"qcmol": {"schema_name": "qcschema_molecule", "schema_version": 2, "validated": true, "symbols": ["C", "C", "C", "C", "C", "C", "C", "C", "C", "C", "O", "O", "H", "H", "H", "H", "H", "H", "H", "H", "H", "H", "H", "H", "H", "H", "H", "H", "H", "H"], "geometry": [[0.0, 0.0, 0.0], [2.8906799044139224, -5.890135418480017e-16, -7.994618058706352e-16], [4.090002156936358, 2.6398525261429158, -6.661338147750939e-16], [3.494773814983442, 4.318328184412774, 2.2885776933983495], [4.430167759497664, 3.248457197008946, 4.8140053143202], [4.291478883621831, 5.1136823564994875, 7.029686796457409], [1.6283518554985883, 5.898615065047603, 7.813692610735553], [0.09098113968761412, 3.8559169605530776, 9.202350880400292], [0.633034176462661, 4.43068411822854, 11.977982970773487], [1.326960320702356, 7.208407611844445, 11.954466210843032], [1.4542163301940523, 8.596940960412047, 13.697868143575704], [1.8126896881883456, 7.923538977378727, 9.589706616975203], [-0.7697684251190932, 0.7991463221762917, 1.725429536940542], [-0.728358204844251, -1.910295078385659, -0.16780629230614347], [-0.7395566959983426, 1.0901777595592252, -1.5750026999750142], [3.549432854124694, -0.9937128255663361, -1.6728083252781942], [3.5748407652933634, -1.0868771256258378, 1.6026688875658186], [3.492801411747486, 3.6296812217702863, -1.700272199309022], [6.130255055095174, 2.4318180240389844, -0.14770365353403392], [1.4748243698972239, 4.675292689072498, 2.3694865210018463], [4.379159471759111, 6.148530015725711, 1.9810700447344989], [6.3941862913813505, 2.683625258772895, 4.600781738295478], [3.401994679874364, 1.5325080603343326, 5.276971120032953], [5.243180519417969, 4.302011307373723, 8.661575083560871], [5.321939028933572, 6.822012595243532, 6.551324514707935], [0.6103059051782735, 6.650890993026373, 6.213943788060509], [-1.905517084695369, 4.090967722437041, 8.805988230812837], [0.6182505092921828, 1.961123197067476, 8.646334933839247], [2.2390454764063485, 3.3800994644949833, 12.701144730336537], [-0.9378544385871842, 4.10745321974011, 13.243084550287659]], "name": "C10H18O2", "identifiers": {"molecule_hash": "f94c2958d7c99f4c521d1d791027cf813f75c01f", "molecular_formula": "C10H18O2"}, "molecular_charge": 0.0, "molecular_multiplicity": 1, "connectivity": [[0, 1, 1.0], [0, 12, 1.0], [0, 13, 1.0], [0, 14, 1.0], [1, 2, 1.0], [1, 15, 1.0], [1, 16, 1.0], [2, 3, 1.0], [2, 17, 1.0], [2, 18, 1.0], [3, 4, 1.0], [3, 19, 1.0], [3, 20, 1.0], [4, 5, 1.0], [4, 21, 1.0], [4, 22, 1.0], [5, 6, 1.0], [5, 23, 1.0], [5, 24, 1.0], [6, 7, 1.0], [6, 11, 1.0], [6, 25, 1.0], [7, 8, 1.0], [7, 26, 1.0], [7, 27, 1.0], [8, 9, 1.0], [8, 28, 1.0], [8, 29, 1.0], [9, 10, 2.0], [9, 11, 1.0]], "fix_com": true, "fix_orientation": true, "provenance": {"creator": "QCElemental", "version": "v0.22.0", "routine": "qcelemental.molparse.from_schema"}, "id": "246524"}, "charge": 0, "optimize_geometry": false, "conformers": [], "conformer_generation_options": {"n_conformer_pool": 4000, "n_max_conformers": 0, "rms_tolerance": 0.05, "energy_window": 15, "keep_original_conformer": true}, "stage_1_unrestrained_charges": null, "stage_1_restrained_charges": null, "stage_2_unrestrained_charges": null, "stage_2_restrained_charges": null, "keep_original_orientation": false, "reorientations": [], "translations": [], "rotations": []}}, {"index": 8, "molecule": {"qcmol": {"schema_name": "qcschema_molecule", "schema_version": 2, "validated": true, "symbols": ["C", "C", "C", "C", "C", "C", "C", "C", "C", "C", "O", "O", "H", "H", "H", "H", "H", "H", "H", "H", "H", "H", "H", "H", "H", "H", "H", "H", "H", "H"], "geometry": [[0.0, 0.0, 0.0], [2.8906799044139224, -5.890135418480017e-16, -7.994618058706352e-16], [4.090002156936358, 2.6398525261429158, -6.661338147750939e-16], [3.494773814983442, 4.318328184412774, 2.2885776933983495], [4.430167759497664, 3.248457197008946, 4.8140053143202], [4.291478883621831, 5.1136823564994875, 7.029686796457409], [1.6283518554985883, 5.898615065047603, 7.813692610735553], [0.09098113968761412, 3.8559169605530776, 9.202350880400292], [0.633034176462661, 4.43068411822854, 11.977982970773487], [1.326960320702356, 7.208407611844445, 11.954466210843032], [1.4542163301940523, 8.596940960412047, 13.697868143575704], [1.8126896881883456, 7.923538977378727, 9.589706616975203], [-0.7697684251190932, 0.7991463221762917, 1.725429536940542], [-0.728358204844251, -1.910295078385659, -0.16780629230614347], [-0.7395566959983426, 1.0901777595592252, -1.5750026999750142], [3.549432854124694, -0.9937128255663361, -1.6728083252781942], [3.5748407652933634, -1.0868771256258378, 1.6026688875658186], [3.492801411747486, 3.6296812217702863, -1.700272199309022], [6.130255055095174, 2.4318180240389844, -0.14770365353403392], [1.4748243698972239, 4.675292689072498, 2.3694865210018463], [4.379159471759111, 6.148530015725711, 1.9810700447344989], [6.3941862913813505, 2.683625258772895, 4.600781738295478], [3.401994679874364, 1.5325080603343326, 5.276971120032953], [5.243180519417969, 4.302011307373723, 8.661575083560871], [5.321939028933572, 6.822012595243532, 6.551324514707935], [0.6103059051782735, 6.650890993026373, 6.213943788060509], [-1.905517084695369, 4.090967722437041, 8.805988230812837], [0.6182505092921828, 1.961123197067476, 8.646334933839247], [2.2390454764063485, 3.3800994644949833, 12.701144730336537], [-0.9378544385871842, 4.10745321974011, 13.243084550287659]], "name": "C10H18O2", "identifiers": {"molecule_hash": "f94c2958d7c99f4c521d1d791027cf813f75c01f", "molecular_formula": "C10H18O2"}, "molecular_charge": 0.0, "molecular_multiplicity": 1, "connectivity": [[0, 1, 1.0], [0, 12, 1.0], [0, 13, 1.0], [0, 14, 1.0], [1, 2, 1.0], [1, 15, 1.0], [1, 16, 1.0], [2, 3, 1.0], [2, 17, 1.0], [2, 18, 1.0], [3, 4, 1.0], [3, 19, 1.0], [3, 20, 1.0], [4, 5, 1.0], [4, 21, 1.0], [4, 22, 1.0], [5, 6, 1.0], [5, 23, 1.0], [5, 24, 1.0], [6, 7, 1.0], [6, 11, 1.0], [6, 25, 1.0], [7, 8, 1.0], [7, 26, 1.0], [7, 27, 1.0], [8, 9, 1.0], [8, 28, 1.0], [8, 29, 1.0], [9, 10, 2.0], [9, 11, 1.0]], "fix_com": true, "fix_orientation": true, "provenance": {"creator": "QCElemental", "version": "v0.22.0", "routine": "qcelemental.molparse.from_schema"}, "id": "246524"}, "charge": 0, "optimize_geometry": false, "conformers": [], "conformer_generation_options": {"n_conformer_pool": 4000, "n_max_conformers": 0, "rms_tolerance": 0.05, "energy_window": 15, "keep_original_conformer": true}, "stage_1_unrestrained_charges": null, "stage_1_restrained_charges": null, "stage_2_unrestrained_charges": null, "stage_2_restrained_charges": null, "keep_original_orientation": false, "reorientations": [], "translations": [], "rotations": []}}]}, "surface_constraints": {"matrix": [[1613479788353896.5, 1563932557404795.5, 1510438854059272.2, 1462416371176642.8, 1409429843871009.5, 1356633056076451.8, 1308164939797937.5, 1298194028040254.8, 1235955950221252.5, 1235005345169126.5, 1187971430683792.8, 1277275511652869.2, 1632300609495119.0, 1620651137020872.8, 1617908171312494.2, 1560335974008681.5, 1556160945731322.0, 1500281265055572.2, 1506190304710733.5, 1466018468305349.8, 1455054548839737.5, 1415238635382476.5, 1396671328149969.2, 1343813954463033.5, 1356393017100770.0, 1289181138007588.0, 1266517739922162.8, 1362534517851827.2, 1226077216929208.5, 1197729844896296.2], [1563932557404795.5, 1593969056012385.5, 1557964271943893.8, 1506580883278359.0, 1448061017574769.8, 1390708208800527.5, 1338001818955057.2, 1327511986751119.8, 1258081184644983.0, 1252756009878875.8, 1199945487844743.0, 1300553666729804.8, 1560602205875406.0, 1551846324360021.2, 1547499579702532.2, 1613848930414323.0, 1610343533352424.5, 1561108767320931.8, 1555740539140139.5, 1512186360059486.2, 1499087449582086.8, 1459632140838225.8, 1428607235748050.5, 1377737894789236.0, 1390182555243314.8, 1320425688439302.2, 1300550178899809.2, 1391867744263143.5, 1249677851227575.8, 1216219760668289.8], [1510438854059272.2, 1557964271943893.8, 1594685456962288.5, 1559262623618111.5, 1507903240499604.5, 1451536695336599.8, 1397216676722730.5, 1375384637525337.5, 1304685163443565.0, 1307778446060754.0, 1253486129720750.0, 1363679985907412.8, 1515270662176530.2, 1474834279060887.2, 1498694660393359.5, 1556671779444607.5, 1553221325442723.8, 1619590125382691.2, 1614913962450662.5, 1560841518061954.5, 1561087167056294.0, 1516212738662409.2, 1495598516713549.0, 1436843968138830.5, 1454529687201747.8, 1384086105797035.0, 1348632051465123.0, 1432352750094140.2, 1291379863122974.8, 1261111645766876.8], [1462416371176642.8, 1506580883278359.0, 1559262623618111.5, 1595419521198482.8, 1559480210319121.0, 1506095410091041.0, 1455580803640894.5, 1419526492979835.5, 1354378748255815.2, 1365902138884429.8, 1311013749528503.2, 1428645297696326.8, 1477982926543592.0, 1416386435993472.0, 1453575558822187.5, 1497933069817961.0, 1496168620828519.2, 1561620849696497.2, 1558520107974808.2, 1618019479940144.8, 1620026370948710.2, 1557159062462918.0, 1566436743525754.5, 1496515727063361.5, 1502750171389200.0, 1451057520206635.8, 1397688230994665.2, 1458055781127365.5, 1336330826441188.8, 1313801153627879.5], [1409429843871009.5, 1448061017574769.8, 1507903240499604.5, 1559480210319121.0, 1593768611696236.2, 1557016303240863.5, 1500842006487482.8, 1457079728000027.0, 1392612031408844.5, 1405022728950265.2, 1346765207718362.5, 1471946142710276.2, 1430879755609177.2, 1365567112344373.8, 1397088363052548.8, 1436907113048533.0, 1431702649127766.5, 1512624507864072.0, 1500065808147928.8, 1560414355930872.5, 1562778761866214.0, 1614101848229136.8, 1620662995899491.8, 1560467962954743.0, 1557927856944682.0, 1498984060396230.2, 1433346159172291.2, 1491114158636284.8, 1375247377457417.2, 1351689687260666.2], [1356633056076451.8, 1390708208800527.5, 1451536695336599.8, 1506095410091041.0, 1557016303240863.5, 1590104840508514.0, 1548541491663192.5, 1505135233581185.0, 1445089836392219.8, 1456405208511196.5, 1396340441649174.8, 1521847472169803.2, 1381752310003139.5, 1320202037471546.0, 1336943230888671.8, 1384971086424553.8, 1365830511931304.8, 1459327349836656.8, 1440483711699311.8, 1498589009468784.5, 1508729493826757.2, 1558507408941909.0, 1561470543424637.0, 1614609896392088.5, 1614497294081833.0, 1554617436357279.0, 1488174886388429.0, 1528818057200862.2, 1431261572635247.2, 1403902035590893.5], [1308164939797937.5, 1338001818955057.2, 1397216676722730.5, 1455580803640894.5, 1500842006487482.8, 1548541491663192.5, 1572660147820653.2, 1548682884017961.2, 1505098667587414.8, 1513388457984024.5, 1459997402862539.2, 1560809175931717.2, 1338983248756123.2, 1273335996749838.2, 1284818872510906.2, 1331525599874571.5, 1311987130041755.8, 1406528226011088.0, 1381427008460538.8, 1458330713321650.5, 1455772188589330.5, 1484627088141135.5, 1507641673203090.8, 1552686214081699.8, 1554173186088387.2, 1604094369236321.2, 1549341778272899.8, 1555357642598156.2, 1487894654501197.2, 1478416121941688.5], [1298194028040254.8, 1327511986751119.8, 1375384637525337.5, 1419526492979835.5, 1457079728000027.0, 1505135233581185.0, 1548682884017961.2, 1597544009751160.0, 1558449516807608.0, 1512733303033848.5, 1453972522781865.8, 1518853930208567.8, 1332596813211086.5, 1267266030367627.8, 1267920063644636.0, 1329315951419060.8, 1301350579685778.0, 1395641217479303.5, 1349026925764778.0, 1422956160255896.0, 1412859699252276.0, 1440554418024382.8, 1457136286361179.2, 1503023020079189.5, 1502243596763224.2, 1555010093181937.0, 1618831343463567.0, 1628153150911606.8, 1556648098265653.0, 1550644056981388.8], [1235955950221252.5, 1258081184644983.0, 1304685163443565.0, 1354378748255815.2, 1392612031408844.5, 1445089836392219.8, 1505098667587414.8, 1558449516807608.0, 1593855831885337.0, 1556717612636880.0, 1530119992868786.0, 1519228574398829.8, 1272630007900611.0, 1205991168136043.0, 1207996504265064.8, 1255586497683578.2, 1232598282526568.2, 1317921995626121.8, 1280770170186884.0, 1359798327239019.0, 1350141830972741.5, 1367554061848515.0, 1399040535788525.2, 1445593669326110.8, 1432499057049355.8, 1492751604358421.2, 1553476384525061.8, 1566976410853097.2, 1616325783418603.0, 1610139076053325.2], [1235005345169126.5, 1252756009878875.8, 1307778446060754.0, 1365902138884429.8, 1405022728950265.2, 1456405208511196.5, 1513388457984024.5, 1512733303033848.5, 1556717612636880.0, 1596292995286018.8, 1604030236276587.0, 1576812642250914.2, 1272258550931130.8, 1203091748020972.0, 1211727046854642.8, 1241522424048638.8, 1226092994742521.2, 1311976810786651.5, 1294234549929907.5, 1373606419279663.5, 1365858005938835.0, 1371582781719364.2, 1422168945180557.5, 1457929193226297.8, 1444008404490254.5, 1502925824375912.5, 1484390502373063.0, 1505420242044480.8, 1558038073460643.2, 1551976727898034.2], [1187971430683792.8, 1199945487844743.0, 1253486129720750.0, 1311013749528503.2, 1346765207718362.5, 1396340441649174.8, 1459997402862539.2, 1453972522781865.8, 1530119992868786.0, 1604030236276587.0, 1661983786266192.5, 1558278197840044.5, 1225370018409714.0, 1158758179630296.2, 1166640192395342.0, 1185735633601024.8, 1173564778263790.2, 1253676322646675.2, 1243768532939546.8, 1320874371730319.5, 1311388576558995.0, 1308071682768846.8, 1368613327697482.2, 1396017054289368.8, 1379311646503198.0, 1436625400006495.5, 1411644090135642.5, 1437802796975175.8, 1531649319251815.5, 1527369831365302.2], [1277275511652869.2, 1300553666729804.8, 1363679985907412.8, 1428645297696326.8, 1471946142710276.2, 1521847472169803.2, 1560809175931717.2, 1518853930208567.8, 1519228574398829.8, 1576812642250914.2, 1558278197840044.5, 1614798834362575.2, 1312107404850549.5, 1241438450746805.8, 1255924844640820.8, 1287207859524858.2, 1273683617749298.0, 1365097555969310.8, 1354577291471081.0, 1435050530594865.0, 1432424385335114.5, 1441258542911044.0, 1490679687321177.5, 1525648012046336.5, 1518346603164340.2, 1571932022477456.0, 1493413254644263.8, 1511178902204532.5, 1501087240564519.8, 1492880483974690.8], [1632300609495119.0, 1560602205875406.0, 1515270662176530.2, 1477982926543592.0, 1430879755609177.2, 1381752310003139.5, 1338983248756123.2, 1332596813211086.5, 1272630007900611.0, 1272258550931130.8, 1225370018409714.0, 1312107404850549.5, 1712375969663672.5, 1617865068835369.0, 1616361792345335.5, 1542801085285135.2, 1542964164407378.0, 1508700399781321.0, 1503395342309962.2, 1484413160962883.8, 1471062661483629.5, 1434564671298008.5, 1421393353821542.2, 1371405573886717.0, 1376255363495404.2, 1318317367933680.5, 1296323766692852.2, 1402449537183909.5, 1263478982762719.0, 1233929773339410.2], [1620651137020872.8, 1551846324360021.2, 1474834279060887.2, 1416386435993472.0, 1365567112344373.8, 1320202037471546.0, 1273335996749838.2, 1267266030367627.8, 1205991168136043.0, 1203091748020972.0, 1158758179630296.2, 1241438450746805.8, 1617865068835369.0, 1687951297890211.8, 1602603788665147.0, 1558745114223529.5, 1538520139618833.2, 1458528073381171.5, 1469684724532246.0, 1409214986489072.5, 1409779725039319.8, 1373009726736143.0, 1346649200469212.2, 1308232874283258.8, 1324587257810153.8, 1253360380293077.2, 1236971184398499.5, 1331975431093048.5, 1197847335677097.2, 1168809658470568.8], [1617908171312494.2, 1547499579702532.2, 1498694660393359.5, 1453575558822187.5, 1397088363052548.8, 1336943230888671.8, 1284818872510906.2, 1267920063644636.0, 1207996504265064.8, 1211727046854642.8, 1166640192395342.0, 1255924844640820.8, 1616361792345335.5, 1602603788665147.0, 1683307248773780.8, 1528249352452426.5, 1535345862397234.5, 1481990527588885.8, 1501541847228153.2, 1463578667338063.0, 1445561765305020.2, 1399444129614523.2, 1391849438518732.8, 1320753259393256.2, 1337611203658749.0, 1267787268271247.5, 1236622763378175.2, 1325710621708157.0, 1194071645528335.2, 1172537614267651.5], [1560335974008681.5, 1613848930414323.0, 1556671779444607.5, 1497933069817961.0, 1436907113048533.0, 1384971086424553.8, 1331525599874571.5, 1329315951419060.8, 1255586497683578.2, 1241522424048638.8, 1185735633601024.8, 1287207859524858.2, 1542801085285135.2, 1558745114223529.5, 1528249352452426.5, 1692330715183563.0, 1608353906682947.5, 1564862662588082.8, 1538437182466357.0, 1499530548132756.0, 1490907154585910.2, 1454899312035883.2, 1404401383166196.8, 1372337089679828.0, 1388138134166410.8, 1311461369909822.5, 1307274125624959.5, 1397558855274437.0, 1249779610538737.2, 1214076579203750.8], [1556160945731322.0, 1610343533352424.5, 1553221325442723.8, 1496168620828519.2, 1431702649127766.5, 1365830511931304.8, 13