{"resp_b": 0.1, "restrained_fit": true, "exclude_hydrogens": true, "convergence_tolerance": 1e-06, "max_iter": 500, "resp_a": 0.0005, "charge_constraints": {"charge_sum_constraints": [], "charge_equivalence_constraints": [], "molecules": [{"qcmol": {"schema_name": "qcschema_molecule", "schema_version": 2, "validated": true, "symbols": ["C", "C", "C", "C", "C", "C", "C", "C", "C", "C", "O", "O", "H", "H", "H", "H", "H", "H", "H", "H", "H", "H", "H", "H", "H", "H", "H", "H", "H", "H"], "geometry": [[0.0, 0.0, 0.0], [2.8906799044139224, -5.890135418480017e-16, -7.994618058706352e-16], [4.090002156936358, 2.6398525261429158, -6.661338147750939e-16], [3.494773814983442, 4.318328184412774, 2.2885776933983495], [4.430167759497664, 3.248457197008946, 4.8140053143202], [4.291478883621831, 5.1136823564994875, 7.029686796457409], [1.6283518554985883, 5.898615065047603, 7.813692610735553], [0.09098113968761412, 3.8559169605530776, 9.202350880400292], [0.633034176462661, 4.43068411822854, 11.977982970773487], [1.326960320702356, 7.208407611844445, 11.954466210843032], [1.4542163301940523, 8.596940960412047, 13.697868143575704], [1.8126896881883456, 7.923538977378727, 9.589706616975203], [-0.7697684251190932, 0.7991463221762917, 1.725429536940542], [-0.728358204844251, -1.910295078385659, -0.16780629230614347], [-0.7395566959983426, 1.0901777595592252, -1.5750026999750142], [3.549432854124694, -0.9937128255663361, -1.6728083252781942], [3.5748407652933634, -1.0868771256258378, 1.6026688875658186], [3.492801411747486, 3.6296812217702863, -1.700272199309022], [6.130255055095174, 2.4318180240389844, -0.14770365353403392], [1.4748243698972239, 4.675292689072498, 2.3694865210018463], [4.379159471759111, 6.148530015725711, 1.9810700447344989], [6.3941862913813505, 2.683625258772895, 4.600781738295478], [3.401994679874364, 1.5325080603343326, 5.276971120032953], [5.243180519417969, 4.302011307373723, 8.661575083560871], [5.321939028933572, 6.822012595243532, 6.551324514707935], [0.6103059051782735, 6.650890993026373, 6.213943788060509], [-1.905517084695369, 4.090967722437041, 8.805988230812837], [0.6182505092921828, 1.961123197067476, 8.646334933839247], [2.2390454764063485, 3.3800994644949833, 12.701144730336537], [-0.9378544385871842, 4.10745321974011, 13.243084550287659]], "name": "C10H18O2", "identifiers": {"molecule_hash": "f94c2958d7c99f4c521d1d791027cf813f75c01f", "molecular_formula": "C10H18O2"}, "molecular_charge": 0.0, "molecular_multiplicity": 1, "connectivity": [[0, 1, 1.0], [0, 12, 1.0], [0, 13, 1.0], [0, 14, 1.0], [1, 2, 1.0], [1, 15, 1.0], [1, 16, 1.0], [2, 3, 1.0], [2, 17, 1.0], [2, 18, 1.0], [3, 4, 1.0], [3, 19, 1.0], [3, 20, 1.0], [4, 5, 1.0], [4, 21, 1.0], [4, 22, 1.0], [5, 6, 1.0], [5, 23, 1.0], [5, 24, 1.0], [6, 7, 1.0], [6, 11, 1.0], [6, 25, 1.0], [7, 8, 1.0], [7, 26, 1.0], [7, 27, 1.0], [8, 9, 1.0], [8, 28, 1.0], [8, 29, 1.0], [9, 10, 2.0], [9, 11, 1.0]], "fix_com": true, "fix_orientation": true, "provenance": {"creator": "QCElemental", "version": "v0.22.0", "routine": "qcelemental.molparse.from_schema"}, "id": "246524"}, "charge": 0, "optimize_geometry": false, "conformers": [], "conformer_generation_options": {"n_conformer_pool": 4000, "n_max_conformers": 0, "rms_tolerance": 0.05, "energy_window": 15, "keep_original_conformer": true}, "stage_1_unrestrained_charges": null, "stage_1_restrained_charges": null, "stage_2_unrestrained_charges": null, "stage_2_restrained_charges": null, "keep_original_orientation": false, "reorientations": [], "translations": [], "rotations": []}], "unconstrained_atoms": [{"index": 0, "molecule": {"qcmol": {"schema_name": "qcschema_molecule", "schema_version": 2, "validated": true, "symbols": ["C", "C", "C", "C", "C", "C", "C", "C", "C", "C", "O", "O", "H", "H", "H", "H", "H", "H", "H", "H", "H", "H", "H", "H", "H", "H", "H", "H", "H", "H"], "geometry": [[0.0, 0.0, 0.0], [2.8906799044139224, -5.890135418480017e-16, -7.994618058706352e-16], [4.090002156936358, 2.6398525261429158, -6.661338147750939e-16], [3.494773814983442, 4.318328184412774, 2.2885776933983495], [4.430167759497664, 3.248457197008946, 4.8140053143202], [4.291478883621831, 5.1136823564994875, 7.029686796457409], [1.6283518554985883, 5.898615065047603, 7.813692610735553], [0.09098113968761412, 3.8559169605530776, 9.202350880400292], [0.633034176462661, 4.43068411822854, 11.977982970773487], [1.326960320702356, 7.208407611844445, 11.954466210843032], [1.4542163301940523, 8.596940960412047, 13.697868143575704], [1.8126896881883456, 7.923538977378727, 9.589706616975203], [-0.7697684251190932, 0.7991463221762917, 1.725429536940542], [-0.728358204844251, -1.910295078385659, -0.16780629230614347], [-0.7395566959983426, 1.0901777595592252, -1.5750026999750142], [3.549432854124694, -0.9937128255663361, -1.6728083252781942], [3.5748407652933634, -1.0868771256258378, 1.6026688875658186], [3.492801411747486, 3.6296812217702863, -1.700272199309022], [6.130255055095174, 2.4318180240389844, -0.14770365353403392], [1.4748243698972239, 4.675292689072498, 2.3694865210018463], [4.379159471759111, 6.148530015725711, 1.9810700447344989], [6.3941862913813505, 2.683625258772895, 4.600781738295478], [3.401994679874364, 1.5325080603343326, 5.276971120032953], [5.243180519417969, 4.302011307373723, 8.661575083560871], [5.321939028933572, 6.822012595243532, 6.551324514707935], [0.6103059051782735, 6.650890993026373, 6.213943788060509], [-1.905517084695369, 4.090967722437041, 8.805988230812837], [0.6182505092921828, 1.961123197067476, 8.646334933839247], [2.2390454764063485, 3.3800994644949833, 12.701144730336537], [-0.9378544385871842, 4.10745321974011, 13.243084550287659]], "name": "C10H18O2", "identifiers": {"molecule_hash": "f94c2958d7c99f4c521d1d791027cf813f75c01f", "molecular_formula": "C10H18O2"}, "molecular_charge": 0.0, "molecular_multiplicity": 1, "connectivity": [[0, 1, 1.0], [0, 12, 1.0], [0, 13, 1.0], [0, 14, 1.0], [1, 2, 1.0], [1, 15, 1.0], [1, 16, 1.0], [2, 3, 1.0], [2, 17, 1.0], [2, 18, 1.0], [3, 4, 1.0], [3, 19, 1.0], [3, 20, 1.0], [4, 5, 1.0], [4, 21, 1.0], [4, 22, 1.0], [5, 6, 1.0], [5, 23, 1.0], [5, 24, 1.0], [6, 7, 1.0], [6, 11, 1.0], [6, 25, 1.0], [7, 8, 1.0], [7, 26, 1.0], [7, 27, 1.0], [8, 9, 1.0], [8, 28, 1.0], [8, 29, 1.0], [9, 10, 2.0], [9, 11, 1.0]], "fix_com": true, "fix_orientation": true, "provenance": {"creator": "QCElemental", "version": "v0.22.0", "routine": "qcelemental.molparse.from_schema"}, "id": "246524"}, "charge": 0, "optimize_geometry": false, "conformers": [], "conformer_generation_options": {"n_conformer_pool": 4000, "n_max_conformers": 0, "rms_tolerance": 0.05, "energy_window": 15, "keep_original_conformer": true}, "stage_1_unrestrained_charges": null, "stage_1_restrained_charges": null, "stage_2_unrestrained_charges": null, "stage_2_restrained_charges": null, "keep_original_orientation": false, "reorientations": [], "translations": [], "rotations": []}}, {"index": 1, "molecule": {"qcmol": {"schema_name": "qcschema_molecule", "schema_version": 2, "validated": true, "symbols": ["C", "C", "C", "C", "C", "C", "C", "C", "C", "C", "O", "O", "H", "H", "H", "H", "H", "H", "H", "H", "H", "H", "H", "H", "H", "H", "H", "H", "H", "H"], "geometry": [[0.0, 0.0, 0.0], [2.8906799044139224, -5.890135418480017e-16, -7.994618058706352e-16], [4.090002156936358, 2.6398525261429158, -6.661338147750939e-16], [3.494773814983442, 4.318328184412774, 2.2885776933983495], [4.430167759497664, 3.248457197008946, 4.8140053143202], [4.291478883621831, 5.1136823564994875, 7.029686796457409], [1.6283518554985883, 5.898615065047603, 7.813692610735553], [0.09098113968761412, 3.8559169605530776, 9.202350880400292], [0.633034176462661, 4.43068411822854, 11.977982970773487], [1.326960320702356, 7.208407611844445, 11.954466210843032], [1.4542163301940523, 8.596940960412047, 13.697868143575704], [1.8126896881883456, 7.923538977378727, 9.589706616975203], [-0.7697684251190932, 0.7991463221762917, 1.725429536940542], [-0.728358204844251, -1.910295078385659, -0.16780629230614347], [-0.7395566959983426, 1.0901777595592252, -1.5750026999750142], [3.549432854124694, -0.9937128255663361, -1.6728083252781942], [3.5748407652933634, -1.0868771256258378, 1.6026688875658186], [3.492801411747486, 3.6296812217702863, -1.700272199309022], [6.130255055095174, 2.4318180240389844, -0.14770365353403392], [1.4748243698972239, 4.675292689072498, 2.3694865210018463], [4.379159471759111, 6.148530015725711, 1.9810700447344989], [6.3941862913813505, 2.683625258772895, 4.600781738295478], [3.401994679874364, 1.5325080603343326, 5.276971120032953], [5.243180519417969, 4.302011307373723, 8.661575083560871], [5.321939028933572, 6.822012595243532, 6.551324514707935], [0.6103059051782735, 6.650890993026373, 6.213943788060509], [-1.905517084695369, 4.090967722437041, 8.805988230812837], [0.6182505092921828, 1.961123197067476, 8.646334933839247], [2.2390454764063485, 3.3800994644949833, 12.701144730336537], [-0.9378544385871842, 4.10745321974011, 13.243084550287659]], "name": "C10H18O2", "identifiers": {"molecule_hash": "f94c2958d7c99f4c521d1d791027cf813f75c01f", "molecular_formula": "C10H18O2"}, "molecular_charge": 0.0, "molecular_multiplicity": 1, "connectivity": [[0, 1, 1.0], [0, 12, 1.0], [0, 13, 1.0], [0, 14, 1.0], [1, 2, 1.0], [1, 15, 1.0], [1, 16, 1.0], [2, 3, 1.0], [2, 17, 1.0], [2, 18, 1.0], [3, 4, 1.0], [3, 19, 1.0], [3, 20, 1.0], [4, 5, 1.0], [4, 21, 1.0], [4, 22, 1.0], [5, 6, 1.0], [5, 23, 1.0], [5, 24, 1.0], [6, 7, 1.0], [6, 11, 1.0], [6, 25, 1.0], [7, 8, 1.0], [7, 26, 1.0], [7, 27, 1.0], [8, 9, 1.0], [8, 28, 1.0], [8, 29, 1.0], [9, 10, 2.0], [9, 11, 1.0]], "fix_com": true, "fix_orientation": true, "provenance": {"creator": "QCElemental", "version": "v0.22.0", "routine": "qcelemental.molparse.from_schema"}, "id": "246524"}, "charge": 0, "optimize_geometry": false, "conformers": [], "conformer_generation_options": {"n_conformer_pool": 4000, "n_max_conformers": 0, "rms_tolerance": 0.05, "energy_window": 15, "keep_original_conformer": true}, "stage_1_unrestrained_charges": null, "stage_1_restrained_charges": null, "stage_2_unrestrained_charges": null, "stage_2_restrained_charges": null, "keep_original_orientation": false, "reorientations": [], "translations": [], "rotations": []}}, {"index": 2, "molecule": {"qcmol": {"schema_name": "qcschema_molecule", "schema_version": 2, "validated": true, "symbols": ["C", "C", "C", "C", "C", "C", "C", "C", "C", "C", "O", "O", "H", "H", "H", "H", "H", "H", "H", "H", "H", "H", "H", "H", "H", "H", "H", "H", "H", "H"], "geometry": [[0.0, 0.0, 0.0], [2.8906799044139224, -5.890135418480017e-16, -7.994618058706352e-16], [4.090002156936358, 2.6398525261429158, -6.661338147750939e-16], [3.494773814983442, 4.318328184412774, 2.2885776933983495], [4.430167759497664, 3.248457197008946, 4.8140053143202], [4.291478883621831, 5.1136823564994875, 7.029686796457409], [1.6283518554985883, 5.898615065047603, 7.813692610735553], [0.09098113968761412, 3.8559169605530776, 9.202350880400292], [0.633034176462661, 4.43068411822854, 11.977982970773487], [1.326960320702356, 7.208407611844445, 11.954466210843032], [1.4542163301940523, 8.596940960412047, 13.697868143575704], [1.8126896881883456, 7.923538977378727, 9.589706616975203], [-0.7697684251190932, 0.7991463221762917, 1.725429536940542], [-0.728358204844251, -1.910295078385659, -0.16780629230614347], [-0.7395566959983426, 1.0901777595592252, -1.5750026999750142], [3.549432854124694, -0.9937128255663361, -1.6728083252781942], [3.5748407652933634, -1.0868771256258378, 1.6026688875658186], [3.492801411747486, 3.6296812217702863, -1.700272199309022], [6.130255055095174, 2.4318180240389844, -0.14770365353403392], [1.4748243698972239, 4.675292689072498, 2.3694865210018463], [4.379159471759111, 6.148530015725711, 1.9810700447344989], [6.3941862913813505, 2.683625258772895, 4.600781738295478], [3.401994679874364, 1.5325080603343326, 5.276971120032953], [5.243180519417969, 4.302011307373723, 8.661575083560871], [5.321939028933572, 6.822012595243532, 6.551324514707935], [0.6103059051782735, 6.650890993026373, 6.213943788060509], [-1.905517084695369, 4.090967722437041, 8.805988230812837], [0.6182505092921828, 1.961123197067476, 8.646334933839247], [2.2390454764063485, 3.3800994644949833, 12.701144730336537], [-0.9378544385871842, 4.10745321974011, 13.243084550287659]], "name": "C10H18O2", "identifiers": {"molecule_hash": "f94c2958d7c99f4c521d1d791027cf813f75c01f", "molecular_formula": "C10H18O2"}, "molecular_charge": 0.0, "molecular_multiplicity": 1, "connectivity": [[0, 1, 1.0], [0, 12, 1.0], [0, 13, 1.0], [0, 14, 1.0], [1, 2, 1.0], [1, 15, 1.0], [1, 16, 1.0], [2, 3, 1.0], [2, 17, 1.0], [2, 18, 1.0], [3, 4, 1.0], [3, 19, 1.0], [3, 20, 1.0], [4, 5, 1.0], [4, 21, 1.0], [4, 22, 1.0], [5, 6, 1.0], [5, 23, 1.0], [5, 24, 1.0], [6, 7, 1.0], [6, 11, 1.0], [6, 25, 1.0], [7, 8, 1.0], [7, 26, 1.0], [7, 27, 1.0], [8, 9, 1.0], [8, 28, 1.0], [8, 29, 1.0], [9, 10, 2.0], [9, 11, 1.0]], "fix_com": true, "fix_orientation": true, "provenance": {"creator": "QCElemental", "version": "v0.22.0", "routine": "qcelemental.molparse.from_schema"}, "id": "246524"}, "charge": 0, "optimize_geometry": false, "conformers": [], "conformer_generation_options": {"n_conformer_pool": 4000, "n_max_conformers": 0, "rms_tolerance": 0.05, "energy_window": 15, "keep_original_conformer": true}, "stage_1_unrestrained_charges": null, "stage_1_restrained_charges": null, "stage_2_unrestrained_charges": null, "stage_2_restrained_charges": null, "keep_original_orientation": false, "reorientations": [], "translations": [], "rotations": []}}, {"index": 3, "molecule": {"qcmol": {"schema_name": "qcschema_molecule", "schema_version": 2, "validated": true, "symbols": ["C", "C", "C", "C", "C", "C", "C", "C", "C", "C", "O", "O", "H", "H", "H", "H", "H", "H", "H", "H", "H", "H", "H", "H", "H", "H", "H", "H", "H", "H"], "geometry": [[0.0, 0.0, 0.0], [2.8906799044139224, -5.890135418480017e-16, -7.994618058706352e-16], [4.090002156936358, 2.6398525261429158, -6.661338147750939e-16], [3.494773814983442, 4.318328184412774, 2.2885776933983495], [4.430167759497664, 3.248457197008946, 4.8140053143202], [4.291478883621831, 5.1136823564994875, 7.029686796457409], [1.6283518554985883, 5.898615065047603, 7.813692610735553], [0.09098113968761412, 3.8559169605530776, 9.202350880400292], [0.633034176462661, 4.43068411822854, 11.977982970773487], [1.326960320702356, 7.208407611844445, 11.954466210843032], [1.4542163301940523, 8.596940960412047, 13.697868143575704], [1.8126896881883456, 7.923538977378727, 9.589706616975203], [-0.7697684251190932, 0.7991463221762917, 1.725429536940542], [-0.728358204844251, -1.910295078385659, -0.16780629230614347], [-0.7395566959983426, 1.0901777595592252, -1.5750026999750142], [3.549432854124694, -0.9937128255663361, -1.6728083252781942], [3.5748407652933634, -1.0868771256258378, 1.6026688875658186], [3.492801411747486, 3.6296812217702863, -1.700272199309022], [6.130255055095174, 2.4318180240389844, -0.14770365353403392], [1.4748243698972239, 4.675292689072498, 2.3694865210018463], [4.379159471759111, 6.148530015725711, 1.9810700447344989], [6.3941862913813505, 2.683625258772895, 4.600781738295478], [3.401994679874364, 1.5325080603343326, 5.276971120032953], [5.243180519417969, 4.302011307373723, 8.661575083560871], [5.321939028933572, 6.822012595243532, 6.551324514707935], [0.6103059051782735, 6.650890993026373, 6.213943788060509], [-1.905517084695369, 4.090967722437041, 8.805988230812837], [0.6182505092921828, 1.961123197067476, 8.646334933839247], [2.2390454764063485, 3.3800994644949833, 12.701144730336537], [-0.9378544385871842, 4.10745321974011, 13.243084550287659]], "name": "C10H18O2", "identifiers": {"molecule_hash": "f94c2958d7c99f4c521d1d791027cf813f75c01f", "molecular_formula": "C10H18O2"}, "molecular_charge": 0.0, "molecular_multiplicity": 1, "connectivity": [[0, 1, 1.0], [0, 12, 1.0], [0, 13, 1.0], [0, 14, 1.0], [1, 2, 1.0], [1, 15, 1.0], [1, 16, 1.0], [2, 3, 1.0], [2, 17, 1.0], [2, 18, 1.0], [3, 4, 1.0], [3, 19, 1.0], [3, 20, 1.0], [4, 5, 1.0], [4, 21, 1.0], [4, 22, 1.0], [5, 6, 1.0], [5, 23, 1.0], [5, 24, 1.0], [6, 7, 1.0], [6, 11, 1.0], [6, 25, 1.0], [7, 8, 1.0], [7, 26, 1.0], [7, 27, 1.0], [8, 9, 1.0], [8, 28, 1.0], [8, 29, 1.0], [9, 10, 2.0], [9, 11, 1.0]], "fix_com": true, "fix_orientation": true, "provenance": {"creator": "QCElemental", "version": "v0.22.0", "routine": "qcelemental.molparse.from_schema"}, "id": "246524"}, "charge": 0, "optimize_geometry": false, "conformers": [], "conformer_generation_options": {"n_conformer_pool": 4000, "n_max_conformers": 0, "rms_tolerance": 0.05, "energy_window": 15, "keep_original_conformer": true}, "stage_1_unrestrained_charges": null, "stage_1_restrained_charges": null, "stage_2_unrestrained_charges": null, "stage_2_restrained_charges": null, "keep_original_orientation": false, "reorientations": [], "translations": [], "rotations": []}}, {"index": 4, "molecule": {"qcmol": {"schema_name": "qcschema_molecule", "schema_version": 2, "validated": true, "symbols": ["C", "C", "C", "C", "C", "C", "C", "C", "C", "C", "O", "O", "H", "H", "H", "H", "H", "H", "H", "H", "H", "H", "H", "H", "H", "H", "H", "H", "H", "H"], "geometry": [[0.0, 0.0, 0.0], [2.8906799044139224, -5.890135418480017e-16, -7.994618058706352e-16], [4.090002156936358, 2.6398525261429158, -6.661338147750939e-16], [3.494773814983442, 4.318328184412774, 2.2885776933983495], [4.430167759497664, 3.248457197008946, 4.8140053143202], [4.291478883621831, 5.1136823564994875, 7.029686796457409], [1.6283518554985883, 5.898615065047603, 7.813692610735553], [0.09098113968761412, 3.8559169605530776, 9.202350880400292], [0.633034176462661, 4.43068411822854, 11.977982970773487], [1.326960320702356, 7.208407611844445, 11.954466210843032], [1.4542163301940523, 8.596940960412047, 13.697868143575704], [1.8126896881883456, 7.923538977378727, 9.589706616975203], [-0.7697684251190932, 0.7991463221762917, 1.725429536940542], [-0.728358204844251, -1.910295078385659, -0.16780629230614347], [-0.7395566959983426, 1.0901777595592252, -1.5750026999750142], [3.549432854124694, -0.9937128255663361, -1.6728083252781942], [3.5748407652933634, -1.0868771256258378, 1.6026688875658186], [3.492801411747486, 3.6296812217702863, -1.700272199309022], [6.130255055095174, 2.4318180240389844, -0.14770365353403392], [1.4748243698972239, 4.675292689072498, 2.3694865210018463], [4.379159471759111, 6.148530015725711, 1.9810700447344989], [6.3941862913813505, 2.683625258772895, 4.600781738295478], [3.401994679874364, 1.5325080603343326, 5.276971120032953], [5.243180519417969, 4.302011307373723, 8.661575083560871], [5.321939028933572, 6.822012595243532, 6.551324514707935], [0.6103059051782735, 6.650890993026373, 6.213943788060509], [-1.905517084695369, 4.090967722437041, 8.805988230812837], [0.6182505092921828, 1.961123197067476, 8.646334933839247], [2.2390454764063485, 3.3800994644949833, 12.701144730336537], [-0.9378544385871842, 4.10745321974011, 13.243084550287659]], "name": "C10H18O2", "identifiers": {"molecule_hash": "f94c2958d7c99f4c521d1d791027cf813f75c01f", "molecular_formula": "C10H18O2"}, "molecular_charge": 0.0, "molecular_multiplicity": 1, "connectivity": [[0, 1, 1.0], [0, 12, 1.0], [0, 13, 1.0], [0, 14, 1.0], [1, 2, 1.0], [1, 15, 1.0], [1, 16, 1.0], [2, 3, 1.0], [2, 17, 1.0], [2, 18, 1.0], [3, 4, 1.0], [3, 19, 1.0], [3, 20, 1.0], [4, 5, 1.0], [4, 21, 1.0], [4, 22, 1.0], [5, 6, 1.0], [5, 23, 1.0], [5, 24, 1.0], [6, 7, 1.0], [6, 11, 1.0], [6, 25, 1.0], [7, 8, 1.0], [7, 26, 1.0], [7, 27, 1.0], [8, 9, 1.0], [8, 28, 1.0], [8, 29, 1.0], [9, 10, 2.0], [9, 11, 1.0]], "fix_com": true, "fix_orientation": true, "provenance": {"creator": "QCElemental", "version": "v0.22.0", "routine": "qcelemental.molparse.from_schema"}, "id": "246524"}, "charge": 0, "optimize_geometry": false, "conformers": [], "conformer_generation_options": {"n_conformer_pool": 4000, "n_max_conformers": 0, "rms_tolerance": 0.05, "energy_window": 15, "keep_original_conformer": true}, "stage_1_unrestrained_charges": null, "stage_1_restrained_charges": null, "stage_2_unrestrained_charges": null, "stage_2_restrained_charges": null, "keep_original_orientation": false, "reorientations": [], "translations": [], "rotations": []}}, {"index": 5, "molecule": {"qcmol": {"schema_name": "qcschema_molecule", "schema_version": 2, "validated": true, "symbols": ["C", "C", "C", "C", "C", "C", "C", "C", "C", "C", "O", "O", "H", "H", "H", "H", "H", "H", "H", "H", "H", "H", "H", "H", "H", "H", "H", "H", "H", "H"], "geometry": [[0.0, 0.0, 0.0], [2.8906799044139224, -5.890135418480017e-16, -7.994618058706352e-16], [4.090002156936358, 2.6398525261429158, -6.661338147750939e-16], [3.494773814983442, 4.318328184412774, 2.2885776933983495], [4.430167759497664, 3.248457197008946, 4.8140053143202], [4.291478883621831, 5.1136823564994875, 7.029686796457409], [1.6283518554985883, 5.898615065047603, 7.813692610735553], [0.09098113968761412, 3.8559169605530776, 9.202350880400292], [0.633034176462661, 4.43068411822854, 11.977982970773487], [1.326960320702356, 7.208407611844445, 11.954466210843032], [1.4542163301940523, 8.596940960412047, 13.697868143575704], [1.8126896881883456, 7.923538977378727, 9.589706616975203], [-0.7697684251190932, 0.7991463221762917, 1.725429536940542], [-0.728358204844251, -1.910295078385659, -0.16780629230614347], [-0.7395566959983426, 1.0901777595592252, -1.5750026999750142], [3.549432854124694, -0.9937128255663361, -1.6728083252781942], [3.5748407652933634, -1.0868771256258378, 1.6026688875658186], [3.492801411747486, 3.6296812217702863, -1.700272199309022], [6.130255055095174, 2.4318180240389844, -0.14770365353403392], [1.4748243698972239, 4.675292689072498, 2.3694865210018463], [4.379159471759111, 6.148530015725711, 1.9810700447344989], [6.3941862913813505, 2.683625258772895, 4.600781738295478], [3.401994679874364, 1.5325080603343326, 5.276971120032953], [5.243180519417969, 4.302011307373723, 8.661575083560871], [5.321939028933572, 6.822012595243532, 6.551324514707935], [0.6103059051782735, 6.650890993026373, 6.213943788060509], [-1.905517084695369, 4.090967722437041, 8.805988230812837], [0.6182505092921828, 1.961123197067476, 8.646334933839247], [2.2390454764063485, 3.3800994644949833, 12.701144730336537], [-0.9378544385871842, 4.10745321974011, 13.243084550287659]], "name": "C10H18O2", "identifiers": {"molecule_hash": "f94c2958d7c99f4c521d1d791027cf813f75c01f", "molecular_formula": "C10H18O2"}, "molecular_charge": 0.0, "molecular_multiplicity": 1, "connectivity": [[0, 1, 1.0], [0, 12, 1.0], [0, 13, 1.0], [0, 14, 1.0], [1, 2, 1.0], [1, 15, 1.0], [1, 16, 1.0], [2, 3, 1.0], [2, 17, 1.0], [2, 18, 1.0], [3, 4, 1.0], [3, 19, 1.0], [3, 20, 1.0], [4, 5, 1.0], [4, 21, 1.0], [4, 22, 1.0], [5, 6, 1.0], [5, 23, 1.0], [5, 24, 1.0], [6, 7, 1.0], [6, 11, 1.0], [6, 25, 1.0], [7, 8, 1.0], [7, 26, 1.0], [7, 27, 1.0], [8, 9, 1.0], [8, 28, 1.0], [8, 29, 1.0], [9, 10, 2.0], [9, 11, 1.0]], "fix_com": true, "fix_orientation": true, "provenance": {"creator": "QCElemental", "version": "v0.22.0", "routine": "qcelemental.molparse.from_schema"}, "id": "246524"}, "charge": 0, "optimize_geometry": false, "conformers": [], "conformer_generation_options": {"n_conformer_pool": 4000, "n_max_conformers": 0, "rms_tolerance": 0.05, "energy_window": 15, "keep_original_conformer": true}, "stage_1_unrestrained_charges": null, "stage_1_restrained_charges": null, "stage_2_unrestrained_charges": null, "stage_2_restrained_charges": null, "keep_original_orientation": false, "reorientations": [], "translations": [], "rotations": []}}, {"index": 7, "molecule": {"qcmol": {"schema_name": "qcschema_molecule", "schema_version": 2, "validated": true, "symbols": ["C", "C", "C", "C", "C", "C", "C", "C", "C", "C", "O", "O", "H", "H", "H", "H", "H", "H", "H", "H", "H", "H", "H", "H", "H", "H", "H", "H", "H", "H"], "geometry": [[0.0, 0.0, 0.0], [2.8906799044139224, -5.890135418480017e-16, -7.994618058706352e-16], [4.090002156936358, 2.6398525261429158, -6.661338147750939e-16], [3.494773814983442, 4.318328184412774, 2.2885776933983495], [4.430167759497664, 3.248457197008946, 4.8140053143202], [4.291478883621831, 5.1136823564994875, 7.029686796457409], [1.6283518554985883, 5.898615065047603, 7.813692610735553], [0.09098113968761412, 3.8559169605530776, 9.202350880400292], [0.633034176462661, 4.43068411822854, 11.977982970773487], [1.326960320702356, 7.208407611844445, 11.954466210843032], [1.4542163301940523, 8.596940960412047, 13.697868143575704], [1.8126896881883456, 7.923538977378727, 9.589706616975203], [-0.7697684251190932, 0.7991463221762917, 1.725429536940542], [-0.728358204844251, -1.910295078385659, -0.16780629230614347], [-0.7395566959983426, 1.0901777595592252, -1.5750026999750142], [3.549432854124694, -0.9937128255663361, -1.6728083252781942], [3.5748407652933634, -1.0868771256258378, 1.6026688875658186], [3.492801411747486, 3.6296812217702863, -1.700272199309022], [6.130255055095174, 2.4318180240389844, -0.14770365353403392], [1.4748243698972239, 4.675292689072498, 2.3694865210018463], [4.379159471759111, 6.148530015725711, 1.9810700447344989], [6.3941862913813505, 2.683625258772895, 4.600781738295478], [3.401994679874364, 1.5325080603343326, 5.276971120032953], [5.243180519417969, 4.302011307373723, 8.661575083560871], [5.321939028933572, 6.822012595243532, 6.551324514707935], [0.6103059051782735, 6.650890993026373, 6.213943788060509], [-1.905517084695369, 4.090967722437041, 8.805988230812837], [0.6182505092921828, 1.961123197067476, 8.646334933839247], [2.2390454764063485, 3.3800994644949833, 12.701144730336537], [-0.9378544385871842, 4.10745321974011, 13.243084550287659]], "name": "C10H18O2", "identifiers": {"molecule_hash": "f94c2958d7c99f4c521d1d791027cf813f75c01f", "molecular_formula": "C10H18O2"}, "molecular_charge": 0.0, "molecular_multiplicity": 1, "connectivity": [[0, 1, 1.0], [0, 12, 1.0], [0, 13, 1.0], [0, 14, 1.0], [1, 2, 1.0], [1, 15, 1.0], [1, 16, 1.0], [2, 3, 1.0], [2, 17, 1.0], [2, 18, 1.0], [3, 4, 1.0], [3, 19, 1.0], [3, 20, 1.0], [4, 5, 1.0], [4, 21, 1.0], [4, 22, 1.0], [5, 6, 1.0], [5, 23, 1.0], [5, 24, 1.0], [6, 7, 1.0], [6, 11, 1.0], [6, 25, 1.0], [7, 8, 1.0], [7, 26, 1.0], [7, 27, 1.0], [8, 9, 1.0], [8, 28, 1.0], [8, 29, 1.0], [9, 10, 2.0], [9, 11, 1.0]], "fix_com": true, "fix_orientation": true, "provenance": {"creator": "QCElemental", "version": "v0.22.0", "routine": "qcelemental.molparse.from_schema"}, "id": "246524"}, "charge": 0, "optimize_geometry": false, "conformers": [], "conformer_generation_options": {"n_conformer_pool": 4000, "n_max_conformers": 0, "rms_tolerance": 0.05, "energy_window": 15, "keep_original_conformer": true}, "stage_1_unrestrained_charges": null, "stage_1_restrained_charges": null, "stage_2_unrestrained_charges": null, "stage_2_restrained_charges": null, "keep_original_orientation": false, "reorientations": [], "translations": [], "rotations": []}}, {"index": 8, "molecule": {"qcmol": {"schema_name": "qcschema_molecule", "schema_version": 2, "validated": true, "symbols": ["C", "C", "C", "C", "C", "C", "C", "C", "C", "C", "O", "O", "H", "H", "H", "H", "H", "H", "H", "H", "H", "H", "H", "H", "H", "H", "H", "H", "H", "H"], "geometry": [[0.0, 0.0, 0.0], [2.8906799044139224, -5.890135418480017e-16, -7.994618058706352e-16], [4.090002156936358, 2.6398525261429158, -6.661338147750939e-16], [3.494773814983442, 4.318328184412774, 2.2885776933983495], [4.430167759497664, 3.248457197008946, 4.8140053143202], [4.291478883621831, 5.1136823564994875, 7.029686796457409], [1.6283518554985883, 5.898615065047603, 7.813692610735553], [0.09098113968761412, 3.8559169605530776, 9.202350880400292], [0.633034176462661, 4.43068411822854, 11.977982970773487], [1.326960320702356, 7.208407611844445, 11.954466210843032], [1.4542163301940523, 8.596940960412047, 13.697868143575704], [1.8126896881883456, 7.923538977378727, 9.589706616975203], [-0.7697684251190932, 0.7991463221762917, 1.725429536940542], [-0.728358204844251, -1.910295078385659, -0.16780629230614347], [-0.7395566959983426, 1.0901777595592252, -1.5750026999750142], [3.549432854124694, -0.9937128255663361, -1.6728083252781942], [3.5748407652933634, -1.0868771256258378, 1.6026688875658186], [3.492801411747486, 3.6296812217702863, -1.700272199309022], [6.130255055095174, 2.4318180240389844, -0.14770365353403392], [1.4748243698972239, 4.675292689072498, 2.3694865210018463], [4.379159471759111, 6.148530015725711, 1.9810700447344989], [6.3941862913813505, 2.683625258772895, 4.600781738295478], [3.401994679874364, 1.5325080603343326, 5.276971120032953], [5.243180519417969, 4.302011307373723, 8.661575083560871], [5.321939028933572, 6.822012595243532, 6.551324514707935], [0.6103059051782735, 6.650890993026373, 6.213943788060509], [-1.905517084695369, 4.090967722437041, 8.805988230812837], [0.6182505092921828, 1.961123197067476, 8.646334933839247], [2.2390454764063485, 3.3800994644949833, 12.701144730336537], [-0.9378544385871842, 4.10745321974011, 13.243084550287659]], "name": "C10H18O2", "identifiers": {"molecule_hash": "f94c2958d7c99f4c521d1d791027cf813f75c01f", "molecular_formula": "C10H18O2"}, "molecular_charge": 0.0, "molecular_multiplicity": 1, "connectivity": [[0, 1, 1.0], [0, 12, 1.0], [0, 13, 1.0], [0, 14, 1.0], [1, 2, 1.0], [1, 15, 1.0], [1, 16, 1.0], [2, 3, 1.0], [2, 17, 1.0], [2, 18, 1.0], [3, 4, 1.0], [3, 19, 1.0], [3, 20, 1.0], [4, 5, 1.0], [4, 21, 1.0], [4, 22, 1.0], [5, 6, 1.0], [5, 23, 1.0], [5, 24, 1.0], [6, 7, 1.0], [6, 11, 1.0], [6, 25, 1.0], [7, 8, 1.0], [7, 26, 1.0], [7, 27, 1.0], [8, 9, 1.0], [8, 28, 1.0], [8, 29, 1.0], [9, 10, 2.0], [9, 11, 1.0]], "fix_com": true, "fix_orientation": true, "provenance": {"creator": "QCElemental", "version": "v0.22.0", "routine": "qcelemental.molparse.from_schema"}, "id": "246524"}, "charge": 0, "optimize_geometry": false, "conformers": [], "conformer_generation_options": {"n_conformer_pool": 4000, "n_max_conformers": 0, "rms_tolerance": 0.05, "energy_window": 15, "keep_original_conformer": true}, "stage_1_unrestrained_charges": null, "stage_1_restrained_charges": null, "stage_2_unrestrained_charges": null, "stage_2_restrained_charges": null, "keep_original_orientation": false, "reorientations": [], "translations": [], "rotations": []}}]}, "surface_constraints": {"matrix": [[1631894282324657.2, 1581464690969989.8, 1525968285326903.8, 1477787370074025.5, 1426727076487721.8, 1376068172323188.2, 1332839696218788.2, 1326670844398426.0, 1270598778954760.2, 1267902972843540.5, 1223525732247836.8, 1304402115885020.0, 1650967481325380.5, 1638565060997733.2, 1637439719503754.2, 1577580086087762.5, 1574829357159745.8, 1515939633764945.2, 1520899575112006.0, 1481151939039973.2, 1469921355866513.0, 1432538165611467.8, 1414705316506290.5, 1362946361820550.2, 1374207225919246.8, 1314164161800432.2, 1293474218252723.5, 1392183704094923.2, 1263581522627931.0, 1233501396327704.0], [1581464690969989.8, 1610562394580580.0, 1572788558049260.8, 1520031818849973.0, 1462202062883918.5, 1405945062184957.2, 1358293664188677.5, 1350804228134040.5, 1286834250574488.2, 1279998840866727.2, 1229294881606512.0, 1323502601368955.0, 1577871548688321.5, 1568539349378553.5, 1565696755406574.5, 1630402484556608.5, 1628634929843090.0, 1576442884941220.5, 1570333666067122.2, 1524881386961638.5, 1512449203350434.5, 1474619723070817.5, 1442538020755345.5, 1391493227876228.0, 1404259089775772.5, 1341510652801099.2, 1322717305878389.8, 1415995697074202.5, 1280838716812774.8, 1245810377105097.2], [1525968285326903.8, 1572788558049260.8, 1607924392766755.2, 1571254704847255.2, 1519619248085695.0, 1463559059760035.5, 1413279085869829.2, 1393537364022927.8, 1327626514001891.2, 1329496005482348.8, 1276940191465547.5, 1382341617229349.0, 1530957869606768.0, 1489147061089818.0, 1514960632525206.0, 1571446508457953.0, 1569308272979182.8, 1633789438668135.0, 1628195330683457.0, 1572644579439160.2, 1573091472711272.5, 1528871135051646.8, 1506944812826696.8, 1447996177688696.5, 1465124568960568.0, 1401066073634243.0, 1366222861698416.0, 1450612778250946.0, 1316467694368872.2, 1284582723579714.0], [1477787370074025.5, 1520031818849973.0, 1571254704847255.2, 1606236459078545.5, 1570234662275691.8, 1516432378701297.0, 1468184850571555.2, 1433578624621362.8, 1373596782671253.2, 1383792316808240.8, 1330706365455570.8, 1443702078760325.2, 1493811606415796.2, 1431300222391577.0, 1469833766808815.2, 1511154120075608.8, 1510299054603152.0, 1574236312658497.2, 1570299356713574.2, 1628622699236156.5, 1631517162091721.0, 1569184613619610.0, 1577142645835471.2, 1506367086641546.8, 1512059198484463.0, 1464160264106672.8, 1411622818614725.2, 1470861762274817.8, 1357804377967058.0, 1334123620889696.0], [1426727076487721.8, 1462202062883918.5, 1519619248085695.0, 1570234662275691.8, 1604738707032423.2, 1567522962467304.5, 1511660641283975.2, 1468840307620579.2, 1408026306690247.5, 1418201050871461.8, 1360764644454994.2, 1483284273332392.0, 1448801209820358.5, 1383729008002487.5, 1414945518769400.5, 1450622295021823.0, 1446358073756112.5, 1524053469746298.5, 1511831241900445.8, 1570566914763063.5, 1573972469933458.5, 1626817306788515.2, 1631875063305049.8, 1570238840910370.8, 1568844013022758.2, 1510452643664000.2, 1445577351766679.5, 1501809367691448.0, 1392287428811517.8, 1368569455499152.8], [1376068172323188.2, 1405945062184957.2, 1463559059760035.5, 1516432378701297.0, 1567522962467304.5, 1600101193045587.0, 1558757948151771.2, 1516146818465867.0, 1458838177462782.2, 1467673411365299.8, 1407935917601510.8, 1531656899075208.5, 1401922615869568.8, 1340777456674182.0, 1357477757471042.2, 1399108462923305.0, 1381808910106704.0, 1470580382647800.8, 1453043845413504.2, 1508572148200814.0, 1519017416410932.5, 1570071692363129.8, 1572296225060000.2, 1624217579405766.8, 1625306667775149.5, 1565859125888307.0, 1500262815459154.0, 1538568976506783.2, 1446118257792744.5, 1419252148410191.2], [1332839696218788.2, 1358293664188677.5, 1413279085869829.2, 1468184850571555.2, 1511660641283975.2, 1558757948151771.2, 1583575190391125.0, 1560447521996594.0, 1518525040939566.8, 1524879135553270.2, 1471693132383314.8, 1571438319103806.5, 1364583031704393.8, 1299366734068841.5, 1310412484731596.5, 1351758228193140.8, 1332504290965915.8, 1422996462174998.2, 1397306949124526.8, 1470896848475469.8, 1468349592175036.8, 1496049946137626.0, 1517955683614436.2, 1562363858426012.0, 1564792095099805.8, 1616535840482018.2, 1562564281313137.0, 1565888689301121.8, 1501624300723777.2, 1493271168175663.0], [1326670844398426.0, 1350804228134040.5, 1393537364022927.8, 1433578624621362.8, 1468840307620579.2, 1516146818465867.0, 1560447521996594.0, 1610476651415674.5, 1573339501467567.0, 1526390657278713.5, 1467933399160904.5, 1530295789083845.8, 1361630001299124.5, 1298209340868511.8, 1297211567991646.0, 1353487314150025.2, 1324156771273395.0, 1414658836945682.5, 1366464903299130.0, 1435921680494903.8, 1427871660006609.5, 1452896161797495.0, 1468417737105201.0, 1513698898758660.2, 1513593689124927.8, 1567615563467085.0, 1633673229232897.0, 1639554472741336.5, 1570878042619565.5, 1567571791535117.5], [1270598778954760.2, 1286834250574488.2, 1327626514001891.2, 1373596782671253.2, 1408026306690247.5, 1458838177462782.2, 1518525040939566.8, 1573339501467567.0, 1610493920313861.5, 1572095427716560.8, 1545761675439566.5, 1531672571077697.5, 1309688517245496.8, 1242776793523720.0, 1242568473655127.5, 1284386368743124.2, 1261476366564797.2, 1341240148948444.5, 1302444143796546.0, 1378707192181270.5, 1370825734875671.2, 1382392428835806.8, 1414426374070980.0, 1459431345752048.2, 1446077653108489.5, 1506261636146814.5, 1569663479487715.2, 1580287537234922.5, 1632888674056032.2, 1629514411217192.0], [1267902972843540.5, 1279998840866727.2, 1329496005482348.8, 1383792316808240.8, 1418201050871461.8, 1467673411365299.8, 1524879135553270.2, 1526390657278713.5, 1572095427716560.8, 1610686731906774.8, 1619926872537346.2, 1588449486912365.0, 1309150970903842.2, 1236510377418995.2, 1244445053308581.2, 1268223027587660.5, 1253873133686004.5, 1334100508685128.5, 1314935930463800.8, 1392353263322757.8, 1384677819855131.2, 1383824371496293.0, 1435058024263417.2, 1469070772981587.0, 1454789773817078.0, 1514097441654507.5, 1499373432001142.5, 1517964241513275.0, 1573429216114109.5, 1569605445624471.8], [1223525732247836.8, 1229294881606512.0, 1276940191465547.5, 1330706365455570.8, 1360764644454994.2, 1407935917601510.8, 1471693132383314.8, 1467933399160904.5, 1545761675439566.5, 1619926872537346.2, 1680978749522513.5, 1570891301452264.5, 1266485252234248.8, 1194140681814502.0, 1201572925921987.8, 1214292237152008.5, 1203515440055895.0, 1277330977680980.2, 1266021194783618.8, 1342316133682478.0, 1331885286672639.5, 1320508489068586.2, 1382513187757712.0, 1407549351078036.5, 1390007751210999.8, 1447208902247061.2, 1426363792333090.0, 1450873657153667.8, 1547033441944355.0, 1544990797876477.5], [1304402115885020.0, 1323502601368955.0, 1382341617229349.0, 1443702078760325.2, 1483284273332392.0, 1531656899075208.5, 1571438319103806.5, 1530295789083845.8, 1531672571077697.5, 1588449486912365.0, 1570891301452264.5, 1626269674337777.2, 1342279163693333.2, 1268313315705682.2, 1283336629143661.8, 1309566711466547.8, 1297453409385354.0, 1384239412522145.2, 1373000375686639.0, 1451139514675567.0, 1447676082306394.0, 1452339373930014.2, 1501486210403199.5, 1534872296416253.2, 1527987145831341.0, 1583631520694804.0, 1506375480589645.8, 1521280521345372.5, 1513240217567247.0, 1506550781698890.2], [1650967481325380.5, 1577871548688321.5, 1530957869606768.0, 1493811606415796.2, 1448801209820358.5, 1401922615869568.8, 1364583031704393.8, 1361630001299124.5, 1309688517245496.8, 1309150970903842.2, 1266485252234248.8, 1342279163693333.2, 1732318742584549.5, 1636173521584856.8, 1636074137361132.5, 1559290568070473.2, 1560889409266014.5, 1524151290623551.2, 1518955848784182.8, 1499778679010068.5, 1486995757128291.8, 1452695171795300.8, 1440138362693876.8, 1391490090054079.8, 1394523657168317.0, 1343497166108351.0, 1322929121139713.0, 1432085190734242.8, 1303422441716256.8, 1272298998057247.8], [1638565060997733.2, 1568539349378553.5, 1489147061089818.0, 1431300222391577.0, 1383729008002487.5, 1340777456674182.0, 1299366734068841.5, 1298209340868511.8, 1242776793523720.0, 1236510377418995.2, 1194140681814502.0, 1268313315705682.2, 1636173521584856.8, 1706115091526480.2, 1620955028780631.0, 1575338606241695.5, 1556064558257875.5, 1472947634377327.8, 1482276419343862.2, 1423816091415856.5, 1423696216759198.0, 1391566711003183.2, 1366008267549211.2, 1329077117630687.8, 1343272842810218.0, 1279747364472518.2, 1266492205814606.5, 1364948192245322.5, 1237849907301045.0, 1207236081574816.0], [1637439719503754.2, 1565696755406574.5, 1514960632525206.0, 1469833766808815.2, 1414945518769400.5, 1357477757471042.2, 1310412484731596.5, 1297211567991646.0, 1242568473655127.5, 1244445053308581.2, 1201572925921987.8, 1283336629143661.8, 1636074137361132.5, 1620955028780631.0, 1705748388803015.0, 1545664645379469.2, 1554304899018420.5, 1498483566662809.0, 1516758627499918.5, 1480249580767648.2, 1460992274445398.8, 1415847284304985.2, 1410904640406200.0, 1341147634242015.8, 1356734894253850.0, 1293987203663002.2, 1264829365440825.0, 1356155938474783.0, 1231337724586988.8, 1207928044022529.2], [1577580086087762.5, 1630402484556608.5, 1571446508457953.0, 1511154120075608.8, 1450622295021823.0, 1399108462923305.0, 1351758228193140.8, 1353487314150025.2, 1284386368743124.2, 1268223027587660.5, 1214292237152008.5, 1309566711466547.8, 1559290568070473.2, 1575338606241695.5, 1545664645379469.2, 1710192637227611.8, 1626142674165525.0, 1580642078330690.0, 1552367406969430.5, 1512084279494485.8, 1504092336749581.2, 1469792768271925.0, 1417930565606799.8, 1383115498896833.5, 1401631461873978.5, 1332832987758919.5, 1331151765217523.5, 1423203058413026.2, 1280094657170348.2, 1244253754805796.0], [1574829357159745.8, 1628634929843090.0, 1569308272979182.8, 1510299054603152.0, 1446358073756112.5, 1381808910106704.0, 13