{"resp_b": 0.1, "restrained_fit": true, "exclude_hydrogens": true, "convergence_tolerance": 1e-06, "max_iter": 500, "resp_a": 0.0005, "charge_constraints": {"charge_sum_constraints": [], "charge_equivalence_constraints": [], "molecules": [{"qcmol": {"schema_name": "qcschema_molecule", "schema_version": 2, "validated": true, "symbols": ["C", "C", "C", "C", "C", "C", "C", "C", "C", "C", "O", "O", "H", "H", "H", "H", "H", "H", "H", "H", "H", "H", "H", "H", "H", "H", "H", "H", "H", "H"], "geometry": [[0.0, 0.0, 0.0], [2.8906799044139224, -5.890135418480017e-16, -7.994618058706352e-16], [4.090002156936358, 2.6398525261429158, -6.661338147750939e-16], [3.494773814983442, 4.318328184412774, 2.2885776933983495], [4.430167759497664, 3.248457197008946, 4.8140053143202], [4.291478883621831, 5.1136823564994875, 7.029686796457409], [1.6283518554985883, 5.898615065047603, 7.813692610735553], [0.09098113968761412, 3.8559169605530776, 9.202350880400292], [0.633034176462661, 4.43068411822854, 11.977982970773487], [1.326960320702356, 7.208407611844445, 11.954466210843032], [1.4542163301940523, 8.596940960412047, 13.697868143575704], [1.8126896881883456, 7.923538977378727, 9.589706616975203], [-0.7697684251190932, 0.7991463221762917, 1.725429536940542], [-0.728358204844251, -1.910295078385659, -0.16780629230614347], [-0.7395566959983426, 1.0901777595592252, -1.5750026999750142], [3.549432854124694, -0.9937128255663361, -1.6728083252781942], [3.5748407652933634, -1.0868771256258378, 1.6026688875658186], [3.492801411747486, 3.6296812217702863, -1.700272199309022], [6.130255055095174, 2.4318180240389844, -0.14770365353403392], [1.4748243698972239, 4.675292689072498, 2.3694865210018463], [4.379159471759111, 6.148530015725711, 1.9810700447344989], [6.3941862913813505, 2.683625258772895, 4.600781738295478], [3.401994679874364, 1.5325080603343326, 5.276971120032953], [5.243180519417969, 4.302011307373723, 8.661575083560871], [5.321939028933572, 6.822012595243532, 6.551324514707935], [0.6103059051782735, 6.650890993026373, 6.213943788060509], [-1.905517084695369, 4.090967722437041, 8.805988230812837], [0.6182505092921828, 1.961123197067476, 8.646334933839247], [2.2390454764063485, 3.3800994644949833, 12.701144730336537], [-0.9378544385871842, 4.10745321974011, 13.243084550287659]], "name": "C10H18O2", "identifiers": {"molecule_hash": "f94c2958d7c99f4c521d1d791027cf813f75c01f", "molecular_formula": "C10H18O2"}, "molecular_charge": 0.0, "molecular_multiplicity": 1, "connectivity": [[0, 1, 1.0], [0, 12, 1.0], [0, 13, 1.0], [0, 14, 1.0], [1, 2, 1.0], [1, 15, 1.0], [1, 16, 1.0], [2, 3, 1.0], [2, 17, 1.0], [2, 18, 1.0], [3, 4, 1.0], [3, 19, 1.0], [3, 20, 1.0], [4, 5, 1.0], [4, 21, 1.0], [4, 22, 1.0], [5, 6, 1.0], [5, 23, 1.0], [5, 24, 1.0], [6, 7, 1.0], [6, 11, 1.0], [6, 25, 1.0], [7, 8, 1.0], [7, 26, 1.0], [7, 27, 1.0], [8, 9, 1.0], [8, 28, 1.0], [8, 29, 1.0], [9, 10, 2.0], [9, 11, 1.0]], "fix_com": true, "fix_orientation": true, "provenance": {"creator": "QCElemental", "version": "v0.22.0", "routine": "qcelemental.molparse.from_schema"}, "id": "246524"}, "charge": 0, "optimize_geometry": false, "conformers": [], "conformer_generation_options": {"n_conformer_pool": 4000, "n_max_conformers": 0, "rms_tolerance": 0.05, "energy_window": 15, "keep_original_conformer": true}, "stage_1_unrestrained_charges": null, "stage_1_restrained_charges": null, "stage_2_unrestrained_charges": null, "stage_2_restrained_charges": null, "keep_original_orientation": false, "reorientations": [], "translations": [], "rotations": []}], "unconstrained_atoms": [{"index": 0, "molecule": {"qcmol": {"schema_name": "qcschema_molecule", "schema_version": 2, "validated": true, "symbols": ["C", "C", "C", "C", "C", "C", "C", "C", "C", "C", "O", "O", "H", "H", "H", "H", "H", "H", "H", "H", "H", "H", "H", "H", "H", "H", "H", "H", "H", "H"], "geometry": [[0.0, 0.0, 0.0], [2.8906799044139224, -5.890135418480017e-16, -7.994618058706352e-16], [4.090002156936358, 2.6398525261429158, -6.661338147750939e-16], [3.494773814983442, 4.318328184412774, 2.2885776933983495], [4.430167759497664, 3.248457197008946, 4.8140053143202], [4.291478883621831, 5.1136823564994875, 7.029686796457409], [1.6283518554985883, 5.898615065047603, 7.813692610735553], [0.09098113968761412, 3.8559169605530776, 9.202350880400292], [0.633034176462661, 4.43068411822854, 11.977982970773487], [1.326960320702356, 7.208407611844445, 11.954466210843032], [1.4542163301940523, 8.596940960412047, 13.697868143575704], [1.8126896881883456, 7.923538977378727, 9.589706616975203], [-0.7697684251190932, 0.7991463221762917, 1.725429536940542], [-0.728358204844251, -1.910295078385659, -0.16780629230614347], [-0.7395566959983426, 1.0901777595592252, -1.5750026999750142], [3.549432854124694, -0.9937128255663361, -1.6728083252781942], [3.5748407652933634, -1.0868771256258378, 1.6026688875658186], [3.492801411747486, 3.6296812217702863, -1.700272199309022], [6.130255055095174, 2.4318180240389844, -0.14770365353403392], [1.4748243698972239, 4.675292689072498, 2.3694865210018463], [4.379159471759111, 6.148530015725711, 1.9810700447344989], [6.3941862913813505, 2.683625258772895, 4.600781738295478], [3.401994679874364, 1.5325080603343326, 5.276971120032953], [5.243180519417969, 4.302011307373723, 8.661575083560871], [5.321939028933572, 6.822012595243532, 6.551324514707935], [0.6103059051782735, 6.650890993026373, 6.213943788060509], [-1.905517084695369, 4.090967722437041, 8.805988230812837], [0.6182505092921828, 1.961123197067476, 8.646334933839247], [2.2390454764063485, 3.3800994644949833, 12.701144730336537], [-0.9378544385871842, 4.10745321974011, 13.243084550287659]], "name": "C10H18O2", "identifiers": {"molecule_hash": "f94c2958d7c99f4c521d1d791027cf813f75c01f", "molecular_formula": "C10H18O2"}, "molecular_charge": 0.0, "molecular_multiplicity": 1, "connectivity": [[0, 1, 1.0], [0, 12, 1.0], [0, 13, 1.0], [0, 14, 1.0], [1, 2, 1.0], [1, 15, 1.0], [1, 16, 1.0], [2, 3, 1.0], [2, 17, 1.0], [2, 18, 1.0], [3, 4, 1.0], [3, 19, 1.0], [3, 20, 1.0], [4, 5, 1.0], [4, 21, 1.0], [4, 22, 1.0], [5, 6, 1.0], [5, 23, 1.0], [5, 24, 1.0], [6, 7, 1.0], [6, 11, 1.0], [6, 25, 1.0], [7, 8, 1.0], [7, 26, 1.0], [7, 27, 1.0], [8, 9, 1.0], [8, 28, 1.0], [8, 29, 1.0], [9, 10, 2.0], [9, 11, 1.0]], "fix_com": true, "fix_orientation": true, "provenance": {"creator": "QCElemental", "version": "v0.22.0", "routine": "qcelemental.molparse.from_schema"}, "id": "246524"}, "charge": 0, "optimize_geometry": false, "conformers": [], "conformer_generation_options": {"n_conformer_pool": 4000, "n_max_conformers": 0, "rms_tolerance": 0.05, "energy_window": 15, "keep_original_conformer": true}, "stage_1_unrestrained_charges": null, "stage_1_restrained_charges": null, "stage_2_unrestrained_charges": null, "stage_2_restrained_charges": null, "keep_original_orientation": false, "reorientations": [], "translations": [], "rotations": []}}, {"index": 1, "molecule": {"qcmol": {"schema_name": "qcschema_molecule", "schema_version": 2, "validated": true, "symbols": ["C", "C", "C", "C", "C", "C", "C", "C", "C", "C", "O", "O", "H", "H", "H", "H", "H", "H", "H", "H", "H", "H", "H", "H", "H", "H", "H", "H", "H", "H"], "geometry": [[0.0, 0.0, 0.0], [2.8906799044139224, -5.890135418480017e-16, -7.994618058706352e-16], [4.090002156936358, 2.6398525261429158, -6.661338147750939e-16], [3.494773814983442, 4.318328184412774, 2.2885776933983495], [4.430167759497664, 3.248457197008946, 4.8140053143202], [4.291478883621831, 5.1136823564994875, 7.029686796457409], [1.6283518554985883, 5.898615065047603, 7.813692610735553], [0.09098113968761412, 3.8559169605530776, 9.202350880400292], [0.633034176462661, 4.43068411822854, 11.977982970773487], [1.326960320702356, 7.208407611844445, 11.954466210843032], [1.4542163301940523, 8.596940960412047, 13.697868143575704], [1.8126896881883456, 7.923538977378727, 9.589706616975203], [-0.7697684251190932, 0.7991463221762917, 1.725429536940542], [-0.728358204844251, -1.910295078385659, -0.16780629230614347], [-0.7395566959983426, 1.0901777595592252, -1.5750026999750142], [3.549432854124694, -0.9937128255663361, -1.6728083252781942], [3.5748407652933634, -1.0868771256258378, 1.6026688875658186], [3.492801411747486, 3.6296812217702863, -1.700272199309022], [6.130255055095174, 2.4318180240389844, -0.14770365353403392], [1.4748243698972239, 4.675292689072498, 2.3694865210018463], [4.379159471759111, 6.148530015725711, 1.9810700447344989], [6.3941862913813505, 2.683625258772895, 4.600781738295478], [3.401994679874364, 1.5325080603343326, 5.276971120032953], [5.243180519417969, 4.302011307373723, 8.661575083560871], [5.321939028933572, 6.822012595243532, 6.551324514707935], [0.6103059051782735, 6.650890993026373, 6.213943788060509], [-1.905517084695369, 4.090967722437041, 8.805988230812837], [0.6182505092921828, 1.961123197067476, 8.646334933839247], [2.2390454764063485, 3.3800994644949833, 12.701144730336537], [-0.9378544385871842, 4.10745321974011, 13.243084550287659]], "name": "C10H18O2", "identifiers": {"molecule_hash": "f94c2958d7c99f4c521d1d791027cf813f75c01f", "molecular_formula": "C10H18O2"}, "molecular_charge": 0.0, "molecular_multiplicity": 1, "connectivity": [[0, 1, 1.0], [0, 12, 1.0], [0, 13, 1.0], [0, 14, 1.0], [1, 2, 1.0], [1, 15, 1.0], [1, 16, 1.0], [2, 3, 1.0], [2, 17, 1.0], [2, 18, 1.0], [3, 4, 1.0], [3, 19, 1.0], [3, 20, 1.0], [4, 5, 1.0], [4, 21, 1.0], [4, 22, 1.0], [5, 6, 1.0], [5, 23, 1.0], [5, 24, 1.0], [6, 7, 1.0], [6, 11, 1.0], [6, 25, 1.0], [7, 8, 1.0], [7, 26, 1.0], [7, 27, 1.0], [8, 9, 1.0], [8, 28, 1.0], [8, 29, 1.0], [9, 10, 2.0], [9, 11, 1.0]], "fix_com": true, "fix_orientation": true, "provenance": {"creator": "QCElemental", "version": "v0.22.0", "routine": "qcelemental.molparse.from_schema"}, "id": "246524"}, "charge": 0, "optimize_geometry": false, "conformers": [], "conformer_generation_options": {"n_conformer_pool": 4000, "n_max_conformers": 0, "rms_tolerance": 0.05, "energy_window": 15, "keep_original_conformer": true}, "stage_1_unrestrained_charges": null, "stage_1_restrained_charges": null, "stage_2_unrestrained_charges": null, "stage_2_restrained_charges": null, "keep_original_orientation": false, "reorientations": [], "translations": [], "rotations": []}}, {"index": 2, "molecule": {"qcmol": {"schema_name": "qcschema_molecule", "schema_version": 2, "validated": true, "symbols": ["C", "C", "C", "C", "C", "C", "C", "C", "C", "C", "O", "O", "H", "H", "H", "H", "H", "H", "H", "H", "H", "H", "H", "H", "H", "H", "H", "H", "H", "H"], "geometry": [[0.0, 0.0, 0.0], [2.8906799044139224, -5.890135418480017e-16, -7.994618058706352e-16], [4.090002156936358, 2.6398525261429158, -6.661338147750939e-16], [3.494773814983442, 4.318328184412774, 2.2885776933983495], [4.430167759497664, 3.248457197008946, 4.8140053143202], [4.291478883621831, 5.1136823564994875, 7.029686796457409], [1.6283518554985883, 5.898615065047603, 7.813692610735553], [0.09098113968761412, 3.8559169605530776, 9.202350880400292], [0.633034176462661, 4.43068411822854, 11.977982970773487], [1.326960320702356, 7.208407611844445, 11.954466210843032], [1.4542163301940523, 8.596940960412047, 13.697868143575704], [1.8126896881883456, 7.923538977378727, 9.589706616975203], [-0.7697684251190932, 0.7991463221762917, 1.725429536940542], [-0.728358204844251, -1.910295078385659, -0.16780629230614347], [-0.7395566959983426, 1.0901777595592252, -1.5750026999750142], [3.549432854124694, -0.9937128255663361, -1.6728083252781942], [3.5748407652933634, -1.0868771256258378, 1.6026688875658186], [3.492801411747486, 3.6296812217702863, -1.700272199309022], [6.130255055095174, 2.4318180240389844, -0.14770365353403392], [1.4748243698972239, 4.675292689072498, 2.3694865210018463], [4.379159471759111, 6.148530015725711, 1.9810700447344989], [6.3941862913813505, 2.683625258772895, 4.600781738295478], [3.401994679874364, 1.5325080603343326, 5.276971120032953], [5.243180519417969, 4.302011307373723, 8.661575083560871], [5.321939028933572, 6.822012595243532, 6.551324514707935], [0.6103059051782735, 6.650890993026373, 6.213943788060509], [-1.905517084695369, 4.090967722437041, 8.805988230812837], [0.6182505092921828, 1.961123197067476, 8.646334933839247], [2.2390454764063485, 3.3800994644949833, 12.701144730336537], [-0.9378544385871842, 4.10745321974011, 13.243084550287659]], "name": "C10H18O2", "identifiers": {"molecule_hash": "f94c2958d7c99f4c521d1d791027cf813f75c01f", "molecular_formula": "C10H18O2"}, "molecular_charge": 0.0, "molecular_multiplicity": 1, "connectivity": [[0, 1, 1.0], [0, 12, 1.0], [0, 13, 1.0], [0, 14, 1.0], [1, 2, 1.0], [1, 15, 1.0], [1, 16, 1.0], [2, 3, 1.0], [2, 17, 1.0], [2, 18, 1.0], [3, 4, 1.0], [3, 19, 1.0], [3, 20, 1.0], [4, 5, 1.0], [4, 21, 1.0], [4, 22, 1.0], [5, 6, 1.0], [5, 23, 1.0], [5, 24, 1.0], [6, 7, 1.0], [6, 11, 1.0], [6, 25, 1.0], [7, 8, 1.0], [7, 26, 1.0], [7, 27, 1.0], [8, 9, 1.0], [8, 28, 1.0], [8, 29, 1.0], [9, 10, 2.0], [9, 11, 1.0]], "fix_com": true, "fix_orientation": true, "provenance": {"creator": "QCElemental", "version": "v0.22.0", "routine": "qcelemental.molparse.from_schema"}, "id": "246524"}, "charge": 0, "optimize_geometry": false, "conformers": [], "conformer_generation_options": {"n_conformer_pool": 4000, "n_max_conformers": 0, "rms_tolerance": 0.05, "energy_window": 15, "keep_original_conformer": true}, "stage_1_unrestrained_charges": null, "stage_1_restrained_charges": null, "stage_2_unrestrained_charges": null, "stage_2_restrained_charges": null, "keep_original_orientation": false, "reorientations": [], "translations": [], "rotations": []}}, {"index": 3, "molecule": {"qcmol": {"schema_name": "qcschema_molecule", "schema_version": 2, "validated": true, "symbols": ["C", "C", "C", "C", "C", "C", "C", "C", "C", "C", "O", "O", "H", "H", "H", "H", "H", "H", "H", "H", "H", "H", "H", "H", "H", "H", "H", "H", "H", "H"], "geometry": [[0.0, 0.0, 0.0], [2.8906799044139224, -5.890135418480017e-16, -7.994618058706352e-16], [4.090002156936358, 2.6398525261429158, -6.661338147750939e-16], [3.494773814983442, 4.318328184412774, 2.2885776933983495], [4.430167759497664, 3.248457197008946, 4.8140053143202], [4.291478883621831, 5.1136823564994875, 7.029686796457409], [1.6283518554985883, 5.898615065047603, 7.813692610735553], [0.09098113968761412, 3.8559169605530776, 9.202350880400292], [0.633034176462661, 4.43068411822854, 11.977982970773487], [1.326960320702356, 7.208407611844445, 11.954466210843032], [1.4542163301940523, 8.596940960412047, 13.697868143575704], [1.8126896881883456, 7.923538977378727, 9.589706616975203], [-0.7697684251190932, 0.7991463221762917, 1.725429536940542], [-0.728358204844251, -1.910295078385659, -0.16780629230614347], [-0.7395566959983426, 1.0901777595592252, -1.5750026999750142], [3.549432854124694, -0.9937128255663361, -1.6728083252781942], [3.5748407652933634, -1.0868771256258378, 1.6026688875658186], [3.492801411747486, 3.6296812217702863, -1.700272199309022], [6.130255055095174, 2.4318180240389844, -0.14770365353403392], [1.4748243698972239, 4.675292689072498, 2.3694865210018463], [4.379159471759111, 6.148530015725711, 1.9810700447344989], [6.3941862913813505, 2.683625258772895, 4.600781738295478], [3.401994679874364, 1.5325080603343326, 5.276971120032953], [5.243180519417969, 4.302011307373723, 8.661575083560871], [5.321939028933572, 6.822012595243532, 6.551324514707935], [0.6103059051782735, 6.650890993026373, 6.213943788060509], [-1.905517084695369, 4.090967722437041, 8.805988230812837], [0.6182505092921828, 1.961123197067476, 8.646334933839247], [2.2390454764063485, 3.3800994644949833, 12.701144730336537], [-0.9378544385871842, 4.10745321974011, 13.243084550287659]], "name": "C10H18O2", "identifiers": {"molecule_hash": "f94c2958d7c99f4c521d1d791027cf813f75c01f", "molecular_formula": "C10H18O2"}, "molecular_charge": 0.0, "molecular_multiplicity": 1, "connectivity": [[0, 1, 1.0], [0, 12, 1.0], [0, 13, 1.0], [0, 14, 1.0], [1, 2, 1.0], [1, 15, 1.0], [1, 16, 1.0], [2, 3, 1.0], [2, 17, 1.0], [2, 18, 1.0], [3, 4, 1.0], [3, 19, 1.0], [3, 20, 1.0], [4, 5, 1.0], [4, 21, 1.0], [4, 22, 1.0], [5, 6, 1.0], [5, 23, 1.0], [5, 24, 1.0], [6, 7, 1.0], [6, 11, 1.0], [6, 25, 1.0], [7, 8, 1.0], [7, 26, 1.0], [7, 27, 1.0], [8, 9, 1.0], [8, 28, 1.0], [8, 29, 1.0], [9, 10, 2.0], [9, 11, 1.0]], "fix_com": true, "fix_orientation": true, "provenance": {"creator": "QCElemental", "version": "v0.22.0", "routine": "qcelemental.molparse.from_schema"}, "id": "246524"}, "charge": 0, "optimize_geometry": false, "conformers": [], "conformer_generation_options": {"n_conformer_pool": 4000, "n_max_conformers": 0, "rms_tolerance": 0.05, "energy_window": 15, "keep_original_conformer": true}, "stage_1_unrestrained_charges": null, "stage_1_restrained_charges": null, "stage_2_unrestrained_charges": null, "stage_2_restrained_charges": null, "keep_original_orientation": false, "reorientations": [], "translations": [], "rotations": []}}, {"index": 4, "molecule": {"qcmol": {"schema_name": "qcschema_molecule", "schema_version": 2, "validated": true, "symbols": ["C", "C", "C", "C", "C", "C", "C", "C", "C", "C", "O", "O", "H", "H", "H", "H", "H", "H", "H", "H", "H", "H", "H", "H", "H", "H", "H", "H", "H", "H"], "geometry": [[0.0, 0.0, 0.0], [2.8906799044139224, -5.890135418480017e-16, -7.994618058706352e-16], [4.090002156936358, 2.6398525261429158, -6.661338147750939e-16], [3.494773814983442, 4.318328184412774, 2.2885776933983495], [4.430167759497664, 3.248457197008946, 4.8140053143202], [4.291478883621831, 5.1136823564994875, 7.029686796457409], [1.6283518554985883, 5.898615065047603, 7.813692610735553], [0.09098113968761412, 3.8559169605530776, 9.202350880400292], [0.633034176462661, 4.43068411822854, 11.977982970773487], [1.326960320702356, 7.208407611844445, 11.954466210843032], [1.4542163301940523, 8.596940960412047, 13.697868143575704], [1.8126896881883456, 7.923538977378727, 9.589706616975203], [-0.7697684251190932, 0.7991463221762917, 1.725429536940542], [-0.728358204844251, -1.910295078385659, -0.16780629230614347], [-0.7395566959983426, 1.0901777595592252, -1.5750026999750142], [3.549432854124694, -0.9937128255663361, -1.6728083252781942], [3.5748407652933634, -1.0868771256258378, 1.6026688875658186], [3.492801411747486, 3.6296812217702863, -1.700272199309022], [6.130255055095174, 2.4318180240389844, -0.14770365353403392], [1.4748243698972239, 4.675292689072498, 2.3694865210018463], [4.379159471759111, 6.148530015725711, 1.9810700447344989], [6.3941862913813505, 2.683625258772895, 4.600781738295478], [3.401994679874364, 1.5325080603343326, 5.276971120032953], [5.243180519417969, 4.302011307373723, 8.661575083560871], [5.321939028933572, 6.822012595243532, 6.551324514707935], [0.6103059051782735, 6.650890993026373, 6.213943788060509], [-1.905517084695369, 4.090967722437041, 8.805988230812837], [0.6182505092921828, 1.961123197067476, 8.646334933839247], [2.2390454764063485, 3.3800994644949833, 12.701144730336537], [-0.9378544385871842, 4.10745321974011, 13.243084550287659]], "name": "C10H18O2", "identifiers": {"molecule_hash": "f94c2958d7c99f4c521d1d791027cf813f75c01f", "molecular_formula": "C10H18O2"}, "molecular_charge": 0.0, "molecular_multiplicity": 1, "connectivity": [[0, 1, 1.0], [0, 12, 1.0], [0, 13, 1.0], [0, 14, 1.0], [1, 2, 1.0], [1, 15, 1.0], [1, 16, 1.0], [2, 3, 1.0], [2, 17, 1.0], [2, 18, 1.0], [3, 4, 1.0], [3, 19, 1.0], [3, 20, 1.0], [4, 5, 1.0], [4, 21, 1.0], [4, 22, 1.0], [5, 6, 1.0], [5, 23, 1.0], [5, 24, 1.0], [6, 7, 1.0], [6, 11, 1.0], [6, 25, 1.0], [7, 8, 1.0], [7, 26, 1.0], [7, 27, 1.0], [8, 9, 1.0], [8, 28, 1.0], [8, 29, 1.0], [9, 10, 2.0], [9, 11, 1.0]], "fix_com": true, "fix_orientation": true, "provenance": {"creator": "QCElemental", "version": "v0.22.0", "routine": "qcelemental.molparse.from_schema"}, "id": "246524"}, "charge": 0, "optimize_geometry": false, "conformers": [], "conformer_generation_options": {"n_conformer_pool": 4000, "n_max_conformers": 0, "rms_tolerance": 0.05, "energy_window": 15, "keep_original_conformer": true}, "stage_1_unrestrained_charges": null, "stage_1_restrained_charges": null, "stage_2_unrestrained_charges": null, "stage_2_restrained_charges": null, "keep_original_orientation": false, "reorientations": [], "translations": [], "rotations": []}}, {"index": 5, "molecule": {"qcmol": {"schema_name": "qcschema_molecule", "schema_version": 2, "validated": true, "symbols": ["C", "C", "C", "C", "C", "C", "C", "C", "C", "C", "O", "O", "H", "H", "H", "H", "H", "H", "H", "H", "H", "H", "H", "H", "H", "H", "H", "H", "H", "H"], "geometry": [[0.0, 0.0, 0.0], [2.8906799044139224, -5.890135418480017e-16, -7.994618058706352e-16], [4.090002156936358, 2.6398525261429158, -6.661338147750939e-16], [3.494773814983442, 4.318328184412774, 2.2885776933983495], [4.430167759497664, 3.248457197008946, 4.8140053143202], [4.291478883621831, 5.1136823564994875, 7.029686796457409], [1.6283518554985883, 5.898615065047603, 7.813692610735553], [0.09098113968761412, 3.8559169605530776, 9.202350880400292], [0.633034176462661, 4.43068411822854, 11.977982970773487], [1.326960320702356, 7.208407611844445, 11.954466210843032], [1.4542163301940523, 8.596940960412047, 13.697868143575704], [1.8126896881883456, 7.923538977378727, 9.589706616975203], [-0.7697684251190932, 0.7991463221762917, 1.725429536940542], [-0.728358204844251, -1.910295078385659, -0.16780629230614347], [-0.7395566959983426, 1.0901777595592252, -1.5750026999750142], [3.549432854124694, -0.9937128255663361, -1.6728083252781942], [3.5748407652933634, -1.0868771256258378, 1.6026688875658186], [3.492801411747486, 3.6296812217702863, -1.700272199309022], [6.130255055095174, 2.4318180240389844, -0.14770365353403392], [1.4748243698972239, 4.675292689072498, 2.3694865210018463], [4.379159471759111, 6.148530015725711, 1.9810700447344989], [6.3941862913813505, 2.683625258772895, 4.600781738295478], [3.401994679874364, 1.5325080603343326, 5.276971120032953], [5.243180519417969, 4.302011307373723, 8.661575083560871], [5.321939028933572, 6.822012595243532, 6.551324514707935], [0.6103059051782735, 6.650890993026373, 6.213943788060509], [-1.905517084695369, 4.090967722437041, 8.805988230812837], [0.6182505092921828, 1.961123197067476, 8.646334933839247], [2.2390454764063485, 3.3800994644949833, 12.701144730336537], [-0.9378544385871842, 4.10745321974011, 13.243084550287659]], "name": "C10H18O2", "identifiers": {"molecule_hash": "f94c2958d7c99f4c521d1d791027cf813f75c01f", "molecular_formula": "C10H18O2"}, "molecular_charge": 0.0, "molecular_multiplicity": 1, "connectivity": [[0, 1, 1.0], [0, 12, 1.0], [0, 13, 1.0], [0, 14, 1.0], [1, 2, 1.0], [1, 15, 1.0], [1, 16, 1.0], [2, 3, 1.0], [2, 17, 1.0], [2, 18, 1.0], [3, 4, 1.0], [3, 19, 1.0], [3, 20, 1.0], [4, 5, 1.0], [4, 21, 1.0], [4, 22, 1.0], [5, 6, 1.0], [5, 23, 1.0], [5, 24, 1.0], [6, 7, 1.0], [6, 11, 1.0], [6, 25, 1.0], [7, 8, 1.0], [7, 26, 1.0], [7, 27, 1.0], [8, 9, 1.0], [8, 28, 1.0], [8, 29, 1.0], [9, 10, 2.0], [9, 11, 1.0]], "fix_com": true, "fix_orientation": true, "provenance": {"creator": "QCElemental", "version": "v0.22.0", "routine": "qcelemental.molparse.from_schema"}, "id": "246524"}, "charge": 0, "optimize_geometry": false, "conformers": [], "conformer_generation_options": {"n_conformer_pool": 4000, "n_max_conformers": 0, "rms_tolerance": 0.05, "energy_window": 15, "keep_original_conformer": true}, "stage_1_unrestrained_charges": null, "stage_1_restrained_charges": null, "stage_2_unrestrained_charges": null, "stage_2_restrained_charges": null, "keep_original_orientation": false, "reorientations": [], "translations": [], "rotations": []}}, {"index": 7, "molecule": {"qcmol": {"schema_name": "qcschema_molecule", "schema_version": 2, "validated": true, "symbols": ["C", "C", "C", "C", "C", "C", "C", "C", "C", "C", "O", "O", "H", "H", "H", "H", "H", "H", "H", "H", "H", "H", "H", "H", "H", "H", "H", "H", "H", "H"], "geometry": [[0.0, 0.0, 0.0], [2.8906799044139224, -5.890135418480017e-16, -7.994618058706352e-16], [4.090002156936358, 2.6398525261429158, -6.661338147750939e-16], [3.494773814983442, 4.318328184412774, 2.2885776933983495], [4.430167759497664, 3.248457197008946, 4.8140053143202], [4.291478883621831, 5.1136823564994875, 7.029686796457409], [1.6283518554985883, 5.898615065047603, 7.813692610735553], [0.09098113968761412, 3.8559169605530776, 9.202350880400292], [0.633034176462661, 4.43068411822854, 11.977982970773487], [1.326960320702356, 7.208407611844445, 11.954466210843032], [1.4542163301940523, 8.596940960412047, 13.697868143575704], [1.8126896881883456, 7.923538977378727, 9.589706616975203], [-0.7697684251190932, 0.7991463221762917, 1.725429536940542], [-0.728358204844251, -1.910295078385659, -0.16780629230614347], [-0.7395566959983426, 1.0901777595592252, -1.5750026999750142], [3.549432854124694, -0.9937128255663361, -1.6728083252781942], [3.5748407652933634, -1.0868771256258378, 1.6026688875658186], [3.492801411747486, 3.6296812217702863, -1.700272199309022], [6.130255055095174, 2.4318180240389844, -0.14770365353403392], [1.4748243698972239, 4.675292689072498, 2.3694865210018463], [4.379159471759111, 6.148530015725711, 1.9810700447344989], [6.3941862913813505, 2.683625258772895, 4.600781738295478], [3.401994679874364, 1.5325080603343326, 5.276971120032953], [5.243180519417969, 4.302011307373723, 8.661575083560871], [5.321939028933572, 6.822012595243532, 6.551324514707935], [0.6103059051782735, 6.650890993026373, 6.213943788060509], [-1.905517084695369, 4.090967722437041, 8.805988230812837], [0.6182505092921828, 1.961123197067476, 8.646334933839247], [2.2390454764063485, 3.3800994644949833, 12.701144730336537], [-0.9378544385871842, 4.10745321974011, 13.243084550287659]], "name": "C10H18O2", "identifiers": {"molecule_hash": "f94c2958d7c99f4c521d1d791027cf813f75c01f", "molecular_formula": "C10H18O2"}, "molecular_charge": 0.0, "molecular_multiplicity": 1, "connectivity": [[0, 1, 1.0], [0, 12, 1.0], [0, 13, 1.0], [0, 14, 1.0], [1, 2, 1.0], [1, 15, 1.0], [1, 16, 1.0], [2, 3, 1.0], [2, 17, 1.0], [2, 18, 1.0], [3, 4, 1.0], [3, 19, 1.0], [3, 20, 1.0], [4, 5, 1.0], [4, 21, 1.0], [4, 22, 1.0], [5, 6, 1.0], [5, 23, 1.0], [5, 24, 1.0], [6, 7, 1.0], [6, 11, 1.0], [6, 25, 1.0], [7, 8, 1.0], [7, 26, 1.0], [7, 27, 1.0], [8, 9, 1.0], [8, 28, 1.0], [8, 29, 1.0], [9, 10, 2.0], [9, 11, 1.0]], "fix_com": true, "fix_orientation": true, "provenance": {"creator": "QCElemental", "version": "v0.22.0", "routine": "qcelemental.molparse.from_schema"}, "id": "246524"}, "charge": 0, "optimize_geometry": false, "conformers": [], "conformer_generation_options": {"n_conformer_pool": 4000, "n_max_conformers": 0, "rms_tolerance": 0.05, "energy_window": 15, "keep_original_conformer": true}, "stage_1_unrestrained_charges": null, "stage_1_restrained_charges": null, "stage_2_unrestrained_charges": null, "stage_2_restrained_charges": null, "keep_original_orientation": false, "reorientations": [], "translations": [], "rotations": []}}, {"index": 8, "molecule": {"qcmol": {"schema_name": "qcschema_molecule", "schema_version": 2, "validated": true, "symbols": ["C", "C", "C", "C", "C", "C", "C", "C", "C", "C", "O", "O", "H", "H", "H", "H", "H", "H", "H", "H", "H", "H", "H", "H", "H", "H", "H", "H", "H", "H"], "geometry": [[0.0, 0.0, 0.0], [2.8906799044139224, -5.890135418480017e-16, -7.994618058706352e-16], [4.090002156936358, 2.6398525261429158, -6.661338147750939e-16], [3.494773814983442, 4.318328184412774, 2.2885776933983495], [4.430167759497664, 3.248457197008946, 4.8140053143202], [4.291478883621831, 5.1136823564994875, 7.029686796457409], [1.6283518554985883, 5.898615065047603, 7.813692610735553], [0.09098113968761412, 3.8559169605530776, 9.202350880400292], [0.633034176462661, 4.43068411822854, 11.977982970773487], [1.326960320702356, 7.208407611844445, 11.954466210843032], [1.4542163301940523, 8.596940960412047, 13.697868143575704], [1.8126896881883456, 7.923538977378727, 9.589706616975203], [-0.7697684251190932, 0.7991463221762917, 1.725429536940542], [-0.728358204844251, -1.910295078385659, -0.16780629230614347], [-0.7395566959983426, 1.0901777595592252, -1.5750026999750142], [3.549432854124694, -0.9937128255663361, -1.6728083252781942], [3.5748407652933634, -1.0868771256258378, 1.6026688875658186], [3.492801411747486, 3.6296812217702863, -1.700272199309022], [6.130255055095174, 2.4318180240389844, -0.14770365353403392], [1.4748243698972239, 4.675292689072498, 2.3694865210018463], [4.379159471759111, 6.148530015725711, 1.9810700447344989], [6.3941862913813505, 2.683625258772895, 4.600781738295478], [3.401994679874364, 1.5325080603343326, 5.276971120032953], [5.243180519417969, 4.302011307373723, 8.661575083560871], [5.321939028933572, 6.822012595243532, 6.551324514707935], [0.6103059051782735, 6.650890993026373, 6.213943788060509], [-1.905517084695369, 4.090967722437041, 8.805988230812837], [0.6182505092921828, 1.961123197067476, 8.646334933839247], [2.2390454764063485, 3.3800994644949833, 12.701144730336537], [-0.9378544385871842, 4.10745321974011, 13.243084550287659]], "name": "C10H18O2", "identifiers": {"molecule_hash": "f94c2958d7c99f4c521d1d791027cf813f75c01f", "molecular_formula": "C10H18O2"}, "molecular_charge": 0.0, "molecular_multiplicity": 1, "connectivity": [[0, 1, 1.0], [0, 12, 1.0], [0, 13, 1.0], [0, 14, 1.0], [1, 2, 1.0], [1, 15, 1.0], [1, 16, 1.0], [2, 3, 1.0], [2, 17, 1.0], [2, 18, 1.0], [3, 4, 1.0], [3, 19, 1.0], [3, 20, 1.0], [4, 5, 1.0], [4, 21, 1.0], [4, 22, 1.0], [5, 6, 1.0], [5, 23, 1.0], [5, 24, 1.0], [6, 7, 1.0], [6, 11, 1.0], [6, 25, 1.0], [7, 8, 1.0], [7, 26, 1.0], [7, 27, 1.0], [8, 9, 1.0], [8, 28, 1.0], [8, 29, 1.0], [9, 10, 2.0], [9, 11, 1.0]], "fix_com": true, "fix_orientation": true, "provenance": {"creator": "QCElemental", "version": "v0.22.0", "routine": "qcelemental.molparse.from_schema"}, "id": "246524"}, "charge": 0, "optimize_geometry": false, "conformers": [], "conformer_generation_options": {"n_conformer_pool": 4000, "n_max_conformers": 0, "rms_tolerance": 0.05, "energy_window": 15, "keep_original_conformer": true}, "stage_1_unrestrained_charges": null, "stage_1_restrained_charges": null, "stage_2_unrestrained_charges": null, "stage_2_restrained_charges": null, "keep_original_orientation": false, "reorientations": [], "translations": [], "rotations": []}}]}, "surface_constraints": {"matrix": [[2025.3391603497946, 1958.2889773320949, 1884.6828445422734, 1820.6488738558883, 1752.7870167589365, 1687.1883793546729, 1631.017679478733, 1621.1391997112526, 1548.122833475619, 1546.1987134542655, 1484.155540674142, 1594.5754982209996, 2045.0188305699787, 2030.703436325695, 2030.7198671546196, 1950.1515638781812, 1946.707721891532, 1868.4189402630523, 1877.9083982926809, 1824.7315138833803, 1808.5043660473395, 1757.0363573119027, 1736.5250566682455, 1669.2556777327893, 1683.738237117523, 1605.7936277479898, 1577.0538156682164, 1702.6075064065094, 1536.7514042205912, 1497.8257206109752], [1958.2889773320949, 1998.0338721500414, 1947.3521847876095, 1876.6080673222484, 1799.6866340380923, 1726.792397610791, 1664.888551796545, 1653.4113887196972, 1570.1610685732912, 1562.7391194761767, 1492.5353815836284, 1620.040337729959, 1948.665619882956, 1938.3026306834126, 1935.804059442657, 2021.0511479951354, 2018.9831255370177, 1948.6120726367076, 1943.9212393749115, 1882.3218652320995, 1864.4306540644225, 1812.094598871095, 1773.5365384590893, 1706.959816931811, 1723.552299036151, 1642.017634139174, 1615.6743062969338, 1734.6719465151632, 1560.0660219696358, 1514.8007531273888], [1884.6828445422734, 1947.3521847876095, 1994.5767006643407, 1945.3419338241215, 1875.640024684154, 1802.3130932379281, 1736.8075317803803, 1709.732254062795, 1623.4884622166032, 1627.1678069236245, 1553.7560388693164, 1696.731966123704, 1887.141278345088, 1833.8960428546811, 1869.2588384758874, 1942.559940543504, 1940.0206497154081, 2024.678779856001, 2021.0128570976428, 1947.0471160087804, 1945.1117466362148, 1883.4476750346598, 1858.1862760457468, 1780.545024684194, 1802.896922369852, 1719.3903456343253, 1672.8023871938656, 1780.8505981217445, 1606.4284194384206, 1565.2222432517078], [1820.6488738558883, 1876.6080673222484, 1945.3419338241215, 1992.4358885213626, 1943.5491597801295, 1872.2871544768532, 1809.0600035712534, 1762.4835829060312, 1683.4557838386313, 1697.9582498476689, 1622.7653915071473, 1777.186201753039, 1838.1001609125851, 1757.9340437876144, 1809.5845162288679, 1862.0500105370195, 1861.482668582621, 1945.8047068696983, 1943.7382671786704, 2022.173762872909, 2022.3819238326946, 1937.758604019402, 1951.7393359754158, 1857.0605424696241, 1864.70974472395, 1801.7233099403002, 1731.7779418207585, 1808.4982273792584, 1660.2918640886332, 1629.0665529536727], [1752.7870167589365, 1799.6866340380923, 1875.640024684154, 1943.5491597801295, 1989.0323424182127, 1939.7151354960147, 1865.926631719213, 1808.416968369993, 1728.0145616973464, 1742.4462045372206, 1660.9348057975321, 1828.6187943989132, 1778.2232058371965, 1695.1905110030675, 1737.038710602592, 1782.3763854183962, 1777.2771438731786, 1878.249172594832, 1864.8867212886105, 1944.314323209682, 1945.564102697128, 2013.1470442122588, 2023.9974298621025, 1941.3718634574652, 1938.9255519016326, 1861.6517839299552, 1775.8646368912287, 1848.609845272017, 1704.8408578405183, 1673.1903568436148], [1687.1883793546729, 1726.792397610791, 1802.3130932379281, 1872.2871544768532, 1939.7151354960147, 1984.1684735274769, 1929.5862904352953, 1871.6015499534558, 1794.9920552931133, 1807.9456801540036, 1722.0326962404413, 1893.5244846215114, 1717.6351449065262, 1640.0094030863293, 1662.6126985658755, 1716.0782434122355, 1694.196386168148, 1808.633908120262, 1788.3923135640239, 1862.3102680931797, 1872.914003715237, 1938.603249027626, 1945.0036490225073, 2013.7720196133207, 2014.8612917238722, 1936.034378817073, 1848.2401410591158, 1897.759983355742, 1774.9877053394493, 1739.2744440586985], [1631.017679478733, 1664.888551796545, 1736.8075317803803, 1809.0600035712534, 1865.926631719213, 1929.5862904352953, 1963.9402340397774, 1931.5963391194828, 1874.8994985126626, 1885.439082332881, 1806.313018136475, 1948.6587449222495, 1668.8341431747247, 1586.5678559543667, 1601.7509151474865, 1654.8679570929799, 1630.310591932939, 1746.9960230991228, 1715.9590353069975, 1813.1961222872696, 1806.6729162483573, 1841.5258653191481, 1873.1179374760404, 1931.9279882250837, 1935.3456575348785, 2003.772667482041, 1931.337093570133, 1934.7727779673671, 1848.3820229160026, 1836.7252941679822], [1621.1391997112526, 1653.4113887196972, 1709.732254062795, 1762.4835829060312, 1808.416968369993, 1871.6015499534558, 1931.5963391194828, 1997.2733841842314, 1946.6746920209746, 1886.1108695934868, 1800.6479835920154, 1892.0988067693659, 1663.14218073468, 1582.8240878726117, 1583.1097134953266, 1655.034822343588, 1617.9063761733173, 1734.4521113318199, 1675.2354042559298, 1766.3539413087265, 1752.653394315145, 1784.1952941323557, 1807.0907447494262, 1866.4880149726687, 1866.1443188720666, 1938.0949666511742, 2024.626502827943, 2030.8185901168304, 1938.3342606564902, 1933.3382957085842], [1548.122833475619, 1570.1610685732912, 1623.4884622166032, 1683.4557838386313, 1728.0145616973464, 1794.9920552931133, 1874.8994985126626, 1946.6746920209746, 1996.3625984069267, 1947.3302051917353, 1902.7659760687632, 1893.3929162812976, 1595.1013576105302, 1511.1659533427141, 1512.0841052452006, 1565.6632227340156, 1536.5089800136498, 1638.6256104669242, 1591.5606076097893, 1691.0541143304367, 1677.4603665881925, 1691.9568066970696, 1735.6039408240515, 1794.0505932375338, 1776.229696048016, 1855.8642479151574, 1938.5039762989222, 1951.0472262333492, 2020.0882559787542, 2015.3581791705853], [1546.1987134542655, 1562.7391194761767, 1627.1678069236245, 1697.9582498476689, 1742.4462045372206, 1807.9456801540036, 1885.439082332881, 1886.1108695934868, 1947.3302051917353, 2003.7789441244527, 2005.355253583357, 1973.2370401823227, 1595.6540907641293, 1505.1381232897938, 1515.9133610591991, 1546.4131955944297, 1527.876571162671, 1630.797336083475, 1608.5596276853555, 1710.3531113106326, 1696.2669890183813, 1694.6604395175032, 1763.6080218277134, 1807.4371736011392, 1788.7627821295491, 1867.0673649496448, 1847.0004994978783, 1871.0299460211795, 1942.9071095710872, 1937.8017297144493], [1484.155540674142, 1492.5353815836284, 1553.7560388693164, 1622.7653915071473, 1660.9348057975321, 1722.0326962404413, 1806.313018136475, 1800.6479835920154, 1902.7659760687632, 2005.355253583357, 2077.455276778119, 1938.6998421236403, 1535.1815822379053, 1446.3423330794392, 1456.0396132446526, 1472.5568019739737, 1458.4934599851936, 1552.257292448438, 1539.887695922407, 1638.9592492708032, 1621.540393433671, 1606.850182724892, 1687.9933363797827, 1719.2485972954362, 1696.91299429339, 1770.77928521899, 1743.7680492441248, 1775.5839825364787, 1898.617290778832, 1895.7799502290634], [1594.5754982209996, 1620.040337729959, 1696.731966123704, 1777.186201753039, 1828.6187943989132, 1893.5244846215114, 1948.6587449222495, 1892.0988067693659, 1893.3929162812976, 1973.2370401823227, 1938.6998421236403, 2025.976626088634, 1639.8137786964987, 1547.3685221727023, 1567.1999622133228, 1600.778295478841, 1584.992813126001, 1696.8319247092097, 1684.4840258621964, 1788.0174429077333, 1779.423361867566, 1784.2932170865458, 1851.5372097768554, 1894.8325761679916, 1886.1660236664106, 1960.0981185326361, 1857.16868745948, 1876.5342398214418, 1863.8567048479713, 1854.6940028112579], [2045.0188305699787, 1948.665619882956, 1887.141278345088, 1838.1001609125851, 1778.2232058371965, 1717.6351449065262, 1668.8341431747247, 1663.14218073468, 1595.1013576105302, 1595.6540907641293, 1535.1815822379053, 1639.8137786964987, 2146.1284693859197, 2022.0601693928968, 2023.8344146102265, 1921.8500446511996, 1923.716971184308, 1875.2015081356044, 1871.386377639363, 1846.0009192626899, 1827.319474449251, 1779.8397068460902, 1766.3538673054018, 1703.2407721551253, 1707.1401706119318, 1640.4938599946636, 1612.2626389017998, 1750.681407760837, 1584.5626660706307, 1544.2841468607858], [2030.703436325695, 1938.3026306834126, 1833.8960428546811, 1757.9340437876144, 1695.1905110030675, 1640.0094030863293, 1586.5678559543667, 1582.8240878726117, 1511.1659533427141, 1505.1381232897938, 1446.3423330794392, 1547.3685221727023, 2022.0601693928968, 2115.8492556534366, 2005.1873520471113, 1944.3743922568074, 1919.1253558445953, 1809.9627765494758, 1824.9387613158235, 1747.7965583974753, 1746.6284132370595, 1702.3368821097781, 1671.695059068945, 1624.0056571195955, 1642.3947439500564, 1560.4018543542538, 1540.6923654962059, 1665.3787994322029, 1502.6772623061788, 1462.9624700073568], [2030.7198671546196, 1935.804059442657, 1869.2588384758874, 1809.5845162288679, 1737.038710602592, 1662.6126985658755, 1601.7509151474865, 1583.1097134953266, 1512.0841052452006, 1515.9133610591991, 1456.0396132446526, 1567.1999622133228, 2023.8344146102265, 2005.1873520471113, 2118.454606472919, 1906.3643181399852, 1918.2407553889038, 1844.8644055528855, 1871.3654449889164, 1822.8640146959535, 1796.1676656977527, 1735.1586242330372, 1731.1430677178967, 1640.6124701902231, 1660.354660051676, 1579.4581529580369, 1540.232337570036, 1656.3032823253698, 1495.3155410472334, 1465.2533838954898], [1950.1515638781812, 2021.0511479951354, 1942.559940543504, 1862.0500105370195, 1782.3763854183962, 1716.0782434122355, 1654.8679570929799, 1655.034822343588, 1565.6632227340156, 1546.4131955944297, 1472.5568019739737, 1600.778295478841, 1921.8500446511996, 1944.3743922568074, 1906.3643181399852, 2121.7540018486256, 2012.987656265407, 1951.3166191176285, 1917.5222399295772, 1862.3770036149224, 1850.4749602988536, 1803.5445016341703, 1739.8277731491107, 1694.5042064770212, 1718.2655641465653, 1629.5205052146339, 1624.478909347799, 1741.8449045046889, 1557.910199406882, 1511.5604927403642], [1946.707721891532, 2018.9831255370177, 1940.0206497154081, 1861.482668582621, 1777.2771438731786, 1694.196386168148, 1630.310591932939, 1617.9063761733173, 1536.5089800136498, 1527.876571162671, 1458.4934599851936, 1584.9928131260