{"resp_b": 0.1, "restrained_fit": true, "exclude_hydrogens": true, "convergence_tolerance": 1e-06, "max_iter": 500, "resp_a": 0.0005, "charge_constraints": {"charge_sum_constraints": [], "charge_equivalence_constraints": [], "molecules": [{"qcmol": {"schema_name": "qcschema_molecule", "schema_version": 2, "validated": true, "symbols": ["C", "C", "C", "C", "C", "C", "C", "C", "C", "C", "O", "O", "H", "H", "H", "H", "H", "H", "H", "H", "H", "H", "H", "H", "H", "H", "H", "H", "H", "H"], "geometry": [[0.0, 0.0, 0.0], [2.8906799044139224, -5.890135418480017e-16, -7.994618058706352e-16], [4.090002156936358, 2.6398525261429158, -6.661338147750939e-16], [3.494773814983442, 4.318328184412774, 2.2885776933983495], [4.430167759497664, 3.248457197008946, 4.8140053143202], [4.291478883621831, 5.1136823564994875, 7.029686796457409], [1.6283518554985883, 5.898615065047603, 7.813692610735553], [0.09098113968761412, 3.8559169605530776, 9.202350880400292], [0.633034176462661, 4.43068411822854, 11.977982970773487], [1.326960320702356, 7.208407611844445, 11.954466210843032], [1.4542163301940523, 8.596940960412047, 13.697868143575704], [1.8126896881883456, 7.923538977378727, 9.589706616975203], [-0.7697684251190932, 0.7991463221762917, 1.725429536940542], [-0.728358204844251, -1.910295078385659, -0.16780629230614347], [-0.7395566959983426, 1.0901777595592252, -1.5750026999750142], [3.549432854124694, -0.9937128255663361, -1.6728083252781942], [3.5748407652933634, -1.0868771256258378, 1.6026688875658186], [3.492801411747486, 3.6296812217702863, -1.700272199309022], [6.130255055095174, 2.4318180240389844, -0.14770365353403392], [1.4748243698972239, 4.675292689072498, 2.3694865210018463], [4.379159471759111, 6.148530015725711, 1.9810700447344989], [6.3941862913813505, 2.683625258772895, 4.600781738295478], [3.401994679874364, 1.5325080603343326, 5.276971120032953], [5.243180519417969, 4.302011307373723, 8.661575083560871], [5.321939028933572, 6.822012595243532, 6.551324514707935], [0.6103059051782735, 6.650890993026373, 6.213943788060509], [-1.905517084695369, 4.090967722437041, 8.805988230812837], [0.6182505092921828, 1.961123197067476, 8.646334933839247], [2.2390454764063485, 3.3800994644949833, 12.701144730336537], [-0.9378544385871842, 4.10745321974011, 13.243084550287659]], "name": "C10H18O2", "identifiers": {"molecule_hash": "f94c2958d7c99f4c521d1d791027cf813f75c01f", "molecular_formula": "C10H18O2"}, "molecular_charge": 0.0, "molecular_multiplicity": 1, "connectivity": [[0, 1, 1.0], [0, 12, 1.0], [0, 13, 1.0], [0, 14, 1.0], [1, 2, 1.0], [1, 15, 1.0], [1, 16, 1.0], [2, 3, 1.0], [2, 17, 1.0], [2, 18, 1.0], [3, 4, 1.0], [3, 19, 1.0], [3, 20, 1.0], [4, 5, 1.0], [4, 21, 1.0], [4, 22, 1.0], [5, 6, 1.0], [5, 23, 1.0], [5, 24, 1.0], [6, 7, 1.0], [6, 11, 1.0], [6, 25, 1.0], [7, 8, 1.0], [7, 26, 1.0], [7, 27, 1.0], [8, 9, 1.0], [8, 28, 1.0], [8, 29, 1.0], [9, 10, 2.0], [9, 11, 1.0]], "fix_com": true, "fix_orientation": true, "provenance": {"creator": "QCElemental", "version": "v0.22.0", "routine": "qcelemental.molparse.from_schema"}, "id": "246524"}, "charge": 0, "optimize_geometry": false, "conformers": [], "conformer_generation_options": {"n_conformer_pool": 4000, "n_max_conformers": 0, "rms_tolerance": 0.05, "energy_window": 15, "keep_original_conformer": true}, "stage_1_unrestrained_charges": null, "stage_1_restrained_charges": null, "stage_2_unrestrained_charges": null, "stage_2_restrained_charges": null, "keep_original_orientation": false, "reorientations": [], "translations": [], "rotations": []}], "unconstrained_atoms": [{"index": 0, "molecule": {"qcmol": {"schema_name": "qcschema_molecule", "schema_version": 2, "validated": true, "symbols": ["C", "C", "C", "C", "C", "C", "C", "C", "C", "C", "O", "O", "H", "H", "H", "H", "H", "H", "H", "H", "H", "H", "H", "H", "H", "H", "H", "H", "H", "H"], "geometry": [[0.0, 0.0, 0.0], [2.8906799044139224, -5.890135418480017e-16, -7.994618058706352e-16], [4.090002156936358, 2.6398525261429158, -6.661338147750939e-16], [3.494773814983442, 4.318328184412774, 2.2885776933983495], [4.430167759497664, 3.248457197008946, 4.8140053143202], [4.291478883621831, 5.1136823564994875, 7.029686796457409], [1.6283518554985883, 5.898615065047603, 7.813692610735553], [0.09098113968761412, 3.8559169605530776, 9.202350880400292], [0.633034176462661, 4.43068411822854, 11.977982970773487], [1.326960320702356, 7.208407611844445, 11.954466210843032], [1.4542163301940523, 8.596940960412047, 13.697868143575704], [1.8126896881883456, 7.923538977378727, 9.589706616975203], [-0.7697684251190932, 0.7991463221762917, 1.725429536940542], [-0.728358204844251, -1.910295078385659, -0.16780629230614347], [-0.7395566959983426, 1.0901777595592252, -1.5750026999750142], [3.549432854124694, -0.9937128255663361, -1.6728083252781942], [3.5748407652933634, -1.0868771256258378, 1.6026688875658186], [3.492801411747486, 3.6296812217702863, -1.700272199309022], [6.130255055095174, 2.4318180240389844, -0.14770365353403392], [1.4748243698972239, 4.675292689072498, 2.3694865210018463], [4.379159471759111, 6.148530015725711, 1.9810700447344989], [6.3941862913813505, 2.683625258772895, 4.600781738295478], [3.401994679874364, 1.5325080603343326, 5.276971120032953], [5.243180519417969, 4.302011307373723, 8.661575083560871], [5.321939028933572, 6.822012595243532, 6.551324514707935], [0.6103059051782735, 6.650890993026373, 6.213943788060509], [-1.905517084695369, 4.090967722437041, 8.805988230812837], [0.6182505092921828, 1.961123197067476, 8.646334933839247], [2.2390454764063485, 3.3800994644949833, 12.701144730336537], [-0.9378544385871842, 4.10745321974011, 13.243084550287659]], "name": "C10H18O2", "identifiers": {"molecule_hash": "f94c2958d7c99f4c521d1d791027cf813f75c01f", "molecular_formula": "C10H18O2"}, "molecular_charge": 0.0, "molecular_multiplicity": 1, "connectivity": [[0, 1, 1.0], [0, 12, 1.0], [0, 13, 1.0], [0, 14, 1.0], [1, 2, 1.0], [1, 15, 1.0], [1, 16, 1.0], [2, 3, 1.0], [2, 17, 1.0], [2, 18, 1.0], [3, 4, 1.0], [3, 19, 1.0], [3, 20, 1.0], [4, 5, 1.0], [4, 21, 1.0], [4, 22, 1.0], [5, 6, 1.0], [5, 23, 1.0], [5, 24, 1.0], [6, 7, 1.0], [6, 11, 1.0], [6, 25, 1.0], [7, 8, 1.0], [7, 26, 1.0], [7, 27, 1.0], [8, 9, 1.0], [8, 28, 1.0], [8, 29, 1.0], [9, 10, 2.0], [9, 11, 1.0]], "fix_com": true, "fix_orientation": true, "provenance": {"creator": "QCElemental", "version": "v0.22.0", "routine": "qcelemental.molparse.from_schema"}, "id": "246524"}, "charge": 0, "optimize_geometry": false, "conformers": [], "conformer_generation_options": {"n_conformer_pool": 4000, "n_max_conformers": 0, "rms_tolerance": 0.05, "energy_window": 15, "keep_original_conformer": true}, "stage_1_unrestrained_charges": null, "stage_1_restrained_charges": null, "stage_2_unrestrained_charges": null, "stage_2_restrained_charges": null, "keep_original_orientation": false, "reorientations": [], "translations": [], "rotations": []}}, {"index": 1, "molecule": {"qcmol": {"schema_name": "qcschema_molecule", "schema_version": 2, "validated": true, "symbols": ["C", "C", "C", "C", "C", "C", "C", "C", "C", "C", "O", "O", "H", "H", "H", "H", "H", "H", "H", "H", "H", "H", "H", "H", "H", "H", "H", "H", "H", "H"], "geometry": [[0.0, 0.0, 0.0], [2.8906799044139224, -5.890135418480017e-16, -7.994618058706352e-16], [4.090002156936358, 2.6398525261429158, -6.661338147750939e-16], [3.494773814983442, 4.318328184412774, 2.2885776933983495], [4.430167759497664, 3.248457197008946, 4.8140053143202], [4.291478883621831, 5.1136823564994875, 7.029686796457409], [1.6283518554985883, 5.898615065047603, 7.813692610735553], [0.09098113968761412, 3.8559169605530776, 9.202350880400292], [0.633034176462661, 4.43068411822854, 11.977982970773487], [1.326960320702356, 7.208407611844445, 11.954466210843032], [1.4542163301940523, 8.596940960412047, 13.697868143575704], [1.8126896881883456, 7.923538977378727, 9.589706616975203], [-0.7697684251190932, 0.7991463221762917, 1.725429536940542], [-0.728358204844251, -1.910295078385659, -0.16780629230614347], [-0.7395566959983426, 1.0901777595592252, -1.5750026999750142], [3.549432854124694, -0.9937128255663361, -1.6728083252781942], [3.5748407652933634, -1.0868771256258378, 1.6026688875658186], [3.492801411747486, 3.6296812217702863, -1.700272199309022], [6.130255055095174, 2.4318180240389844, -0.14770365353403392], [1.4748243698972239, 4.675292689072498, 2.3694865210018463], [4.379159471759111, 6.148530015725711, 1.9810700447344989], [6.3941862913813505, 2.683625258772895, 4.600781738295478], [3.401994679874364, 1.5325080603343326, 5.276971120032953], [5.243180519417969, 4.302011307373723, 8.661575083560871], [5.321939028933572, 6.822012595243532, 6.551324514707935], [0.6103059051782735, 6.650890993026373, 6.213943788060509], [-1.905517084695369, 4.090967722437041, 8.805988230812837], [0.6182505092921828, 1.961123197067476, 8.646334933839247], [2.2390454764063485, 3.3800994644949833, 12.701144730336537], [-0.9378544385871842, 4.10745321974011, 13.243084550287659]], "name": "C10H18O2", "identifiers": {"molecule_hash": "f94c2958d7c99f4c521d1d791027cf813f75c01f", "molecular_formula": "C10H18O2"}, "molecular_charge": 0.0, "molecular_multiplicity": 1, "connectivity": [[0, 1, 1.0], [0, 12, 1.0], [0, 13, 1.0], [0, 14, 1.0], [1, 2, 1.0], [1, 15, 1.0], [1, 16, 1.0], [2, 3, 1.0], [2, 17, 1.0], [2, 18, 1.0], [3, 4, 1.0], [3, 19, 1.0], [3, 20, 1.0], [4, 5, 1.0], [4, 21, 1.0], [4, 22, 1.0], [5, 6, 1.0], [5, 23, 1.0], [5, 24, 1.0], [6, 7, 1.0], [6, 11, 1.0], [6, 25, 1.0], [7, 8, 1.0], [7, 26, 1.0], [7, 27, 1.0], [8, 9, 1.0], [8, 28, 1.0], [8, 29, 1.0], [9, 10, 2.0], [9, 11, 1.0]], "fix_com": true, "fix_orientation": true, "provenance": {"creator": "QCElemental", "version": "v0.22.0", "routine": "qcelemental.molparse.from_schema"}, "id": "246524"}, "charge": 0, "optimize_geometry": false, "conformers": [], "conformer_generation_options": {"n_conformer_pool": 4000, "n_max_conformers": 0, "rms_tolerance": 0.05, "energy_window": 15, "keep_original_conformer": true}, "stage_1_unrestrained_charges": null, "stage_1_restrained_charges": null, "stage_2_unrestrained_charges": null, "stage_2_restrained_charges": null, "keep_original_orientation": false, "reorientations": [], "translations": [], "rotations": []}}, {"index": 2, "molecule": {"qcmol": {"schema_name": "qcschema_molecule", "schema_version": 2, "validated": true, "symbols": ["C", "C", "C", "C", "C", "C", "C", "C", "C", "C", "O", "O", "H", "H", "H", "H", "H", "H", "H", "H", "H", "H", "H", "H", "H", "H", "H", "H", "H", "H"], "geometry": [[0.0, 0.0, 0.0], [2.8906799044139224, -5.890135418480017e-16, -7.994618058706352e-16], [4.090002156936358, 2.6398525261429158, -6.661338147750939e-16], [3.494773814983442, 4.318328184412774, 2.2885776933983495], [4.430167759497664, 3.248457197008946, 4.8140053143202], [4.291478883621831, 5.1136823564994875, 7.029686796457409], [1.6283518554985883, 5.898615065047603, 7.813692610735553], [0.09098113968761412, 3.8559169605530776, 9.202350880400292], [0.633034176462661, 4.43068411822854, 11.977982970773487], [1.326960320702356, 7.208407611844445, 11.954466210843032], [1.4542163301940523, 8.596940960412047, 13.697868143575704], [1.8126896881883456, 7.923538977378727, 9.589706616975203], [-0.7697684251190932, 0.7991463221762917, 1.725429536940542], [-0.728358204844251, -1.910295078385659, -0.16780629230614347], [-0.7395566959983426, 1.0901777595592252, -1.5750026999750142], [3.549432854124694, -0.9937128255663361, -1.6728083252781942], [3.5748407652933634, -1.0868771256258378, 1.6026688875658186], [3.492801411747486, 3.6296812217702863, -1.700272199309022], [6.130255055095174, 2.4318180240389844, -0.14770365353403392], [1.4748243698972239, 4.675292689072498, 2.3694865210018463], [4.379159471759111, 6.148530015725711, 1.9810700447344989], [6.3941862913813505, 2.683625258772895, 4.600781738295478], [3.401994679874364, 1.5325080603343326, 5.276971120032953], [5.243180519417969, 4.302011307373723, 8.661575083560871], [5.321939028933572, 6.822012595243532, 6.551324514707935], [0.6103059051782735, 6.650890993026373, 6.213943788060509], [-1.905517084695369, 4.090967722437041, 8.805988230812837], [0.6182505092921828, 1.961123197067476, 8.646334933839247], [2.2390454764063485, 3.3800994644949833, 12.701144730336537], [-0.9378544385871842, 4.10745321974011, 13.243084550287659]], "name": "C10H18O2", "identifiers": {"molecule_hash": "f94c2958d7c99f4c521d1d791027cf813f75c01f", "molecular_formula": "C10H18O2"}, "molecular_charge": 0.0, "molecular_multiplicity": 1, "connectivity": [[0, 1, 1.0], [0, 12, 1.0], [0, 13, 1.0], [0, 14, 1.0], [1, 2, 1.0], [1, 15, 1.0], [1, 16, 1.0], [2, 3, 1.0], [2, 17, 1.0], [2, 18, 1.0], [3, 4, 1.0], [3, 19, 1.0], [3, 20, 1.0], [4, 5, 1.0], [4, 21, 1.0], [4, 22, 1.0], [5, 6, 1.0], [5, 23, 1.0], [5, 24, 1.0], [6, 7, 1.0], [6, 11, 1.0], [6, 25, 1.0], [7, 8, 1.0], [7, 26, 1.0], [7, 27, 1.0], [8, 9, 1.0], [8, 28, 1.0], [8, 29, 1.0], [9, 10, 2.0], [9, 11, 1.0]], "fix_com": true, "fix_orientation": true, "provenance": {"creator": "QCElemental", "version": "v0.22.0", "routine": "qcelemental.molparse.from_schema"}, "id": "246524"}, "charge": 0, "optimize_geometry": false, "conformers": [], "conformer_generation_options": {"n_conformer_pool": 4000, "n_max_conformers": 0, "rms_tolerance": 0.05, "energy_window": 15, "keep_original_conformer": true}, "stage_1_unrestrained_charges": null, "stage_1_restrained_charges": null, "stage_2_unrestrained_charges": null, "stage_2_restrained_charges": null, "keep_original_orientation": false, "reorientations": [], "translations": [], "rotations": []}}, {"index": 3, "molecule": {"qcmol": {"schema_name": "qcschema_molecule", "schema_version": 2, "validated": true, "symbols": ["C", "C", "C", "C", "C", "C", "C", "C", "C", "C", "O", "O", "H", "H", "H", "H", "H", "H", "H", "H", "H", "H", "H", "H", "H", "H", "H", "H", "H", "H"], "geometry": [[0.0, 0.0, 0.0], [2.8906799044139224, -5.890135418480017e-16, -7.994618058706352e-16], [4.090002156936358, 2.6398525261429158, -6.661338147750939e-16], [3.494773814983442, 4.318328184412774, 2.2885776933983495], [4.430167759497664, 3.248457197008946, 4.8140053143202], [4.291478883621831, 5.1136823564994875, 7.029686796457409], [1.6283518554985883, 5.898615065047603, 7.813692610735553], [0.09098113968761412, 3.8559169605530776, 9.202350880400292], [0.633034176462661, 4.43068411822854, 11.977982970773487], [1.326960320702356, 7.208407611844445, 11.954466210843032], [1.4542163301940523, 8.596940960412047, 13.697868143575704], [1.8126896881883456, 7.923538977378727, 9.589706616975203], [-0.7697684251190932, 0.7991463221762917, 1.725429536940542], [-0.728358204844251, -1.910295078385659, -0.16780629230614347], [-0.7395566959983426, 1.0901777595592252, -1.5750026999750142], [3.549432854124694, -0.9937128255663361, -1.6728083252781942], [3.5748407652933634, -1.0868771256258378, 1.6026688875658186], [3.492801411747486, 3.6296812217702863, -1.700272199309022], [6.130255055095174, 2.4318180240389844, -0.14770365353403392], [1.4748243698972239, 4.675292689072498, 2.3694865210018463], [4.379159471759111, 6.148530015725711, 1.9810700447344989], [6.3941862913813505, 2.683625258772895, 4.600781738295478], [3.401994679874364, 1.5325080603343326, 5.276971120032953], [5.243180519417969, 4.302011307373723, 8.661575083560871], [5.321939028933572, 6.822012595243532, 6.551324514707935], [0.6103059051782735, 6.650890993026373, 6.213943788060509], [-1.905517084695369, 4.090967722437041, 8.805988230812837], [0.6182505092921828, 1.961123197067476, 8.646334933839247], [2.2390454764063485, 3.3800994644949833, 12.701144730336537], [-0.9378544385871842, 4.10745321974011, 13.243084550287659]], "name": "C10H18O2", "identifiers": {"molecule_hash": "f94c2958d7c99f4c521d1d791027cf813f75c01f", "molecular_formula": "C10H18O2"}, "molecular_charge": 0.0, "molecular_multiplicity": 1, "connectivity": [[0, 1, 1.0], [0, 12, 1.0], [0, 13, 1.0], [0, 14, 1.0], [1, 2, 1.0], [1, 15, 1.0], [1, 16, 1.0], [2, 3, 1.0], [2, 17, 1.0], [2, 18, 1.0], [3, 4, 1.0], [3, 19, 1.0], [3, 20, 1.0], [4, 5, 1.0], [4, 21, 1.0], [4, 22, 1.0], [5, 6, 1.0], [5, 23, 1.0], [5, 24, 1.0], [6, 7, 1.0], [6, 11, 1.0], [6, 25, 1.0], [7, 8, 1.0], [7, 26, 1.0], [7, 27, 1.0], [8, 9, 1.0], [8, 28, 1.0], [8, 29, 1.0], [9, 10, 2.0], [9, 11, 1.0]], "fix_com": true, "fix_orientation": true, "provenance": {"creator": "QCElemental", "version": "v0.22.0", "routine": "qcelemental.molparse.from_schema"}, "id": "246524"}, "charge": 0, "optimize_geometry": false, "conformers": [], "conformer_generation_options": {"n_conformer_pool": 4000, "n_max_conformers": 0, "rms_tolerance": 0.05, "energy_window": 15, "keep_original_conformer": true}, "stage_1_unrestrained_charges": null, "stage_1_restrained_charges": null, "stage_2_unrestrained_charges": null, "stage_2_restrained_charges": null, "keep_original_orientation": false, "reorientations": [], "translations": [], "rotations": []}}, {"index": 4, "molecule": {"qcmol": {"schema_name": "qcschema_molecule", "schema_version": 2, "validated": true, "symbols": ["C", "C", "C", "C", "C", "C", "C", "C", "C", "C", "O", "O", "H", "H", "H", "H", "H", "H", "H", "H", "H", "H", "H", "H", "H", "H", "H", "H", "H", "H"], "geometry": [[0.0, 0.0, 0.0], [2.8906799044139224, -5.890135418480017e-16, -7.994618058706352e-16], [4.090002156936358, 2.6398525261429158, -6.661338147750939e-16], [3.494773814983442, 4.318328184412774, 2.2885776933983495], [4.430167759497664, 3.248457197008946, 4.8140053143202], [4.291478883621831, 5.1136823564994875, 7.029686796457409], [1.6283518554985883, 5.898615065047603, 7.813692610735553], [0.09098113968761412, 3.8559169605530776, 9.202350880400292], [0.633034176462661, 4.43068411822854, 11.977982970773487], [1.326960320702356, 7.208407611844445, 11.954466210843032], [1.4542163301940523, 8.596940960412047, 13.697868143575704], [1.8126896881883456, 7.923538977378727, 9.589706616975203], [-0.7697684251190932, 0.7991463221762917, 1.725429536940542], [-0.728358204844251, -1.910295078385659, -0.16780629230614347], [-0.7395566959983426, 1.0901777595592252, -1.5750026999750142], [3.549432854124694, -0.9937128255663361, -1.6728083252781942], [3.5748407652933634, -1.0868771256258378, 1.6026688875658186], [3.492801411747486, 3.6296812217702863, -1.700272199309022], [6.130255055095174, 2.4318180240389844, -0.14770365353403392], [1.4748243698972239, 4.675292689072498, 2.3694865210018463], [4.379159471759111, 6.148530015725711, 1.9810700447344989], [6.3941862913813505, 2.683625258772895, 4.600781738295478], [3.401994679874364, 1.5325080603343326, 5.276971120032953], [5.243180519417969, 4.302011307373723, 8.661575083560871], [5.321939028933572, 6.822012595243532, 6.551324514707935], [0.6103059051782735, 6.650890993026373, 6.213943788060509], [-1.905517084695369, 4.090967722437041, 8.805988230812837], [0.6182505092921828, 1.961123197067476, 8.646334933839247], [2.2390454764063485, 3.3800994644949833, 12.701144730336537], [-0.9378544385871842, 4.10745321974011, 13.243084550287659]], "name": "C10H18O2", "identifiers": {"molecule_hash": "f94c2958d7c99f4c521d1d791027cf813f75c01f", "molecular_formula": "C10H18O2"}, "molecular_charge": 0.0, "molecular_multiplicity": 1, "connectivity": [[0, 1, 1.0], [0, 12, 1.0], [0, 13, 1.0], [0, 14, 1.0], [1, 2, 1.0], [1, 15, 1.0], [1, 16, 1.0], [2, 3, 1.0], [2, 17, 1.0], [2, 18, 1.0], [3, 4, 1.0], [3, 19, 1.0], [3, 20, 1.0], [4, 5, 1.0], [4, 21, 1.0], [4, 22, 1.0], [5, 6, 1.0], [5, 23, 1.0], [5, 24, 1.0], [6, 7, 1.0], [6, 11, 1.0], [6, 25, 1.0], [7, 8, 1.0], [7, 26, 1.0], [7, 27, 1.0], [8, 9, 1.0], [8, 28, 1.0], [8, 29, 1.0], [9, 10, 2.0], [9, 11, 1.0]], "fix_com": true, "fix_orientation": true, "provenance": {"creator": "QCElemental", "version": "v0.22.0", "routine": "qcelemental.molparse.from_schema"}, "id": "246524"}, "charge": 0, "optimize_geometry": false, "conformers": [], "conformer_generation_options": {"n_conformer_pool": 4000, "n_max_conformers": 0, "rms_tolerance": 0.05, "energy_window": 15, "keep_original_conformer": true}, "stage_1_unrestrained_charges": null, "stage_1_restrained_charges": null, "stage_2_unrestrained_charges": null, "stage_2_restrained_charges": null, "keep_original_orientation": false, "reorientations": [], "translations": [], "rotations": []}}, {"index": 5, "molecule": {"qcmol": {"schema_name": "qcschema_molecule", "schema_version": 2, "validated": true, "symbols": ["C", "C", "C", "C", "C", "C", "C", "C", "C", "C", "O", "O", "H", "H", "H", "H", "H", "H", "H", "H", "H", "H", "H", "H", "H", "H", "H", "H", "H", "H"], "geometry": [[0.0, 0.0, 0.0], [2.8906799044139224, -5.890135418480017e-16, -7.994618058706352e-16], [4.090002156936358, 2.6398525261429158, -6.661338147750939e-16], [3.494773814983442, 4.318328184412774, 2.2885776933983495], [4.430167759497664, 3.248457197008946, 4.8140053143202], [4.291478883621831, 5.1136823564994875, 7.029686796457409], [1.6283518554985883, 5.898615065047603, 7.813692610735553], [0.09098113968761412, 3.8559169605530776, 9.202350880400292], [0.633034176462661, 4.43068411822854, 11.977982970773487], [1.326960320702356, 7.208407611844445, 11.954466210843032], [1.4542163301940523, 8.596940960412047, 13.697868143575704], [1.8126896881883456, 7.923538977378727, 9.589706616975203], [-0.7697684251190932, 0.7991463221762917, 1.725429536940542], [-0.728358204844251, -1.910295078385659, -0.16780629230614347], [-0.7395566959983426, 1.0901777595592252, -1.5750026999750142], [3.549432854124694, -0.9937128255663361, -1.6728083252781942], [3.5748407652933634, -1.0868771256258378, 1.6026688875658186], [3.492801411747486, 3.6296812217702863, -1.700272199309022], [6.130255055095174, 2.4318180240389844, -0.14770365353403392], [1.4748243698972239, 4.675292689072498, 2.3694865210018463], [4.379159471759111, 6.148530015725711, 1.9810700447344989], [6.3941862913813505, 2.683625258772895, 4.600781738295478], [3.401994679874364, 1.5325080603343326, 5.276971120032953], [5.243180519417969, 4.302011307373723, 8.661575083560871], [5.321939028933572, 6.822012595243532, 6.551324514707935], [0.6103059051782735, 6.650890993026373, 6.213943788060509], [-1.905517084695369, 4.090967722437041, 8.805988230812837], [0.6182505092921828, 1.961123197067476, 8.646334933839247], [2.2390454764063485, 3.3800994644949833, 12.701144730336537], [-0.9378544385871842, 4.10745321974011, 13.243084550287659]], "name": "C10H18O2", "identifiers": {"molecule_hash": "f94c2958d7c99f4c521d1d791027cf813f75c01f", "molecular_formula": "C10H18O2"}, "molecular_charge": 0.0, "molecular_multiplicity": 1, "connectivity": [[0, 1, 1.0], [0, 12, 1.0], [0, 13, 1.0], [0, 14, 1.0], [1, 2, 1.0], [1, 15, 1.0], [1, 16, 1.0], [2, 3, 1.0], [2, 17, 1.0], [2, 18, 1.0], [3, 4, 1.0], [3, 19, 1.0], [3, 20, 1.0], [4, 5, 1.0], [4, 21, 1.0], [4, 22, 1.0], [5, 6, 1.0], [5, 23, 1.0], [5, 24, 1.0], [6, 7, 1.0], [6, 11, 1.0], [6, 25, 1.0], [7, 8, 1.0], [7, 26, 1.0], [7, 27, 1.0], [8, 9, 1.0], [8, 28, 1.0], [8, 29, 1.0], [9, 10, 2.0], [9, 11, 1.0]], "fix_com": true, "fix_orientation": true, "provenance": {"creator": "QCElemental", "version": "v0.22.0", "routine": "qcelemental.molparse.from_schema"}, "id": "246524"}, "charge": 0, "optimize_geometry": false, "conformers": [], "conformer_generation_options": {"n_conformer_pool": 4000, "n_max_conformers": 0, "rms_tolerance": 0.05, "energy_window": 15, "keep_original_conformer": true}, "stage_1_unrestrained_charges": null, "stage_1_restrained_charges": null, "stage_2_unrestrained_charges": null, "stage_2_restrained_charges": null, "keep_original_orientation": false, "reorientations": [], "translations": [], "rotations": []}}, {"index": 7, "molecule": {"qcmol": {"schema_name": "qcschema_molecule", "schema_version": 2, "validated": true, "symbols": ["C", "C", "C", "C", "C", "C", "C", "C", "C", "C", "O", "O", "H", "H", "H", "H", "H", "H", "H", "H", "H", "H", "H", "H", "H", "H", "H", "H", "H", "H"], "geometry": [[0.0, 0.0, 0.0], [2.8906799044139224, -5.890135418480017e-16, -7.994618058706352e-16], [4.090002156936358, 2.6398525261429158, -6.661338147750939e-16], [3.494773814983442, 4.318328184412774, 2.2885776933983495], [4.430167759497664, 3.248457197008946, 4.8140053143202], [4.291478883621831, 5.1136823564994875, 7.029686796457409], [1.6283518554985883, 5.898615065047603, 7.813692610735553], [0.09098113968761412, 3.8559169605530776, 9.202350880400292], [0.633034176462661, 4.43068411822854, 11.977982970773487], [1.326960320702356, 7.208407611844445, 11.954466210843032], [1.4542163301940523, 8.596940960412047, 13.697868143575704], [1.8126896881883456, 7.923538977378727, 9.589706616975203], [-0.7697684251190932, 0.7991463221762917, 1.725429536940542], [-0.728358204844251, -1.910295078385659, -0.16780629230614347], [-0.7395566959983426, 1.0901777595592252, -1.5750026999750142], [3.549432854124694, -0.9937128255663361, -1.6728083252781942], [3.5748407652933634, -1.0868771256258378, 1.6026688875658186], [3.492801411747486, 3.6296812217702863, -1.700272199309022], [6.130255055095174, 2.4318180240389844, -0.14770365353403392], [1.4748243698972239, 4.675292689072498, 2.3694865210018463], [4.379159471759111, 6.148530015725711, 1.9810700447344989], [6.3941862913813505, 2.683625258772895, 4.600781738295478], [3.401994679874364, 1.5325080603343326, 5.276971120032953], [5.243180519417969, 4.302011307373723, 8.661575083560871], [5.321939028933572, 6.822012595243532, 6.551324514707935], [0.6103059051782735, 6.650890993026373, 6.213943788060509], [-1.905517084695369, 4.090967722437041, 8.805988230812837], [0.6182505092921828, 1.961123197067476, 8.646334933839247], [2.2390454764063485, 3.3800994644949833, 12.701144730336537], [-0.9378544385871842, 4.10745321974011, 13.243084550287659]], "name": "C10H18O2", "identifiers": {"molecule_hash": "f94c2958d7c99f4c521d1d791027cf813f75c01f", "molecular_formula": "C10H18O2"}, "molecular_charge": 0.0, "molecular_multiplicity": 1, "connectivity": [[0, 1, 1.0], [0, 12, 1.0], [0, 13, 1.0], [0, 14, 1.0], [1, 2, 1.0], [1, 15, 1.0], [1, 16, 1.0], [2, 3, 1.0], [2, 17, 1.0], [2, 18, 1.0], [3, 4, 1.0], [3, 19, 1.0], [3, 20, 1.0], [4, 5, 1.0], [4, 21, 1.0], [4, 22, 1.0], [5, 6, 1.0], [5, 23, 1.0], [5, 24, 1.0], [6, 7, 1.0], [6, 11, 1.0], [6, 25, 1.0], [7, 8, 1.0], [7, 26, 1.0], [7, 27, 1.0], [8, 9, 1.0], [8, 28, 1.0], [8, 29, 1.0], [9, 10, 2.0], [9, 11, 1.0]], "fix_com": true, "fix_orientation": true, "provenance": {"creator": "QCElemental", "version": "v0.22.0", "routine": "qcelemental.molparse.from_schema"}, "id": "246524"}, "charge": 0, "optimize_geometry": false, "conformers": [], "conformer_generation_options": {"n_conformer_pool": 4000, "n_max_conformers": 0, "rms_tolerance": 0.05, "energy_window": 15, "keep_original_conformer": true}, "stage_1_unrestrained_charges": null, "stage_1_restrained_charges": null, "stage_2_unrestrained_charges": null, "stage_2_restrained_charges": null, "keep_original_orientation": false, "reorientations": [], "translations": [], "rotations": []}}, {"index": 8, "molecule": {"qcmol": {"schema_name": "qcschema_molecule", "schema_version": 2, "validated": true, "symbols": ["C", "C", "C", "C", "C", "C", "C", "C", "C", "C", "O", "O", "H", "H", "H", "H", "H", "H", "H", "H", "H", "H", "H", "H", "H", "H", "H", "H", "H", "H"], "geometry": [[0.0, 0.0, 0.0], [2.8906799044139224, -5.890135418480017e-16, -7.994618058706352e-16], [4.090002156936358, 2.6398525261429158, -6.661338147750939e-16], [3.494773814983442, 4.318328184412774, 2.2885776933983495], [4.430167759497664, 3.248457197008946, 4.8140053143202], [4.291478883621831, 5.1136823564994875, 7.029686796457409], [1.6283518554985883, 5.898615065047603, 7.813692610735553], [0.09098113968761412, 3.8559169605530776, 9.202350880400292], [0.633034176462661, 4.43068411822854, 11.977982970773487], [1.326960320702356, 7.208407611844445, 11.954466210843032], [1.4542163301940523, 8.596940960412047, 13.697868143575704], [1.8126896881883456, 7.923538977378727, 9.589706616975203], [-0.7697684251190932, 0.7991463221762917, 1.725429536940542], [-0.728358204844251, -1.910295078385659, -0.16780629230614347], [-0.7395566959983426, 1.0901777595592252, -1.5750026999750142], [3.549432854124694, -0.9937128255663361, -1.6728083252781942], [3.5748407652933634, -1.0868771256258378, 1.6026688875658186], [3.492801411747486, 3.6296812217702863, -1.700272199309022], [6.130255055095174, 2.4318180240389844, -0.14770365353403392], [1.4748243698972239, 4.675292689072498, 2.3694865210018463], [4.379159471759111, 6.148530015725711, 1.9810700447344989], [6.3941862913813505, 2.683625258772895, 4.600781738295478], [3.401994679874364, 1.5325080603343326, 5.276971120032953], [5.243180519417969, 4.302011307373723, 8.661575083560871], [5.321939028933572, 6.822012595243532, 6.551324514707935], [0.6103059051782735, 6.650890993026373, 6.213943788060509], [-1.905517084695369, 4.090967722437041, 8.805988230812837], [0.6182505092921828, 1.961123197067476, 8.646334933839247], [2.2390454764063485, 3.3800994644949833, 12.701144730336537], [-0.9378544385871842, 4.10745321974011, 13.243084550287659]], "name": "C10H18O2", "identifiers": {"molecule_hash": "f94c2958d7c99f4c521d1d791027cf813f75c01f", "molecular_formula": "C10H18O2"}, "molecular_charge": 0.0, "molecular_multiplicity": 1, "connectivity": [[0, 1, 1.0], [0, 12, 1.0], [0, 13, 1.0], [0, 14, 1.0], [1, 2, 1.0], [1, 15, 1.0], [1, 16, 1.0], [2, 3, 1.0], [2, 17, 1.0], [2, 18, 1.0], [3, 4, 1.0], [3, 19, 1.0], [3, 20, 1.0], [4, 5, 1.0], [4, 21, 1.0], [4, 22, 1.0], [5, 6, 1.0], [5, 23, 1.0], [5, 24, 1.0], [6, 7, 1.0], [6, 11, 1.0], [6, 25, 1.0], [7, 8, 1.0], [7, 26, 1.0], [7, 27, 1.0], [8, 9, 1.0], [8, 28, 1.0], [8, 29, 1.0], [9, 10, 2.0], [9, 11, 1.0]], "fix_com": true, "fix_orientation": true, "provenance": {"creator": "QCElemental", "version": "v0.22.0", "routine": "qcelemental.molparse.from_schema"}, "id": "246524"}, "charge": 0, "optimize_geometry": false, "conformers": [], "conformer_generation_options": {"n_conformer_pool": 4000, "n_max_conformers": 0, "rms_tolerance": 0.05, "energy_window": 15, "keep_original_conformer": true}, "stage_1_unrestrained_charges": null, "stage_1_restrained_charges": null, "stage_2_unrestrained_charges": null, "stage_2_restrained_charges": null, "keep_original_orientation": false, "reorientations": [], "translations": [], "rotations": []}}]}, "surface_constraints": {"matrix": [[4932.792869380891, 4780.357364818508, 4612.606162565681, 4466.967774294496, 4312.626439623277, 4159.497348436228, 4028.828490396049, 4010.1817376328586, 3840.6899368477525, 3832.5405317838704, 3698.39903305794, 3942.868189641825, 4990.446241193616, 4952.956869676063, 4949.55524769896, 4768.61515314342, 4760.300559913021, 4582.29219974266, 4597.284722251615, 4477.1379210054065, 4443.190366269979, 4330.192784087998, 4276.287713134402, 4119.833681964852, 4153.872069356247, 3972.377452551242, 3909.8372349554083, 4208.210211211514, 3819.478653137682, 3728.554217818748], [4780.357364818508, 4868.312235270664, 4754.131773403368, 4594.661806157779, 4419.85778150677, 4249.807312386599, 4105.769450041509, 4083.131133507365, 3889.7661062728603, 3869.103745270349, 3715.838358687337, 4000.604348736332, 4769.496267020563, 4741.2873724334795, 4732.69495452187, 4928.283605137537, 4922.940915891636, 4765.177931645004, 4746.711267961978, 4609.320695394782, 4571.74134236139, 4457.393631103119, 4360.418399208881, 4206.123250442323, 4244.710887540532, 4055.0390220558393, 3998.2320211527717, 4280.188115746517, 3871.643250307442, 3765.761686158236], [4612.606162565681, 4754.131773403368, 4860.338351261892, 4749.495390781194, 4593.41477410448, 4423.959247615171, 4271.976120825633, 4212.302454017101, 4013.0708165861897, 4018.721156853981, 3859.858228530109, 4178.459633681433, 4627.688753411217, 4501.304827474633, 4579.332799626586, 4750.075009081701, 4743.611884346194, 4938.52175061352, 4921.61212834806, 4753.696592790005, 4755.0475340682415, 4621.380977074133, 4555.103214924982, 4376.916676458155, 4428.691119123988, 4235.059565577672, 4129.738204659005, 4384.826668110865, 3979.3406791336847, 3882.960793139439], [4466.967774294496, 4594.661806157779, 4749.495390781194, 4855.236159241802, 4746.412056664564, 4583.781749074815, 4437.941809062668, 4333.3365260852515, 4152.026938763653, 4182.844930974434, 4022.379668261296, 4363.936463292795, 4515.405230057607, 4326.448855135585, 4442.926069040689, 4567.827127658136, 4565.241841248726, 4758.508093346721, 4746.60762311314, 4922.903918897289, 4931.653237894298, 4743.237983314141, 4767.29313716023, 4553.357062543927, 4570.5628397140545, 4425.77632853245, 4266.970094616048, 4446.033761941585, 4104.290714719475, 4032.709975076983], [4312.626439623277, 4419.85778150677, 4593.41477410448, 4746.412056664564, 4850.708839743527, 4738.215325915726, 4569.35800091092, 4439.923428523147, 4256.09857555748, 4286.853960697721, 4113.238506599617, 4483.583575258462, 4379.351356472881, 4182.654013140614, 4277.014002047447, 4384.855425379334, 4371.965133042654, 4606.818175940147, 4569.87351261035, 4747.416350927146, 4757.7105294718785, 4917.446687636884, 4932.735042329052, 4746.424748811818, 4742.20852523348, 4565.7064150051865, 4369.605663759662, 4539.580293088682, 4208.52405784194, 4136.830951861501], [4159.497348436228, 4249.807312386599, 4423.959247615171, 4583.781749074815, 4738.215325915726, 4836.690859607589, 4711.7209382153205, 4582.918484179936, 4409.68955194052, 4436.396063017924, 4255.825053588799, 4629.801556741767, 4237.649144984881, 4052.822113902237, 4103.303490122516, 4229.142216681696, 4176.849870664326, 4445.182791802203, 4392.174238191334, 4560.022296787776, 4591.595821406667, 4745.919465709593, 4752.643689804916, 4909.588462837212, 4912.880456174, 4733.185986134091, 4534.905359552104, 4650.694565373676, 4371.240497611157, 4290.031556950026], [4028.828490396049, 4105.769450041509, 4271.976120825633, 4437.941809062668, 4569.35800091092, 4711.7209382153205, 4786.737017981682, 4716.828021351464, 4590.1072275831075, 4609.313995143059, 4448.546434921214, 4750.050473279428, 4124.780939959876, 3927.6477381053724, 3961.036773695345, 4086.014580472835, 4027.8149625954493, 4301.3494230984625, 4223.69644504225, 4446.139317680507, 4438.439657519243, 4522.171217657469, 4588.386144060399, 4722.620711279624, 4729.96056368112, 4886.3685338549785, 4723.226344700407, 4733.2753566066385, 4539.020773659137, 4513.7712544216265], [4010.1817376328586, 4083.131133507365, 4212.302454017101, 4333.3365260852515, 4439.923428523147, 4582.918484179936, 4716.828021351464, 4868.053079658198, 4755.797121405314, 4613.882909147902, 4437.181724176961, 4625.687193816438, 4115.854601181225, 3924.149237201891, 3921.1340106737734, 4091.241414967152, 4002.5830248959446, 4276.147685919506, 4130.469248642373, 4340.418733427522, 4316.0858906746025, 4391.7287042503385, 4438.646002402735, 4575.518604708348, 4575.201263591997, 4738.495178600128, 4938.1702347219425, 4955.947880343067, 4748.356809450304, 4738.362852562106], [3840.6899368477525, 3889.7661062728603, 4013.0708165861897, 4152.026938763653, 4256.09857555748, 4409.68955194052, 4590.1072275831075, 4755.797121405314, 4868.105291740167, 4752.0365633377, 4672.436401293912, 4629.848824215297, 3958.848449609185, 3756.5904544204614, 3755.961621371855, 3882.366795574987, 3813.116050059769, 4054.221844678446, 3936.950788056619, 4167.474189380521, 4143.650813123993, 4178.614217204372, 4275.444327987134, 4411.482360183445, 4371.118039576401, 4553.037950983733, 4744.6854335189455, 4776.799288976067, 4935.798853087028, 4925.599334445608], [3832.5405317838704, 3869.103745270349, 4018.721156853981, 4182.844930974434, 4286.853960697721, 4436.396063017924, 4609.313995143059, 4613.882909147902, 4752.0365633377, 4868.688030564553, 4896.618502153761, 4801.470720188121, 3957.2230010666517, 3737.647969827656, 3761.633308268105, 3833.50846043643, 3790.132775320978, 4032.6397752091075, 3974.709604224587, 4208.722366870621, 4185.521465303269, 4182.94239145344, 4337.808341475252, 4440.620151294817, 4397.452041200679, 4576.7236334436575, 4532.216841185112, 4588.412060588118, 4756.068283099465, 4744.5100178833145], [3698.39903305794, 3715.838358687337, 3859.858228530109, 4022.379668261296, 4113.238506599617, 4255.825053588799, 4448.546434921214, 4437.181724176961, 4672.436401293912, 4896.618502153761, 5081.1624003774705, 4748.3967916537895, 3828.2549380064947, 3609.5746537854434, 3632.0414126287496, 3670.4891515943223, 3637.914119481601, 3861.0399159684835, 3826.852679782758, 4057.472965272766, 4025.9430876922024, 3991.5547868792173, 4178.978917895607, 4254.656919274222, 4201.632637877699, 4374.536855279651, 4311.527609192397, 4385.614544480253, 4676.280611331592, 4670.106303681987], [3942.868189641825, 4000.604348736332, 4178.459633681433, 4363.936463292795, 4483.583575258462, 4629.801556741767, 4750.050473279428, 4625.687193816438, 4629.848824215297, 4801.470720188121, 4748.3967916537895, 4915.791529800335, 4057.36126486238, 3833.780340682263, 3879.192598129178, 3958.479737227094, 3921.864563268416, 4184.196368632136, 4150.223395006129, 4386.417803331852, 4375.948680944147, 4390.045435790789, 4538.603358673036, 4639.521302583654, 4618.7084837644725, 4786.907384006109, 4553.3822666064025, 4598.436408548349, 4574.1326505948955, 4553.912133506803], [4990.446241193616, 4769.496267020563, 4627.688753411217, 4515.405230057607, 4379.351356472881, 4237.649144984881, 4124.780939959876, 4115.854601181225, 3958.848449609185, 3957.2230010666517, 3828.2549380064947, 4057.36126486238, 5236.3500968425, 4945.727861122493, 4945.4274914792295, 4713.3303272068, 4718.1638493320625, 4607.114242684595, 4591.409999897942, 4533.441850853823, 4494.802235332575, 4391.122882970593, 4353.1657522259375, 4206.114483993032, 4215.283823770718, 4061.0442752398226, 3998.8720604259543, 4328.822452078349, 3939.9077462443634, 3845.8296348271265], [4952.956869676063, 4741.2873724334795, 4501.304827474633, 4326.448855135585, 4182.654013140614, 4052.822113902237, 3927.6477381053724, 3924.149237201891, 3756.5904544204614, 3737.647969827656, 3609.5746537854434, 3833.780340682263, 4945.727861122493, 5157.14307865226, 4899.726289707405, 4761.839715102906, 4703.579630142851, 4452.33825182773, 4480.536372647444, 4303.826323347982, 4303.463361214185, 4206.346367054521, 4129.088713388827, 4017.4552241953297, 4060.364861979288, 3868.343773594274, 3828.276896955888, 4125.88352154863, 3741.697802329436, 3649.1601539052563], [4949.55524769896, 4732.69495452187, 4579.332799626586, 4442.926069040689, 4277.014002047447, 4103.303490122516, 3961.036773695345, 3921.1340106737734, 3755.961621371855, 3761.633308268105, 3632.0414126287496, 3879.192598129178, 4945.4274914792295, 4899.726289707405, 5156.034554747407, 4672.1434259888465, 4698.260077837231, 4529.526931814174, 4584.76755985032, 4474.410401590649, 4416.199837398908, 4279.740829430771, 4264.799474462656, 4053.9419606835863, 4101.058024994685, 3911.3874430283995, 3823.251301393108, 4099.307711234486, 3722.014080987679, 3651.2526130333226], [4768.61515314342, 4928.283605137537, 4750.075009081701, 4567.827127658136, 4384.855425379334, 4229.142216681696, 4086.014580472835, 4091.241414967152, 3882.366795574987, 3833.50846043643, 3670.4891515943223, 3958.479737227094, 4713.3303272068, 4761.839715102906, 4672.1434259888465, 5169.468467144738, 4915.407413104286, 4777.870810852205, 4692.4035629319405, 4570.638821244095, 4546.481143501744, 4442.803215687465, 4286.0368687959535, 4180.799735465065, 4236.768423648694, 4028.8087577904853, 4023.7273023437224, 4301.97398711571, 3869.3941147551914, 3761.0565005796875], [4760.300559913021, 4922.940915891636, 4743.611884346194, 4565.241841248726, 4371.965133042654, 4176.849870664326, 4027.8149625954493, 4002.5830248959446, 3813.116050059769, 3790.132775320978, 3637.914119481601, 3921.864563268416, 4718.1638493320625, 4703.579630142851, 4698.260077837231, 4915.407413104286, 5161.850098871139, 4717.511322597554, 4734.3850560560095, 4602.933790897751, 4521.3301423252, 4413.788317580258, 4316.682648945157, 4137.783960499746, 4153.907455915105, 3977.9194521470154, 3913.205983372011, 4199.705041096333, 3804.566817172862, 3684.0424607437