{"resp_b": 0.1, "restrained_fit": true, "exclude_hydrogens": true, "convergence_tolerance": 1e-06, "max_iter": 500, "resp_a": 0.0005, "charge_constraints": {"charge_sum_constraints": [], "charge_equivalence_constraints": [], "molecules": [{"qcmol": {"schema_name": "qcschema_molecule", "schema_version": 2, "validated": true, "symbols": ["C", "C", "C", "C", "N", "H", "H", "H", "H", "H", "H", "H"], "geometry": [[0.0, 0.0, 0.0], [2.886258685887422, -2.1667177714336057e-16, 2.2729046205717555e-16], [4.044692178414069, 2.6623370163338373, 7.216449660063518e-16], [3.4274527592753676, 4.10384474075247, -2.3018570601168515], [2.9471116451619337, 5.196426898759384, -4.08472415770618], [-0.7178587965329271, -1.9193912905222843, 0.042459048849853236], [-0.7395950036540547, 0.9827953347536204, 1.6430816414645768], [-0.7488102256108684, 0.9140027772046772, -1.6747312798850242], [3.589915050312918, -1.0359434835678787, -1.6236589176457434], [3.581161790499531, -0.9691014006683752, 1.6692886381978682], [6.085876489903924, 2.5568210537177256, 0.1379221021149883], [3.3795859061832725, 3.7376353892953076, 1.6131970791843149]], "name": "C4H7N", "identifiers": {"molecule_hash": "20efa395c8092a9fa761614a4cc9b614b1779dec", "molecular_formula": "C4H7N"}, "molecular_charge": 0.0, "molecular_multiplicity": 1, "connectivity": [[0, 1, 1.0], [0, 5, 1.0], [0, 6, 1.0], [0, 7, 1.0], [1, 2, 1.0], [1, 8, 1.0], [1, 9, 1.0], [2, 3, 1.0], [2, 10, 1.0], [2, 11, 1.0], [3, 4, 3.0]], "fix_com": true, "fix_orientation": true, "provenance": {"creator": "QCElemental", "version": "v0.22.0", "routine": "qcelemental.molparse.from_schema"}, "id": "30609"}, "charge": 0, "optimize_geometry": false, "conformers": [], "conformer_generation_options": {"n_conformer_pool": 4000, "n_max_conformers": 0, "rms_tolerance": 0.05, "energy_window": 15, "keep_original_conformer": true}, "stage_1_unrestrained_charges": null, "stage_1_restrained_charges": null, "stage_2_unrestrained_charges": null, "stage_2_restrained_charges": null, "keep_original_orientation": false, "reorientations": [], "translations": [], "rotations": []}], "unconstrained_atoms": [{"index": 0, "molecule": {"qcmol": {"schema_name": "qcschema_molecule", "schema_version": 2, "validated": true, "symbols": ["C", "C", "C", "C", "N", "H", "H", "H", "H", "H", "H", "H"], "geometry": [[0.0, 0.0, 0.0], [2.886258685887422, -2.1667177714336057e-16, 2.2729046205717555e-16], [4.044692178414069, 2.6623370163338373, 7.216449660063518e-16], [3.4274527592753676, 4.10384474075247, -2.3018570601168515], [2.9471116451619337, 5.196426898759384, -4.08472415770618], [-0.7178587965329271, -1.9193912905222843, 0.042459048849853236], [-0.7395950036540547, 0.9827953347536204, 1.6430816414645768], [-0.7488102256108684, 0.9140027772046772, -1.6747312798850242], [3.589915050312918, -1.0359434835678787, -1.6236589176457434], [3.581161790499531, -0.9691014006683752, 1.6692886381978682], [6.085876489903924, 2.5568210537177256, 0.1379221021149883], [3.3795859061832725, 3.7376353892953076, 1.6131970791843149]], "name": "C4H7N", "identifiers": {"molecule_hash": "20efa395c8092a9fa761614a4cc9b614b1779dec", "molecular_formula": "C4H7N"}, "molecular_charge": 0.0, "molecular_multiplicity": 1, "connectivity": [[0, 1, 1.0], [0, 5, 1.0], [0, 6, 1.0], [0, 7, 1.0], [1, 2, 1.0], [1, 8, 1.0], [1, 9, 1.0], [2, 3, 1.0], [2, 10, 1.0], [2, 11, 1.0], [3, 4, 3.0]], "fix_com": true, "fix_orientation": true, "provenance": {"creator": "QCElemental", "version": "v0.22.0", "routine": "qcelemental.molparse.from_schema"}, "id": "30609"}, "charge": 0, "optimize_geometry": false, "conformers": [], "conformer_generation_options": {"n_conformer_pool": 4000, "n_max_conformers": 0, "rms_tolerance": 0.05, "energy_window": 15, "keep_original_conformer": true}, "stage_1_unrestrained_charges": null, "stage_1_restrained_charges": null, "stage_2_unrestrained_charges": null, "stage_2_restrained_charges": null, "keep_original_orientation": false, "reorientations": [], "translations": [], "rotations": []}}, {"index": 1, "molecule": {"qcmol": {"schema_name": "qcschema_molecule", "schema_version": 2, "validated": true, "symbols": ["C", "C", "C", "C", "N", "H", "H", "H", "H", "H", "H", "H"], "geometry": [[0.0, 0.0, 0.0], [2.886258685887422, -2.1667177714336057e-16, 2.2729046205717555e-16], [4.044692178414069, 2.6623370163338373, 7.216449660063518e-16], [3.4274527592753676, 4.10384474075247, -2.3018570601168515], [2.9471116451619337, 5.196426898759384, -4.08472415770618], [-0.7178587965329271, -1.9193912905222843, 0.042459048849853236], [-0.7395950036540547, 0.9827953347536204, 1.6430816414645768], [-0.7488102256108684, 0.9140027772046772, -1.6747312798850242], [3.589915050312918, -1.0359434835678787, -1.6236589176457434], [3.581161790499531, -0.9691014006683752, 1.6692886381978682], [6.085876489903924, 2.5568210537177256, 0.1379221021149883], [3.3795859061832725, 3.7376353892953076, 1.6131970791843149]], "name": "C4H7N", "identifiers": {"molecule_hash": "20efa395c8092a9fa761614a4cc9b614b1779dec", "molecular_formula": "C4H7N"}, "molecular_charge": 0.0, "molecular_multiplicity": 1, "connectivity": [[0, 1, 1.0], [0, 5, 1.0], [0, 6, 1.0], [0, 7, 1.0], [1, 2, 1.0], [1, 8, 1.0], [1, 9, 1.0], [2, 3, 1.0], [2, 10, 1.0], [2, 11, 1.0], [3, 4, 3.0]], "fix_com": true, "fix_orientation": true, "provenance": {"creator": "QCElemental", "version": "v0.22.0", "routine": "qcelemental.molparse.from_schema"}, "id": "30609"}, "charge": 0, "optimize_geometry": false, "conformers": [], "conformer_generation_options": {"n_conformer_pool": 4000, "n_max_conformers": 0, "rms_tolerance": 0.05, "energy_window": 15, "keep_original_conformer": true}, "stage_1_unrestrained_charges": null, "stage_1_restrained_charges": null, "stage_2_unrestrained_charges": null, "stage_2_restrained_charges": null, "keep_original_orientation": false, "reorientations": [], "translations": [], "rotations": []}}, {"index": 2, "molecule": {"qcmol": {"schema_name": "qcschema_molecule", "schema_version": 2, "validated": true, "symbols": ["C", "C", "C", "C", "N", "H", "H", "H", "H", "H", "H", "H"], "geometry": [[0.0, 0.0, 0.0], [2.886258685887422, -2.1667177714336057e-16, 2.2729046205717555e-16], [4.044692178414069, 2.6623370163338373, 7.216449660063518e-16], [3.4274527592753676, 4.10384474075247, -2.3018570601168515], [2.9471116451619337, 5.196426898759384, -4.08472415770618], [-0.7178587965329271, -1.9193912905222843, 0.042459048849853236], [-0.7395950036540547, 0.9827953347536204, 1.6430816414645768], [-0.7488102256108684, 0.9140027772046772, -1.6747312798850242], [3.589915050312918, -1.0359434835678787, -1.6236589176457434], [3.581161790499531, -0.9691014006683752, 1.6692886381978682], [6.085876489903924, 2.5568210537177256, 0.1379221021149883], [3.3795859061832725, 3.7376353892953076, 1.6131970791843149]], "name": "C4H7N", "identifiers": {"molecule_hash": "20efa395c8092a9fa761614a4cc9b614b1779dec", "molecular_formula": "C4H7N"}, "molecular_charge": 0.0, "molecular_multiplicity": 1, "connectivity": [[0, 1, 1.0], [0, 5, 1.0], [0, 6, 1.0], [0, 7, 1.0], [1, 2, 1.0], [1, 8, 1.0], [1, 9, 1.0], [2, 3, 1.0], [2, 10, 1.0], [2, 11, 1.0], [3, 4, 3.0]], "fix_com": true, "fix_orientation": true, "provenance": {"creator": "QCElemental", "version": "v0.22.0", "routine": "qcelemental.molparse.from_schema"}, "id": "30609"}, "charge": 0, "optimize_geometry": false, "conformers": [], "conformer_generation_options": {"n_conformer_pool": 4000, "n_max_conformers": 0, "rms_tolerance": 0.05, "energy_window": 15, "keep_original_conformer": true}, "stage_1_unrestrained_charges": null, "stage_1_restrained_charges": null, "stage_2_unrestrained_charges": null, "stage_2_restrained_charges": null, "keep_original_orientation": false, "reorientations": [], "translations": [], "rotations": []}}]}, "surface_constraints": {"matrix": [[73078750441713.61, 70813390118635.8, 67709377613525.59, 65044489481329.234, 61529232160298.51, 73264633824854.6, 73290195639828.52, 73356685130323.97, 70544833880460.6, 70474946900662.45, 66855507448801.09, 67223046003181.68], [70813390118635.8, 72989890681099.69, 70768788691460.39, 68277080637449.53, 64582499998911.984, 69937648290599.945, 69939494652580.83, 69922511914110.94, 74054967185175.22, 73980279314700.81, 70258105228109.945, 70221150261080.35], [67709377613525.59, 70768788691460.39, 72882294035621.22, 71268990271855.77, 67771253125683.64, 66116098158367.47, 66169441293439.875, 67743940675111.33, 70648325158487.23, 70595471255483.05, 73608689941135.62, 73585836991874.55], [65044489481329.234, 68277080637449.53, 71268990271855.77, 73539861129801.67, 72479388377117.12, 64092504182590.71, 63286628783258.97, 64652247812340.695, 68172100191906.29, 67723925432686.516, 70823725783098.97, 70812598091400.64], [61529232160298.51, 64582499998911.984, 67771253125683.64, 72479388377117.12, 74068517391858.83, 61036042742529.31, 59767667414531.31, 60947813918680.234, 64437826812696.93, 63845522823704.6, 66607201443496.54, 66608041308217.33], [73264633824854.6, 69937648290599.945, 66116098158367.47, 64092504182590.71, 61036042742529.31, 76688847555180.75, 72302996020184.78, 72377712688917.39, 69552990748100.02, 69511797213989.125, 65058471580548.39, 64900385020831.336], [73290195639828.52, 69939494652580.83, 66169441293439.875, 63286628783258.97, 59767667414531.31, 72302996020184.78, 76769483115934.88, 72381190319536.48, 69193486237097.48, 69811241516370.516, 65005288286608.99, 65795964158910.53], [73356685130323.97, 69922511914110.94, 67743940675111.33, 64652247812340.695, 60947813918680.234, 72377712688917.39, 72381190319536.48, 77018908770330.72, 69209977853486.67, 68427136346009.586, 67194363995049.07, 67919809473905.26], [70544833880460.6, 74054967185175.22, 70648325158487.23, 68172100191906.29, 64437826812696.93, 69552990748100.02, 69193486237097.48, 69209977853486.67, 78401997661748.77, 73747200747677.47, 69277441380346.445, 69990422363263.555], [70474946900662.45, 73980279314700.81, 70595471255483.05, 67723925432686.516, 63845522823704.6, 69511797213989.125, 69811241516370.516, 68427136346009.586, 73747200747677.47, 78232783628272.11, 70331234031561.555, 69186972512077.33], [66855507448801.09, 70258105228109.945, 73608689941135.62, 70823725783098.97, 66607201443496.54, 65058471580548.39, 65005288286608.99, 67194363995049.07, 69277441380346.445, 70331234031561.555, 77542248094748.86, 73074983370745.98], [67223046003181.68, 70221150261080.35, 73585836991874.55, 70812598091400.64, 66608041308217.33, 64900385020831.336, 65795964158910.53, 67919809473905.26, 69990422363263.555, 69186972512077.33, 73074983370745.98, 77519703159283.81], [2827096270427.488, 2804901481491.4023, 2236250480135.8027, -238676409493.38235, -2366583561193.137, 2444903333233.4673, 2942201770507.074, 3014758729701.401, 2871676386979.9365, 3053517295495.1567, 2916119764663.7715, 2910282248446.215]]}}