{"resp_b": 0.1, "restrained_fit": true, "exclude_hydrogens": true, "convergence_tolerance": 1e-06, "max_iter": 500, "resp_a": 0.001, "charge_constraints": {"charge_sum_constraints": [{"atoms": [{"index": 0, "molecule": {"qcmol": {"schema_name": "qcschema_molecule", "schema_version": 2, "validated": true, "symbols": ["C", "C", "C", "C", "N", "H", "H", "H", "H", "H", "H", "H"], "geometry": [[0.0, 0.0, 0.0], [2.886258685887422, -2.1667177714336057e-16, 2.2729046205717555e-16], [4.044692178414069, 2.6623370163338373, 7.216449660063518e-16], [3.4274527592753676, 4.10384474075247, -2.3018570601168515], [2.9471116451619337, 5.196426898759384, -4.08472415770618], [-0.7178587965329271, -1.9193912905222843, 0.042459048849853236], [-0.7395950036540547, 0.9827953347536204, 1.6430816414645768], [-0.7488102256108684, 0.9140027772046772, -1.6747312798850242], [3.589915050312918, -1.0359434835678787, -1.6236589176457434], [3.581161790499531, -0.9691014006683752, 1.6692886381978682], [6.085876489903924, 2.5568210537177256, 0.1379221021149883], [3.3795859061832725, 3.7376353892953076, 1.6131970791843149]], "name": "C4H7N", "identifiers": {"molecule_hash": "20efa395c8092a9fa761614a4cc9b614b1779dec", "molecular_formula": "C4H7N"}, "molecular_charge": 0.0, "molecular_multiplicity": 1, "connectivity": [[0, 1, 1.0], [0, 5, 1.0], [0, 6, 1.0], [0, 7, 1.0], [1, 2, 1.0], [1, 8, 1.0], [1, 9, 1.0], [2, 3, 1.0], [2, 10, 1.0], [2, 11, 1.0], [3, 4, 3.0]], "fix_com": true, "fix_orientation": true, "provenance": {"creator": "QCElemental", "version": "v0.22.0", "routine": "qcelemental.molparse.from_schema"}, "id": "30609"}, "charge": 0, "optimize_geometry": false, "conformers": [], "conformer_generation_options": {"n_conformer_pool": 4000, "n_max_conformers": 0, "rms_tolerance": 0.05, "energy_window": 15, "keep_original_conformer": true}, "stage_1_unrestrained_charges": null, "stage_1_restrained_charges": null, "stage_2_unrestrained_charges": null, "stage_2_restrained_charges": null, "keep_original_orientation": false, "reorientations": [], "translations": [], "rotations": []}}], "charge": -0.28999052576894147}, {"atoms": [{"index": 1, "molecule": {"qcmol": {"schema_name": "qcschema_molecule", "schema_version": 2, "validated": true, "symbols": ["C", "C", "C", "C", "N", "H", "H", "H", "H", "H", "H", "H"], "geometry": [[0.0, 0.0, 0.0], [2.886258685887422, -2.1667177714336057e-16, 2.2729046205717555e-16], [4.044692178414069, 2.6623370163338373, 7.216449660063518e-16], [3.4274527592753676, 4.10384474075247, -2.3018570601168515], [2.9471116451619337, 5.196426898759384, -4.08472415770618], [-0.7178587965329271, -1.9193912905222843, 0.042459048849853236], [-0.7395950036540547, 0.9827953347536204, 1.6430816414645768], [-0.7488102256108684, 0.9140027772046772, -1.6747312798850242], [3.589915050312918, -1.0359434835678787, -1.6236589176457434], [3.581161790499531, -0.9691014006683752, 1.6692886381978682], [6.085876489903924, 2.5568210537177256, 0.1379221021149883], [3.3795859061832725, 3.7376353892953076, 1.6131970791843149]], "name": "C4H7N", "identifiers": {"molecule_hash": "20efa395c8092a9fa761614a4cc9b614b1779dec", "molecular_formula": "C4H7N"}, "molecular_charge": 0.0, "molecular_multiplicity": 1, "connectivity": [[0, 1, 1.0], [0, 5, 1.0], [0, 6, 1.0], [0, 7, 1.0], [1, 2, 1.0], [1, 8, 1.0], [1, 9, 1.0], [2, 3, 1.0], [2, 10, 1.0], [2, 11, 1.0], [3, 4, 3.0]], "fix_com": true, "fix_orientation": true, "provenance": {"creator": "QCElemental", "version": "v0.22.0", "routine": "qcelemental.molparse.from_schema"}, "id": "30609"}, "charge": 0, "optimize_geometry": false, "conformers": [], "conformer_generation_options": {"n_conformer_pool": 4000, "n_max_conformers": 0, "rms_tolerance": 0.05, "energy_window": 15, "keep_original_conformer": true}, "stage_1_unrestrained_charges": null, "stage_1_restrained_charges": null, "stage_2_unrestrained_charges": null, "stage_2_restrained_charges": null, "keep_original_orientation": false, "reorientations": [], "translations": [], "rotations": []}}], "charge": 0.2777255118643285}, {"atoms": [{"index": 2, "molecule": {"qcmol": {"schema_name": "qcschema_molecule", "schema_version": 2, "validated": true, "symbols": ["C", "C", "C", "C", "N", "H", "H", "H", "H", "H", "H", "H"], "geometry": [[0.0, 0.0, 0.0], [2.886258685887422, -2.1667177714336057e-16, 2.2729046205717555e-16], [4.044692178414069, 2.6623370163338373, 7.216449660063518e-16], [3.4274527592753676, 4.10384474075247, -2.3018570601168515], [2.9471116451619337, 5.196426898759384, -4.08472415770618], [-0.7178587965329271, -1.9193912905222843, 0.042459048849853236], [-0.7395950036540547, 0.9827953347536204, 1.6430816414645768], [-0.7488102256108684, 0.9140027772046772, -1.6747312798850242], [3.589915050312918, -1.0359434835678787, -1.6236589176457434], [3.581161790499531, -0.9691014006683752, 1.6692886381978682], [6.085876489903924, 2.5568210537177256, 0.1379221021149883], [3.3795859061832725, 3.7376353892953076, 1.6131970791843149]], "name": "C4H7N", "identifiers": {"molecule_hash": "20efa395c8092a9fa761614a4cc9b614b1779dec", "molecular_formula": "C4H7N"}, "molecular_charge": 0.0, "molecular_multiplicity": 1, "connectivity": [[0, 1, 1.0], [0, 5, 1.0], [0, 6, 1.0], [0, 7, 1.0], [1, 2, 1.0], [1, 8, 1.0], [1, 9, 1.0], [2, 3, 1.0], [2, 10, 1.0], [2, 11, 1.0], [3, 4, 3.0]], "fix_com": true, "fix_orientation": true, "provenance": {"creator": "QCElemental", "version": "v0.22.0", "routine": "qcelemental.molparse.from_schema"}, "id": "30609"}, "charge": 0, "optimize_geometry": false, "conformers": [], "conformer_generation_options": {"n_conformer_pool": 4000, "n_max_conformers": 0, "rms_tolerance": 0.05, "energy_window": 15, "keep_original_conformer": true}, "stage_1_unrestrained_charges": null, "stage_1_restrained_charges": null, "stage_2_unrestrained_charges": null, "stage_2_restrained_charges": null, "keep_original_orientation": false, "reorientations": [], "translations": [], "rotations": []}}], "charge": -0.24031495503177094}, {"atoms": [{"index": 3, "molecule": {"qcmol": {"schema_name": "qcschema_molecule", "schema_version": 2, "validated": true, "symbols": ["C", "C", "C", "C", "N", "H", "H", "H", "H", "H", "H", "H"], "geometry": [[0.0, 0.0, 0.0], [2.886258685887422, -2.1667177714336057e-16, 2.2729046205717555e-16], [4.044692178414069, 2.6623370163338373, 7.216449660063518e-16], [3.4274527592753676, 4.10384474075247, -2.3018570601168515], [2.9471116451619337, 5.196426898759384, -4.08472415770618], [-0.7178587965329271, -1.9193912905222843, 0.042459048849853236], [-0.7395950036540547, 0.9827953347536204, 1.6430816414645768], [-0.7488102256108684, 0.9140027772046772, -1.6747312798850242], [3.589915050312918, -1.0359434835678787, -1.6236589176457434], [3.581161790499531, -0.9691014006683752, 1.6692886381978682], [6.085876489903924, 2.5568210537177256, 0.1379221021149883], [3.3795859061832725, 3.7376353892953076, 1.6131970791843149]], "name": "C4H7N", "identifiers": {"molecule_hash": "20efa395c8092a9fa761614a4cc9b614b1779dec", "molecular_formula": "C4H7N"}, "molecular_charge": 0.0, "molecular_multiplicity": 1, "connectivity": [[0, 1, 1.0], [0, 5, 1.0], [0, 6, 1.0], [0, 7, 1.0], [1, 2, 1.0], [1, 8, 1.0], [1, 9, 1.0], [2, 3, 1.0], [2, 10, 1.0], [2, 11, 1.0], [3, 4, 3.0]], "fix_com": true, "fix_orientation": true, "provenance": {"creator": "QCElemental", "version": "v0.22.0", "routine": "qcelemental.molparse.from_schema"}, "id": "30609"}, "charge": 0, "optimize_geometry": false, "conformers": [], "conformer_generation_options": {"n_conformer_pool": 4000, "n_max_conformers": 0, "rms_tolerance": 0.05, "energy_window": 15, "keep_original_conformer": true}, "stage_1_unrestrained_charges": null, "stage_1_restrained_charges": null, "stage_2_unrestrained_charges": null, "stage_2_restrained_charges": null, "keep_original_orientation": false, "reorientations": [], "translations": [], "rotations": []}}], "charge": 0.4004207299580018}, {"atoms": [{"index": 4, "molecule": {"qcmol": {"schema_name": "qcschema_molecule", "schema_version": 2, "validated": true, "symbols": ["C", "C", "C", "C", "N", "H", "H", "H", "H", "H", "H", "H"], "geometry": [[0.0, 0.0, 0.0], [2.886258685887422, -2.1667177714336057e-16, 2.2729046205717555e-16], [4.044692178414069, 2.6623370163338373, 7.216449660063518e-16], [3.4274527592753676, 4.10384474075247, -2.3018570601168515], [2.9471116451619337, 5.196426898759384, -4.08472415770618], [-0.7178587965329271, -1.9193912905222843, 0.042459048849853236], [-0.7395950036540547, 0.9827953347536204, 1.6430816414645768], [-0.7488102256108684, 0.9140027772046772, -1.6747312798850242], [3.589915050312918, -1.0359434835678787, -1.6236589176457434], [3.581161790499531, -0.9691014006683752, 1.6692886381978682], [6.085876489903924, 2.5568210537177256, 0.1379221021149883], [3.3795859061832725, 3.7376353892953076, 1.6131970791843149]], "name": "C4H7N", "identifiers": {"molecule_hash": "20efa395c8092a9fa761614a4cc9b614b1779dec", "molecular_formula": "C4H7N"}, "molecular_charge": 0.0, "molecular_multiplicity": 1, "connectivity": [[0, 1, 1.0], [0, 5, 1.0], [0, 6, 1.0], [0, 7, 1.0], [1, 2, 1.0], [1, 8, 1.0], [1, 9, 1.0], [2, 3, 1.0], [2, 10, 1.0], [2, 11, 1.0], [3, 4, 3.0]], "fix_com": true, "fix_orientation": true, "provenance": {"creator": "QCElemental", "version": "v0.22.0", "routine": "qcelemental.molparse.from_schema"}, "id": "30609"}, "charge": 0, "optimize_geometry": false, "conformers": [], "conformer_generation_options": {"n_conformer_pool": 4000, "n_max_conformers": 0, "rms_tolerance": 0.05, "energy_window": 15, "keep_original_conformer": true}, "stage_1_unrestrained_charges": null, "stage_1_restrained_charges": null, "stage_2_unrestrained_charges": null, "stage_2_restrained_charges": null, "keep_original_orientation": false, "reorientations": [], "translations": [], "rotations": []}}], "charge": -0.5075806144570735}, {"atoms": [{"index": 5, "molecule": {"qcmol": {"schema_name": "qcschema_molecule", "schema_version": 2, "validated": true, "symbols": ["C", "C", "C", "C", "N", "H", "H", "H", "H", "H", "H", "H"], "geometry": [[0.0, 0.0, 0.0], [2.886258685887422, -2.1667177714336057e-16, 2.2729046205717555e-16], [4.044692178414069, 2.6623370163338373, 7.216449660063518e-16], [3.4274527592753676, 4.10384474075247, -2.3018570601168515], [2.9471116451619337, 5.196426898759384, -4.08472415770618], [-0.7178587965329271, -1.9193912905222843, 0.042459048849853236], [-0.7395950036540547, 0.9827953347536204, 1.6430816414645768], [-0.7488102256108684, 0.9140027772046772, -1.6747312798850242], [3.589915050312918, -1.0359434835678787, -1.6236589176457434], [3.581161790499531, -0.9691014006683752, 1.6692886381978682], [6.085876489903924, 2.5568210537177256, 0.1379221021149883], [3.3795859061832725, 3.7376353892953076, 1.6131970791843149]], "name": "C4H7N", "identifiers": {"molecule_hash": "20efa395c8092a9fa761614a4cc9b614b1779dec", "molecular_formula": "C4H7N"}, "molecular_charge": 0.0, "molecular_multiplicity": 1, "connectivity": [[0, 1, 1.0], [0, 5, 1.0], [0, 6, 1.0], [0, 7, 1.0], [1, 2, 1.0], [1, 8, 1.0], [1, 9, 1.0], [2, 3, 1.0], [2, 10, 1.0], [2, 11, 1.0], [3, 4, 3.0]], "fix_com": true, "fix_orientation": true, "provenance": {"creator": "QCElemental", "version": "v0.22.0", "routine": "qcelemental.molparse.from_schema"}, "id": "30609"}, "charge": 0, "optimize_geometry": false, "conformers": [], "conformer_generation_options": {"n_conformer_pool": 4000, "n_max_conformers": 0, "rms_tolerance": 0.05, "energy_window": 15, "keep_original_conformer": true}, "stage_1_unrestrained_charges": null, "stage_1_restrained_charges": null, "stage_2_unrestrained_charges": null, "stage_2_restrained_charges": null, "keep_original_orientation": false, "reorientations": [], "translations": [], "rotations": []}}], "charge": 0.07519561866150246}, {"atoms": [{"index": 6, "molecule": {"qcmol": {"schema_name": "qcschema_molecule", "schema_version": 2, "validated": true, "symbols": ["C", "C", "C", "C", "N", "H", "H", "H", "H", "H", "H", "H"], "geometry": [[0.0, 0.0, 0.0], [2.886258685887422, -2.1667177714336057e-16, 2.2729046205717555e-16], [4.044692178414069, 2.6623370163338373, 7.216449660063518e-16], [3.4274527592753676, 4.10384474075247, -2.3018570601168515], [2.9471116451619337, 5.196426898759384, -4.08472415770618], [-0.7178587965329271, -1.9193912905222843, 0.042459048849853236], [-0.7395950036540547, 0.9827953347536204, 1.6430816414645768], [-0.7488102256108684, 0.9140027772046772, -1.6747312798850242], [3.589915050312918, -1.0359434835678787, -1.6236589176457434], [3.581161790499531, -0.9691014006683752, 1.6692886381978682], [6.085876489903924, 2.5568210537177256, 0.1379221021149883], [3.3795859061832725, 3.7376353892953076, 1.6131970791843149]], "name": "C4H7N", "identifiers": {"molecule_hash": "20efa395c8092a9fa761614a4cc9b614b1779dec", "molecular_formula": "C4H7N"}, "molecular_charge": 0.0, "molecular_multiplicity": 1, "connectivity": [[0, 1, 1.0], [0, 5, 1.0], [0, 6, 1.0], [0, 7, 1.0], [1, 2, 1.0], [1, 8, 1.0], [1, 9, 1.0], [2, 3, 1.0], [2, 10, 1.0], [2, 11, 1.0], [3, 4, 3.0]], "fix_com": true, "fix_orientation": true, "provenance": {"creator": "QCElemental", "version": "v0.22.0", "routine": "qcelemental.molparse.from_schema"}, "id": "30609"}, "charge": 0, "optimize_geometry": false, "conformers": [], "conformer_generation_options": {"n_conformer_pool": 4000, "n_max_conformers": 0, "rms_tolerance": 0.05, "energy_window": 15, "keep_original_conformer": true}, "stage_1_unrestrained_charges": null, "stage_1_restrained_charges": null, "stage_2_unrestrained_charges": null, "stage_2_restrained_charges": null, "keep_original_orientation": false, "reorientations": [], "translations": [], "rotations": []}}], "charge": 0.07179156338965056}, {"atoms": [{"index": 7, "molecule": {"qcmol": {"schema_name": "qcschema_molecule", "schema_version": 2, "validated": true, "symbols": ["C", "C", "C", "C", "N", "H", "H", "H", "H", "H", "H", "H"], "geometry": [[0.0, 0.0, 0.0], [2.886258685887422, -2.1667177714336057e-16, 2.2729046205717555e-16], [4.044692178414069, 2.6623370163338373, 7.216449660063518e-16], [3.4274527592753676, 4.10384474075247, -2.3018570601168515], [2.9471116451619337, 5.196426898759384, -4.08472415770618], [-0.7178587965329271, -1.9193912905222843, 0.042459048849853236], [-0.7395950036540547, 0.9827953347536204, 1.6430816414645768], [-0.7488102256108684, 0.9140027772046772, -1.6747312798850242], [3.589915050312918, -1.0359434835678787, -1.6236589176457434], [3.581161790499531, -0.9691014006683752, 1.6692886381978682], [6.085876489903924, 2.5568210537177256, 0.1379221021149883], [3.3795859061832725, 3.7376353892953076, 1.6131970791843149]], "name": "C4H7N", "identifiers": {"molecule_hash": "20efa395c8092a9fa761614a4cc9b614b1779dec", "molecular_formula": "C4H7N"}, "molecular_charge": 0.0, "molecular_multiplicity": 1, "connectivity": [[0, 1, 1.0], [0, 5, 1.0], [0, 6, 1.0], [0, 7, 1.0], [1, 2, 1.0], [1, 8, 1.0], [1, 9, 1.0], [2, 3, 1.0], [2, 10, 1.0], [2, 11, 1.0], [3, 4, 3.0]], "fix_com": true, "fix_orientation": true, "provenance": {"creator": "QCElemental", "version": "v0.22.0", "routine": "qcelemental.molparse.from_schema"}, "id": "30609"}, "charge": 0, "optimize_geometry": false, "conformers": [], "conformer_generation_options": {"n_conformer_pool": 4000, "n_max_conformers": 0, "rms_tolerance": 0.05, "energy_window": 15, "keep_original_conformer": true}, "stage_1_unrestrained_charges": null, "stage_1_restrained_charges": null, "stage_2_unrestrained_charges": null, "stage_2_restrained_charges": null, "keep_original_orientation": false, "reorientations": [], "translations": [], "rotations": []}}], "charge": 0.07209825506719005}, {"atoms": [{"index": 8, "molecule": {"qcmol": {"schema_name": "qcschema_molecule", "schema_version": 2, "validated": true, "symbols": ["C", "C", "C", "C", "N", "H", "H", "H", "H", "H", "H", "H"], "geometry": [[0.0, 0.0, 0.0], [2.886258685887422, -2.1667177714336057e-16, 2.2729046205717555e-16], [4.044692178414069, 2.6623370163338373, 7.216449660063518e-16], [3.4274527592753676, 4.10384474075247, -2.3018570601168515], [2.9471116451619337, 5.196426898759384, -4.08472415770618], [-0.7178587965329271, -1.9193912905222843, 0.042459048849853236], [-0.7395950036540547, 0.9827953347536204, 1.6430816414645768], [-0.7488102256108684, 0.9140027772046772, -1.6747312798850242], [3.589915050312918, -1.0359434835678787, -1.6236589176457434], [3.581161790499531, -0.9691014006683752, 1.6692886381978682], [6.085876489903924, 2.5568210537177256, 0.1379221021149883], [3.3795859061832725, 3.7376353892953076, 1.6131970791843149]], "name": "C4H7N", "identifiers": {"molecule_hash": "20efa395c8092a9fa761614a4cc9b614b1779dec", "molecular_formula": "C4H7N"}, "molecular_charge": 0.0, "molecular_multiplicity": 1, "connectivity": [[0, 1, 1.0], [0, 5, 1.0], [0, 6, 1.0], [0, 7, 1.0], [1, 2, 1.0], [1, 8, 1.0], [1, 9, 1.0], [2, 3, 1.0], [2, 10, 1.0], [2, 11, 1.0], [3, 4, 3.0]], "fix_com": true, "fix_orientation": true, "provenance": {"creator": "QCElemental", "version": "v0.22.0", "routine": "qcelemental.molparse.from_schema"}, "id": "30609"}, "charge": 0, "optimize_geometry": false, "conformers": [], "conformer_generation_options": {"n_conformer_pool": 4000, "n_max_conformers": 0, "rms_tolerance": 0.05, "energy_window": 15, "keep_original_conformer": true}, "stage_1_unrestrained_charges": null, "stage_1_restrained_charges": null, "stage_2_unrestrained_charges": null, "stage_2_restrained_charges": null, "keep_original_orientation": false, "reorientations": [], "translations": [], "rotations": []}}], "charge": -0.02953852811575932}, {"atoms": [{"index": 9, "molecule": {"qcmol": {"schema_name": "qcschema_molecule", "schema_version": 2, "validated": true, "symbols": ["C", "C", "C", "C", "N", "H", "H", "H", "H", "H", "H", "H"], "geometry": [[0.0, 0.0, 0.0], [2.886258685887422, -2.1667177714336057e-16, 2.2729046205717555e-16], [4.044692178414069, 2.6623370163338373, 7.216449660063518e-16], [3.4274527592753676, 4.10384474075247, -2.3018570601168515], [2.9471116451619337, 5.196426898759384, -4.08472415770618], [-0.7178587965329271, -1.9193912905222843, 0.042459048849853236], [-0.7395950036540547, 0.9827953347536204, 1.6430816414645768], [-0.7488102256108684, 0.9140027772046772, -1.6747312798850242], [3.589915050312918, -1.0359434835678787, -1.6236589176457434], [3.581161790499531, -0.9691014006683752, 1.6692886381978682], [6.085876489903924, 2.5568210537177256, 0.1379221021149883], [3.3795859061832725, 3.7376353892953076, 1.6131970791843149]], "name": "C4H7N", "identifiers": {"molecule_hash": "20efa395c8092a9fa761614a4cc9b614b1779dec", "molecular_formula": "C4H7N"}, "molecular_charge": 0.0, "molecular_multiplicity": 1, "connectivity": [[0, 1, 1.0], [0, 5, 1.0], [0, 6, 1.0], [0, 7, 1.0], [1, 2, 1.0], [1, 8, 1.0], [1, 9, 1.0], [2, 3, 1.0], [2, 10, 1.0], [2, 11, 1.0], [3, 4, 3.0]], "fix_com": true, "fix_orientation": true, "provenance": {"creator": "QCElemental", "version": "v0.22.0", "routine": "qcelemental.molparse.from_schema"}, "id": "30609"}, "charge": 0, "optimize_geometry": false, "conformers": [], "conformer_generation_options": {"n_conformer_pool": 4000, "n_max_conformers": 0, "rms_tolerance": 0.05, "energy_window": 15, "keep_original_conformer": true}, "stage_1_unrestrained_charges": null, "stage_1_restrained_charges": null, "stage_2_unrestrained_charges": null, "stage_2_restrained_charges": null, "keep_original_orientation": false, "reorientations": [], "translations": [], "rotations": []}}], "charge": -0.030473512972780725}, {"atoms": [{"index": 10, "molecule": {"qcmol": {"schema_name": "qcschema_molecule", "schema_version": 2, "validated": true, "symbols": ["C", "C", "C", "C", "N", "H", "H", "H", "H", "H", "H", "H"], "geometry": [[0.0, 0.0, 0.0], [2.886258685887422, -2.1667177714336057e-16, 2.2729046205717555e-16], [4.044692178414069, 2.6623370163338373, 7.216449660063518e-16], [3.4274527592753676, 4.10384474075247, -2.3018570601168515], [2.9471116451619337, 5.196426898759384, -4.08472415770618], [-0.7178587965329271, -1.9193912905222843, 0.042459048849853236], [-0.7395950036540547, 0.9827953347536204, 1.6430816414645768], [-0.7488102256108684, 0.9140027772046772, -1.6747312798850242], [3.589915050312918, -1.0359434835678787, -1.6236589176457434], [3.581161790499531, -0.9691014006683752, 1.6692886381978682], [6.085876489903924, 2.5568210537177256, 0.1379221021149883], [3.3795859061832725, 3.7376353892953076, 1.6131970791843149]], "name": "C4H7N", "identifiers": {"molecule_hash": "20efa395c8092a9fa761614a4cc9b614b1779dec", "molecular_formula": "C4H7N"}, "molecular_charge": 0.0, "molecular_multiplicity": 1, "connectivity": [[0, 1, 1.0], [0, 5, 1.0], [0, 6, 1.0], [0, 7, 1.0], [1, 2, 1.0], [1, 8, 1.0], [1, 9, 1.0], [2, 3, 1.0], [2, 10, 1.0], [2, 11, 1.0], [3, 4, 3.0]], "fix_com": true, "fix_orientation": true, "provenance": {"creator": "QCElemental", "version": "v0.22.0", "routine": "qcelemental.molparse.from_schema"}, "id": "30609"}, "charge": 0, "optimize_geometry": false, "conformers": [], "conformer_generation_options": {"n_conformer_pool": 4000, "n_max_conformers": 0, "rms_tolerance": 0.05, "energy_window": 15, "keep_original_conformer": true}, "stage_1_unrestrained_charges": null, "stage_1_restrained_charges": null, "stage_2_unrestrained_charges": null, "stage_2_restrained_charges": null, "keep_original_orientation": false, "reorientations": [], "translations": [], "rotations": []}}], "charge": 0.10040570855416941}, {"atoms": [{"index": 11, "molecule": {"qcmol": {"schema_name": "qcschema_molecule", "schema_version": 2, "validated": true, "symbols": ["C", "C", "C", "C", "N", "H", "H", "H", "H", "H", "H", "H"], "geometry": [[0.0, 0.0, 0.0], [2.886258685887422, -2.1667177714336057e-16, 2.2729046205717555e-16], [4.044692178414069, 2.6623370163338373, 7.216449660063518e-16], [3.4274527592753676, 4.10384474075247, -2.3018570601168515], [2.9471116451619337, 5.196426898759384, -4.08472415770618], [-0.7178587965329271, -1.9193912905222843, 0.042459048849853236], [-0.7395950036540547, 0.9827953347536204, 1.6430816414645768], [-0.7488102256108684, 0.9140027772046772, -1.6747312798850242], [3.589915050312918, -1.0359434835678787, -1.6236589176457434], [3.581161790499531, -0.9691014006683752, 1.6692886381978682], [6.085876489903924, 2.5568210537177256, 0.1379221021149883], [3.3795859061832725, 3.7376353892953076, 1.6131970791843149]], "name": "C4H7N", "identifiers": {"molecule_hash": "20efa395c8092a9fa761614a4cc9b614b1779dec", "molecular_formula": "C4H7N"}, "molecular_charge": 0.0, "molecular_multiplicity": 1, "connectivity": [[0, 1, 1.0], [0, 5, 1.0], [0, 6, 1.0], [0, 7, 1.0], [1, 2, 1.0], [1, 8, 1.0], [1, 9, 1.0], [2, 3, 1.0], [2, 10, 1.0], [2, 11, 1.0], [3, 4, 3.0]], "fix_com": true, "fix_orientation": true, "provenance": {"creator": "QCElemental", "version": "v0.22.0", "routine": "qcelemental.molparse.from_schema"}, "id": "30609"}, "charge": 0, "optimize_geometry": false, "conformers": [], "conformer_generation_options": {"n_conformer_pool": 4000, "n_max_conformers": 0, "rms_tolerance": 0.05, "energy_window": 15, "keep_original_conformer": true}, "stage_1_unrestrained_charges": null, "stage_1_restrained_charges": null, "stage_2_unrestrained_charges": null, "stage_2_restrained_charges": null, "keep_original_orientation": false, "reorientations": [], "translations": [], "rotations": []}}], "charge": 0.10138229087422218}], "charge_equivalence_constraints": [], "molecules": [{"qcmol": {"schema_name": "qcschema_molecule", "schema_version": 2, "validated": true, "symbols": ["C", "C", "C", "C", "N", "H", "H", "H", "H", "H", "H", "H"], "geometry": [[0.0, 0.0, 0.0], [2.886258685887422, -2.1667177714336057e-16, 2.2729046205717555e-16], [4.044692178414069, 2.6623370163338373, 7.216449660063518e-16], [3.4274527592753676, 4.10384474075247, -2.3018570601168515], [2.9471116451619337, 5.196426898759384, -4.08472415770618], [-0.7178587965329271, -1.9193912905222843, 0.042459048849853236], [-0.7395950036540547, 0.9827953347536204, 1.6430816414645768], [-0.7488102256108684, 0.9140027772046772, -1.6747312798850242], [3.589915050312918, -1.0359434835678787, -1.6236589176457434], [3.581161790499531, -0.9691014006683752, 1.6692886381978682], [6.085876489903924, 2.5568210537177256, 0.1379221021149883], [3.3795859061832725, 3.7376353892953076, 1.6131970791843149]], "name": "C4H7N", "identifiers": {"molecule_hash": "20efa395c8092a9fa761614a4cc9b614b1779dec", "molecular_formula": "C4H7N"}, "molecular_charge": 0.0, "molecular_multiplicity": 1, "connectivity": [[0, 1, 1.0], [0, 5, 1.0], [0, 6, 1.0], [0, 7, 1.0], [1, 2, 1.0], [1, 8, 1.0], [1, 9, 1.0], [2, 3, 1.0], [2, 10, 1.0], [2, 11, 1.0], [3, 4, 3.0]], "fix_com": true, "fix_orientation": true, "provenance": {"creator": "QCElemental", "version": "v0.22.0", "routine": "qcelemental.molparse.from_schema"}, "id": "30609"}, "charge": 0, "optimize_geometry": false, "conformers": [], "conformer_generation_options": {"n_conformer_pool": 4000, "n_max_conformers": 0, "rms_tolerance": 0.05, "energy_window": 15, "keep_original_conformer": true}, "stage_1_unrestrained_charges": null, "stage_1_restrained_charges": null, "stage_2_unrestrained_charges": null, "stage_2_restrained_charges": null, "keep_original_orientation": false, "reorientations": [], "translations": [], "rotations": []}], "unconstrained_atoms": []}, "surface_constraints": {"matrix": [[3546.814466577896, 3435.0702841171146, 3299.198926099512, 3173.0500352699596, 3027.959153412131, 3564.6680240134297, 3564.718969118918, 3573.2201560622443, 3422.840423422759, 3422.3290396177235, 3268.941364089757, 3288.5718524070408], [3435.0702841171146, 3518.918656413202, 3423.6385095042797, 3307.283145335172, 3159.6690799752255, 3403.2901271470705, 3404.035240847472, 3408.668654860945, 3566.3432696943314, 3566.1500054946214, 3410.612167141398, 3411.908546068952], [3299.198926099512, 3423.6385095042797, 3517.5641104468905, 3439.7063225416973, 3306.732867452835, 3232.8144097480313, 3236.445688346172, 3313.5316723142337, 3417.352867256632, 3418.1399495162896, 3561.1873434484073, 3563.4564049764704], [3173.0500352699596, 3307.283145335172, 3439.7063225416973, 3536.092255417378, 3519.254396304747, 3135.74818867075, 3099.3605200713446, 3165.325727651446, 3302.253068736702, 3284.7158515976535, 3431.518280129194, 3433.76385872037], [3027.959153412131, 3159.6690799752255, 3306.732867452835, 3519.254396304747, 3619.6365816619564, 3010.0828609122273, 2951.44017998311, 3009.264260671655, 3152.5524924714605, 3127.536461982878, 3264.7297243850894, 3267.039853663512], [3564.6680240134297, 3403.2901271470705, 3232.8144097480313, 3135.74818867075, 3010.0828609122273, 3731.147068220313, 3529.797757916699, 3537.3120344425915, 3385.865366706889, 3386.3081535623814, 3192.925302825682, 3186.679249294905], [3564.718969118918, 3404.035240847472, 3236.445688346172, 3099.3605200713446, 2951.44017998311, 3529.797757916699, 3732.1629938999454, 3535.643575680601, 3370.2420678640615, 3401.081380436685, 3190.3617138087334, 3230.5124738464838], [3573.2201560622443, 3408.668654860945, 3313.5316723142337, 3165.325727651446, 3009.264260671655, 3537.3120344425915, 3535.643575680601, 3754.691399892511, 3375.6430824066824, 3342.520224799731, 3296.922394678436, 3333.8430363284383], [3422.840423422759, 3566.3432696943314, 3417.352867256632, 3302.253068736702, 3152.5524924714605, 3385.865366706889, 3370.2420678640615, 3375.6430824066824, 3762.4434222585887, 3556.053189501331, 3364.44252365663, 3400.61782632897], [3422.3290396177235, 3566.1500054946214, 3418.1399495162896, 3284.7158515976535, 3127.536461982878, 3386.3081535623814, 3401.081380436685, 3342.520224799731, 3556.053189501331, 3761.498311758545, 3416.4094168940705, 3366.089552034034], [3268.941364089757, 3410.612167141398, 3561.1873434484073, 3431.518280129194, 3264.7297243850894, 3192.925302825682, 3190.3617138087334, 3296.922394678436, 3364.44252365663, 3416.4094168940705, 3751.3051595643187, 3549.033897279171], [3288.5718524070408, 3411.908546068952, 3563.4564049764704, 3433.76385872037, 3267.039853663512, 3186.679249294905, 3230.5124738464838, 3333.8430363284383, 3400.61782632897, 3366.089552034034, 3549.033897279171, 3757.0590181086773], [104.05323205368437, 99.3090379868928, 75.73971454668218, -17.08781225861679, -97.50610812051981, 91.78998126921078, 109.77005402676902, 112.17993325614125, 101.75261974122354, 108.74572514392509, 100.19130689068137, 100.36045429722805]]}}