{"resp_b": 0.1, "restrained_fit": true, "exclude_hydrogens": true, "convergence_tolerance": 1e-06, "max_iter": 500, "resp_a": 0.0005, "charge_constraints": {"charge_sum_constraints": [], "charge_equivalence_constraints": [], "molecules": [{"qcmol": {"schema_name": "qcschema_molecule", "schema_version": 2, "validated": true, "symbols": ["C", "C", "C", "C", "N", "H", "H", "H", "H", "H", "H", "H"], "geometry": [[0.0, 0.0, 0.0], [2.886258685887422, -2.1667177714336057e-16, 2.2729046205717555e-16], [4.044692178414069, 2.6623370163338373, 7.216449660063518e-16], [3.4274527592753676, 4.10384474075247, -2.3018570601168515], [2.9471116451619337, 5.196426898759384, -4.08472415770618], [-0.7178587965329271, -1.9193912905222843, 0.042459048849853236], [-0.7395950036540547, 0.9827953347536204, 1.6430816414645768], [-0.7488102256108684, 0.9140027772046772, -1.6747312798850242], [3.589915050312918, -1.0359434835678787, -1.6236589176457434], [3.581161790499531, -0.9691014006683752, 1.6692886381978682], [6.085876489903924, 2.5568210537177256, 0.1379221021149883], [3.3795859061832725, 3.7376353892953076, 1.6131970791843149]], "name": "C4H7N", "identifiers": {"molecule_hash": "20efa395c8092a9fa761614a4cc9b614b1779dec", "molecular_formula": "C4H7N"}, "molecular_charge": 0.0, "molecular_multiplicity": 1, "connectivity": [[0, 1, 1.0], [0, 5, 1.0], [0, 6, 1.0], [0, 7, 1.0], [1, 2, 1.0], [1, 8, 1.0], [1, 9, 1.0], [2, 3, 1.0], [2, 10, 1.0], [2, 11, 1.0], [3, 4, 3.0]], "fix_com": true, "fix_orientation": true, "provenance": {"creator": "QCElemental", "version": "v0.22.0", "routine": "qcelemental.molparse.from_schema"}, "id": "30609"}, "charge": 0, "optimize_geometry": false, "conformers": [], "conformer_generation_options": {"n_conformer_pool": 4000, "n_max_conformers": 0, "rms_tolerance": 0.05, "energy_window": 15, "keep_original_conformer": true}, "stage_1_unrestrained_charges": null, "stage_1_restrained_charges": null, "stage_2_unrestrained_charges": null, "stage_2_restrained_charges": null, "keep_original_orientation": false, "reorientations": [], "translations": [], "rotations": []}], "unconstrained_atoms": [{"index": 0, "molecule": {"qcmol": {"schema_name": "qcschema_molecule", "schema_version": 2, "validated": true, "symbols": ["C", "C", "C", "C", "N", "H", "H", "H", "H", "H", "H", "H"], "geometry": [[0.0, 0.0, 0.0], [2.886258685887422, -2.1667177714336057e-16, 2.2729046205717555e-16], [4.044692178414069, 2.6623370163338373, 7.216449660063518e-16], [3.4274527592753676, 4.10384474075247, -2.3018570601168515], [2.9471116451619337, 5.196426898759384, -4.08472415770618], [-0.7178587965329271, -1.9193912905222843, 0.042459048849853236], [-0.7395950036540547, 0.9827953347536204, 1.6430816414645768], [-0.7488102256108684, 0.9140027772046772, -1.6747312798850242], [3.589915050312918, -1.0359434835678787, -1.6236589176457434], [3.581161790499531, -0.9691014006683752, 1.6692886381978682], [6.085876489903924, 2.5568210537177256, 0.1379221021149883], [3.3795859061832725, 3.7376353892953076, 1.6131970791843149]], "name": "C4H7N", "identifiers": {"molecule_hash": "20efa395c8092a9fa761614a4cc9b614b1779dec", "molecular_formula": "C4H7N"}, "molecular_charge": 0.0, "molecular_multiplicity": 1, "connectivity": [[0, 1, 1.0], [0, 5, 1.0], [0, 6, 1.0], [0, 7, 1.0], [1, 2, 1.0], [1, 8, 1.0], [1, 9, 1.0], [2, 3, 1.0], [2, 10, 1.0], [2, 11, 1.0], [3, 4, 3.0]], "fix_com": true, "fix_orientation": true, "provenance": {"creator": "QCElemental", "version": "v0.22.0", "routine": "qcelemental.molparse.from_schema"}, "id": "30609"}, "charge": 0, "optimize_geometry": false, "conformers": [], "conformer_generation_options": {"n_conformer_pool": 4000, "n_max_conformers": 0, "rms_tolerance": 0.05, "energy_window": 15, "keep_original_conformer": true}, "stage_1_unrestrained_charges": null, "stage_1_restrained_charges": null, "stage_2_unrestrained_charges": null, "stage_2_restrained_charges": null, "keep_original_orientation": false, "reorientations": [], "translations": [], "rotations": []}}, {"index": 1, "molecule": {"qcmol": {"schema_name": "qcschema_molecule", "schema_version": 2, "validated": true, "symbols": ["C", "C", "C", "C", "N", "H", "H", "H", "H", "H", "H", "H"], "geometry": [[0.0, 0.0, 0.0], [2.886258685887422, -2.1667177714336057e-16, 2.2729046205717555e-16], [4.044692178414069, 2.6623370163338373, 7.216449660063518e-16], [3.4274527592753676, 4.10384474075247, -2.3018570601168515], [2.9471116451619337, 5.196426898759384, -4.08472415770618], [-0.7178587965329271, -1.9193912905222843, 0.042459048849853236], [-0.7395950036540547, 0.9827953347536204, 1.6430816414645768], [-0.7488102256108684, 0.9140027772046772, -1.6747312798850242], [3.589915050312918, -1.0359434835678787, -1.6236589176457434], [3.581161790499531, -0.9691014006683752, 1.6692886381978682], [6.085876489903924, 2.5568210537177256, 0.1379221021149883], [3.3795859061832725, 3.7376353892953076, 1.6131970791843149]], "name": "C4H7N", "identifiers": {"molecule_hash": "20efa395c8092a9fa761614a4cc9b614b1779dec", "molecular_formula": "C4H7N"}, "molecular_charge": 0.0, "molecular_multiplicity": 1, "connectivity": [[0, 1, 1.0], [0, 5, 1.0], [0, 6, 1.0], [0, 7, 1.0], [1, 2, 1.0], [1, 8, 1.0], [1, 9, 1.0], [2, 3, 1.0], [2, 10, 1.0], [2, 11, 1.0], [3, 4, 3.0]], "fix_com": true, "fix_orientation": true, "provenance": {"creator": "QCElemental", "version": "v0.22.0", "routine": "qcelemental.molparse.from_schema"}, "id": "30609"}, "charge": 0, "optimize_geometry": false, "conformers": [], "conformer_generation_options": {"n_conformer_pool": 4000, "n_max_conformers": 0, "rms_tolerance": 0.05, "energy_window": 15, "keep_original_conformer": true}, "stage_1_unrestrained_charges": null, "stage_1_restrained_charges": null, "stage_2_unrestrained_charges": null, "stage_2_restrained_charges": null, "keep_original_orientation": false, "reorientations": [], "translations": [], "rotations": []}}, {"index": 2, "molecule": {"qcmol": {"schema_name": "qcschema_molecule", "schema_version": 2, "validated": true, "symbols": ["C", "C", "C", "C", "N", "H", "H", "H", "H", "H", "H", "H"], "geometry": [[0.0, 0.0, 0.0], [2.886258685887422, -2.1667177714336057e-16, 2.2729046205717555e-16], [4.044692178414069, 2.6623370163338373, 7.216449660063518e-16], [3.4274527592753676, 4.10384474075247, -2.3018570601168515], [2.9471116451619337, 5.196426898759384, -4.08472415770618], [-0.7178587965329271, -1.9193912905222843, 0.042459048849853236], [-0.7395950036540547, 0.9827953347536204, 1.6430816414645768], [-0.7488102256108684, 0.9140027772046772, -1.6747312798850242], [3.589915050312918, -1.0359434835678787, -1.6236589176457434], [3.581161790499531, -0.9691014006683752, 1.6692886381978682], [6.085876489903924, 2.5568210537177256, 0.1379221021149883], [3.3795859061832725, 3.7376353892953076, 1.6131970791843149]], "name": "C4H7N", "identifiers": {"molecule_hash": "20efa395c8092a9fa761614a4cc9b614b1779dec", "molecular_formula": "C4H7N"}, "molecular_charge": 0.0, "molecular_multiplicity": 1, "connectivity": [[0, 1, 1.0], [0, 5, 1.0], [0, 6, 1.0], [0, 7, 1.0], [1, 2, 1.0], [1, 8, 1.0], [1, 9, 1.0], [2, 3, 1.0], [2, 10, 1.0], [2, 11, 1.0], [3, 4, 3.0]], "fix_com": true, "fix_orientation": true, "provenance": {"creator": "QCElemental", "version": "v0.22.0", "routine": "qcelemental.molparse.from_schema"}, "id": "30609"}, "charge": 0, "optimize_geometry": false, "conformers": [], "conformer_generation_options": {"n_conformer_pool": 4000, "n_max_conformers": 0, "rms_tolerance": 0.05, "energy_window": 15, "keep_original_conformer": true}, "stage_1_unrestrained_charges": null, "stage_1_restrained_charges": null, "stage_2_unrestrained_charges": null, "stage_2_restrained_charges": null, "keep_original_orientation": false, "reorientations": [], "translations": [], "rotations": []}}]}, "surface_constraints": {"matrix": [[71715983287774.27, 69541780665386.38, 66485571363388.516, 63849370102225.44, 60439267198004.62, 71903217920337.78, 71913508268534.98, 71976264099616.48, 69297655217999.1, 69240036803208.45, 65640150629141.51, 65995265186069.5], [69541780665386.38, 71708406414633.81, 69527970581873.83, 67112944411925.8, 63561032732578.67, 68696461227371.22, 68688903911414.6, 68664575362759.414, 72750367114964.36, 72688901935302.45, 69012390402621.516, 68968624820249.984], [66485571363388.516, 69527970581873.83, 71565218476488.83, 70013345307613.82, 66684556051976.12, 64933805137988.46, 64978974525764.71, 66500579778483.25, 69416914994243.34, 69376822110340.305, 72251808654988.1, 72222350304746.39], [63849370102225.44, 67112944411925.8, 70013345307613.82, 72307380679208.11, 71340659514099.38, 62922138152388.94, 62117626065741.78, 63420895726622.664, 67031639745721.86, 66598270526284.695, 69563466802002.95, 69545140380068.98], [60439267198004.62, 63561032732578.67, 66684556051976.12, 71340659514099.38, 72867663927651.97, 59934190535091.54, 58695903858890.09, 59825517124491.98, 63441652446174.516, 62869099150963.445, 65563584038537.375, 65557990135110.14], [71903217920337.78, 68696461227371.22, 64933805137988.46, 62922138152388.94, 59934190535091.54, 75240983305909.83, 70958764826570.98, 71024901229152.05, 68342381987683.28, 68312010177131.06, 63895965630384.98, 63728035495488.9], [71913508268534.98, 68688903911414.6, 64978974525764.71, 62117626065741.78, 58695903858890.09, 70958764826570.98, 75281492157311.53, 71019609688028.86, 67987142343101.74, 68602098081711.91, 63830818175412.73, 64602249826172.67], [71976264099616.48, 68664575362759.414, 66500579778483.25, 63420895726622.664, 59825517124491.98, 71024901229152.05, 71019609688028.86, 75518686124208.42, 67997162732520.92, 67242295587163.89, 65948352377628.16, 66659342971170.35], [69297655217999.1, 72750367114964.36, 69416914994243.34, 67031639745721.86, 63441652446174.516, 68342381987683.28, 67987142343101.74, 67997162732520.92, 76974288483806.45, 72461463999408.02, 68056887227317.805, 68759082053032.1], [69240036803208.45, 72688901935302.45, 69376822110340.305, 66598270526284.695, 62869099150963.445, 68312010177131.06, 68602098081711.91, 67242295587163.89, 72461463999408.02, 76835402192490.45, 69110774829193.33, 67971344241822.45], [65640150629141.51, 69012390402621.516, 72251808654988.1, 69563466802002.95, 65563584038537.375, 63895965630384.98, 63830818175412.73, 65948352377628.16, 68056887227317.805, 69110774829193.33, 76044589656157.19, 71694934204204.58], [65995265186069.5, 68968624820249.984, 72222350304746.39, 69545140380068.98, 65557990135110.14, 63728035495488.9, 64602249826172.67, 66659342971170.35, 68759082053032.1, 67971344241822.45, 71694934204204.58, 76007646554948.11], [2284935359810.606, 2220557231209.02, 1742085466865.7163, -200872827387.83374, -1870870446851.4377, 2021005098411.6338, 2383056346704.039, 2427949962971.8413, 2271303644798.813, 2410936322445.768, 2245392386437.7246, 2242041754308.5474]]}}