{"resp_b": 0.1, "restrained_fit": true, "exclude_hydrogens": true, "convergence_tolerance": 1e-06, "max_iter": 500, "resp_a": 0.001, "charge_constraints": {"charge_sum_constraints": [{"atoms": [{"index": 0, "molecule": {"qcmol": {"schema_name": "qcschema_molecule", "schema_version": 2, "validated": true, "symbols": ["C", "C", "C", "C", "N", "H", "H", "H", "H", "H", "H", "H"], "geometry": [[0.0, 0.0, 0.0], [2.886258685887422, -2.1667177714336057e-16, 2.2729046205717555e-16], [4.044692178414069, 2.6623370163338373, 7.216449660063518e-16], [3.4274527592753676, 4.10384474075247, -2.3018570601168515], [2.9471116451619337, 5.196426898759384, -4.08472415770618], [-0.7178587965329271, -1.9193912905222843, 0.042459048849853236], [-0.7395950036540547, 0.9827953347536204, 1.6430816414645768], [-0.7488102256108684, 0.9140027772046772, -1.6747312798850242], [3.589915050312918, -1.0359434835678787, -1.6236589176457434], [3.581161790499531, -0.9691014006683752, 1.6692886381978682], [6.085876489903924, 2.5568210537177256, 0.1379221021149883], [3.3795859061832725, 3.7376353892953076, 1.6131970791843149]], "name": "C4H7N", "identifiers": {"molecule_hash": "20efa395c8092a9fa761614a4cc9b614b1779dec", "molecular_formula": "C4H7N"}, "molecular_charge": 0.0, "molecular_multiplicity": 1, "connectivity": [[0, 1, 1.0], [0, 5, 1.0], [0, 6, 1.0], [0, 7, 1.0], [1, 2, 1.0], [1, 8, 1.0], [1, 9, 1.0], [2, 3, 1.0], [2, 10, 1.0], [2, 11, 1.0], [3, 4, 3.0]], "fix_com": true, "fix_orientation": true, "provenance": {"creator": "QCElemental", "version": "v0.22.0", "routine": "qcelemental.molparse.from_schema"}, "id": "30609"}, "charge": 0, "optimize_geometry": false, "conformers": [], "conformer_generation_options": {"n_conformer_pool": 4000, "n_max_conformers": 0, "rms_tolerance": 0.05, "energy_window": 15, "keep_original_conformer": true}, "stage_1_unrestrained_charges": null, "stage_1_restrained_charges": null, "stage_2_unrestrained_charges": null, "stage_2_restrained_charges": null, "keep_original_orientation": false, "reorientations": [], "translations": [], "rotations": []}}], "charge": -0.25852853178597124}, {"atoms": [{"index": 1, "molecule": {"qcmol": {"schema_name": "qcschema_molecule", "schema_version": 2, "validated": true, "symbols": ["C", "C", "C", "C", "N", "H", "H", "H", "H", "H", "H", "H"], "geometry": [[0.0, 0.0, 0.0], [2.886258685887422, -2.1667177714336057e-16, 2.2729046205717555e-16], [4.044692178414069, 2.6623370163338373, 7.216449660063518e-16], [3.4274527592753676, 4.10384474075247, -2.3018570601168515], [2.9471116451619337, 5.196426898759384, -4.08472415770618], [-0.7178587965329271, -1.9193912905222843, 0.042459048849853236], [-0.7395950036540547, 0.9827953347536204, 1.6430816414645768], [-0.7488102256108684, 0.9140027772046772, -1.6747312798850242], [3.589915050312918, -1.0359434835678787, -1.6236589176457434], [3.581161790499531, -0.9691014006683752, 1.6692886381978682], [6.085876489903924, 2.5568210537177256, 0.1379221021149883], [3.3795859061832725, 3.7376353892953076, 1.6131970791843149]], "name": "C4H7N", "identifiers": {"molecule_hash": "20efa395c8092a9fa761614a4cc9b614b1779dec", "molecular_formula": "C4H7N"}, "molecular_charge": 0.0, "molecular_multiplicity": 1, "connectivity": [[0, 1, 1.0], [0, 5, 1.0], [0, 6, 1.0], [0, 7, 1.0], [1, 2, 1.0], [1, 8, 1.0], [1, 9, 1.0], [2, 3, 1.0], [2, 10, 1.0], [2, 11, 1.0], [3, 4, 3.0]], "fix_com": true, "fix_orientation": true, "provenance": {"creator": "QCElemental", "version": "v0.22.0", "routine": "qcelemental.molparse.from_schema"}, "id": "30609"}, "charge": 0, "optimize_geometry": false, "conformers": [], "conformer_generation_options": {"n_conformer_pool": 4000, "n_max_conformers": 0, "rms_tolerance": 0.05, "energy_window": 15, "keep_original_conformer": true}, "stage_1_unrestrained_charges": null, "stage_1_restrained_charges": null, "stage_2_unrestrained_charges": null, "stage_2_restrained_charges": null, "keep_original_orientation": false, "reorientations": [], "translations": [], "rotations": []}}], "charge": 0.24950604365860096}, {"atoms": [{"index": 2, "molecule": {"qcmol": {"schema_name": "qcschema_molecule", "schema_version": 2, "validated": true, "symbols": ["C", "C", "C", "C", "N", "H", "H", "H", "H", "H", "H", "H"], "geometry": [[0.0, 0.0, 0.0], [2.886258685887422, -2.1667177714336057e-16, 2.2729046205717555e-16], [4.044692178414069, 2.6623370163338373, 7.216449660063518e-16], [3.4274527592753676, 4.10384474075247, -2.3018570601168515], [2.9471116451619337, 5.196426898759384, -4.08472415770618], [-0.7178587965329271, -1.9193912905222843, 0.042459048849853236], [-0.7395950036540547, 0.9827953347536204, 1.6430816414645768], [-0.7488102256108684, 0.9140027772046772, -1.6747312798850242], [3.589915050312918, -1.0359434835678787, -1.6236589176457434], [3.581161790499531, -0.9691014006683752, 1.6692886381978682], [6.085876489903924, 2.5568210537177256, 0.1379221021149883], [3.3795859061832725, 3.7376353892953076, 1.6131970791843149]], "name": "C4H7N", "identifiers": {"molecule_hash": "20efa395c8092a9fa761614a4cc9b614b1779dec", "molecular_formula": "C4H7N"}, "molecular_charge": 0.0, "molecular_multiplicity": 1, "connectivity": [[0, 1, 1.0], [0, 5, 1.0], [0, 6, 1.0], [0, 7, 1.0], [1, 2, 1.0], [1, 8, 1.0], [1, 9, 1.0], [2, 3, 1.0], [2, 10, 1.0], [2, 11, 1.0], [3, 4, 3.0]], "fix_com": true, "fix_orientation": true, "provenance": {"creator": "QCElemental", "version": "v0.22.0", "routine": "qcelemental.molparse.from_schema"}, "id": "30609"}, "charge": 0, "optimize_geometry": false, "conformers": [], "conformer_generation_options": {"n_conformer_pool": 4000, "n_max_conformers": 0, "rms_tolerance": 0.05, "energy_window": 15, "keep_original_conformer": true}, "stage_1_unrestrained_charges": null, "stage_1_restrained_charges": null, "stage_2_unrestrained_charges": null, "stage_2_restrained_charges": null, "keep_original_orientation": false, "reorientations": [], "translations": [], "rotations": []}}], "charge": -0.21371322205331642}, {"atoms": [{"index": 3, "molecule": {"qcmol": {"schema_name": "qcschema_molecule", "schema_version": 2, "validated": true, "symbols": ["C", "C", "C", "C", "N", "H", "H", "H", "H", "H", "H", "H"], "geometry": [[0.0, 0.0, 0.0], [2.886258685887422, -2.1667177714336057e-16, 2.2729046205717555e-16], [4.044692178414069, 2.6623370163338373, 7.216449660063518e-16], [3.4274527592753676, 4.10384474075247, -2.3018570601168515], [2.9471116451619337, 5.196426898759384, -4.08472415770618], [-0.7178587965329271, -1.9193912905222843, 0.042459048849853236], [-0.7395950036540547, 0.9827953347536204, 1.6430816414645768], [-0.7488102256108684, 0.9140027772046772, -1.6747312798850242], [3.589915050312918, -1.0359434835678787, -1.6236589176457434], [3.581161790499531, -0.9691014006683752, 1.6692886381978682], [6.085876489903924, 2.5568210537177256, 0.1379221021149883], [3.3795859061832725, 3.7376353892953076, 1.6131970791843149]], "name": "C4H7N", "identifiers": {"molecule_hash": "20efa395c8092a9fa761614a4cc9b614b1779dec", "molecular_formula": "C4H7N"}, "molecular_charge": 0.0, "molecular_multiplicity": 1, "connectivity": [[0, 1, 1.0], [0, 5, 1.0], [0, 6, 1.0], [0, 7, 1.0], [1, 2, 1.0], [1, 8, 1.0], [1, 9, 1.0], [2, 3, 1.0], [2, 10, 1.0], [2, 11, 1.0], [3, 4, 3.0]], "fix_com": true, "fix_orientation": true, "provenance": {"creator": "QCElemental", "version": "v0.22.0", "routine": "qcelemental.molparse.from_schema"}, "id": "30609"}, "charge": 0, "optimize_geometry": false, "conformers": [], "conformer_generation_options": {"n_conformer_pool": 4000, "n_max_conformers": 0, "rms_tolerance": 0.05, "energy_window": 15, "keep_original_conformer": true}, "stage_1_unrestrained_charges": null, "stage_1_restrained_charges": null, "stage_2_unrestrained_charges": null, "stage_2_restrained_charges": null, "keep_original_orientation": false, "reorientations": [], "translations": [], "rotations": []}}], "charge": 0.44056956423417565}, {"atoms": [{"index": 4, "molecule": {"qcmol": {"schema_name": "qcschema_molecule", "schema_version": 2, "validated": true, "symbols": ["C", "C", "C", "C", "N", "H", "H", "H", "H", "H", "H", "H"], "geometry": [[0.0, 0.0, 0.0], [2.886258685887422, -2.1667177714336057e-16, 2.2729046205717555e-16], [4.044692178414069, 2.6623370163338373, 7.216449660063518e-16], [3.4274527592753676, 4.10384474075247, -2.3018570601168515], [2.9471116451619337, 5.196426898759384, -4.08472415770618], [-0.7178587965329271, -1.9193912905222843, 0.042459048849853236], [-0.7395950036540547, 0.9827953347536204, 1.6430816414645768], [-0.7488102256108684, 0.9140027772046772, -1.6747312798850242], [3.589915050312918, -1.0359434835678787, -1.6236589176457434], [3.581161790499531, -0.9691014006683752, 1.6692886381978682], [6.085876489903924, 2.5568210537177256, 0.1379221021149883], [3.3795859061832725, 3.7376353892953076, 1.6131970791843149]], "name": "C4H7N", "identifiers": {"molecule_hash": "20efa395c8092a9fa761614a4cc9b614b1779dec", "molecular_formula": "C4H7N"}, "molecular_charge": 0.0, "molecular_multiplicity": 1, "connectivity": [[0, 1, 1.0], [0, 5, 1.0], [0, 6, 1.0], [0, 7, 1.0], [1, 2, 1.0], [1, 8, 1.0], [1, 9, 1.0], [2, 3, 1.0], [2, 10, 1.0], [2, 11, 1.0], [3, 4, 3.0]], "fix_com": true, "fix_orientation": true, "provenance": {"creator": "QCElemental", "version": "v0.22.0", "routine": "qcelemental.molparse.from_schema"}, "id": "30609"}, "charge": 0, "optimize_geometry": false, "conformers": [], "conformer_generation_options": {"n_conformer_pool": 4000, "n_max_conformers": 0, "rms_tolerance": 0.05, "energy_window": 15, "keep_original_conformer": true}, "stage_1_unrestrained_charges": null, "stage_1_restrained_charges": null, "stage_2_unrestrained_charges": null, "stage_2_restrained_charges": null, "keep_original_orientation": false, "reorientations": [], "translations": [], "rotations": []}}], "charge": -0.6003208257598633}, {"atoms": [{"index": 5, "molecule": {"qcmol": {"schema_name": "qcschema_molecule", "schema_version": 2, "validated": true, "symbols": ["C", "C", "C", "C", "N", "H", "H", "H", "H", "H", "H", "H"], "geometry": [[0.0, 0.0, 0.0], [2.886258685887422, -2.1667177714336057e-16, 2.2729046205717555e-16], [4.044692178414069, 2.6623370163338373, 7.216449660063518e-16], [3.4274527592753676, 4.10384474075247, -2.3018570601168515], [2.9471116451619337, 5.196426898759384, -4.08472415770618], [-0.7178587965329271, -1.9193912905222843, 0.042459048849853236], [-0.7395950036540547, 0.9827953347536204, 1.6430816414645768], [-0.7488102256108684, 0.9140027772046772, -1.6747312798850242], [3.589915050312918, -1.0359434835678787, -1.6236589176457434], [3.581161790499531, -0.9691014006683752, 1.6692886381978682], [6.085876489903924, 2.5568210537177256, 0.1379221021149883], [3.3795859061832725, 3.7376353892953076, 1.6131970791843149]], "name": "C4H7N", "identifiers": {"molecule_hash": "20efa395c8092a9fa761614a4cc9b614b1779dec", "molecular_formula": "C4H7N"}, "molecular_charge": 0.0, "molecular_multiplicity": 1, "connectivity": [[0, 1, 1.0], [0, 5, 1.0], [0, 6, 1.0], [0, 7, 1.0], [1, 2, 1.0], [1, 8, 1.0], [1, 9, 1.0], [2, 3, 1.0], [2, 10, 1.0], [2, 11, 1.0], [3, 4, 3.0]], "fix_com": true, "fix_orientation": true, "provenance": {"creator": "QCElemental", "version": "v0.22.0", "routine": "qcelemental.molparse.from_schema"}, "id": "30609"}, "charge": 0, "optimize_geometry": false, "conformers": [], "conformer_generation_options": {"n_conformer_pool": 4000, "n_max_conformers": 0, "rms_tolerance": 0.05, "energy_window": 15, "keep_original_conformer": true}, "stage_1_unrestrained_charges": null, "stage_1_restrained_charges": null, "stage_2_unrestrained_charges": null, "stage_2_restrained_charges": null, "keep_original_orientation": false, "reorientations": [], "translations": [], "rotations": []}}], "charge": 0.06693491131086664}, {"atoms": [{"index": 6, "molecule": {"qcmol": {"schema_name": "qcschema_molecule", "schema_version": 2, "validated": true, "symbols": ["C", "C", "C", "C", "N", "H", "H", "H", "H", "H", "H", "H"], "geometry": [[0.0, 0.0, 0.0], [2.886258685887422, -2.1667177714336057e-16, 2.2729046205717555e-16], [4.044692178414069, 2.6623370163338373, 7.216449660063518e-16], [3.4274527592753676, 4.10384474075247, -2.3018570601168515], [2.9471116451619337, 5.196426898759384, -4.08472415770618], [-0.7178587965329271, -1.9193912905222843, 0.042459048849853236], [-0.7395950036540547, 0.9827953347536204, 1.6430816414645768], [-0.7488102256108684, 0.9140027772046772, -1.6747312798850242], [3.589915050312918, -1.0359434835678787, -1.6236589176457434], [3.581161790499531, -0.9691014006683752, 1.6692886381978682], [6.085876489903924, 2.5568210537177256, 0.1379221021149883], [3.3795859061832725, 3.7376353892953076, 1.6131970791843149]], "name": "C4H7N", "identifiers": {"molecule_hash": "20efa395c8092a9fa761614a4cc9b614b1779dec", "molecular_formula": "C4H7N"}, "molecular_charge": 0.0, "molecular_multiplicity": 1, "connectivity": [[0, 1, 1.0], [0, 5, 1.0], [0, 6, 1.0], [0, 7, 1.0], [1, 2, 1.0], [1, 8, 1.0], [1, 9, 1.0], [2, 3, 1.0], [2, 10, 1.0], [2, 11, 1.0], [3, 4, 3.0]], "fix_com": true, "fix_orientation": true, "provenance": {"creator": "QCElemental", "version": "v0.22.0", "routine": "qcelemental.molparse.from_schema"}, "id": "30609"}, "charge": 0, "optimize_geometry": false, "conformers": [], "conformer_generation_options": {"n_conformer_pool": 4000, "n_max_conformers": 0, "rms_tolerance": 0.05, "energy_window": 15, "keep_original_conformer": true}, "stage_1_unrestrained_charges": null, "stage_1_restrained_charges": null, "stage_2_unrestrained_charges": null, "stage_2_restrained_charges": null, "keep_original_orientation": false, "reorientations": [], "translations": [], "rotations": []}}], "charge": 0.06578219247031357}, {"atoms": [{"index": 7, "molecule": {"qcmol": {"schema_name": "qcschema_molecule", "schema_version": 2, "validated": true, "symbols": ["C", "C", "C", "C", "N", "H", "H", "H", "H", "H", "H", "H"], "geometry": [[0.0, 0.0, 0.0], [2.886258685887422, -2.1667177714336057e-16, 2.2729046205717555e-16], [4.044692178414069, 2.6623370163338373, 7.216449660063518e-16], [3.4274527592753676, 4.10384474075247, -2.3018570601168515], [2.9471116451619337, 5.196426898759384, -4.08472415770618], [-0.7178587965329271, -1.9193912905222843, 0.042459048849853236], [-0.7395950036540547, 0.9827953347536204, 1.6430816414645768], [-0.7488102256108684, 0.9140027772046772, -1.6747312798850242], [3.589915050312918, -1.0359434835678787, -1.6236589176457434], [3.581161790499531, -0.9691014006683752, 1.6692886381978682], [6.085876489903924, 2.5568210537177256, 0.1379221021149883], [3.3795859061832725, 3.7376353892953076, 1.6131970791843149]], "name": "C4H7N", "identifiers": {"molecule_hash": "20efa395c8092a9fa761614a4cc9b614b1779dec", "molecular_formula": "C4H7N"}, "molecular_charge": 0.0, "molecular_multiplicity": 1, "connectivity": [[0, 1, 1.0], [0, 5, 1.0], [0, 6, 1.0], [0, 7, 1.0], [1, 2, 1.0], [1, 8, 1.0], [1, 9, 1.0], [2, 3, 1.0], [2, 10, 1.0], [2, 11, 1.0], [3, 4, 3.0]], "fix_com": true, "fix_orientation": true, "provenance": {"creator": "QCElemental", "version": "v0.22.0", "routine": "qcelemental.molparse.from_schema"}, "id": "30609"}, "charge": 0, "optimize_geometry": false, "conformers": [], "conformer_generation_options": {"n_conformer_pool": 4000, "n_max_conformers": 0, "rms_tolerance": 0.05, "energy_window": 15, "keep_original_conformer": true}, "stage_1_unrestrained_charges": null, "stage_1_restrained_charges": null, "stage_2_unrestrained_charges": null, "stage_2_restrained_charges": null, "keep_original_orientation": false, "reorientations": [], "translations": [], "rotations": []}}], "charge": 0.06562078721241818}, {"atoms": [{"index": 8, "molecule": {"qcmol": {"schema_name": "qcschema_molecule", "schema_version": 2, "validated": true, "symbols": ["C", "C", "C", "C", "N", "H", "H", "H", "H", "H", "H", "H"], "geometry": [[0.0, 0.0, 0.0], [2.886258685887422, -2.1667177714336057e-16, 2.2729046205717555e-16], [4.044692178414069, 2.6623370163338373, 7.216449660063518e-16], [3.4274527592753676, 4.10384474075247, -2.3018570601168515], [2.9471116451619337, 5.196426898759384, -4.08472415770618], [-0.7178587965329271, -1.9193912905222843, 0.042459048849853236], [-0.7395950036540547, 0.9827953347536204, 1.6430816414645768], [-0.7488102256108684, 0.9140027772046772, -1.6747312798850242], [3.589915050312918, -1.0359434835678787, -1.6236589176457434], [3.581161790499531, -0.9691014006683752, 1.6692886381978682], [6.085876489903924, 2.5568210537177256, 0.1379221021149883], [3.3795859061832725, 3.7376353892953076, 1.6131970791843149]], "name": "C4H7N", "identifiers": {"molecule_hash": "20efa395c8092a9fa761614a4cc9b614b1779dec", "molecular_formula": "C4H7N"}, "molecular_charge": 0.0, "molecular_multiplicity": 1, "connectivity": [[0, 1, 1.0], [0, 5, 1.0], [0, 6, 1.0], [0, 7, 1.0], [1, 2, 1.0], [1, 8, 1.0], [1, 9, 1.0], [2, 3, 1.0], [2, 10, 1.0], [2, 11, 1.0], [3, 4, 3.0]], "fix_com": true, "fix_orientation": true, "provenance": {"creator": "QCElemental", "version": "v0.22.0", "routine": "qcelemental.molparse.from_schema"}, "id": "30609"}, "charge": 0, "optimize_geometry": false, "conformers": [], "conformer_generation_options": {"n_conformer_pool": 4000, "n_max_conformers": 0, "rms_tolerance": 0.05, "energy_window": 15, "keep_original_conformer": true}, "stage_1_unrestrained_charges": null, "stage_1_restrained_charges": null, "stage_2_unrestrained_charges": null, "stage_2_restrained_charges": null, "keep_original_orientation": false, "reorientations": [], "translations": [], "rotations": []}}], "charge": -0.022041650272703495}, {"atoms": [{"index": 9, "molecule": {"qcmol": {"schema_name": "qcschema_molecule", "schema_version": 2, "validated": true, "symbols": ["C", "C", "C", "C", "N", "H", "H", "H", "H", "H", "H", "H"], "geometry": [[0.0, 0.0, 0.0], [2.886258685887422, -2.1667177714336057e-16, 2.2729046205717555e-16], [4.044692178414069, 2.6623370163338373, 7.216449660063518e-16], [3.4274527592753676, 4.10384474075247, -2.3018570601168515], [2.9471116451619337, 5.196426898759384, -4.08472415770618], [-0.7178587965329271, -1.9193912905222843, 0.042459048849853236], [-0.7395950036540547, 0.9827953347536204, 1.6430816414645768], [-0.7488102256108684, 0.9140027772046772, -1.6747312798850242], [3.589915050312918, -1.0359434835678787, -1.6236589176457434], [3.581161790499531, -0.9691014006683752, 1.6692886381978682], [6.085876489903924, 2.5568210537177256, 0.1379221021149883], [3.3795859061832725, 3.7376353892953076, 1.6131970791843149]], "name": "C4H7N", "identifiers": {"molecule_hash": "20efa395c8092a9fa761614a4cc9b614b1779dec", "molecular_formula": "C4H7N"}, "molecular_charge": 0.0, "molecular_multiplicity": 1, "connectivity": [[0, 1, 1.0], [0, 5, 1.0], [0, 6, 1.0], [0, 7, 1.0], [1, 2, 1.0], [1, 8, 1.0], [1, 9, 1.0], [2, 3, 1.0], [2, 10, 1.0], [2, 11, 1.0], [3, 4, 3.0]], "fix_com": true, "fix_orientation": true, "provenance": {"creator": "QCElemental", "version": "v0.22.0", "routine": "qcelemental.molparse.from_schema"}, "id": "30609"}, "charge": 0, "optimize_geometry": false, "conformers": [], "conformer_generation_options": {"n_conformer_pool": 4000, "n_max_conformers": 0, "rms_tolerance": 0.05, "energy_window": 15, "keep_original_conformer": true}, "stage_1_unrestrained_charges": null, "stage_1_restrained_charges": null, "stage_2_unrestrained_charges": null, "stage_2_restrained_charges": null, "keep_original_orientation": false, "reorientations": [], "translations": [], "rotations": []}}], "charge": -0.021566419442690922}, {"atoms": [{"index": 10, "molecule": {"qcmol": {"schema_name": "qcschema_molecule", "schema_version": 2, "validated": true, "symbols": ["C", "C", "C", "C", "N", "H", "H", "H", "H", "H", "H", "H"], "geometry": [[0.0, 0.0, 0.0], [2.886258685887422, -2.1667177714336057e-16, 2.2729046205717555e-16], [4.044692178414069, 2.6623370163338373, 7.216449660063518e-16], [3.4274527592753676, 4.10384474075247, -2.3018570601168515], [2.9471116451619337, 5.196426898759384, -4.08472415770618], [-0.7178587965329271, -1.9193912905222843, 0.042459048849853236], [-0.7395950036540547, 0.9827953347536204, 1.6430816414645768], [-0.7488102256108684, 0.9140027772046772, -1.6747312798850242], [3.589915050312918, -1.0359434835678787, -1.6236589176457434], [3.581161790499531, -0.9691014006683752, 1.6692886381978682], [6.085876489903924, 2.5568210537177256, 0.1379221021149883], [3.3795859061832725, 3.7376353892953076, 1.6131970791843149]], "name": "C4H7N", "identifiers": {"molecule_hash": "20efa395c8092a9fa761614a4cc9b614b1779dec", "molecular_formula": "C4H7N"}, "molecular_charge": 0.0, "molecular_multiplicity": 1, "connectivity": [[0, 1, 1.0], [0, 5, 1.0], [0, 6, 1.0], [0, 7, 1.0], [1, 2, 1.0], [1, 8, 1.0], [1, 9, 1.0], [2, 3, 1.0], [2, 10, 1.0], [2, 11, 1.0], [3, 4, 3.0]], "fix_com": true, "fix_orientation": true, "provenance": {"creator": "QCElemental", "version": "v0.22.0", "routine": "qcelemental.molparse.from_schema"}, "id": "30609"}, "charge": 0, "optimize_geometry": false, "conformers": [], "conformer_generation_options": {"n_conformer_pool": 4000, "n_max_conformers": 0, "rms_tolerance": 0.05, "energy_window": 15, "keep_original_conformer": true}, "stage_1_unrestrained_charges": null, "stage_1_restrained_charges": null, "stage_2_unrestrained_charges": null, "stage_2_restrained_charges": null, "keep_original_orientation": false, "reorientations": [], "translations": [], "rotations": []}}], "charge": 0.11360322419431695}, {"atoms": [{"index": 11, "molecule": {"qcmol": {"schema_name": "qcschema_molecule", "schema_version": 2, "validated": true, "symbols": ["C", "C", "C", "C", "N", "H", "H", "H", "H", "H", "H", "H"], "geometry": [[0.0, 0.0, 0.0], [2.886258685887422, -2.1667177714336057e-16, 2.2729046205717555e-16], [4.044692178414069, 2.6623370163338373, 7.216449660063518e-16], [3.4274527592753676, 4.10384474075247, -2.3018570601168515], [2.9471116451619337, 5.196426898759384, -4.08472415770618], [-0.7178587965329271, -1.9193912905222843, 0.042459048849853236], [-0.7395950036540547, 0.9827953347536204, 1.6430816414645768], [-0.7488102256108684, 0.9140027772046772, -1.6747312798850242], [3.589915050312918, -1.0359434835678787, -1.6236589176457434], [3.581161790499531, -0.9691014006683752, 1.6692886381978682], [6.085876489903924, 2.5568210537177256, 0.1379221021149883], [3.3795859061832725, 3.7376353892953076, 1.6131970791843149]], "name": "C4H7N", "identifiers": {"molecule_hash": "20efa395c8092a9fa761614a4cc9b614b1779dec", "molecular_formula": "C4H7N"}, "molecular_charge": 0.0, "molecular_multiplicity": 1, "connectivity": [[0, 1, 1.0], [0, 5, 1.0], [0, 6, 1.0], [0, 7, 1.0], [1, 2, 1.0], [1, 8, 1.0], [1, 9, 1.0], [2, 3, 1.0], [2, 10, 1.0], [2, 11, 1.0], [3, 4, 3.0]], "fix_com": true, "fix_orientation": true, "provenance": {"creator": "QCElemental", "version": "v0.22.0", "routine": "qcelemental.molparse.from_schema"}, "id": "30609"}, "charge": 0, "optimize_geometry": false, "conformers": [], "conformer_generation_options": {"n_conformer_pool": 4000, "n_max_conformers": 0, "rms_tolerance": 0.05, "energy_window": 15, "keep_original_conformer": true}, "stage_1_unrestrained_charges": null, "stage_1_restrained_charges": null, "stage_2_unrestrained_charges": null, "stage_2_restrained_charges": null, "keep_original_orientation": false, "reorientations": [], "translations": [], "rotations": []}}], "charge": 0.11500782367233615}], "charge_equivalence_constraints": [], "molecules": [{"qcmol": {"schema_name": "qcschema_molecule", "schema_version": 2, "validated": true, "symbols": ["C", "C", "C", "C", "N", "H", "H", "H", "H", "H", "H", "H"], "geometry": [[0.0, 0.0, 0.0], [2.886258685887422, -2.1667177714336057e-16, 2.2729046205717555e-16], [4.044692178414069, 2.6623370163338373, 7.216449660063518e-16], [3.4274527592753676, 4.10384474075247, -2.3018570601168515], [2.9471116451619337, 5.196426898759384, -4.08472415770618], [-0.7178587965329271, -1.9193912905222843, 0.042459048849853236], [-0.7395950036540547, 0.9827953347536204, 1.6430816414645768], [-0.7488102256108684, 0.9140027772046772, -1.6747312798850242], [3.589915050312918, -1.0359434835678787, -1.6236589176457434], [3.581161790499531, -0.9691014006683752, 1.6692886381978682], [6.085876489903924, 2.5568210537177256, 0.1379221021149883], [3.3795859061832725, 3.7376353892953076, 1.6131970791843149]], "name": "C4H7N", "identifiers": {"molecule_hash": "20efa395c8092a9fa761614a4cc9b614b1779dec", "molecular_formula": "C4H7N"}, "molecular_charge": 0.0, "molecular_multiplicity": 1, "connectivity": [[0, 1, 1.0], [0, 5, 1.0], [0, 6, 1.0], [0, 7, 1.0], [1, 2, 1.0], [1, 8, 1.0], [1, 9, 1.0], [2, 3, 1.0], [2, 10, 1.0], [2, 11, 1.0], [3, 4, 3.0]], "fix_com": true, "fix_orientation": true, "provenance": {"creator": "QCElemental", "version": "v0.22.0", "routine": "qcelemental.molparse.from_schema"}, "id": "30609"}, "charge": 0, "optimize_geometry": false, "conformers": [], "conformer_generation_options": {"n_conformer_pool": 4000, "n_max_conformers": 0, "rms_tolerance": 0.05, "energy_window": 15, "keep_original_conformer": true}, "stage_1_unrestrained_charges": null, "stage_1_restrained_charges": null, "stage_2_unrestrained_charges": null, "stage_2_restrained_charges": null, "keep_original_orientation": false, "reorientations": [], "translations": [], "rotations": []}], "unconstrained_atoms": []}, "surface_constraints": {"matrix": [[71722542277136.92, 69548143034835.49, 66491654645687.66, 63855201918907.98, 60444781269831.945, 71909792642227.78, 71920084509415.78, 71982846368193.89, 69303995659652.09, 69246372204921.1, 65646161199779.234, 66001307293295.62], [69548143034835.49, 71714969034410.17, 69534333434309.44, 67119086437850.77, 63566848100606.766, 68702745106946.41, 68695187324446.195, 68670856921922.88, 72757025581399.95, 72695555024767.8, 69018705644707.76, 68974936181896.87], [66491654645687.66, 69534333434309.44, 71571767866442.38, 70019752408406.32, 66690656915578.695, 64939742411202.45, 64984922335582.234, 66506663924786.02, 69423267841646.73, 69383171450898.6, 72258420737494.78, 72228959776204.73], [63855201918907.98, 67119086437850.77, 70019752408406.32, 72313996890364.86, 71347185353816.03, 62927876612681.52, 62123300638316.04, 63426686907641.016, 67037778282165.21, 66604371124953.43, 69569832568960.22, 69551504526986.71], [60444781269831.945, 63566848100606.766, 66690656915578.695, 71347185353816.03, 72874327496381.75, 59939647801043.02, 58701259180177.67, 59830973641696.195, 63447462394277.8, 62874858975261.32, 65569582317602.75, 65563987924711.195], [71909792642227.78, 68702745106946.41, 64939742411202.45, 62927876612681.52, 59939647801043.02, 75247861820818.14, 70965252300256.0, 71031395057234.97, 68348632770396.875, 68318263159812.125, 63901814598360.42, 63733866035390.875], [71920084509415.78, 68695187324446.195, 64984922335582.234, 62123300638316.04, 58701259180177.67, 70965252300256.0, 75288375878747.86, 71026103729816.7, 67993362022660.72, 68608371484949.7, 63836667899463.17, 64608167576860.516], [71982846368193.89, 68670856921922.88, 66506663924786.02, 63426686907641.016, 59830973641696.195, 71031395057234.97, 71026103729816.7, 75525591864134.61, 68003384671399.42, 67248446710450.73, 65954389535832.266, 66665447261357.664], [69303995659652.09, 72757025581399.95, 69423267841646.73, 67037778282165.21, 63447462394277.8, 68348632770396.875, 67993362022660.72, 68003384671399.42, 76981334131023.62, 72468096856129.47, 68063108691315.54, 68765377608197.24], [69246372204921.1, 72695555024767.8, 69383171450898.6, 66604371124953.43, 62874858975261.32, 68318263159812.125, 68608371484949.7, 67248446710450.73, 72468096856129.47, 76842435687881.66, 69117101441412.47, 67977557952263.87], [65646161199779.234, 69018705644707.76, 72258420737494.78, 69569832568960.22, 65569582317602.75, 63901814598360.42, 63836667899463.17, 65954389535832.266, 68063108691315.54, 69117101441412.47, 76051548690762.77, 71701495594949.12], [66001307293295.62, 68974936181896.87, 72228959776204.73, 69551504526986.71, 65563987924711.195, 63733866035390.875, 64608167576860.516, 66665447261357.664, 68765377608197.24, 67977557952263.87, 71701495594949.12, 76014602318180.95], [2741829202251.4473, 2688561286894.1616, 2151136321429.226, -248704640092.49796, -2299117753051.5557, 2389167052466.9897, 2856029880634.023, 2930155134643.365, 2736728585104.776, 2920813683202.1685, 2793823301008.4067, 2789794160645.942]]}}