{"resp_b": 0.1, "restrained_fit": true, "exclude_hydrogens": true, "convergence_tolerance": 1e-06, "max_iter": 500, "resp_a": 0.001, "charge_constraints": {"charge_sum_constraints": [{"atoms": [{"index": 0, "molecule": {"qcmol": {"schema_name": "qcschema_molecule", "schema_version": 2, "validated": true, "symbols": ["C", "C", "C", "C", "N", "H", "H", "H", "H", "H", "H", "H"], "geometry": [[0.0, 0.0, 0.0], [2.886258685887422, -2.1667177714336057e-16, 2.2729046205717555e-16], [4.044692178414069, 2.6623370163338373, 7.216449660063518e-16], [3.4274527592753676, 4.10384474075247, -2.3018570601168515], [2.9471116451619337, 5.196426898759384, -4.08472415770618], [-0.7178587965329271, -1.9193912905222843, 0.042459048849853236], [-0.7395950036540547, 0.9827953347536204, 1.6430816414645768], [-0.7488102256108684, 0.9140027772046772, -1.6747312798850242], [3.589915050312918, -1.0359434835678787, -1.6236589176457434], [3.581161790499531, -0.9691014006683752, 1.6692886381978682], [6.085876489903924, 2.5568210537177256, 0.1379221021149883], [3.3795859061832725, 3.7376353892953076, 1.6131970791843149]], "name": "C4H7N", "identifiers": {"molecule_hash": "20efa395c8092a9fa761614a4cc9b614b1779dec", "molecular_formula": "C4H7N"}, "molecular_charge": 0.0, "molecular_multiplicity": 1, "connectivity": [[0, 1, 1.0], [0, 5, 1.0], [0, 6, 1.0], [0, 7, 1.0], [1, 2, 1.0], [1, 8, 1.0], [1, 9, 1.0], [2, 3, 1.0], [2, 10, 1.0], [2, 11, 1.0], [3, 4, 3.0]], "fix_com": true, "fix_orientation": true, "provenance": {"creator": "QCElemental", "version": "v0.22.0", "routine": "qcelemental.molparse.from_schema"}, "id": "30609"}, "charge": 0, "optimize_geometry": false, "conformers": [], "conformer_generation_options": {"n_conformer_pool": 4000, "n_max_conformers": 0, "rms_tolerance": 0.05, "energy_window": 15, "keep_original_conformer": true}, "stage_1_unrestrained_charges": null, "stage_1_restrained_charges": null, "stage_2_unrestrained_charges": null, "stage_2_restrained_charges": null, "keep_original_orientation": false, "reorientations": [], "translations": [], "rotations": []}}], "charge": -0.27854021737160023}, {"atoms": [{"index": 1, "molecule": {"qcmol": {"schema_name": "qcschema_molecule", "schema_version": 2, "validated": true, "symbols": ["C", "C", "C", "C", "N", "H", "H", "H", "H", "H", "H", "H"], "geometry": [[0.0, 0.0, 0.0], [2.886258685887422, -2.1667177714336057e-16, 2.2729046205717555e-16], [4.044692178414069, 2.6623370163338373, 7.216449660063518e-16], [3.4274527592753676, 4.10384474075247, -2.3018570601168515], [2.9471116451619337, 5.196426898759384, -4.08472415770618], [-0.7178587965329271, -1.9193912905222843, 0.042459048849853236], [-0.7395950036540547, 0.9827953347536204, 1.6430816414645768], [-0.7488102256108684, 0.9140027772046772, -1.6747312798850242], [3.589915050312918, -1.0359434835678787, -1.6236589176457434], [3.581161790499531, -0.9691014006683752, 1.6692886381978682], [6.085876489903924, 2.5568210537177256, 0.1379221021149883], [3.3795859061832725, 3.7376353892953076, 1.6131970791843149]], "name": "C4H7N", "identifiers": {"molecule_hash": "20efa395c8092a9fa761614a4cc9b614b1779dec", "molecular_formula": "C4H7N"}, "molecular_charge": 0.0, "molecular_multiplicity": 1, "connectivity": [[0, 1, 1.0], [0, 5, 1.0], [0, 6, 1.0], [0, 7, 1.0], [1, 2, 1.0], [1, 8, 1.0], [1, 9, 1.0], [2, 3, 1.0], [2, 10, 1.0], [2, 11, 1.0], [3, 4, 3.0]], "fix_com": true, "fix_orientation": true, "provenance": {"creator": "QCElemental", "version": "v0.22.0", "routine": "qcelemental.molparse.from_schema"}, "id": "30609"}, "charge": 0, "optimize_geometry": false, "conformers": [], "conformer_generation_options": {"n_conformer_pool": 4000, "n_max_conformers": 0, "rms_tolerance": 0.05, "energy_window": 15, "keep_original_conformer": true}, "stage_1_unrestrained_charges": null, "stage_1_restrained_charges": null, "stage_2_unrestrained_charges": null, "stage_2_restrained_charges": null, "keep_original_orientation": false, "reorientations": [], "translations": [], "rotations": []}}], "charge": 0.2288562753740696}, {"atoms": [{"index": 2, "molecule": {"qcmol": {"schema_name": "qcschema_molecule", "schema_version": 2, "validated": true, "symbols": ["C", "C", "C", "C", "N", "H", "H", "H", "H", "H", "H", "H"], "geometry": [[0.0, 0.0, 0.0], [2.886258685887422, -2.1667177714336057e-16, 2.2729046205717555e-16], [4.044692178414069, 2.6623370163338373, 7.216449660063518e-16], [3.4274527592753676, 4.10384474075247, -2.3018570601168515], [2.9471116451619337, 5.196426898759384, -4.08472415770618], [-0.7178587965329271, -1.9193912905222843, 0.042459048849853236], [-0.7395950036540547, 0.9827953347536204, 1.6430816414645768], [-0.7488102256108684, 0.9140027772046772, -1.6747312798850242], [3.589915050312918, -1.0359434835678787, -1.6236589176457434], [3.581161790499531, -0.9691014006683752, 1.6692886381978682], [6.085876489903924, 2.5568210537177256, 0.1379221021149883], [3.3795859061832725, 3.7376353892953076, 1.6131970791843149]], "name": "C4H7N", "identifiers": {"molecule_hash": "20efa395c8092a9fa761614a4cc9b614b1779dec", "molecular_formula": "C4H7N"}, "molecular_charge": 0.0, "molecular_multiplicity": 1, "connectivity": [[0, 1, 1.0], [0, 5, 1.0], [0, 6, 1.0], [0, 7, 1.0], [1, 2, 1.0], [1, 8, 1.0], [1, 9, 1.0], [2, 3, 1.0], [2, 10, 1.0], [2, 11, 1.0], [3, 4, 3.0]], "fix_com": true, "fix_orientation": true, "provenance": {"creator": "QCElemental", "version": "v0.22.0", "routine": "qcelemental.molparse.from_schema"}, "id": "30609"}, "charge": 0, "optimize_geometry": false, "conformers": [], "conformer_generation_options": {"n_conformer_pool": 4000, "n_max_conformers": 0, "rms_tolerance": 0.05, "energy_window": 15, "keep_original_conformer": true}, "stage_1_unrestrained_charges": null, "stage_1_restrained_charges": null, "stage_2_unrestrained_charges": null, "stage_2_restrained_charges": null, "keep_original_orientation": false, "reorientations": [], "translations": [], "rotations": []}}], "charge": -0.23436059466801099}, {"atoms": [{"index": 3, "molecule": {"qcmol": {"schema_name": "qcschema_molecule", "schema_version": 2, "validated": true, "symbols": ["C", "C", "C", "C", "N", "H", "H", "H", "H", "H", "H", "H"], "geometry": [[0.0, 0.0, 0.0], [2.886258685887422, -2.1667177714336057e-16, 2.2729046205717555e-16], [4.044692178414069, 2.6623370163338373, 7.216449660063518e-16], [3.4274527592753676, 4.10384474075247, -2.3018570601168515], [2.9471116451619337, 5.196426898759384, -4.08472415770618], [-0.7178587965329271, -1.9193912905222843, 0.042459048849853236], [-0.7395950036540547, 0.9827953347536204, 1.6430816414645768], [-0.7488102256108684, 0.9140027772046772, -1.6747312798850242], [3.589915050312918, -1.0359434835678787, -1.6236589176457434], [3.581161790499531, -0.9691014006683752, 1.6692886381978682], [6.085876489903924, 2.5568210537177256, 0.1379221021149883], [3.3795859061832725, 3.7376353892953076, 1.6131970791843149]], "name": "C4H7N", "identifiers": {"molecule_hash": "20efa395c8092a9fa761614a4cc9b614b1779dec", "molecular_formula": "C4H7N"}, "molecular_charge": 0.0, "molecular_multiplicity": 1, "connectivity": [[0, 1, 1.0], [0, 5, 1.0], [0, 6, 1.0], [0, 7, 1.0], [1, 2, 1.0], [1, 8, 1.0], [1, 9, 1.0], [2, 3, 1.0], [2, 10, 1.0], [2, 11, 1.0], [3, 4, 3.0]], "fix_com": true, "fix_orientation": true, "provenance": {"creator": "QCElemental", "version": "v0.22.0", "routine": "qcelemental.molparse.from_schema"}, "id": "30609"}, "charge": 0, "optimize_geometry": false, "conformers": [], "conformer_generation_options": {"n_conformer_pool": 4000, "n_max_conformers": 0, "rms_tolerance": 0.05, "energy_window": 15, "keep_original_conformer": true}, "stage_1_unrestrained_charges": null, "stage_1_restrained_charges": null, "stage_2_unrestrained_charges": null, "stage_2_restrained_charges": null, "keep_original_orientation": false, "reorientations": [], "translations": [], "rotations": []}}], "charge": 0.3264957121154962}, {"atoms": [{"index": 4, "molecule": {"qcmol": {"schema_name": "qcschema_molecule", "schema_version": 2, "validated": true, "symbols": ["C", "C", "C", "C", "N", "H", "H", "H", "H", "H", "H", "H"], "geometry": [[0.0, 0.0, 0.0], [2.886258685887422, -2.1667177714336057e-16, 2.2729046205717555e-16], [4.044692178414069, 2.6623370163338373, 7.216449660063518e-16], [3.4274527592753676, 4.10384474075247, -2.3018570601168515], [2.9471116451619337, 5.196426898759384, -4.08472415770618], [-0.7178587965329271, -1.9193912905222843, 0.042459048849853236], [-0.7395950036540547, 0.9827953347536204, 1.6430816414645768], [-0.7488102256108684, 0.9140027772046772, -1.6747312798850242], [3.589915050312918, -1.0359434835678787, -1.6236589176457434], [3.581161790499531, -0.9691014006683752, 1.6692886381978682], [6.085876489903924, 2.5568210537177256, 0.1379221021149883], [3.3795859061832725, 3.7376353892953076, 1.6131970791843149]], "name": "C4H7N", "identifiers": {"molecule_hash": "20efa395c8092a9fa761614a4cc9b614b1779dec", "molecular_formula": "C4H7N"}, "molecular_charge": 0.0, "molecular_multiplicity": 1, "connectivity": [[0, 1, 1.0], [0, 5, 1.0], [0, 6, 1.0], [0, 7, 1.0], [1, 2, 1.0], [1, 8, 1.0], [1, 9, 1.0], [2, 3, 1.0], [2, 10, 1.0], [2, 11, 1.0], [3, 4, 3.0]], "fix_com": true, "fix_orientation": true, "provenance": {"creator": "QCElemental", "version": "v0.22.0", "routine": "qcelemental.molparse.from_schema"}, "id": "30609"}, "charge": 0, "optimize_geometry": false, "conformers": [], "conformer_generation_options": {"n_conformer_pool": 4000, "n_max_conformers": 0, "rms_tolerance": 0.05, "energy_window": 15, "keep_original_conformer": true}, "stage_1_unrestrained_charges": null, "stage_1_restrained_charges": null, "stage_2_unrestrained_charges": null, "stage_2_restrained_charges": null, "keep_original_orientation": false, "reorientations": [], "translations": [], "rotations": []}}], "charge": -0.4336711670548631}, {"atoms": [{"index": 5, "molecule": {"qcmol": {"schema_name": "qcschema_molecule", "schema_version": 2, "validated": true, "symbols": ["C", "C", "C", "C", "N", "H", "H", "H", "H", "H", "H", "H"], "geometry": [[0.0, 0.0, 0.0], [2.886258685887422, -2.1667177714336057e-16, 2.2729046205717555e-16], [4.044692178414069, 2.6623370163338373, 7.216449660063518e-16], [3.4274527592753676, 4.10384474075247, -2.3018570601168515], [2.9471116451619337, 5.196426898759384, -4.08472415770618], [-0.7178587965329271, -1.9193912905222843, 0.042459048849853236], [-0.7395950036540547, 0.9827953347536204, 1.6430816414645768], [-0.7488102256108684, 0.9140027772046772, -1.6747312798850242], [3.589915050312918, -1.0359434835678787, -1.6236589176457434], [3.581161790499531, -0.9691014006683752, 1.6692886381978682], [6.085876489903924, 2.5568210537177256, 0.1379221021149883], [3.3795859061832725, 3.7376353892953076, 1.6131970791843149]], "name": "C4H7N", "identifiers": {"molecule_hash": "20efa395c8092a9fa761614a4cc9b614b1779dec", "molecular_formula": "C4H7N"}, "molecular_charge": 0.0, "molecular_multiplicity": 1, "connectivity": [[0, 1, 1.0], [0, 5, 1.0], [0, 6, 1.0], [0, 7, 1.0], [1, 2, 1.0], [1, 8, 1.0], [1, 9, 1.0], [2, 3, 1.0], [2, 10, 1.0], [2, 11, 1.0], [3, 4, 3.0]], "fix_com": true, "fix_orientation": true, "provenance": {"creator": "QCElemental", "version": "v0.22.0", "routine": "qcelemental.molparse.from_schema"}, "id": "30609"}, "charge": 0, "optimize_geometry": false, "conformers": [], "conformer_generation_options": {"n_conformer_pool": 4000, "n_max_conformers": 0, "rms_tolerance": 0.05, "energy_window": 15, "keep_original_conformer": true}, "stage_1_unrestrained_charges": null, "stage_1_restrained_charges": null, "stage_2_unrestrained_charges": null, "stage_2_restrained_charges": null, "keep_original_orientation": false, "reorientations": [], "translations": [], "rotations": []}}], "charge": 0.07582501389888556}, {"atoms": [{"index": 6, "molecule": {"qcmol": {"schema_name": "qcschema_molecule", "schema_version": 2, "validated": true, "symbols": ["C", "C", "C", "C", "N", "H", "H", "H", "H", "H", "H", "H"], "geometry": [[0.0, 0.0, 0.0], [2.886258685887422, -2.1667177714336057e-16, 2.2729046205717555e-16], [4.044692178414069, 2.6623370163338373, 7.216449660063518e-16], [3.4274527592753676, 4.10384474075247, -2.3018570601168515], [2.9471116451619337, 5.196426898759384, -4.08472415770618], [-0.7178587965329271, -1.9193912905222843, 0.042459048849853236], [-0.7395950036540547, 0.9827953347536204, 1.6430816414645768], [-0.7488102256108684, 0.9140027772046772, -1.6747312798850242], [3.589915050312918, -1.0359434835678787, -1.6236589176457434], [3.581161790499531, -0.9691014006683752, 1.6692886381978682], [6.085876489903924, 2.5568210537177256, 0.1379221021149883], [3.3795859061832725, 3.7376353892953076, 1.6131970791843149]], "name": "C4H7N", "identifiers": {"molecule_hash": "20efa395c8092a9fa761614a4cc9b614b1779dec", "molecular_formula": "C4H7N"}, "molecular_charge": 0.0, "molecular_multiplicity": 1, "connectivity": [[0, 1, 1.0], [0, 5, 1.0], [0, 6, 1.0], [0, 7, 1.0], [1, 2, 1.0], [1, 8, 1.0], [1, 9, 1.0], [2, 3, 1.0], [2, 10, 1.0], [2, 11, 1.0], [3, 4, 3.0]], "fix_com": true, "fix_orientation": true, "provenance": {"creator": "QCElemental", "version": "v0.22.0", "routine": "qcelemental.molparse.from_schema"}, "id": "30609"}, "charge": 0, "optimize_geometry": false, "conformers": [], "conformer_generation_options": {"n_conformer_pool": 4000, "n_max_conformers": 0, "rms_tolerance": 0.05, "energy_window": 15, "keep_original_conformer": true}, "stage_1_unrestrained_charges": null, "stage_1_restrained_charges": null, "stage_2_unrestrained_charges": null, "stage_2_restrained_charges": null, "keep_original_orientation": false, "reorientations": [], "translations": [], "rotations": []}}], "charge": 0.07232467876455058}, {"atoms": [{"index": 7, "molecule": {"qcmol": {"schema_name": "qcschema_molecule", "schema_version": 2, "validated": true, "symbols": ["C", "C", "C", "C", "N", "H", "H", "H", "H", "H", "H", "H"], "geometry": [[0.0, 0.0, 0.0], [2.886258685887422, -2.1667177714336057e-16, 2.2729046205717555e-16], [4.044692178414069, 2.6623370163338373, 7.216449660063518e-16], [3.4274527592753676, 4.10384474075247, -2.3018570601168515], [2.9471116451619337, 5.196426898759384, -4.08472415770618], [-0.7178587965329271, -1.9193912905222843, 0.042459048849853236], [-0.7395950036540547, 0.9827953347536204, 1.6430816414645768], [-0.7488102256108684, 0.9140027772046772, -1.6747312798850242], [3.589915050312918, -1.0359434835678787, -1.6236589176457434], [3.581161790499531, -0.9691014006683752, 1.6692886381978682], [6.085876489903924, 2.5568210537177256, 0.1379221021149883], [3.3795859061832725, 3.7376353892953076, 1.6131970791843149]], "name": "C4H7N", "identifiers": {"molecule_hash": "20efa395c8092a9fa761614a4cc9b614b1779dec", "molecular_formula": "C4H7N"}, "molecular_charge": 0.0, "molecular_multiplicity": 1, "connectivity": [[0, 1, 1.0], [0, 5, 1.0], [0, 6, 1.0], [0, 7, 1.0], [1, 2, 1.0], [1, 8, 1.0], [1, 9, 1.0], [2, 3, 1.0], [2, 10, 1.0], [2, 11, 1.0], [3, 4, 3.0]], "fix_com": true, "fix_orientation": true, "provenance": {"creator": "QCElemental", "version": "v0.22.0", "routine": "qcelemental.molparse.from_schema"}, "id": "30609"}, "charge": 0, "optimize_geometry": false, "conformers": [], "conformer_generation_options": {"n_conformer_pool": 4000, "n_max_conformers": 0, "rms_tolerance": 0.05, "energy_window": 15, "keep_original_conformer": true}, "stage_1_unrestrained_charges": null, "stage_1_restrained_charges": null, "stage_2_unrestrained_charges": null, "stage_2_restrained_charges": null, "keep_original_orientation": false, "reorientations": [], "translations": [], "rotations": []}}], "charge": 0.07232964791050614}, {"atoms": [{"index": 8, "molecule": {"qcmol": {"schema_name": "qcschema_molecule", "schema_version": 2, "validated": true, "symbols": ["C", "C", "C", "C", "N", "H", "H", "H", "H", "H", "H", "H"], "geometry": [[0.0, 0.0, 0.0], [2.886258685887422, -2.1667177714336057e-16, 2.2729046205717555e-16], [4.044692178414069, 2.6623370163338373, 7.216449660063518e-16], [3.4274527592753676, 4.10384474075247, -2.3018570601168515], [2.9471116451619337, 5.196426898759384, -4.08472415770618], [-0.7178587965329271, -1.9193912905222843, 0.042459048849853236], [-0.7395950036540547, 0.9827953347536204, 1.6430816414645768], [-0.7488102256108684, 0.9140027772046772, -1.6747312798850242], [3.589915050312918, -1.0359434835678787, -1.6236589176457434], [3.581161790499531, -0.9691014006683752, 1.6692886381978682], [6.085876489903924, 2.5568210537177256, 0.1379221021149883], [3.3795859061832725, 3.7376353892953076, 1.6131970791843149]], "name": "C4H7N", "identifiers": {"molecule_hash": "20efa395c8092a9fa761614a4cc9b614b1779dec", "molecular_formula": "C4H7N"}, "molecular_charge": 0.0, "molecular_multiplicity": 1, "connectivity": [[0, 1, 1.0], [0, 5, 1.0], [0, 6, 1.0], [0, 7, 1.0], [1, 2, 1.0], [1, 8, 1.0], [1, 9, 1.0], [2, 3, 1.0], [2, 10, 1.0], [2, 11, 1.0], [3, 4, 3.0]], "fix_com": true, "fix_orientation": true, "provenance": {"creator": "QCElemental", "version": "v0.22.0", "routine": "qcelemental.molparse.from_schema"}, "id": "30609"}, "charge": 0, "optimize_geometry": false, "conformers": [], "conformer_generation_options": {"n_conformer_pool": 4000, "n_max_conformers": 0, "rms_tolerance": 0.05, "energy_window": 15, "keep_original_conformer": true}, "stage_1_unrestrained_charges": null, "stage_1_restrained_charges": null, "stage_2_unrestrained_charges": null, "stage_2_restrained_charges": null, "keep_original_orientation": false, "reorientations": [], "translations": [], "rotations": []}}], "charge": -0.014739802809708312}, {"atoms": [{"index": 9, "molecule": {"qcmol": {"schema_name": "qcschema_molecule", "schema_version": 2, "validated": true, "symbols": ["C", "C", "C", "C", "N", "H", "H", "H", "H", "H", "H", "H"], "geometry": [[0.0, 0.0, 0.0], [2.886258685887422, -2.1667177714336057e-16, 2.2729046205717555e-16], [4.044692178414069, 2.6623370163338373, 7.216449660063518e-16], [3.4274527592753676, 4.10384474075247, -2.3018570601168515], [2.9471116451619337, 5.196426898759384, -4.08472415770618], [-0.7178587965329271, -1.9193912905222843, 0.042459048849853236], [-0.7395950036540547, 0.9827953347536204, 1.6430816414645768], [-0.7488102256108684, 0.9140027772046772, -1.6747312798850242], [3.589915050312918, -1.0359434835678787, -1.6236589176457434], [3.581161790499531, -0.9691014006683752, 1.6692886381978682], [6.085876489903924, 2.5568210537177256, 0.1379221021149883], [3.3795859061832725, 3.7376353892953076, 1.6131970791843149]], "name": "C4H7N", "identifiers": {"molecule_hash": "20efa395c8092a9fa761614a4cc9b614b1779dec", "molecular_formula": "C4H7N"}, "molecular_charge": 0.0, "molecular_multiplicity": 1, "connectivity": [[0, 1, 1.0], [0, 5, 1.0], [0, 6, 1.0], [0, 7, 1.0], [1, 2, 1.0], [1, 8, 1.0], [1, 9, 1.0], [2, 3, 1.0], [2, 10, 1.0], [2, 11, 1.0], [3, 4, 3.0]], "fix_com": true, "fix_orientation": true, "provenance": {"creator": "QCElemental", "version": "v0.22.0", "routine": "qcelemental.molparse.from_schema"}, "id": "30609"}, "charge": 0, "optimize_geometry": false, "conformers": [], "conformer_generation_options": {"n_conformer_pool": 4000, "n_max_conformers": 0, "rms_tolerance": 0.05, "energy_window": 15, "keep_original_conformer": true}, "stage_1_unrestrained_charges": null, "stage_1_restrained_charges": null, "stage_2_unrestrained_charges": null, "stage_2_restrained_charges": null, "keep_original_orientation": false, "reorientations": [], "translations": [], "rotations": []}}], "charge": -0.015935765791372167}, {"atoms": [{"index": 10, "molecule": {"qcmol": {"schema_name": "qcschema_molecule", "schema_version": 2, "validated": true, "symbols": ["C", "C", "C", "C", "N", "H", "H", "H", "H", "H", "H", "H"], "geometry": [[0.0, 0.0, 0.0], [2.886258685887422, -2.1667177714336057e-16, 2.2729046205717555e-16], [4.044692178414069, 2.6623370163338373, 7.216449660063518e-16], [3.4274527592753676, 4.10384474075247, -2.3018570601168515], [2.9471116451619337, 5.196426898759384, -4.08472415770618], [-0.7178587965329271, -1.9193912905222843, 0.042459048849853236], [-0.7395950036540547, 0.9827953347536204, 1.6430816414645768], [-0.7488102256108684, 0.9140027772046772, -1.6747312798850242], [3.589915050312918, -1.0359434835678787, -1.6236589176457434], [3.581161790499531, -0.9691014006683752, 1.6692886381978682], [6.085876489903924, 2.5568210537177256, 0.1379221021149883], [3.3795859061832725, 3.7376353892953076, 1.6131970791843149]], "name": "C4H7N", "identifiers": {"molecule_hash": "20efa395c8092a9fa761614a4cc9b614b1779dec", "molecular_formula": "C4H7N"}, "molecular_charge": 0.0, "molecular_multiplicity": 1, "connectivity": [[0, 1, 1.0], [0, 5, 1.0], [0, 6, 1.0], [0, 7, 1.0], [1, 2, 1.0], [1, 8, 1.0], [1, 9, 1.0], [2, 3, 1.0], [2, 10, 1.0], [2, 11, 1.0], [3, 4, 3.0]], "fix_com": true, "fix_orientation": true, "provenance": {"creator": "QCElemental", "version": "v0.22.0", "routine": "qcelemental.molparse.from_schema"}, "id": "30609"}, "charge": 0, "optimize_geometry": false, "conformers": [], "conformer_generation_options": {"n_conformer_pool": 4000, "n_max_conformers": 0, "rms_tolerance": 0.05, "energy_window": 15, "keep_original_conformer": true}, "stage_1_unrestrained_charges": null, "stage_1_restrained_charges": null, "stage_2_unrestrained_charges": null, "stage_2_restrained_charges": null, "keep_original_orientation": false, "reorientations": [], "translations": [], "rotations": []}}], "charge": 0.10111952388700117}, {"atoms": [{"index": 11, "molecule": {"qcmol": {"schema_name": "qcschema_molecule", "schema_version": 2, "validated": true, "symbols": ["C", "C", "C", "C", "N", "H", "H", "H", "H", "H", "H", "H"], "geometry": [[0.0, 0.0, 0.0], [2.886258685887422, -2.1667177714336057e-16, 2.2729046205717555e-16], [4.044692178414069, 2.6623370163338373, 7.216449660063518e-16], [3.4274527592753676, 4.10384474075247, -2.3018570601168515], [2.9471116451619337, 5.196426898759384, -4.08472415770618], [-0.7178587965329271, -1.9193912905222843, 0.042459048849853236], [-0.7395950036540547, 0.9827953347536204, 1.6430816414645768], [-0.7488102256108684, 0.9140027772046772, -1.6747312798850242], [3.589915050312918, -1.0359434835678787, -1.6236589176457434], [3.581161790499531, -0.9691014006683752, 1.6692886381978682], [6.085876489903924, 2.5568210537177256, 0.1379221021149883], [3.3795859061832725, 3.7376353892953076, 1.6131970791843149]], "name": "C4H7N", "identifiers": {"molecule_hash": "20efa395c8092a9fa761614a4cc9b614b1779dec", "molecular_formula": "C4H7N"}, "molecular_charge": 0.0, "molecular_multiplicity": 1, "connectivity": [[0, 1, 1.0], [0, 5, 1.0], [0, 6, 1.0], [0, 7, 1.0], [1, 2, 1.0], [1, 8, 1.0], [1, 9, 1.0], [2, 3, 1.0], [2, 10, 1.0], [2, 11, 1.0], [3, 4, 3.0]], "fix_com": true, "fix_orientation": true, "provenance": {"creator": "QCElemental", "version": "v0.22.0", "routine": "qcelemental.molparse.from_schema"}, "id": "30609"}, "charge": 0, "optimize_geometry": false, "conformers": [], "conformer_generation_options": {"n_conformer_pool": 4000, "n_max_conformers": 0, "rms_tolerance": 0.05, "energy_window": 15, "keep_original_conformer": true}, "stage_1_unrestrained_charges": null, "stage_1_restrained_charges": null, "stage_2_unrestrained_charges": null, "stage_2_restrained_charges": null, "keep_original_orientation": false, "reorientations": [], "translations": [], "rotations": []}}], "charge": 0.10182233249902946}], "charge_equivalence_constraints": [], "molecules": [{"qcmol": {"schema_name": "qcschema_molecule", "schema_version": 2, "validated": true, "symbols": ["C", "C", "C", "C", "N", "H", "H", "H", "H", "H", "H", "H"], "geometry": [[0.0, 0.0, 0.0], [2.886258685887422, -2.1667177714336057e-16, 2.2729046205717555e-16], [4.044692178414069, 2.6623370163338373, 7.216449660063518e-16], [3.4274527592753676, 4.10384474075247, -2.3018570601168515], [2.9471116451619337, 5.196426898759384, -4.08472415770618], [-0.7178587965329271, -1.9193912905222843, 0.042459048849853236], [-0.7395950036540547, 0.9827953347536204, 1.6430816414645768], [-0.7488102256108684, 0.9140027772046772, -1.6747312798850242], [3.589915050312918, -1.0359434835678787, -1.6236589176457434], [3.581161790499531, -0.9691014006683752, 1.6692886381978682], [6.085876489903924, 2.5568210537177256, 0.1379221021149883], [3.3795859061832725, 3.7376353892953076, 1.6131970791843149]], "name": "C4H7N", "identifiers": {"molecule_hash": "20efa395c8092a9fa761614a4cc9b614b1779dec", "molecular_formula": "C4H7N"}, "molecular_charge": 0.0, "molecular_multiplicity": 1, "connectivity": [[0, 1, 1.0], [0, 5, 1.0], [0, 6, 1.0], [0, 7, 1.0], [1, 2, 1.0], [1, 8, 1.0], [1, 9, 1.0], [2, 3, 1.0], [2, 10, 1.0], [2, 11, 1.0], [3, 4, 3.0]], "fix_com": true, "fix_orientation": true, "provenance": {"creator": "QCElemental", "version": "v0.22.0", "routine": "qcelemental.molparse.from_schema"}, "id": "30609"}, "charge": 0, "optimize_geometry": false, "conformers": [], "conformer_generation_options": {"n_conformer_pool": 4000, "n_max_conformers": 0, "rms_tolerance": 0.05, "energy_window": 15, "keep_original_conformer": true}, "stage_1_unrestrained_charges": null, "stage_1_restrained_charges": null, "stage_2_unrestrained_charges": null, "stage_2_restrained_charges": null, "keep_original_orientation": false, "reorientations": [], "translations": [], "rotations": []}], "unconstrained_atoms": []}, "surface_constraints": {"matrix": [[178229472298897.75, 172600034285386.25, 165812816694399.38, 159642584715117.5, 152342318824425.22, 179136469654637.8, 179177561083894.88, 179551736915962.66, 171942133631337.66, 171886387233279.06, 164269995790243.75, 165267344741002.34], [172600034285386.25, 176689195207840.1, 171938424929606.25, 166141665947819.12, 158624296011820.0, 170989181093434.4, 171049398132846.25, 171261707084345.72, 179064339171685.2, 179020175971115.22, 171281222444561.75, 171363083628443.2], [165812816694399.38, 171938424929606.25, 176634937934963.97, 172790867248849.0, 165977631929664.0, 162507267948100.22, 162660076701392.6, 166520334955482.66, 171619340868211.56, 171619083377563.88, 178840470135440.03, 178965845996493.4], [159642584715117.5, 166141665947819.12, 172790867248849.0, 177510226169124.53, 176564423375033.94, 157822492954777.88, 155980815803768.88, 159281883332166.9, 165846818516817.78, 164942081081751.2, 172380930324822.16, 172507836184341.03], [152342318824425.22, 158624296011820.0, 165977631929664.0, 176564423375033.94, 181726457432231.28, 151582323263963.03, 148564519926450.4, 151422025234866.62, 158211446066678.7, 156928838101791.16, 163786202022087.44, 163915944113225.28], [179136469654637.8, 170989181093434.4, 162507267948100.22, 157822492954777.88, 151582323263963.03, 187638782708760.12, 177393259253267.1, 177731470316299.0, 170030266761683.8, 170040961215861.5, 160471441490654.97, 160155886040924.03], [179177561083894.88, 171049398132846.25, 162660076701392.6, 155980815803768.88, 148564519926450.4, 177393259253267.1, 187791430740875.38, 177662884893616.97, 169281456137454.8, 170790419899327.88, 160298204562608.28, 162340163727123.75], [179551736915962.66, 171261707084345.72, 166520334955482.66, 159281883332166.9, 151422025234866.62, 177731470316299.0, 177662884893616.97, 188821178210994.44, 169527031918496.4, 167822350798405.25, 165681168862142.7, 167557584129863.4], [171942133631337.66, 179064339171685.2, 171619340868211.56, 165846818516817.78, 158211446066678.7, 170030266761683.8, 169281456137454.8, 169527031918496.4, 189050332152354.06, 178477063543593.75, 168930362443687.5, 170777510139557.9], [171886387233279.06, 179020175971115.22, 171619083377563.88, 164942081081751.2, 156928838101791.16, 170040961215861.5, 170790419899327.88, 167822350798405.25, 178477063543593.75, 188922155752725.0, 171524189060707.25, 168991728079239.75], [164269995790243.75, 171281222444561.75, 178840470135440.03, 172380930324822.16, 163786202022087.44, 160471441490654.97, 160298204562608.28, 165681168862142.7, 168930362443687.5, 171524189060707.25, 188591406655403.34, 178205038488703.66], [165267344741002.34, 171363083628443.2, 178965845996493.4, 172507836184341.03, 163915944113225.28, 160155886040924.03, 162340163727123.75, 167557584129863.4, 170777510139557.9, 168991728079239.75, 178205038488703.66, 188908847376726.9], [4746857577858.578, 4518463171677.598, 3376421481393.748, -862101901532.9548, -4581496764164.17, 4172594726125.662, 5020753840700.805, 5118421248719.243, 4640914059002.335, 4963730803113.311, 4519187005499.693, 4528135107002.61]]}}