{"resp_b": 0.1, "restrained_fit": true, "exclude_hydrogens": true, "convergence_tolerance": 1e-06, "max_iter": 500, "resp_a": 0.0005, "charge_constraints": {"charge_sum_constraints": [], "charge_equivalence_constraints": [], "molecules": [{"qcmol": {"schema_name": "qcschema_molecule", "schema_version": 2, "validated": true, "symbols": ["C", "C", "C", "C", "C", "C", "C", "C", "O", "O", "C", "H", "H", "H", "H", "H", "H", "H", "H", "H", "H", "H", "H", "H", "H", "H", "H", "H", "H"], "geometry": [[0.0, 0.0, 0.0], [2.8907020712338816, -3.140182584849632e-16, 3.8274103168283594e-19], [4.089077043056438, 2.6399153166904297, 2.220446049250313e-16], [3.4813346745437435, 4.31834216937329, -2.2881572255547615], [4.241795393742704, 3.27135396646863, -4.882471933794723], [7.082721061664527, 2.835305216530407, -5.2070218352951745], [7.747233780541467, 2.0082879015523964, -7.908747405309173], [10.549366436938048, 1.622272454890048, -8.254382857268524], [11.896180774193608, 2.9530593462578714, -9.464326005377712], [11.37462437785209, -0.3937341070037568, -7.009534226304537], [13.993729465593384, -0.9214662414298518, -7.1540245516347785], [-0.7282988093878323, -1.910941200492429, 0.1635197170795789], [-0.7685630284552804, 0.8044046022963691, -1.7227057242495534], [-0.7382176809773742, 1.0859288068816533, 1.57890771531754], [3.550719223001586, -0.9965647964838984, 1.6710418835952399], [3.572358606764765, -1.08544665094478, -1.6052050867476824], [6.125017220671868, 2.4353948351974988, 0.1771639075308058], [3.478651391813692, 3.6346517312563362, 1.6932330806356548], [4.4121904373358145, 6.131349540956807, -2.015381832669995], [1.4687825054537065, 4.723995217368664, -2.3194585310026348], [3.2397559764273405, 1.5172052089443826, -5.258783296994384], [3.609705689902576, 4.602500418842617, -6.315690107748322], [7.7430709096126655, 1.4080769105643578, -3.8942256384391474], [8.095421955574368, 4.568926818815864, -4.765546439164883], [7.157728374819989, 3.4231729551484413, -9.262682531482767], [6.791254820630529, 0.2473342084440171, -8.347538047653877], [15.082004300652454, 0.6322166937742462, -6.398401303162342], [14.552531232279762, -1.2533400838973816, -9.089604008340814], [14.287475051502568, -2.6006523567202047, -6.035598107536068]], "name": "C9H18O2", "identifiers": {"molecule_hash": "d25fbf6cb7b6549bbc4ee64796f8cddab941090c", "molecular_formula": "C9H18O2"}, "molecular_charge": 0.0, "molecular_multiplicity": 1, "connectivity": [[0, 1, 1.0], [0, 11, 1.0], [0, 12, 1.0], [0, 13, 1.0], [1, 2, 1.0], [1, 14, 1.0], [1, 15, 1.0], [2, 3, 1.0], [2, 16, 1.0], [2, 17, 1.0], [3, 4, 1.0], [3, 18, 1.0], [3, 19, 1.0], [4, 5, 1.0], [4, 20, 1.0], [4, 21, 1.0], [5, 6, 1.0], [5, 22, 1.0], [5, 23, 1.0], [6, 7, 1.0], [6, 24, 1.0], [6, 25, 1.0], [7, 8, 2.0], [7, 9, 1.0], [9, 10, 1.0], [10, 26, 1.0], [10, 27, 1.0], [10, 28, 1.0]], "fix_com": true, "fix_orientation": true, "provenance": {"creator": "QCElemental", "version": "v0.22.0", "routine": "qcelemental.molparse.from_schema"}, "id": "208158"}, "charge": 0, "optimize_geometry": false, "conformers": [], "conformer_generation_options": {"n_conformer_pool": 4000, "n_max_conformers": 0, "rms_tolerance": 0.05, "energy_window": 15, "keep_original_conformer": true}, "stage_1_unrestrained_charges": null, "stage_1_restrained_charges": null, "stage_2_unrestrained_charges": null, "stage_2_restrained_charges": null, "keep_original_orientation": false, "reorientations": [], "translations": [], "rotations": []}], "unconstrained_atoms": [{"index": 0, "molecule": {"qcmol": {"schema_name": "qcschema_molecule", "schema_version": 2, "validated": true, "symbols": ["C", "C", "C", "C", "C", "C", "C", "C", "O", "O", "C", "H", "H", "H", "H", "H", "H", "H", "H", "H", "H", "H", "H", "H", "H", "H", "H", "H", "H"], "geometry": [[0.0, 0.0, 0.0], [2.8907020712338816, -3.140182584849632e-16, 3.8274103168283594e-19], [4.089077043056438, 2.6399153166904297, 2.220446049250313e-16], [3.4813346745437435, 4.31834216937329, -2.2881572255547615], [4.241795393742704, 3.27135396646863, -4.882471933794723], [7.082721061664527, 2.835305216530407, -5.2070218352951745], [7.747233780541467, 2.0082879015523964, -7.908747405309173], [10.549366436938048, 1.622272454890048, -8.254382857268524], [11.896180774193608, 2.9530593462578714, -9.464326005377712], [11.37462437785209, -0.3937341070037568, -7.009534226304537], [13.993729465593384, -0.9214662414298518, -7.1540245516347785], [-0.7282988093878323, -1.910941200492429, 0.1635197170795789], [-0.7685630284552804, 0.8044046022963691, -1.7227057242495534], [-0.7382176809773742, 1.0859288068816533, 1.57890771531754], [3.550719223001586, -0.9965647964838984, 1.6710418835952399], [3.572358606764765, -1.08544665094478, -1.6052050867476824], [6.125017220671868, 2.4353948351974988, 0.1771639075308058], [3.478651391813692, 3.6346517312563362, 1.6932330806356548], [4.4121904373358145, 6.131349540956807, -2.015381832669995], [1.4687825054537065, 4.723995217368664, -2.3194585310026348], [3.2397559764273405, 1.5172052089443826, -5.258783296994384], [3.609705689902576, 4.602500418842617, -6.315690107748322], [7.7430709096126655, 1.4080769105643578, -3.8942256384391474], [8.095421955574368, 4.568926818815864, -4.765546439164883], [7.157728374819989, 3.4231729551484413, -9.262682531482767], [6.791254820630529, 0.2473342084440171, -8.347538047653877], [15.082004300652454, 0.6322166937742462, -6.398401303162342], [14.552531232279762, -1.2533400838973816, -9.089604008340814], [14.287475051502568, -2.6006523567202047, -6.035598107536068]], "name": "C9H18O2", "identifiers": {"molecule_hash": "d25fbf6cb7b6549bbc4ee64796f8cddab941090c", "molecular_formula": "C9H18O2"}, "molecular_charge": 0.0, "molecular_multiplicity": 1, "connectivity": [[0, 1, 1.0], [0, 11, 1.0], [0, 12, 1.0], [0, 13, 1.0], [1, 2, 1.0], [1, 14, 1.0], [1, 15, 1.0], [2, 3, 1.0], [2, 16, 1.0], [2, 17, 1.0], [3, 4, 1.0], [3, 18, 1.0], [3, 19, 1.0], [4, 5, 1.0], [4, 20, 1.0], [4, 21, 1.0], [5, 6, 1.0], [5, 22, 1.0], [5, 23, 1.0], [6, 7, 1.0], [6, 24, 1.0], [6, 25, 1.0], [7, 8, 2.0], [7, 9, 1.0], [9, 10, 1.0], [10, 26, 1.0], [10, 27, 1.0], [10, 28, 1.0]], "fix_com": true, "fix_orientation": true, "provenance": {"creator": "QCElemental", "version": "v0.22.0", "routine": "qcelemental.molparse.from_schema"}, "id": "208158"}, "charge": 0, "optimize_geometry": false, "conformers": [], "conformer_generation_options": {"n_conformer_pool": 4000, "n_max_conformers": 0, "rms_tolerance": 0.05, "energy_window": 15, "keep_original_conformer": true}, "stage_1_unrestrained_charges": null, "stage_1_restrained_charges": null, "stage_2_unrestrained_charges": null, "stage_2_restrained_charges": null, "keep_original_orientation": false, "reorientations": [], "translations": [], "rotations": []}}, {"index": 1, "molecule": {"qcmol": {"schema_name": "qcschema_molecule", "schema_version": 2, "validated": true, "symbols": ["C", "C", "C", "C", "C", "C", "C", "C", "O", "O", "C", "H", "H", "H", "H", "H", "H", "H", "H", "H", "H", "H", "H", "H", "H", "H", "H", "H", "H"], "geometry": [[0.0, 0.0, 0.0], [2.8907020712338816, -3.140182584849632e-16, 3.8274103168283594e-19], [4.089077043056438, 2.6399153166904297, 2.220446049250313e-16], [3.4813346745437435, 4.31834216937329, -2.2881572255547615], [4.241795393742704, 3.27135396646863, -4.882471933794723], [7.082721061664527, 2.835305216530407, -5.2070218352951745], [7.747233780541467, 2.0082879015523964, -7.908747405309173], [10.549366436938048, 1.622272454890048, -8.254382857268524], [11.896180774193608, 2.9530593462578714, -9.464326005377712], [11.37462437785209, -0.3937341070037568, -7.009534226304537], [13.993729465593384, -0.9214662414298518, -7.1540245516347785], [-0.7282988093878323, -1.910941200492429, 0.1635197170795789], [-0.7685630284552804, 0.8044046022963691, -1.7227057242495534], [-0.7382176809773742, 1.0859288068816533, 1.57890771531754], [3.550719223001586, -0.9965647964838984, 1.6710418835952399], [3.572358606764765, -1.08544665094478, -1.6052050867476824], [6.125017220671868, 2.4353948351974988, 0.1771639075308058], [3.478651391813692, 3.6346517312563362, 1.6932330806356548], [4.4121904373358145, 6.131349540956807, -2.015381832669995], [1.4687825054537065, 4.723995217368664, -2.3194585310026348], [3.2397559764273405, 1.5172052089443826, -5.258783296994384], [3.609705689902576, 4.602500418842617, -6.315690107748322], [7.7430709096126655, 1.4080769105643578, -3.8942256384391474], [8.095421955574368, 4.568926818815864, -4.765546439164883], [7.157728374819989, 3.4231729551484413, -9.262682531482767], [6.791254820630529, 0.2473342084440171, -8.347538047653877], [15.082004300652454, 0.6322166937742462, -6.398401303162342], [14.552531232279762, -1.2533400838973816, -9.089604008340814], [14.287475051502568, -2.6006523567202047, -6.035598107536068]], "name": "C9H18O2", "identifiers": {"molecule_hash": "d25fbf6cb7b6549bbc4ee64796f8cddab941090c", "molecular_formula": "C9H18O2"}, "molecular_charge": 0.0, "molecular_multiplicity": 1, "connectivity": [[0, 1, 1.0], [0, 11, 1.0], [0, 12, 1.0], [0, 13, 1.0], [1, 2, 1.0], [1, 14, 1.0], [1, 15, 1.0], [2, 3, 1.0], [2, 16, 1.0], [2, 17, 1.0], [3, 4, 1.0], [3, 18, 1.0], [3, 19, 1.0], [4, 5, 1.0], [4, 20, 1.0], [4, 21, 1.0], [5, 6, 1.0], [5, 22, 1.0], [5, 23, 1.0], [6, 7, 1.0], [6, 24, 1.0], [6, 25, 1.0], [7, 8, 2.0], [7, 9, 1.0], [9, 10, 1.0], [10, 26, 1.0], [10, 27, 1.0], [10, 28, 1.0]], "fix_com": true, "fix_orientation": true, "provenance": {"creator": "QCElemental", "version": "v0.22.0", "routine": "qcelemental.molparse.from_schema"}, "id": "208158"}, "charge": 0, "optimize_geometry": false, "conformers": [], "conformer_generation_options": {"n_conformer_pool": 4000, "n_max_conformers": 0, "rms_tolerance": 0.05, "energy_window": 15, "keep_original_conformer": true}, "stage_1_unrestrained_charges": null, "stage_1_restrained_charges": null, "stage_2_unrestrained_charges": null, "stage_2_restrained_charges": null, "keep_original_orientation": false, "reorientations": [], "translations": [], "rotations": []}}, {"index": 2, "molecule": {"qcmol": {"schema_name": "qcschema_molecule", "schema_version": 2, "validated": true, "symbols": ["C", "C", "C", "C", "C", "C", "C", "C", "O", "O", "C", "H", "H", "H", "H", "H", "H", "H", "H", "H", "H", "H", "H", "H", "H", "H", "H", "H", "H"], "geometry": [[0.0, 0.0, 0.0], [2.8907020712338816, -3.140182584849632e-16, 3.8274103168283594e-19], [4.089077043056438, 2.6399153166904297, 2.220446049250313e-16], [3.4813346745437435, 4.31834216937329, -2.2881572255547615], [4.241795393742704, 3.27135396646863, -4.882471933794723], [7.082721061664527, 2.835305216530407, -5.2070218352951745], [7.747233780541467, 2.0082879015523964, -7.908747405309173], [10.549366436938048, 1.622272454890048, -8.254382857268524], [11.896180774193608, 2.9530593462578714, -9.464326005377712], [11.37462437785209, -0.3937341070037568, -7.009534226304537], [13.993729465593384, -0.9214662414298518, -7.1540245516347785], [-0.7282988093878323, -1.910941200492429, 0.1635197170795789], [-0.7685630284552804, 0.8044046022963691, -1.7227057242495534], [-0.7382176809773742, 1.0859288068816533, 1.57890771531754], [3.550719223001586, -0.9965647964838984, 1.6710418835952399], [3.572358606764765, -1.08544665094478, -1.6052050867476824], [6.125017220671868, 2.4353948351974988, 0.1771639075308058], [3.478651391813692, 3.6346517312563362, 1.6932330806356548], [4.4121904373358145, 6.131349540956807, -2.015381832669995], [1.4687825054537065, 4.723995217368664, -2.3194585310026348], [3.2397559764273405, 1.5172052089443826, -5.258783296994384], [3.609705689902576, 4.602500418842617, -6.315690107748322], [7.7430709096126655, 1.4080769105643578, -3.8942256384391474], [8.095421955574368, 4.568926818815864, -4.765546439164883], [7.157728374819989, 3.4231729551484413, -9.262682531482767], [6.791254820630529, 0.2473342084440171, -8.347538047653877], [15.082004300652454, 0.6322166937742462, -6.398401303162342], [14.552531232279762, -1.2533400838973816, -9.089604008340814], [14.287475051502568, -2.6006523567202047, -6.035598107536068]], "name": "C9H18O2", "identifiers": {"molecule_hash": "d25fbf6cb7b6549bbc4ee64796f8cddab941090c", "molecular_formula": "C9H18O2"}, "molecular_charge": 0.0, "molecular_multiplicity": 1, "connectivity": [[0, 1, 1.0], [0, 11, 1.0], [0, 12, 1.0], [0, 13, 1.0], [1, 2, 1.0], [1, 14, 1.0], [1, 15, 1.0], [2, 3, 1.0], [2, 16, 1.0], [2, 17, 1.0], [3, 4, 1.0], [3, 18, 1.0], [3, 19, 1.0], [4, 5, 1.0], [4, 20, 1.0], [4, 21, 1.0], [5, 6, 1.0], [5, 22, 1.0], [5, 23, 1.0], [6, 7, 1.0], [6, 24, 1.0], [6, 25, 1.0], [7, 8, 2.0], [7, 9, 1.0], [9, 10, 1.0], [10, 26, 1.0], [10, 27, 1.0], [10, 28, 1.0]], "fix_com": true, "fix_orientation": true, "provenance": {"creator": "QCElemental", "version": "v0.22.0", "routine": "qcelemental.molparse.from_schema"}, "id": "208158"}, "charge": 0, "optimize_geometry": false, "conformers": [], "conformer_generation_options": {"n_conformer_pool": 4000, "n_max_conformers": 0, "rms_tolerance": 0.05, "energy_window": 15, "keep_original_conformer": true}, "stage_1_unrestrained_charges": null, "stage_1_restrained_charges": null, "stage_2_unrestrained_charges": null, "stage_2_restrained_charges": null, "keep_original_orientation": false, "reorientations": [], "translations": [], "rotations": []}}, {"index": 3, "molecule": {"qcmol": {"schema_name": "qcschema_molecule", "schema_version": 2, "validated": true, "symbols": ["C", "C", "C", "C", "C", "C", "C", "C", "O", "O", "C", "H", "H", "H", "H", "H", "H", "H", "H", "H", "H", "H", "H", "H", "H", "H", "H", "H", "H"], "geometry": [[0.0, 0.0, 0.0], [2.8907020712338816, -3.140182584849632e-16, 3.8274103168283594e-19], [4.089077043056438, 2.6399153166904297, 2.220446049250313e-16], [3.4813346745437435, 4.31834216937329, -2.2881572255547615], [4.241795393742704, 3.27135396646863, -4.882471933794723], [7.082721061664527, 2.835305216530407, -5.2070218352951745], [7.747233780541467, 2.0082879015523964, -7.908747405309173], [10.549366436938048, 1.622272454890048, -8.254382857268524], [11.896180774193608, 2.9530593462578714, -9.464326005377712], [11.37462437785209, -0.3937341070037568, -7.009534226304537], [13.993729465593384, -0.9214662414298518, -7.1540245516347785], [-0.7282988093878323, -1.910941200492429, 0.1635197170795789], [-0.7685630284552804, 0.8044046022963691, -1.7227057242495534], [-0.7382176809773742, 1.0859288068816533, 1.57890771531754], [3.550719223001586, -0.9965647964838984, 1.6710418835952399], [3.572358606764765, -1.08544665094478, -1.6052050867476824], [6.125017220671868, 2.4353948351974988, 0.1771639075308058], [3.478651391813692, 3.6346517312563362, 1.6932330806356548], [4.4121904373358145, 6.131349540956807, -2.015381832669995], [1.4687825054537065, 4.723995217368664, -2.3194585310026348], [3.2397559764273405, 1.5172052089443826, -5.258783296994384], [3.609705689902576, 4.602500418842617, -6.315690107748322], [7.7430709096126655, 1.4080769105643578, -3.8942256384391474], [8.095421955574368, 4.568926818815864, -4.765546439164883], [7.157728374819989, 3.4231729551484413, -9.262682531482767], [6.791254820630529, 0.2473342084440171, -8.347538047653877], [15.082004300652454, 0.6322166937742462, -6.398401303162342], [14.552531232279762, -1.2533400838973816, -9.089604008340814], [14.287475051502568, -2.6006523567202047, -6.035598107536068]], "name": "C9H18O2", "identifiers": {"molecule_hash": "d25fbf6cb7b6549bbc4ee64796f8cddab941090c", "molecular_formula": "C9H18O2"}, "molecular_charge": 0.0, "molecular_multiplicity": 1, "connectivity": [[0, 1, 1.0], [0, 11, 1.0], [0, 12, 1.0], [0, 13, 1.0], [1, 2, 1.0], [1, 14, 1.0], [1, 15, 1.0], [2, 3, 1.0], [2, 16, 1.0], [2, 17, 1.0], [3, 4, 1.0], [3, 18, 1.0], [3, 19, 1.0], [4, 5, 1.0], [4, 20, 1.0], [4, 21, 1.0], [5, 6, 1.0], [5, 22, 1.0], [5, 23, 1.0], [6, 7, 1.0], [6, 24, 1.0], [6, 25, 1.0], [7, 8, 2.0], [7, 9, 1.0], [9, 10, 1.0], [10, 26, 1.0], [10, 27, 1.0], [10, 28, 1.0]], "fix_com": true, "fix_orientation": true, "provenance": {"creator": "QCElemental", "version": "v0.22.0", "routine": "qcelemental.molparse.from_schema"}, "id": "208158"}, "charge": 0, "optimize_geometry": false, "conformers": [], "conformer_generation_options": {"n_conformer_pool": 4000, "n_max_conformers": 0, "rms_tolerance": 0.05, "energy_window": 15, "keep_original_conformer": true}, "stage_1_unrestrained_charges": null, "stage_1_restrained_charges": null, "stage_2_unrestrained_charges": null, "stage_2_restrained_charges": null, "keep_original_orientation": false, "reorientations": [], "translations": [], "rotations": []}}, {"index": 4, "molecule": {"qcmol": {"schema_name": "qcschema_molecule", "schema_version": 2, "validated": true, "symbols": ["C", "C", "C", "C", "C", "C", "C", "C", "O", "O", "C", "H", "H", "H", "H", "H", "H", "H", "H", "H", "H", "H", "H", "H", "H", "H", "H", "H", "H"], "geometry": [[0.0, 0.0, 0.0], [2.8907020712338816, -3.140182584849632e-16, 3.8274103168283594e-19], [4.089077043056438, 2.6399153166904297, 2.220446049250313e-16], [3.4813346745437435, 4.31834216937329, -2.2881572255547615], [4.241795393742704, 3.27135396646863, -4.882471933794723], [7.082721061664527, 2.835305216530407, -5.2070218352951745], [7.747233780541467, 2.0082879015523964, -7.908747405309173], [10.549366436938048, 1.622272454890048, -8.254382857268524], [11.896180774193608, 2.9530593462578714, -9.464326005377712], [11.37462437785209, -0.3937341070037568, -7.009534226304537], [13.993729465593384, -0.9214662414298518, -7.1540245516347785], [-0.7282988093878323, -1.910941200492429, 0.1635197170795789], [-0.7685630284552804, 0.8044046022963691, -1.7227057242495534], [-0.7382176809773742, 1.0859288068816533, 1.57890771531754], [3.550719223001586, -0.9965647964838984, 1.6710418835952399], [3.572358606764765, -1.08544665094478, -1.6052050867476824], [6.125017220671868, 2.4353948351974988, 0.1771639075308058], [3.478651391813692, 3.6346517312563362, 1.6932330806356548], [4.4121904373358145, 6.131349540956807, -2.015381832669995], [1.4687825054537065, 4.723995217368664, -2.3194585310026348], [3.2397559764273405, 1.5172052089443826, -5.258783296994384], [3.609705689902576, 4.602500418842617, -6.315690107748322], [7.7430709096126655, 1.4080769105643578, -3.8942256384391474], [8.095421955574368, 4.568926818815864, -4.765546439164883], [7.157728374819989, 3.4231729551484413, -9.262682531482767], [6.791254820630529, 0.2473342084440171, -8.347538047653877], [15.082004300652454, 0.6322166937742462, -6.398401303162342], [14.552531232279762, -1.2533400838973816, -9.089604008340814], [14.287475051502568, -2.6006523567202047, -6.035598107536068]], "name": "C9H18O2", "identifiers": {"molecule_hash": "d25fbf6cb7b6549bbc4ee64796f8cddab941090c", "molecular_formula": "C9H18O2"}, "molecular_charge": 0.0, "molecular_multiplicity": 1, "connectivity": [[0, 1, 1.0], [0, 11, 1.0], [0, 12, 1.0], [0, 13, 1.0], [1, 2, 1.0], [1, 14, 1.0], [1, 15, 1.0], [2, 3, 1.0], [2, 16, 1.0], [2, 17, 1.0], [3, 4, 1.0], [3, 18, 1.0], [3, 19, 1.0], [4, 5, 1.0], [4, 20, 1.0], [4, 21, 1.0], [5, 6, 1.0], [5, 22, 1.0], [5, 23, 1.0], [6, 7, 1.0], [6, 24, 1.0], [6, 25, 1.0], [7, 8, 2.0], [7, 9, 1.0], [9, 10, 1.0], [10, 26, 1.0], [10, 27, 1.0], [10, 28, 1.0]], "fix_com": true, "fix_orientation": true, "provenance": {"creator": "QCElemental", "version": "v0.22.0", "routine": "qcelemental.molparse.from_schema"}, "id": "208158"}, "charge": 0, "optimize_geometry": false, "conformers": [], "conformer_generation_options": {"n_conformer_pool": 4000, "n_max_conformers": 0, "rms_tolerance": 0.05, "energy_window": 15, "keep_original_conformer": true}, "stage_1_unrestrained_charges": null, "stage_1_restrained_charges": null, "stage_2_unrestrained_charges": null, "stage_2_restrained_charges": null, "keep_original_orientation": false, "reorientations": [], "translations": [], "rotations": []}}, {"index": 5, "molecule": {"qcmol": {"schema_name": "qcschema_molecule", "schema_version": 2, "validated": true, "symbols": ["C", "C", "C", "C", "C", "C", "C", "C", "O", "O", "C", "H", "H", "H", "H", "H", "H", "H", "H", "H", "H", "H", "H", "H", "H", "H", "H", "H", "H"], "geometry": [[0.0, 0.0, 0.0], [2.8907020712338816, -3.140182584849632e-16, 3.8274103168283594e-19], [4.089077043056438, 2.6399153166904297, 2.220446049250313e-16], [3.4813346745437435, 4.31834216937329, -2.2881572255547615], [4.241795393742704, 3.27135396646863, -4.882471933794723], [7.082721061664527, 2.835305216530407, -5.2070218352951745], [7.747233780541467, 2.0082879015523964, -7.908747405309173], [10.549366436938048, 1.622272454890048, -8.254382857268524], [11.896180774193608, 2.9530593462578714, -9.464326005377712], [11.37462437785209, -0.3937341070037568, -7.009534226304537], [13.993729465593384, -0.9214662414298518, -7.1540245516347785], [-0.7282988093878323, -1.910941200492429, 0.1635197170795789], [-0.7685630284552804, 0.8044046022963691, -1.7227057242495534], [-0.7382176809773742, 1.0859288068816533, 1.57890771531754], [3.550719223001586, -0.9965647964838984, 1.6710418835952399], [3.572358606764765, -1.08544665094478, -1.6052050867476824], [6.125017220671868, 2.4353948351974988, 0.1771639075308058], [3.478651391813692, 3.6346517312563362, 1.6932330806356548], [4.4121904373358145, 6.131349540956807, -2.015381832669995], [1.4687825054537065, 4.723995217368664, -2.3194585310026348], [3.2397559764273405, 1.5172052089443826, -5.258783296994384], [3.609705689902576, 4.602500418842617, -6.315690107748322], [7.7430709096126655, 1.4080769105643578, -3.8942256384391474], [8.095421955574368, 4.568926818815864, -4.765546439164883], [7.157728374819989, 3.4231729551484413, -9.262682531482767], [6.791254820630529, 0.2473342084440171, -8.347538047653877], [15.082004300652454, 0.6322166937742462, -6.398401303162342], [14.552531232279762, -1.2533400838973816, -9.089604008340814], [14.287475051502568, -2.6006523567202047, -6.035598107536068]], "name": "C9H18O2", "identifiers": {"molecule_hash": "d25fbf6cb7b6549bbc4ee64796f8cddab941090c", "molecular_formula": "C9H18O2"}, "molecular_charge": 0.0, "molecular_multiplicity": 1, "connectivity": [[0, 1, 1.0], [0, 11, 1.0], [0, 12, 1.0], [0, 13, 1.0], [1, 2, 1.0], [1, 14, 1.0], [1, 15, 1.0], [2, 3, 1.0], [2, 16, 1.0], [2, 17, 1.0], [3, 4, 1.0], [3, 18, 1.0], [3, 19, 1.0], [4, 5, 1.0], [4, 20, 1.0], [4, 21, 1.0], [5, 6, 1.0], [5, 22, 1.0], [5, 23, 1.0], [6, 7, 1.0], [6, 24, 1.0], [6, 25, 1.0], [7, 8, 2.0], [7, 9, 1.0], [9, 10, 1.0], [10, 26, 1.0], [10, 27, 1.0], [10, 28, 1.0]], "fix_com": true, "fix_orientation": true, "provenance": {"creator": "QCElemental", "version": "v0.22.0", "routine": "qcelemental.molparse.from_schema"}, "id": "208158"}, "charge": 0, "optimize_geometry": false, "conformers": [], "conformer_generation_options": {"n_conformer_pool": 4000, "n_max_conformers": 0, "rms_tolerance": 0.05, "energy_window": 15, "keep_original_conformer": true}, "stage_1_unrestrained_charges": null, "stage_1_restrained_charges": null, "stage_2_unrestrained_charges": null, "stage_2_restrained_charges": null, "keep_original_orientation": false, "reorientations": [], "translations": [], "rotations": []}}, {"index": 6, "molecule": {"qcmol": {"schema_name": "qcschema_molecule", "schema_version": 2, "validated": true, "symbols": ["C", "C", "C", "C", "C", "C", "C", "C", "O", "O", "C", "H", "H", "H", "H", "H", "H", "H", "H", "H", "H", "H", "H", "H", "H", "H", "H", "H", "H"], "geometry": [[0.0, 0.0, 0.0], [2.8907020712338816, -3.140182584849632e-16, 3.8274103168283594e-19], [4.089077043056438, 2.6399153166904297, 2.220446049250313e-16], [3.4813346745437435, 4.31834216937329, -2.2881572255547615], [4.241795393742704, 3.27135396646863, -4.882471933794723], [7.082721061664527, 2.835305216530407, -5.2070218352951745], [7.747233780541467, 2.0082879015523964, -7.908747405309173], [10.549366436938048, 1.622272454890048, -8.254382857268524], [11.896180774193608, 2.9530593462578714, -9.464326005377712], [11.37462437785209, -0.3937341070037568, -7.009534226304537], [13.993729465593384, -0.9214662414298518, -7.1540245516347785], [-0.7282988093878323, -1.910941200492429, 0.1635197170795789], [-0.7685630284552804, 0.8044046022963691, -1.7227057242495534], [-0.7382176809773742, 1.0859288068816533, 1.57890771531754], [3.550719223001586, -0.9965647964838984, 1.6710418835952399], [3.572358606764765, -1.08544665094478, -1.6052050867476824], [6.125017220671868, 2.4353948351974988, 0.1771639075308058], [3.478651391813692, 3.6346517312563362, 1.6932330806356548], [4.4121904373358145, 6.131349540956807, -2.015381832669995], [1.4687825054537065, 4.723995217368664, -2.3194585310026348], [3.2397559764273405, 1.5172052089443826, -5.258783296994384], [3.609705689902576, 4.602500418842617, -6.315690107748322], [7.7430709096126655, 1.4080769105643578, -3.8942256384391474], [8.095421955574368, 4.568926818815864, -4.765546439164883], [7.157728374819989, 3.4231729551484413, -9.262682531482767], [6.791254820630529, 0.2473342084440171, -8.347538047653877], [15.082004300652454, 0.6322166937742462, -6.398401303162342], [14.552531232279762, -1.2533400838973816, -9.089604008340814], [14.287475051502568, -2.6006523567202047, -6.035598107536068]], "name": "C9H18O2", "identifiers": {"molecule_hash": "d25fbf6cb7b6549bbc4ee64796f8cddab941090c", "molecular_formula": "C9H18O2"}, "molecular_charge": 0.0, "molecular_multiplicity": 1, "connectivity": [[0, 1, 1.0], [0, 11, 1.0], [0, 12, 1.0], [0, 13, 1.0], [1, 2, 1.0], [1, 14, 1.0], [1, 15, 1.0], [2, 3, 1.0], [2, 16, 1.0], [2, 17, 1.0], [3, 4, 1.0], [3, 18, 1.0], [3, 19, 1.0], [4, 5, 1.0], [4, 20, 1.0], [4, 21, 1.0], [5, 6, 1.0], [5, 22, 1.0], [5, 23, 1.0], [6, 7, 1.0], [6, 24, 1.0], [6, 25, 1.0], [7, 8, 2.0], [7, 9, 1.0], [9, 10, 1.0], [10, 26, 1.0], [10, 27, 1.0], [10, 28, 1.0]], "fix_com": true, "fix_orientation": true, "provenance": {"creator": "QCElemental", "version": "v0.22.0", "routine": "qcelemental.molparse.from_schema"}, "id": "208158"}, "charge": 0, "optimize_geometry": false, "conformers": [], "conformer_generation_options": {"n_conformer_pool": 4000, "n_max_conformers": 0, "rms_tolerance": 0.05, "energy_window": 15, "keep_original_conformer": true}, "stage_1_unrestrained_charges": null, "stage_1_restrained_charges": null, "stage_2_unrestrained_charges": null, "stage_2_restrained_charges": null, "keep_original_orientation": false, "reorientations": [], "translations": [], "rotations": []}}, {"index": 10, "molecule": {"qcmol": {"schema_name": "qcschema_molecule", "schema_version": 2, "validated": true, "symbols": ["C", "C", "C", "C", "C", "C", "C", "C", "O", "O", "C", "H", "H", "H", "H", "H", "H", "H", "H", "H", "H", "H", "H", "H", "H", "H", "H", "H", "H"], "geometry": [[0.0, 0.0, 0.0], [2.8907020712338816, -3.140182584849632e-16, 3.8274103168283594e-19], [4.089077043056438, 2.6399153166904297, 2.220446049250313e-16], [3.4813346745437435, 4.31834216937329, -2.2881572255547615], [4.241795393742704, 3.27135396646863, -4.882471933794723], [7.082721061664527, 2.835305216530407, -5.2070218352951745], [7.747233780541467, 2.0082879015523964, -7.908747405309173], [10.549366436938048, 1.622272454890048, -8.254382857268524], [11.896180774193608, 2.9530593462578714, -9.464326005377712], [11.37462437785209, -0.3937341070037568, -7.009534226304537], [13.993729465593384, -0.9214662414298518, -7.1540245516347785], [-0.7282988093878323, -1.910941200492429, 0.1635197170795789], [-0.7685630284552804, 0.8044046022963691, -1.7227057242495534], [-0.7382176809773742, 1.0859288068816533, 1.57890771531754], [3.550719223001586, -0.9965647964838984, 1.6710418835952399], [3.572358606764765, -1.08544665094478, -1.6052050867476824], [6.125017220671868, 2.4353948351974988, 0.1771639075308058], [3.478651391813692, 3.6346517312563362, 1.6932330806356548], [4.4121904373358145, 6.131349540956807, -2.015381832669995], [1.4687825054537065, 4.723995217368664, -2.3194585310026348], [3.2397559764273405, 1.5172052089443826, -5.258783296994384], [3.609705689902576, 4.602500418842617, -6.315690107748322], [7.7430709096126655, 1.4080769105643578, -3.8942256384391474], [8.095421955574368, 4.568926818815864, -4.765546439164883], [7.157728374819989, 3.4231729551484413, -9.262682531482767], [6.791254820630529, 0.2473342084440171, -8.347538047653877], [15.082004300652454, 0.6322166937742462, -6.398401303162342], [14.552531232279762, -1.2533400838973816, -9.089604008340814], [14.287475051502568, -2.6006523567202047, -6.035598107536068]], "name": "C9H18O2", "identifiers": {"molecule_hash": "d25fbf6cb7b6549bbc4ee64796f8cddab941090c", "molecular_formula": "C9H18O2"}, "molecular_charge": 0.0, "molecular_multiplicity": 1, "connectivity": [[0, 1, 1.0], [0, 11, 1.0], [0, 12, 1.0], [0, 13, 1.0], [1, 2, 1.0], [1, 14, 1.0], [1, 15, 1.0], [2, 3, 1.0], [2, 16, 1.0], [2, 17, 1.0], [3, 4, 1.0], [3, 18, 1.0], [3, 19, 1.0], [4, 5, 1.0], [4, 20, 1.0], [4, 21, 1.0], [5, 6, 1.0], [5, 22, 1.0], [5, 23, 1.0], [6, 7, 1.0], [6, 24, 1.0], [6, 25, 1.0], [7, 8, 2.0], [7, 9, 1.0], [9, 10, 1.0], [10, 26, 1.0], [10, 27, 1.0], [10, 28, 1.0]], "fix_com": true, "fix_orientation": true, "provenance": {"creator": "QCElemental", "version": "v0.22.0", "routine": "qcelemental.molparse.from_schema"}, "id": "208158"}, "charge": 0, "optimize_geometry": false, "conformers": [], "conformer_generation_options": {"n_conformer_pool": 4000, "n_max_conformers": 0, "rms_tolerance": 0.05, "energy_window": 15, "keep_original_conformer": true}, "stage_1_unrestrained_charges": null, "stage_1_restrained_charges": null, "stage_2_unrestrained_charges": null, "stage_2_restrained_charges": null, "keep_original_orientation": false, "reorientations": [], "translations": [], "rotations": []}}]}, "surface_constraints": {"matrix": [[571993528911118.4, 553392899536908.56, 533427071320158.9, 515470154086787.0, 492861045294363.4, 473584028965279.6, 461022395247901.8, 447785471000813.75, 442817594396863.2, 434965590030540.94, 407555715186014.56, 575471969413943.4, 574209014885331.9, 574050603690625.1, 549432766427221.75, 551660609619770.44, 531104430582628.6, 529308637802206.2, 510527864522624.3, 519894647886401.7, 492067062919789.75, 487777529339316.1, 470050508434382.56, 468440898417861.1, 459631149289488.8, 457919749792309.0, 400934432469495.7, 397853555994695.5, 400863853152400.0], [553392899536908.56, 565484426016621.5, 552098727031434.8, 532072479449032.6, 512014728696549.8, 491798824165701.3, 475064167203779.3, 459867676542605.0, 455535397846729.0, 444411636268702.6, 414857735829885.2, 548965162958830.8, 548125790380480.9, 547751877138844.75, 571089984632920.2, 572127781062758.1, 552505968533088.06, 551401201063568.25, 528664403809845.1, 531140231756946.2, 513145879500020.06, 507280800464246.06, 488195115529894.56, 489154556289028.25, 473030790869747.0, 470904429390507.7, 407614756829759.9, 404573214988860.5, 407715842934760.4], [533427071320158.9, 552098727031434.8, 567206028990869.8, 553629017243646.9, 535624821663267.94, 511685836190693.8, 494829206224823.1, 479779761076773.94, 474787515915927.0, 463598530343221.6, 432444173278422.75, 530198193716342.25, 525554990523399.25, 525633315456320.1, 550385657924212.4, 549871790054461.7, 575907896478150.9, 574763329068372.1, 553226284440535.94, 552122429565041.06, 538038296002530.94, 533732513139230.75, 505556254231488.5, 508580691378111.6, 495254373753515.56, 487607766580623.06, 425752651538459.4, 421249561799126.9, 424183558251981.94], [515470154086787.0, 532072479449032.6, 553629017243646.9, 567443082842420.1, 555218273233216.6, 535454405738500.75, 516568088009241.25, 496768826406748.7, 491168967768833.2, 477575546027437.44, 443320761926444.3, 517544851573424.25, 507254561982909.44, 504765530167574.75, 518759517261271.2, 535938565872405.3, 554113858828082.56, 553443238116040.6, 575293363598797.6, 573976643780715.9, 555325242597228.06, 555793141952345.7, 529106857067538.94, 536702181181614.1, 518229748644527.75, 509877829075901.44, 435414811442466.0, 431318341763175.75, 434722079009953.8], [492861045294363.4, 512014728696549.8, 535624821663267.94, 555218273233216.6, 569942208314389.4, 555698722117539.8, 537559007562556.4, 522916770104130.2, 520174098414666.2, 503315417203900.6, 469085574063195.5, 494127991315157.5, 485019116695078.44, 481145569679377.44, 497428632224711.5, 518594808800877.94, 539422004472732.94, 530240323007508.7, 554996808957799.3, 553598570437593.5, 578440275364330.2, 578728364712485.0, 554359743533281.3, 554862398293931.94, 537000577855854.56, 528926963505282.9, 461333210374033.0, 456034750834099.0, 460722950766305.1], [473584028965279.6, 491798824165701.3, 511685836190693.8, 535454405738500.75, 555698722117539.8, 569018946703921.1, 556715320349230.6, 538861516122682.5, 532205095461415.1, 521521766395527.7, 483777894483985.6, 475896530233595.44, 465931332294409.0, 461651282840349.94, 475609967857777.3, 502488634114428.75, 513595698883300.1, 502685034804949.06, 532564243720786.94, 536523056122979.3, 556022126706661.2, 556111233826726.2, 575637552229895.9, 576854119708279.8, 554688599927985.8, 555785832834517.0, 475245320982857.4, 470577021010011.06, 473657551998638.0], [461022395247901.8, 475064167203779.3, 494829206224823.1, 516568088009241.25, 537559007562556.4, 556715320349230.6, 572129316187572.9, 559573297918970.4, 549075837808402.2, 548503996605010.75, 509628083914733.75, 464959507221825.9, 454398798719525.75, 449890606514948.44, 457511215484834.5, 484030848489963.94, 497118798958904.75, 487317616684508.75, 510464477270692.8, 519071293512545.75, 537472192751542.3, 535222061715254.06, 555376028309402.44, 556490465752318.1, 578857134521331.8, 579652984388624.2, 498644742748276.3, 498490431988222.25, 498574436074544.7], [447785471000813.75, 459867676542605.0, 479779761076773.94, 496768826406748.7, 522916770104130.2, 538861516122682.5, 559573297918970.4, 573141874728398.1, 574572474307238.4, 567206754049930.1, 543011970823916.75, 451852032885128.6, 440749006667698.6, 438858754878870.1, 443480349870294.9, 466571167105365.06, 484900677069864.8, 473077311307053.4, 488180727634757.06, 494249752764598.0, 528725229227210.8, 521803043109627.56, 538804051720178.56, 531311774487408.1, 558816320272179.3, 559401028082444.2, 534753105473121.6, 535671536653486.94, 534580117884715.0], [442817594396863.2, 455535397846729.0, 474787515915927.0, 491168967768833.2, 520174098414666.2, 532205095461415.1, 549075837808402.2, 574572474307238.4, 597941982940785.0, 555707760073947.9, 541679212456043.3, 446565230917815.6, 434175596018439.2, 435417089158390.5, 440177755172642.0, 462205315961903.4, 479595380268866.25, 468121499615344.3, 483775002967720.4, 485111957908298.25, 530151780604769.06, 520373973797214.2, 531498248567995.7, 524788735280151.6, 543595758728683.2, 541941570615696.6, 534639968014880.2, 539128140274130.5, 534553864483947.25], [434965590030540.94, 444411636268702.6, 463598530343221.6, 477575546027437.44, 503315417203900.6, 521521766395527.7, 548503996605010.75, 567206754049930.1, 555707760073947.9, 584428956577730.1, 564271225316030.8, 439517600771551.7, 429849291432356.56, 425860215656927.75, 428352477420600.6, 449791706403363.0, 470374819921361.9, 457366723693389.2, 466477697772510.44, 475680809075490.1, 507929930769974.1, 501324090553126.5, 524158428822913.56, 509055339750786.25, 548020456845738.3, 550247152914131.25, 558255057448549.06, 554789718794512.44, 557888358183303.06], [407555715186014.56, 414857735829885.2, 432444173278422.75, 443320761926444.3, 469085574063195.5, 483777894483985.6, 509628083914733.75, 543011970823916.75, 541679212456043.3, 564271225316030.8, 571618248093980.8, 411984393927482.7, 402331200910864.06, 400669356986296.06, 400648852699549.44, 418494579179416.56, 439835805611487.0, 426970840214898.0, 432388779739817.44, 439121368255204.4, 475777340348894.06, 468300598763932.06, 486031330145449.4, 469806023378280.75, 504559356163327.6, 506106614075433.9, 572295205096066.2, 569404522524631.9, 571781839196708.1], [575471969413943.4, 548965162958830.8, 530198193716342.25, 517544851573424.25, 494127991315157.5, 475896530233595.44, 464959507221825.9, 451852032885128.6, 446565230917815.6, 439517600771551.7, 411984393927482.7, 601333348450136.8, 569776771497896.4, 569823311527509.1, 537589373192344.06, 547876611255692.25, 527542327555085.1, 522660851138617.7, 515225896894192.44, 523953687156305.94, 493731088895758.94, 487203531319882.5, 472651090437564.8, 469668243118730.56, 463273346055058.4, 463241963124301.75, 404620914137504.8, 402013262196810.56, 406105995680122.56], [574209014885331.9, 548125790380480.9, 525554990523399.25, 507254561982909.44, 485019116695078.44, 465931332294409.0, 454398798719525.75, 440749006667698.6, 434175596018439.2, 429849291432356.56, 402331200910864.06, 569776771497896.4, 599198902845073.6, 567753178866899.1, 542146830970236.6, 544986983185051.8, 522238185791520.94, 521077359206267.4, 499527338825421.5, 514008490164843.6, 484256043920600.94, 480035004493165.9, 462585788900204.6, 460315341006743.25, 454266285041217.56, 451181308776362.25, 397321188184232.9, 391996746414844.0, 394695110303708.1], [574050603690625.1, 547751877138844.75, 525633315456320.1, 504765530167574.75, 481145569679377.44, 461651282840349.94, 449890606514948.44, 438858754878870.1, 435417089158390.5, 425860215656927.75, 400669356986296.06, 569823311527509.1, 567753178866899.1, 598826373880032.0, 545613198161709.06, 540173371100278.94, 522870092408671.75, 523012797443132.25, 498943643546657.8, 508920657615349.4, 478419913236514.2, 477637942545185.5, 457700393411261.2, 456204960628048.1, 447937644598507.4, 446392518423008.0, 393658047896300.3, 392413370784958.0, 394588623921102.8], [549432766427221.75, 571089984632920.2, 550385657924212.4, 518759517261271.2, 497428632224711.5, 475609967857777.3, 457511215484834.5, 443480349870294.9, 440177755172642.0, 428352477420600.6, 400648852699549.44, 537589373192344.06, 542146830970236.6, 545613198161709.06, 597845766155696.0, 569912132928026.0, 552343189600473.0, 552172703938233.75, 513363415455324.56, 513242240680037.56, 498167440094405.25, 493507074294172.1, 471977763377589.3, 473186850847466.7, 454311810150966.2, 452958175810348.6, 394261372640522.0, 390868657248225.44, 393649315206704.2], [551660609619770.44, 572127781062758.1, 549871790054461.7, 535938565872405.3, 518594808800877.94, 502488634114428.75, 484030848489963.94, 466571167105365.06, 462205315961903.4, 449791706403363.0, 418494579179416.56, 547876611255692.25, 544986983185051.8, 540173371100278.94, 569912132928026.0, 600852581528096.5, 544443628731639.6, 542784760288889.94, 533692185296858.0, 535480420716846.94, 520941703041910.75, 511382298332654.5, 501140220011504.06, 501837744989603.0, 480587417923983.75, 481655067710711.44, 409803033170803.0, 408083198789182.44, 411675552321183.1], [531104430582628.6, 552505968533088.06, 575907896478150.9, 554113858828082.56, 539422004472732.94, 513595698883300.1, 497118798958904.75, 484900677069864.8, 479595380268866.25, 470374819921361.9, 439835805611487.0, 527542327555085.1, 522238185791520.94, 522870092408671.75, 552343189600473.0, 544443628731639.6, 606185210336531.8, 575520272581681.6, 550160191935317.0, 546587813145742.56, 546348058083254.5, 536738474785374.5, 506769364787092.3, 509683878358893.9, 497080968854529.3, 488215287220884.06, 434600735177082.7, 428517037234793.2, 430538672311950.9], [529308637802206.2, 551401201063568.25, 574763329068372.1, 553443238116040.6, 530240323007508.7, 502685034804949.06, 487317616684508.75, 473077311307053.4, 468121499615344.3, 457366723693389.2, 426970840214898.0, 522660851138617.7, 521077359206267.4, 523012797443132.25, 552172703938233.75, 542784760288889.94, 575520272581681.6, 603231143522496.0, 552535951715056.44, 550816108648030.9, 530791312196219.9, 529773562679256.94, 495573594889825.8, 496790579121704.25, 489529126691271.7, 479075003904219.44, 420375790699549.8, 415836802442637.1, 419154998332111.1], [510527864522624.3, 528664403809845.1, 553226284440535.94, 575293363598797.6, 554996808957799.3, 532564243720786.94, 510464477270692.8, 488180727634757.06, 483775002967720.4, 466477697772510.44, 432388779739817.44, 515225896894192.44, 499527338825421.5, 498943643546657