{"resp_b": 0.1, "restrained_fit": true, "exclude_hydrogens": true, "convergence_tolerance": 1e-06, "max_iter": 500, "resp_a": 0.0005, "charge_constraints": {"charge_sum_constraints": [], "charge_equivalence_constraints": [], "molecules": [{"qcmol": {"schema_name": "qcschema_molecule", "schema_version": 2, "validated": true, "symbols": ["C", "C", "C", "C", "C", "C", "C", "C", "O", "O", "C", "H", "H", "H", "H", "H", "H", "H", "H", "H", "H", "H", "H", "H", "H", "H", "H", "H", "H"], "geometry": [[0.0, 0.0, 0.0], [2.8907020712338816, -3.140182584849632e-16, 3.8274103168283594e-19], [4.089077043056438, 2.6399153166904297, 2.220446049250313e-16], [3.4813346745437435, 4.31834216937329, -2.2881572255547615], [4.241795393742704, 3.27135396646863, -4.882471933794723], [7.082721061664527, 2.835305216530407, -5.2070218352951745], [7.747233780541467, 2.0082879015523964, -7.908747405309173], [10.549366436938048, 1.622272454890048, -8.254382857268524], [11.896180774193608, 2.9530593462578714, -9.464326005377712], [11.37462437785209, -0.3937341070037568, -7.009534226304537], [13.993729465593384, -0.9214662414298518, -7.1540245516347785], [-0.7282988093878323, -1.910941200492429, 0.1635197170795789], [-0.7685630284552804, 0.8044046022963691, -1.7227057242495534], [-0.7382176809773742, 1.0859288068816533, 1.57890771531754], [3.550719223001586, -0.9965647964838984, 1.6710418835952399], [3.572358606764765, -1.08544665094478, -1.6052050867476824], [6.125017220671868, 2.4353948351974988, 0.1771639075308058], [3.478651391813692, 3.6346517312563362, 1.6932330806356548], [4.4121904373358145, 6.131349540956807, -2.015381832669995], [1.4687825054537065, 4.723995217368664, -2.3194585310026348], [3.2397559764273405, 1.5172052089443826, -5.258783296994384], [3.609705689902576, 4.602500418842617, -6.315690107748322], [7.7430709096126655, 1.4080769105643578, -3.8942256384391474], [8.095421955574368, 4.568926818815864, -4.765546439164883], [7.157728374819989, 3.4231729551484413, -9.262682531482767], [6.791254820630529, 0.2473342084440171, -8.347538047653877], [15.082004300652454, 0.6322166937742462, -6.398401303162342], [14.552531232279762, -1.2533400838973816, -9.089604008340814], [14.287475051502568, -2.6006523567202047, -6.035598107536068]], "name": "C9H18O2", "identifiers": {"molecule_hash": "d25fbf6cb7b6549bbc4ee64796f8cddab941090c", "molecular_formula": "C9H18O2"}, "molecular_charge": 0.0, "molecular_multiplicity": 1, "connectivity": [[0, 1, 1.0], [0, 11, 1.0], [0, 12, 1.0], [0, 13, 1.0], [1, 2, 1.0], [1, 14, 1.0], [1, 15, 1.0], [2, 3, 1.0], [2, 16, 1.0], [2, 17, 1.0], [3, 4, 1.0], [3, 18, 1.0], [3, 19, 1.0], [4, 5, 1.0], [4, 20, 1.0], [4, 21, 1.0], [5, 6, 1.0], [5, 22, 1.0], [5, 23, 1.0], [6, 7, 1.0], [6, 24, 1.0], [6, 25, 1.0], [7, 8, 2.0], [7, 9, 1.0], [9, 10, 1.0], [10, 26, 1.0], [10, 27, 1.0], [10, 28, 1.0]], "fix_com": true, "fix_orientation": true, "provenance": {"creator": "QCElemental", "version": "v0.22.0", "routine": "qcelemental.molparse.from_schema"}, "id": "208158"}, "charge": 0, "optimize_geometry": false, "conformers": [], "conformer_generation_options": {"n_conformer_pool": 4000, "n_max_conformers": 0, "rms_tolerance": 0.05, "energy_window": 15, "keep_original_conformer": true}, "stage_1_unrestrained_charges": null, "stage_1_restrained_charges": null, "stage_2_unrestrained_charges": null, "stage_2_restrained_charges": null, "keep_original_orientation": false, "reorientations": [], "translations": [], "rotations": []}], "unconstrained_atoms": [{"index": 0, "molecule": {"qcmol": {"schema_name": "qcschema_molecule", "schema_version": 2, "validated": true, "symbols": ["C", "C", "C", "C", "C", "C", "C", "C", "O", "O", "C", "H", "H", "H", "H", "H", "H", "H", "H", "H", "H", "H", "H", "H", "H", "H", "H", "H", "H"], "geometry": [[0.0, 0.0, 0.0], [2.8907020712338816, -3.140182584849632e-16, 3.8274103168283594e-19], [4.089077043056438, 2.6399153166904297, 2.220446049250313e-16], [3.4813346745437435, 4.31834216937329, -2.2881572255547615], [4.241795393742704, 3.27135396646863, -4.882471933794723], [7.082721061664527, 2.835305216530407, -5.2070218352951745], [7.747233780541467, 2.0082879015523964, -7.908747405309173], [10.549366436938048, 1.622272454890048, -8.254382857268524], [11.896180774193608, 2.9530593462578714, -9.464326005377712], [11.37462437785209, -0.3937341070037568, -7.009534226304537], [13.993729465593384, -0.9214662414298518, -7.1540245516347785], [-0.7282988093878323, -1.910941200492429, 0.1635197170795789], [-0.7685630284552804, 0.8044046022963691, -1.7227057242495534], [-0.7382176809773742, 1.0859288068816533, 1.57890771531754], [3.550719223001586, -0.9965647964838984, 1.6710418835952399], [3.572358606764765, -1.08544665094478, -1.6052050867476824], [6.125017220671868, 2.4353948351974988, 0.1771639075308058], [3.478651391813692, 3.6346517312563362, 1.6932330806356548], [4.4121904373358145, 6.131349540956807, -2.015381832669995], [1.4687825054537065, 4.723995217368664, -2.3194585310026348], [3.2397559764273405, 1.5172052089443826, -5.258783296994384], [3.609705689902576, 4.602500418842617, -6.315690107748322], [7.7430709096126655, 1.4080769105643578, -3.8942256384391474], [8.095421955574368, 4.568926818815864, -4.765546439164883], [7.157728374819989, 3.4231729551484413, -9.262682531482767], [6.791254820630529, 0.2473342084440171, -8.347538047653877], [15.082004300652454, 0.6322166937742462, -6.398401303162342], [14.552531232279762, -1.2533400838973816, -9.089604008340814], [14.287475051502568, -2.6006523567202047, -6.035598107536068]], "name": "C9H18O2", "identifiers": {"molecule_hash": "d25fbf6cb7b6549bbc4ee64796f8cddab941090c", "molecular_formula": "C9H18O2"}, "molecular_charge": 0.0, "molecular_multiplicity": 1, "connectivity": [[0, 1, 1.0], [0, 11, 1.0], [0, 12, 1.0], [0, 13, 1.0], [1, 2, 1.0], [1, 14, 1.0], [1, 15, 1.0], [2, 3, 1.0], [2, 16, 1.0], [2, 17, 1.0], [3, 4, 1.0], [3, 18, 1.0], [3, 19, 1.0], [4, 5, 1.0], [4, 20, 1.0], [4, 21, 1.0], [5, 6, 1.0], [5, 22, 1.0], [5, 23, 1.0], [6, 7, 1.0], [6, 24, 1.0], [6, 25, 1.0], [7, 8, 2.0], [7, 9, 1.0], [9, 10, 1.0], [10, 26, 1.0], [10, 27, 1.0], [10, 28, 1.0]], "fix_com": true, "fix_orientation": true, "provenance": {"creator": "QCElemental", "version": "v0.22.0", "routine": "qcelemental.molparse.from_schema"}, "id": "208158"}, "charge": 0, "optimize_geometry": false, "conformers": [], "conformer_generation_options": {"n_conformer_pool": 4000, "n_max_conformers": 0, "rms_tolerance": 0.05, "energy_window": 15, "keep_original_conformer": true}, "stage_1_unrestrained_charges": null, "stage_1_restrained_charges": null, "stage_2_unrestrained_charges": null, "stage_2_restrained_charges": null, "keep_original_orientation": false, "reorientations": [], "translations": [], "rotations": []}}, {"index": 1, "molecule": {"qcmol": {"schema_name": "qcschema_molecule", "schema_version": 2, "validated": true, "symbols": ["C", "C", "C", "C", "C", "C", "C", "C", "O", "O", "C", "H", "H", "H", "H", "H", "H", "H", "H", "H", "H", "H", "H", "H", "H", "H", "H", "H", "H"], "geometry": [[0.0, 0.0, 0.0], [2.8907020712338816, -3.140182584849632e-16, 3.8274103168283594e-19], [4.089077043056438, 2.6399153166904297, 2.220446049250313e-16], [3.4813346745437435, 4.31834216937329, -2.2881572255547615], [4.241795393742704, 3.27135396646863, -4.882471933794723], [7.082721061664527, 2.835305216530407, -5.2070218352951745], [7.747233780541467, 2.0082879015523964, -7.908747405309173], [10.549366436938048, 1.622272454890048, -8.254382857268524], [11.896180774193608, 2.9530593462578714, -9.464326005377712], [11.37462437785209, -0.3937341070037568, -7.009534226304537], [13.993729465593384, -0.9214662414298518, -7.1540245516347785], [-0.7282988093878323, -1.910941200492429, 0.1635197170795789], [-0.7685630284552804, 0.8044046022963691, -1.7227057242495534], [-0.7382176809773742, 1.0859288068816533, 1.57890771531754], [3.550719223001586, -0.9965647964838984, 1.6710418835952399], [3.572358606764765, -1.08544665094478, -1.6052050867476824], [6.125017220671868, 2.4353948351974988, 0.1771639075308058], [3.478651391813692, 3.6346517312563362, 1.6932330806356548], [4.4121904373358145, 6.131349540956807, -2.015381832669995], [1.4687825054537065, 4.723995217368664, -2.3194585310026348], [3.2397559764273405, 1.5172052089443826, -5.258783296994384], [3.609705689902576, 4.602500418842617, -6.315690107748322], [7.7430709096126655, 1.4080769105643578, -3.8942256384391474], [8.095421955574368, 4.568926818815864, -4.765546439164883], [7.157728374819989, 3.4231729551484413, -9.262682531482767], [6.791254820630529, 0.2473342084440171, -8.347538047653877], [15.082004300652454, 0.6322166937742462, -6.398401303162342], [14.552531232279762, -1.2533400838973816, -9.089604008340814], [14.287475051502568, -2.6006523567202047, -6.035598107536068]], "name": "C9H18O2", "identifiers": {"molecule_hash": "d25fbf6cb7b6549bbc4ee64796f8cddab941090c", "molecular_formula": "C9H18O2"}, "molecular_charge": 0.0, "molecular_multiplicity": 1, "connectivity": [[0, 1, 1.0], [0, 11, 1.0], [0, 12, 1.0], [0, 13, 1.0], [1, 2, 1.0], [1, 14, 1.0], [1, 15, 1.0], [2, 3, 1.0], [2, 16, 1.0], [2, 17, 1.0], [3, 4, 1.0], [3, 18, 1.0], [3, 19, 1.0], [4, 5, 1.0], [4, 20, 1.0], [4, 21, 1.0], [5, 6, 1.0], [5, 22, 1.0], [5, 23, 1.0], [6, 7, 1.0], [6, 24, 1.0], [6, 25, 1.0], [7, 8, 2.0], [7, 9, 1.0], [9, 10, 1.0], [10, 26, 1.0], [10, 27, 1.0], [10, 28, 1.0]], "fix_com": true, "fix_orientation": true, "provenance": {"creator": "QCElemental", "version": "v0.22.0", "routine": "qcelemental.molparse.from_schema"}, "id": "208158"}, "charge": 0, "optimize_geometry": false, "conformers": [], "conformer_generation_options": {"n_conformer_pool": 4000, "n_max_conformers": 0, "rms_tolerance": 0.05, "energy_window": 15, "keep_original_conformer": true}, "stage_1_unrestrained_charges": null, "stage_1_restrained_charges": null, "stage_2_unrestrained_charges": null, "stage_2_restrained_charges": null, "keep_original_orientation": false, "reorientations": [], "translations": [], "rotations": []}}, {"index": 2, "molecule": {"qcmol": {"schema_name": "qcschema_molecule", "schema_version": 2, "validated": true, "symbols": ["C", "C", "C", "C", "C", "C", "C", "C", "O", "O", "C", "H", "H", "H", "H", "H", "H", "H", "H", "H", "H", "H", "H", "H", "H", "H", "H", "H", "H"], "geometry": [[0.0, 0.0, 0.0], [2.8907020712338816, -3.140182584849632e-16, 3.8274103168283594e-19], [4.089077043056438, 2.6399153166904297, 2.220446049250313e-16], [3.4813346745437435, 4.31834216937329, -2.2881572255547615], [4.241795393742704, 3.27135396646863, -4.882471933794723], [7.082721061664527, 2.835305216530407, -5.2070218352951745], [7.747233780541467, 2.0082879015523964, -7.908747405309173], [10.549366436938048, 1.622272454890048, -8.254382857268524], [11.896180774193608, 2.9530593462578714, -9.464326005377712], [11.37462437785209, -0.3937341070037568, -7.009534226304537], [13.993729465593384, -0.9214662414298518, -7.1540245516347785], [-0.7282988093878323, -1.910941200492429, 0.1635197170795789], [-0.7685630284552804, 0.8044046022963691, -1.7227057242495534], [-0.7382176809773742, 1.0859288068816533, 1.57890771531754], [3.550719223001586, -0.9965647964838984, 1.6710418835952399], [3.572358606764765, -1.08544665094478, -1.6052050867476824], [6.125017220671868, 2.4353948351974988, 0.1771639075308058], [3.478651391813692, 3.6346517312563362, 1.6932330806356548], [4.4121904373358145, 6.131349540956807, -2.015381832669995], [1.4687825054537065, 4.723995217368664, -2.3194585310026348], [3.2397559764273405, 1.5172052089443826, -5.258783296994384], [3.609705689902576, 4.602500418842617, -6.315690107748322], [7.7430709096126655, 1.4080769105643578, -3.8942256384391474], [8.095421955574368, 4.568926818815864, -4.765546439164883], [7.157728374819989, 3.4231729551484413, -9.262682531482767], [6.791254820630529, 0.2473342084440171, -8.347538047653877], [15.082004300652454, 0.6322166937742462, -6.398401303162342], [14.552531232279762, -1.2533400838973816, -9.089604008340814], [14.287475051502568, -2.6006523567202047, -6.035598107536068]], "name": "C9H18O2", "identifiers": {"molecule_hash": "d25fbf6cb7b6549bbc4ee64796f8cddab941090c", "molecular_formula": "C9H18O2"}, "molecular_charge": 0.0, "molecular_multiplicity": 1, "connectivity": [[0, 1, 1.0], [0, 11, 1.0], [0, 12, 1.0], [0, 13, 1.0], [1, 2, 1.0], [1, 14, 1.0], [1, 15, 1.0], [2, 3, 1.0], [2, 16, 1.0], [2, 17, 1.0], [3, 4, 1.0], [3, 18, 1.0], [3, 19, 1.0], [4, 5, 1.0], [4, 20, 1.0], [4, 21, 1.0], [5, 6, 1.0], [5, 22, 1.0], [5, 23, 1.0], [6, 7, 1.0], [6, 24, 1.0], [6, 25, 1.0], [7, 8, 2.0], [7, 9, 1.0], [9, 10, 1.0], [10, 26, 1.0], [10, 27, 1.0], [10, 28, 1.0]], "fix_com": true, "fix_orientation": true, "provenance": {"creator": "QCElemental", "version": "v0.22.0", "routine": "qcelemental.molparse.from_schema"}, "id": "208158"}, "charge": 0, "optimize_geometry": false, "conformers": [], "conformer_generation_options": {"n_conformer_pool": 4000, "n_max_conformers": 0, "rms_tolerance": 0.05, "energy_window": 15, "keep_original_conformer": true}, "stage_1_unrestrained_charges": null, "stage_1_restrained_charges": null, "stage_2_unrestrained_charges": null, "stage_2_restrained_charges": null, "keep_original_orientation": false, "reorientations": [], "translations": [], "rotations": []}}, {"index": 3, "molecule": {"qcmol": {"schema_name": "qcschema_molecule", "schema_version": 2, "validated": true, "symbols": ["C", "C", "C", "C", "C", "C", "C", "C", "O", "O", "C", "H", "H", "H", "H", "H", "H", "H", "H", "H", "H", "H", "H", "H", "H", "H", "H", "H", "H"], "geometry": [[0.0, 0.0, 0.0], [2.8907020712338816, -3.140182584849632e-16, 3.8274103168283594e-19], [4.089077043056438, 2.6399153166904297, 2.220446049250313e-16], [3.4813346745437435, 4.31834216937329, -2.2881572255547615], [4.241795393742704, 3.27135396646863, -4.882471933794723], [7.082721061664527, 2.835305216530407, -5.2070218352951745], [7.747233780541467, 2.0082879015523964, -7.908747405309173], [10.549366436938048, 1.622272454890048, -8.254382857268524], [11.896180774193608, 2.9530593462578714, -9.464326005377712], [11.37462437785209, -0.3937341070037568, -7.009534226304537], [13.993729465593384, -0.9214662414298518, -7.1540245516347785], [-0.7282988093878323, -1.910941200492429, 0.1635197170795789], [-0.7685630284552804, 0.8044046022963691, -1.7227057242495534], [-0.7382176809773742, 1.0859288068816533, 1.57890771531754], [3.550719223001586, -0.9965647964838984, 1.6710418835952399], [3.572358606764765, -1.08544665094478, -1.6052050867476824], [6.125017220671868, 2.4353948351974988, 0.1771639075308058], [3.478651391813692, 3.6346517312563362, 1.6932330806356548], [4.4121904373358145, 6.131349540956807, -2.015381832669995], [1.4687825054537065, 4.723995217368664, -2.3194585310026348], [3.2397559764273405, 1.5172052089443826, -5.258783296994384], [3.609705689902576, 4.602500418842617, -6.315690107748322], [7.7430709096126655, 1.4080769105643578, -3.8942256384391474], [8.095421955574368, 4.568926818815864, -4.765546439164883], [7.157728374819989, 3.4231729551484413, -9.262682531482767], [6.791254820630529, 0.2473342084440171, -8.347538047653877], [15.082004300652454, 0.6322166937742462, -6.398401303162342], [14.552531232279762, -1.2533400838973816, -9.089604008340814], [14.287475051502568, -2.6006523567202047, -6.035598107536068]], "name": "C9H18O2", "identifiers": {"molecule_hash": "d25fbf6cb7b6549bbc4ee64796f8cddab941090c", "molecular_formula": "C9H18O2"}, "molecular_charge": 0.0, "molecular_multiplicity": 1, "connectivity": [[0, 1, 1.0], [0, 11, 1.0], [0, 12, 1.0], [0, 13, 1.0], [1, 2, 1.0], [1, 14, 1.0], [1, 15, 1.0], [2, 3, 1.0], [2, 16, 1.0], [2, 17, 1.0], [3, 4, 1.0], [3, 18, 1.0], [3, 19, 1.0], [4, 5, 1.0], [4, 20, 1.0], [4, 21, 1.0], [5, 6, 1.0], [5, 22, 1.0], [5, 23, 1.0], [6, 7, 1.0], [6, 24, 1.0], [6, 25, 1.0], [7, 8, 2.0], [7, 9, 1.0], [9, 10, 1.0], [10, 26, 1.0], [10, 27, 1.0], [10, 28, 1.0]], "fix_com": true, "fix_orientation": true, "provenance": {"creator": "QCElemental", "version": "v0.22.0", "routine": "qcelemental.molparse.from_schema"}, "id": "208158"}, "charge": 0, "optimize_geometry": false, "conformers": [], "conformer_generation_options": {"n_conformer_pool": 4000, "n_max_conformers": 0, "rms_tolerance": 0.05, "energy_window": 15, "keep_original_conformer": true}, "stage_1_unrestrained_charges": null, "stage_1_restrained_charges": null, "stage_2_unrestrained_charges": null, "stage_2_restrained_charges": null, "keep_original_orientation": false, "reorientations": [], "translations": [], "rotations": []}}, {"index": 4, "molecule": {"qcmol": {"schema_name": "qcschema_molecule", "schema_version": 2, "validated": true, "symbols": ["C", "C", "C", "C", "C", "C", "C", "C", "O", "O", "C", "H", "H", "H", "H", "H", "H", "H", "H", "H", "H", "H", "H", "H", "H", "H", "H", "H", "H"], "geometry": [[0.0, 0.0, 0.0], [2.8907020712338816, -3.140182584849632e-16, 3.8274103168283594e-19], [4.089077043056438, 2.6399153166904297, 2.220446049250313e-16], [3.4813346745437435, 4.31834216937329, -2.2881572255547615], [4.241795393742704, 3.27135396646863, -4.882471933794723], [7.082721061664527, 2.835305216530407, -5.2070218352951745], [7.747233780541467, 2.0082879015523964, -7.908747405309173], [10.549366436938048, 1.622272454890048, -8.254382857268524], [11.896180774193608, 2.9530593462578714, -9.464326005377712], [11.37462437785209, -0.3937341070037568, -7.009534226304537], [13.993729465593384, -0.9214662414298518, -7.1540245516347785], [-0.7282988093878323, -1.910941200492429, 0.1635197170795789], [-0.7685630284552804, 0.8044046022963691, -1.7227057242495534], [-0.7382176809773742, 1.0859288068816533, 1.57890771531754], [3.550719223001586, -0.9965647964838984, 1.6710418835952399], [3.572358606764765, -1.08544665094478, -1.6052050867476824], [6.125017220671868, 2.4353948351974988, 0.1771639075308058], [3.478651391813692, 3.6346517312563362, 1.6932330806356548], [4.4121904373358145, 6.131349540956807, -2.015381832669995], [1.4687825054537065, 4.723995217368664, -2.3194585310026348], [3.2397559764273405, 1.5172052089443826, -5.258783296994384], [3.609705689902576, 4.602500418842617, -6.315690107748322], [7.7430709096126655, 1.4080769105643578, -3.8942256384391474], [8.095421955574368, 4.568926818815864, -4.765546439164883], [7.157728374819989, 3.4231729551484413, -9.262682531482767], [6.791254820630529, 0.2473342084440171, -8.347538047653877], [15.082004300652454, 0.6322166937742462, -6.398401303162342], [14.552531232279762, -1.2533400838973816, -9.089604008340814], [14.287475051502568, -2.6006523567202047, -6.035598107536068]], "name": "C9H18O2", "identifiers": {"molecule_hash": "d25fbf6cb7b6549bbc4ee64796f8cddab941090c", "molecular_formula": "C9H18O2"}, "molecular_charge": 0.0, "molecular_multiplicity": 1, "connectivity": [[0, 1, 1.0], [0, 11, 1.0], [0, 12, 1.0], [0, 13, 1.0], [1, 2, 1.0], [1, 14, 1.0], [1, 15, 1.0], [2, 3, 1.0], [2, 16, 1.0], [2, 17, 1.0], [3, 4, 1.0], [3, 18, 1.0], [3, 19, 1.0], [4, 5, 1.0], [4, 20, 1.0], [4, 21, 1.0], [5, 6, 1.0], [5, 22, 1.0], [5, 23, 1.0], [6, 7, 1.0], [6, 24, 1.0], [6, 25, 1.0], [7, 8, 2.0], [7, 9, 1.0], [9, 10, 1.0], [10, 26, 1.0], [10, 27, 1.0], [10, 28, 1.0]], "fix_com": true, "fix_orientation": true, "provenance": {"creator": "QCElemental", "version": "v0.22.0", "routine": "qcelemental.molparse.from_schema"}, "id": "208158"}, "charge": 0, "optimize_geometry": false, "conformers": [], "conformer_generation_options": {"n_conformer_pool": 4000, "n_max_conformers": 0, "rms_tolerance": 0.05, "energy_window": 15, "keep_original_conformer": true}, "stage_1_unrestrained_charges": null, "stage_1_restrained_charges": null, "stage_2_unrestrained_charges": null, "stage_2_restrained_charges": null, "keep_original_orientation": false, "reorientations": [], "translations": [], "rotations": []}}, {"index": 5, "molecule": {"qcmol": {"schema_name": "qcschema_molecule", "schema_version": 2, "validated": true, "symbols": ["C", "C", "C", "C", "C", "C", "C", "C", "O", "O", "C", "H", "H", "H", "H", "H", "H", "H", "H", "H", "H", "H", "H", "H", "H", "H", "H", "H", "H"], "geometry": [[0.0, 0.0, 0.0], [2.8907020712338816, -3.140182584849632e-16, 3.8274103168283594e-19], [4.089077043056438, 2.6399153166904297, 2.220446049250313e-16], [3.4813346745437435, 4.31834216937329, -2.2881572255547615], [4.241795393742704, 3.27135396646863, -4.882471933794723], [7.082721061664527, 2.835305216530407, -5.2070218352951745], [7.747233780541467, 2.0082879015523964, -7.908747405309173], [10.549366436938048, 1.622272454890048, -8.254382857268524], [11.896180774193608, 2.9530593462578714, -9.464326005377712], [11.37462437785209, -0.3937341070037568, -7.009534226304537], [13.993729465593384, -0.9214662414298518, -7.1540245516347785], [-0.7282988093878323, -1.910941200492429, 0.1635197170795789], [-0.7685630284552804, 0.8044046022963691, -1.7227057242495534], [-0.7382176809773742, 1.0859288068816533, 1.57890771531754], [3.550719223001586, -0.9965647964838984, 1.6710418835952399], [3.572358606764765, -1.08544665094478, -1.6052050867476824], [6.125017220671868, 2.4353948351974988, 0.1771639075308058], [3.478651391813692, 3.6346517312563362, 1.6932330806356548], [4.4121904373358145, 6.131349540956807, -2.015381832669995], [1.4687825054537065, 4.723995217368664, -2.3194585310026348], [3.2397559764273405, 1.5172052089443826, -5.258783296994384], [3.609705689902576, 4.602500418842617, -6.315690107748322], [7.7430709096126655, 1.4080769105643578, -3.8942256384391474], [8.095421955574368, 4.568926818815864, -4.765546439164883], [7.157728374819989, 3.4231729551484413, -9.262682531482767], [6.791254820630529, 0.2473342084440171, -8.347538047653877], [15.082004300652454, 0.6322166937742462, -6.398401303162342], [14.552531232279762, -1.2533400838973816, -9.089604008340814], [14.287475051502568, -2.6006523567202047, -6.035598107536068]], "name": "C9H18O2", "identifiers": {"molecule_hash": "d25fbf6cb7b6549bbc4ee64796f8cddab941090c", "molecular_formula": "C9H18O2"}, "molecular_charge": 0.0, "molecular_multiplicity": 1, "connectivity": [[0, 1, 1.0], [0, 11, 1.0], [0, 12, 1.0], [0, 13, 1.0], [1, 2, 1.0], [1, 14, 1.0], [1, 15, 1.0], [2, 3, 1.0], [2, 16, 1.0], [2, 17, 1.0], [3, 4, 1.0], [3, 18, 1.0], [3, 19, 1.0], [4, 5, 1.0], [4, 20, 1.0], [4, 21, 1.0], [5, 6, 1.0], [5, 22, 1.0], [5, 23, 1.0], [6, 7, 1.0], [6, 24, 1.0], [6, 25, 1.0], [7, 8, 2.0], [7, 9, 1.0], [9, 10, 1.0], [10, 26, 1.0], [10, 27, 1.0], [10, 28, 1.0]], "fix_com": true, "fix_orientation": true, "provenance": {"creator": "QCElemental", "version": "v0.22.0", "routine": "qcelemental.molparse.from_schema"}, "id": "208158"}, "charge": 0, "optimize_geometry": false, "conformers": [], "conformer_generation_options": {"n_conformer_pool": 4000, "n_max_conformers": 0, "rms_tolerance": 0.05, "energy_window": 15, "keep_original_conformer": true}, "stage_1_unrestrained_charges": null, "stage_1_restrained_charges": null, "stage_2_unrestrained_charges": null, "stage_2_restrained_charges": null, "keep_original_orientation": false, "reorientations": [], "translations": [], "rotations": []}}, {"index": 6, "molecule": {"qcmol": {"schema_name": "qcschema_molecule", "schema_version": 2, "validated": true, "symbols": ["C", "C", "C", "C", "C", "C", "C", "C", "O", "O", "C", "H", "H", "H", "H", "H", "H", "H", "H", "H", "H", "H", "H", "H", "H", "H", "H", "H", "H"], "geometry": [[0.0, 0.0, 0.0], [2.8907020712338816, -3.140182584849632e-16, 3.8274103168283594e-19], [4.089077043056438, 2.6399153166904297, 2.220446049250313e-16], [3.4813346745437435, 4.31834216937329, -2.2881572255547615], [4.241795393742704, 3.27135396646863, -4.882471933794723], [7.082721061664527, 2.835305216530407, -5.2070218352951745], [7.747233780541467, 2.0082879015523964, -7.908747405309173], [10.549366436938048, 1.622272454890048, -8.254382857268524], [11.896180774193608, 2.9530593462578714, -9.464326005377712], [11.37462437785209, -0.3937341070037568, -7.009534226304537], [13.993729465593384, -0.9214662414298518, -7.1540245516347785], [-0.7282988093878323, -1.910941200492429, 0.1635197170795789], [-0.7685630284552804, 0.8044046022963691, -1.7227057242495534], [-0.7382176809773742, 1.0859288068816533, 1.57890771531754], [3.550719223001586, -0.9965647964838984, 1.6710418835952399], [3.572358606764765, -1.08544665094478, -1.6052050867476824], [6.125017220671868, 2.4353948351974988, 0.1771639075308058], [3.478651391813692, 3.6346517312563362, 1.6932330806356548], [4.4121904373358145, 6.131349540956807, -2.015381832669995], [1.4687825054537065, 4.723995217368664, -2.3194585310026348], [3.2397559764273405, 1.5172052089443826, -5.258783296994384], [3.609705689902576, 4.602500418842617, -6.315690107748322], [7.7430709096126655, 1.4080769105643578, -3.8942256384391474], [8.095421955574368, 4.568926818815864, -4.765546439164883], [7.157728374819989, 3.4231729551484413, -9.262682531482767], [6.791254820630529, 0.2473342084440171, -8.347538047653877], [15.082004300652454, 0.6322166937742462, -6.398401303162342], [14.552531232279762, -1.2533400838973816, -9.089604008340814], [14.287475051502568, -2.6006523567202047, -6.035598107536068]], "name": "C9H18O2", "identifiers": {"molecule_hash": "d25fbf6cb7b6549bbc4ee64796f8cddab941090c", "molecular_formula": "C9H18O2"}, "molecular_charge": 0.0, "molecular_multiplicity": 1, "connectivity": [[0, 1, 1.0], [0, 11, 1.0], [0, 12, 1.0], [0, 13, 1.0], [1, 2, 1.0], [1, 14, 1.0], [1, 15, 1.0], [2, 3, 1.0], [2, 16, 1.0], [2, 17, 1.0], [3, 4, 1.0], [3, 18, 1.0], [3, 19, 1.0], [4, 5, 1.0], [4, 20, 1.0], [4, 21, 1.0], [5, 6, 1.0], [5, 22, 1.0], [5, 23, 1.0], [6, 7, 1.0], [6, 24, 1.0], [6, 25, 1.0], [7, 8, 2.0], [7, 9, 1.0], [9, 10, 1.0], [10, 26, 1.0], [10, 27, 1.0], [10, 28, 1.0]], "fix_com": true, "fix_orientation": true, "provenance": {"creator": "QCElemental", "version": "v0.22.0", "routine": "qcelemental.molparse.from_schema"}, "id": "208158"}, "charge": 0, "optimize_geometry": false, "conformers": [], "conformer_generation_options": {"n_conformer_pool": 4000, "n_max_conformers": 0, "rms_tolerance": 0.05, "energy_window": 15, "keep_original_conformer": true}, "stage_1_unrestrained_charges": null, "stage_1_restrained_charges": null, "stage_2_unrestrained_charges": null, "stage_2_restrained_charges": null, "keep_original_orientation": false, "reorientations": [], "translations": [], "rotations": []}}, {"index": 10, "molecule": {"qcmol": {"schema_name": "qcschema_molecule", "schema_version": 2, "validated": true, "symbols": ["C", "C", "C", "C", "C", "C", "C", "C", "O", "O", "C", "H", "H", "H", "H", "H", "H", "H", "H", "H", "H", "H", "H", "H", "H", "H", "H", "H", "H"], "geometry": [[0.0, 0.0, 0.0], [2.8907020712338816, -3.140182584849632e-16, 3.8274103168283594e-19], [4.089077043056438, 2.6399153166904297, 2.220446049250313e-16], [3.4813346745437435, 4.31834216937329, -2.2881572255547615], [4.241795393742704, 3.27135396646863, -4.882471933794723], [7.082721061664527, 2.835305216530407, -5.2070218352951745], [7.747233780541467, 2.0082879015523964, -7.908747405309173], [10.549366436938048, 1.622272454890048, -8.254382857268524], [11.896180774193608, 2.9530593462578714, -9.464326005377712], [11.37462437785209, -0.3937341070037568, -7.009534226304537], [13.993729465593384, -0.9214662414298518, -7.1540245516347785], [-0.7282988093878323, -1.910941200492429, 0.1635197170795789], [-0.7685630284552804, 0.8044046022963691, -1.7227057242495534], [-0.7382176809773742, 1.0859288068816533, 1.57890771531754], [3.550719223001586, -0.9965647964838984, 1.6710418835952399], [3.572358606764765, -1.08544665094478, -1.6052050867476824], [6.125017220671868, 2.4353948351974988, 0.1771639075308058], [3.478651391813692, 3.6346517312563362, 1.6932330806356548], [4.4121904373358145, 6.131349540956807, -2.015381832669995], [1.4687825054537065, 4.723995217368664, -2.3194585310026348], [3.2397559764273405, 1.5172052089443826, -5.258783296994384], [3.609705689902576, 4.602500418842617, -6.315690107748322], [7.7430709096126655, 1.4080769105643578, -3.8942256384391474], [8.095421955574368, 4.568926818815864, -4.765546439164883], [7.157728374819989, 3.4231729551484413, -9.262682531482767], [6.791254820630529, 0.2473342084440171, -8.347538047653877], [15.082004300652454, 0.6322166937742462, -6.398401303162342], [14.552531232279762, -1.2533400838973816, -9.089604008340814], [14.287475051502568, -2.6006523567202047, -6.035598107536068]], "name": "C9H18O2", "identifiers": {"molecule_hash": "d25fbf6cb7b6549bbc4ee64796f8cddab941090c", "molecular_formula": "C9H18O2"}, "molecular_charge": 0.0, "molecular_multiplicity": 1, "connectivity": [[0, 1, 1.0], [0, 11, 1.0], [0, 12, 1.0], [0, 13, 1.0], [1, 2, 1.0], [1, 14, 1.0], [1, 15, 1.0], [2, 3, 1.0], [2, 16, 1.0], [2, 17, 1.0], [3, 4, 1.0], [3, 18, 1.0], [3, 19, 1.0], [4, 5, 1.0], [4, 20, 1.0], [4, 21, 1.0], [5, 6, 1.0], [5, 22, 1.0], [5, 23, 1.0], [6, 7, 1.0], [6, 24, 1.0], [6, 25, 1.0], [7, 8, 2.0], [7, 9, 1.0], [9, 10, 1.0], [10, 26, 1.0], [10, 27, 1.0], [10, 28, 1.0]], "fix_com": true, "fix_orientation": true, "provenance": {"creator": "QCElemental", "version": "v0.22.0", "routine": "qcelemental.molparse.from_schema"}, "id": "208158"}, "charge": 0, "optimize_geometry": false, "conformers": [], "conformer_generation_options": {"n_conformer_pool": 4000, "n_max_conformers": 0, "rms_tolerance": 0.05, "energy_window": 15, "keep_original_conformer": true}, "stage_1_unrestrained_charges": null, "stage_1_restrained_charges": null, "stage_2_unrestrained_charges": null, "stage_2_restrained_charges": null, "keep_original_orientation": false, "reorientations": [], "translations": [], "rotations": []}}]}, "surface_constraints": {"matrix": [[1389467751469502.2, 1347983604100385.5, 1303922514216747.2, 1263754380019451.8, 1211195552954460.8, 1166375717873301.0, 1137891028982647.0, 1106052531673426.9, 1096293499599564.9, 1075760680462935.5, 1013095604014556.1, 1399492587449585.0, 1397675759329873.0, 1395954088945000.2, 1339974681120461.2, 1346368781726483.2, 1300751252570579.2, 1295308956546704.5, 1253799764850481.2, 1275854717036535.8, 1210607148767921.8, 1199525159790762.0, 1158181817166108.2, 1155729067036359.8, 1136213120945723.2, 1132608787880723.5, 997765421820448.8, 991792603767424.2, 999613014108879.2], [1347983604100385.5, 1375501772219325.8, 1346757016004003.2, 1301897535790133.0, 1255672170396832.5, 1208871809996568.5, 1170507933630298.0, 1134405365789992.0, 1126187675404661.8, 1098287556613236.0, 1030818234610801.2, 1339804575548679.0, 1338503368135062.0, 1336644131156271.8, 1389283577248021.8, 1393274807357585.8, 1350338909023961.5, 1346135297064001.0, 1295578197628523.5, 1301376396816108.2, 1259777814823003.2, 1245070769707074.8, 1200880881447505.0, 1204208506982977.8, 1167096351147550.0, 1162712924007723.0, 1014082545471290.4, 1008369833741589.1, 1016109969826080.9], [1303922514216747.2, 1346757016004003.2, 1381906985386118.0, 1351539942636652.8, 1310675645595272.2, 1255449344264197.0, 1216780155179026.0, 1180954560446432.5, 1171156287002268.5, 1143561685134681.8, 1072777665715878.6, 1297918966915717.5, 1288000179163658.2, 1287236986925473.0, 1343716211247396.8, 1344180020718257.8, 1404784172365507.0, 1400220491502684.8, 1352075042596657.5, 1349677374776806.0, 1318070444436746.2, 1307110100268976.8, 1241903045229950.0, 1249901717606961.2, 1219389858029905.8, 1201898565790145.2, 1057567178346027.9, 1048466842700813.0, 1055486717241778.2], [1263754380019451.8, 1301897535790133.0, 1351539942636652.8, 1383194073537682.0, 1355205178190971.5, 1310210025130366.2, 1267251845619110.8, 1220396671104550.5, 1209420505793200.0, 1176035339807043.2, 1098322175951015.4, 1270017739290830.2, 1246593791471975.5, 1240013766333030.2, 1271830473127602.0, 1312975723413958.0, 1355139340019820.0, 1351849766836080.2, 1402916542454461.0, 1400310252257772.2, 1357260812851292.0, 1357288404227313.5, 1296381110879018.5, 1315214281728493.0, 1272918231074070.8, 1254238508602095.5, 1080458850387172.1, 1072303802772105.5, 1080247694716724.8], [1211195552954460.8, 1255672170396832.5, 1310675645595272.2, 1355205178190971.5, 1387897479391688.2, 1355491673506181.5, 1314778625882377.0, 1279840243247162.5, 1275808447429083.8, 1234969589603638.2, 1158495873333858.0, 1215040675685730.0, 1194669081300147.5, 1184797782182855.5, 1222456201856985.5, 1272561557985153.0, 1321814634675776.5, 1299278814669151.8, 1356340883707883.5, 1353301993528690.0, 1409189492159194.0, 1408979243515991.8, 1353624443826669.5, 1355650252827982.8, 1315998399970576.2, 1297505242141068.2, 1141443793797182.5, 1130539956303419.2, 1141480379013987.2], [1166375717873301.0, 1208871809996568.5, 1255449344264197.0, 1310210025130366.2, 1355491673506181.5, 1385239355829444.2, 1357989316053036.5, 1316006268048245.0, 1303257708704443.0, 1276743795076520.5, 1192872292768935.5, 1172642966156184.5, 1150043134435475.5, 1139165392839752.5, 1171720209887761.8, 1235149905654252.0, 1261794063871789.5, 1235193057846437.8, 1305119159890465.8, 1314468282911465.5, 1357768524749351.2, 1357299995640169.8, 1401646035015518.5, 1405370105224550.0, 1356208003319183.0, 1358779873926683.8, 1174275404126836.8, 1164920683344601.5, 1172028491777883.0], [1137891028982647.0, 1170507933630298.0, 1216780155179026.0, 1267251845619110.8, 1314778625882377.0, 1357989316053036.5, 1393215988983771.0, 1362728264420454.2, 1341688946459146.2, 1338241039206834.0, 1253190036769074.0, 1147920005153829.5, 1124018623651536.9, 1112405190243024.8, 1129837426920606.2, 1192757747135118.8, 1223643789680663.8, 1199739610296751.2, 1254430731492132.0, 1274719415361728.2, 1315722333536236.2, 1310389611703930.5, 1356132225502419.5, 1359513616002166.0, 1412214361207547.0, 1413666471957631.8, 1229340166895348.8, 1230860912986069.8, 1230712642579283.0], [1106052531673426.9, 1134405365789992.0, 1180954560446432.5, 1220396671104550.5, 1279840243247162.5, 1316006268048245.0, 1362728264420454.2, 1389583133859851.5, 1396126132893469.0, 1376556662864919.2, 1326933814502776.2, 1115840310936088.4, 1091169566542985.5, 1085823829066589.6, 1096551924212522.0, 1151405285576403.0, 1194526935786827.5, 1165593398334919.8, 1201797557353945.5, 1215850983412503.0, 1294099712258819.0, 1278096511094438.2, 1317025581963477.0, 1301056591924504.0, 1364921125803233.5, 1365866874627608.2, 1310334552352958.5, 1314444861269339.0, 1311550118462046.2], [1096293499599564.9, 1126187675404661.8, 1171156287002268.5, 1209420505793200.0, 1275808447429083.8, 1303257708704443.0, 1341688946459146.2, 1396126132893469.0, 1450963587205204.8, 1354360728250713.0, 1327333325558967.2, 1105366508092577.4, 1077490388690985.4, 1079656345901872.8, 1090592438620524.4, 1143331173758299.8, 1184112548430658.5, 1155465386729949.5, 1193529897747028.0, 1196424009081980.2, 1299765128567312.0, 1277074009117934.0, 1302720580281317.5, 1288484680471906.2, 1332745477454853.8, 1328574840156341.2, 1313335334271465.2, 1325827506340609.8, 1314521518037041.2], [1075760680462935.5, 1098287556613236.0, 1143561685134681.8, 1176035339807043.2, 1234969589603638.2, 1276743795076520.5, 1338241039206834.0, 1376556662864919.2, 1354360728250713.0, 1413632607533668.0, 1373839299644458.5, 1086304568524783.9, 1065284816383285.5, 1055166081467317.0, 1061146396838635.4, 1111986088740690.2, 1161040350441915.0, 1129423678776302.8, 1151209821283836.5, 1172818193152549.8, 1246492175074639.0, 1230926864630783.2, 1283802279605704.5, 1250178052532573.8, 1340861819391791.2, 1345921663910142.2, 1362893029401757.5, 1357050890920865.2, 1364051350692516.8], [1013095604014556.1, 1030818234610801.2, 1072777665715878.6, 1098322175951015.4, 1158495873333858.0, 1192872292768935.5, 1253190036769074.0, 1326933814502776.2, 1327333325558967.2, 1373839299644458.5, 1394040158441369.5, 1023281745270724.9, 1002071835512692.1, 997653709768054.4, 997675828482319.2, 1040413273926937.6, 1091800591196081.2, 1060167521027919.1, 1073326919120219.8, 1089298888210146.0, 1175117132239494.8, 1157008448860950.0, 1199022963764124.2, 1161871282462729.0, 1244390386125080.5, 1248116625705251.5, 1398209775465578.2, 1393621459234166.0, 1398881628417242.8], [1399492587449585.0, 1339804575548679.0, 1297918966915717.5, 1270017739290830.2, 1215040675685730.0, 1172642966156184.5, 1147920005153829.5, 1115840310936088.4, 1105366508092577.4, 1086304568524783.9, 1023281745270724.9, 1460718310931543.5, 1389598130856435.0, 1388386638852991.0, 1314697136693563.5, 1339485122154753.5, 1293567954034356.0, 1281312918662546.5, 1266351562057464.8, 1287074396653325.2, 1215340870582995.2, 1198660688713425.0, 1165094940139466.8, 1159570358935934.5, 1145667440655859.2, 1146244358605512.8, 1006148595565363.0, 1001312294180589.6, 1011959287201832.1], [1397675759329873.0, 1338503368135062.0, 1288000179163658.2, 1246593791471975.5, 1194669081300147.5, 1150043134435475.5, 1124018623651536.9, 1091169566542985.5, 1077490388690985.4, 1065284816383285.5, 1002071835512692.1, 1389598130856435.0, 1458509030157592.2, 1384749251401596.5, 1325647134645935.2, 1333374605966121.2, 1282542913382640.5, 1278287603206261.2, 1229917740395131.8, 1264063208724033.2, 1194068361905675.2, 1183265808507015.0, 1142064062159809.2, 1138123642357709.5, 1125280948296186.2, 1118411662431289.6, 990477764501928.4, 979146877924467.6, 986259364706681.0], [1395954088945000.2, 1336644131156271.8, 1287236986925473.0, 1240013766333030.2, 1184797782182855.5, 1139165392839752.5, 1112405190243024.8, 1085823829066589.6, 1079656345901872.8, 1055166081467317.0, 997653709768054.4, 1388386638852991.0, 1384749251401596.5, 1454723467044489.8, 1332877809711427.2, 1321446160861167.0, 1282851743308318.0, 1282121634743413.2, 1227849072946545.2, 1251449486008296.2, 1179586245743599.2, 1176787691162358.0, 1129922502534397.2, 1127631919722262.2, 1109471059883687.8, 1105879393274031.0, 981419170830698.2, 979675723921194.8, 985542381512917.2], [1339974681120461.2, 1389283577248021.8, 1343716211247396.8, 1271830473127602.0, 1222456201856985.5, 1171720209887761.8, 1129837426920606.2, 1096551924212522.0, 1090592438620524.4, 1061146396838635.4, 997675828482319.2, 1314697136693563.5, 1325647134645935.2, 1332877809711427.2, 1452256897215725.2, 1389205230166715.2, 1350798206895463.2, 1349106002558302.2, 1260702035089341.0, 1260375742292991.0, 1225595159696422.8, 1213670065759108.0, 1163795380460043.2, 1167335481013704.5, 1123394919161231.0, 1120821113249367.1, 982849890858986.6, 976287694518099.0, 983063642263588.8], [1346368781726483.2, 1393274807357585.8, 1344180020718257.8, 1312975723413958.0, 1272561557985153.0, 1235149905654252.0, 1192757747135118.8, 1151405285576403.0, 1143331173758299.8, 1111986088740690.2, 1040413273926937.6, 1339485122154753.5, 1333374605966121.2, 1321446160861167.0, 1389205230166715.2, 1461841452055918.0, 1334249941633279.8, 1328581177547859.5, 1309515132024987.2, 1313546993689335.8, 1279422736746179.0, 1256043055958006.0, 1232272417253432.0, 1235280248884439.2, 1185897477251771.2, 1189292254270032.2, 1020137382202974.9, 1017710387058417.5, 1026541426960795.1], [1300751252570579.2, 1350338909023961.5, 1404784172365507.0, 1355139340019820.0, 1321814634675776.5, 1261794063871789.5, 1223643789680663.8, 1194526935786827.5, 1184112548430658.5, 1161040350441915.0, 1091800591196081.2, 1293567954034356.0, 1282542913382640.5, 1282851743308318.0, 1350798206895463.2, 1334249941633279.8, 1478206970830489.5, 1404736798663659.5, 1347375969590352.2, 1338975655150526.2, 1339993473164765.0, 1316378440367859.2, 1246677192344076.0, 1254245588972926.0, 1225140829297981.5, 1204506173617470.8, 1080011767326330.8, 1067177750204749.8, 1072261958400116.2], [1295308956546704.5, 1346135297064001.0, 1400220491502684.8, 1351849766836080.2, 1299278814669151.8, 1235193057846437.8, 1199739610296751.2, 1165593398334919.8, 1155465386729949.5, 1129423678776302.8, 1060167521027919.1, 1281312918662546.5, 1278287603206261.2, 1282121634743413.2, 1349106002558302.2, 1328581177547859.5, 1404736798663659.5, 1467324113742689.0, 1350914416885220.0, 1347157179741087.0, 1302340530032099.5, 1299413954338235.2, 1219276643520695.8, 1222928341557850.2, 1206562912060651.8, 1182207909705694.0, 104