{"resp_b": 0.1, "restrained_fit": true, "exclude_hydrogens": true, "convergence_tolerance": 1e-06, "max_iter": 500, "resp_a": 0.0005, "charge_constraints": {"charge_sum_constraints": [], "charge_equivalence_constraints": [], "molecules": [{"qcmol": {"schema_name": "qcschema_molecule", "schema_version": 2, "validated": true, "symbols": ["C", "C", "C", "C", "C", "C", "C", "C", "O", "O", "C", "H", "H", "H", "H", "H", "H", "H", "H", "H", "H", "H", "H", "H", "H", "H", "H", "H", "H"], "geometry": [[0.0, 0.0, 0.0], [2.8907020712338816, -3.140182584849632e-16, 3.8274103168283594e-19], [4.089077043056438, 2.6399153166904297, 2.220446049250313e-16], [3.4813346745437435, 4.31834216937329, -2.2881572255547615], [4.241795393742704, 3.27135396646863, -4.882471933794723], [7.082721061664527, 2.835305216530407, -5.2070218352951745], [7.747233780541467, 2.0082879015523964, -7.908747405309173], [10.549366436938048, 1.622272454890048, -8.254382857268524], [11.896180774193608, 2.9530593462578714, -9.464326005377712], [11.37462437785209, -0.3937341070037568, -7.009534226304537], [13.993729465593384, -0.9214662414298518, -7.1540245516347785], [-0.7282988093878323, -1.910941200492429, 0.1635197170795789], [-0.7685630284552804, 0.8044046022963691, -1.7227057242495534], [-0.7382176809773742, 1.0859288068816533, 1.57890771531754], [3.550719223001586, -0.9965647964838984, 1.6710418835952399], [3.572358606764765, -1.08544665094478, -1.6052050867476824], [6.125017220671868, 2.4353948351974988, 0.1771639075308058], [3.478651391813692, 3.6346517312563362, 1.6932330806356548], [4.4121904373358145, 6.131349540956807, -2.015381832669995], [1.4687825054537065, 4.723995217368664, -2.3194585310026348], [3.2397559764273405, 1.5172052089443826, -5.258783296994384], [3.609705689902576, 4.602500418842617, -6.315690107748322], [7.7430709096126655, 1.4080769105643578, -3.8942256384391474], [8.095421955574368, 4.568926818815864, -4.765546439164883], [7.157728374819989, 3.4231729551484413, -9.262682531482767], [6.791254820630529, 0.2473342084440171, -8.347538047653877], [15.082004300652454, 0.6322166937742462, -6.398401303162342], [14.552531232279762, -1.2533400838973816, -9.089604008340814], [14.287475051502568, -2.6006523567202047, -6.035598107536068]], "name": "C9H18O2", "identifiers": {"molecule_hash": "d25fbf6cb7b6549bbc4ee64796f8cddab941090c", "molecular_formula": "C9H18O2"}, "molecular_charge": 0.0, "molecular_multiplicity": 1, "connectivity": [[0, 1, 1.0], [0, 11, 1.0], [0, 12, 1.0], [0, 13, 1.0], [1, 2, 1.0], [1, 14, 1.0], [1, 15, 1.0], [2, 3, 1.0], [2, 16, 1.0], [2, 17, 1.0], [3, 4, 1.0], [3, 18, 1.0], [3, 19, 1.0], [4, 5, 1.0], [4, 20, 1.0], [4, 21, 1.0], [5, 6, 1.0], [5, 22, 1.0], [5, 23, 1.0], [6, 7, 1.0], [6, 24, 1.0], [6, 25, 1.0], [7, 8, 2.0], [7, 9, 1.0], [9, 10, 1.0], [10, 26, 1.0], [10, 27, 1.0], [10, 28, 1.0]], "fix_com": true, "fix_orientation": true, "provenance": {"creator": "QCElemental", "version": "v0.22.0", "routine": "qcelemental.molparse.from_schema"}, "id": "208158"}, "charge": 0, "optimize_geometry": false, "conformers": [], "conformer_generation_options": {"n_conformer_pool": 4000, "n_max_conformers": 0, "rms_tolerance": 0.05, "energy_window": 15, "keep_original_conformer": true}, "stage_1_unrestrained_charges": null, "stage_1_restrained_charges": null, "stage_2_unrestrained_charges": null, "stage_2_restrained_charges": null, "keep_original_orientation": false, "reorientations": [], "translations": [], "rotations": []}], "unconstrained_atoms": [{"index": 0, "molecule": {"qcmol": {"schema_name": "qcschema_molecule", "schema_version": 2, "validated": true, "symbols": ["C", "C", "C", "C", "C", "C", "C", "C", "O", "O", "C", "H", "H", "H", "H", "H", "H", "H", "H", "H", "H", "H", "H", "H", "H", "H", "H", "H", "H"], "geometry": [[0.0, 0.0, 0.0], [2.8907020712338816, -3.140182584849632e-16, 3.8274103168283594e-19], [4.089077043056438, 2.6399153166904297, 2.220446049250313e-16], [3.4813346745437435, 4.31834216937329, -2.2881572255547615], [4.241795393742704, 3.27135396646863, -4.882471933794723], [7.082721061664527, 2.835305216530407, -5.2070218352951745], [7.747233780541467, 2.0082879015523964, -7.908747405309173], [10.549366436938048, 1.622272454890048, -8.254382857268524], [11.896180774193608, 2.9530593462578714, -9.464326005377712], [11.37462437785209, -0.3937341070037568, -7.009534226304537], [13.993729465593384, -0.9214662414298518, -7.1540245516347785], [-0.7282988093878323, -1.910941200492429, 0.1635197170795789], [-0.7685630284552804, 0.8044046022963691, -1.7227057242495534], [-0.7382176809773742, 1.0859288068816533, 1.57890771531754], [3.550719223001586, -0.9965647964838984, 1.6710418835952399], [3.572358606764765, -1.08544665094478, -1.6052050867476824], [6.125017220671868, 2.4353948351974988, 0.1771639075308058], [3.478651391813692, 3.6346517312563362, 1.6932330806356548], [4.4121904373358145, 6.131349540956807, -2.015381832669995], [1.4687825054537065, 4.723995217368664, -2.3194585310026348], [3.2397559764273405, 1.5172052089443826, -5.258783296994384], [3.609705689902576, 4.602500418842617, -6.315690107748322], [7.7430709096126655, 1.4080769105643578, -3.8942256384391474], [8.095421955574368, 4.568926818815864, -4.765546439164883], [7.157728374819989, 3.4231729551484413, -9.262682531482767], [6.791254820630529, 0.2473342084440171, -8.347538047653877], [15.082004300652454, 0.6322166937742462, -6.398401303162342], [14.552531232279762, -1.2533400838973816, -9.089604008340814], [14.287475051502568, -2.6006523567202047, -6.035598107536068]], "name": "C9H18O2", "identifiers": {"molecule_hash": "d25fbf6cb7b6549bbc4ee64796f8cddab941090c", "molecular_formula": "C9H18O2"}, "molecular_charge": 0.0, "molecular_multiplicity": 1, "connectivity": [[0, 1, 1.0], [0, 11, 1.0], [0, 12, 1.0], [0, 13, 1.0], [1, 2, 1.0], [1, 14, 1.0], [1, 15, 1.0], [2, 3, 1.0], [2, 16, 1.0], [2, 17, 1.0], [3, 4, 1.0], [3, 18, 1.0], [3, 19, 1.0], [4, 5, 1.0], [4, 20, 1.0], [4, 21, 1.0], [5, 6, 1.0], [5, 22, 1.0], [5, 23, 1.0], [6, 7, 1.0], [6, 24, 1.0], [6, 25, 1.0], [7, 8, 2.0], [7, 9, 1.0], [9, 10, 1.0], [10, 26, 1.0], [10, 27, 1.0], [10, 28, 1.0]], "fix_com": true, "fix_orientation": true, "provenance": {"creator": "QCElemental", "version": "v0.22.0", "routine": "qcelemental.molparse.from_schema"}, "id": "208158"}, "charge": 0, "optimize_geometry": false, "conformers": [], "conformer_generation_options": {"n_conformer_pool": 4000, "n_max_conformers": 0, "rms_tolerance": 0.05, "energy_window": 15, "keep_original_conformer": true}, "stage_1_unrestrained_charges": null, "stage_1_restrained_charges": null, "stage_2_unrestrained_charges": null, "stage_2_restrained_charges": null, "keep_original_orientation": false, "reorientations": [], "translations": [], "rotations": []}}, {"index": 1, "molecule": {"qcmol": {"schema_name": "qcschema_molecule", "schema_version": 2, "validated": true, "symbols": ["C", "C", "C", "C", "C", "C", "C", "C", "O", "O", "C", "H", "H", "H", "H", "H", "H", "H", "H", "H", "H", "H", "H", "H", "H", "H", "H", "H", "H"], "geometry": [[0.0, 0.0, 0.0], [2.8907020712338816, -3.140182584849632e-16, 3.8274103168283594e-19], [4.089077043056438, 2.6399153166904297, 2.220446049250313e-16], [3.4813346745437435, 4.31834216937329, -2.2881572255547615], [4.241795393742704, 3.27135396646863, -4.882471933794723], [7.082721061664527, 2.835305216530407, -5.2070218352951745], [7.747233780541467, 2.0082879015523964, -7.908747405309173], [10.549366436938048, 1.622272454890048, -8.254382857268524], [11.896180774193608, 2.9530593462578714, -9.464326005377712], [11.37462437785209, -0.3937341070037568, -7.009534226304537], [13.993729465593384, -0.9214662414298518, -7.1540245516347785], [-0.7282988093878323, -1.910941200492429, 0.1635197170795789], [-0.7685630284552804, 0.8044046022963691, -1.7227057242495534], [-0.7382176809773742, 1.0859288068816533, 1.57890771531754], [3.550719223001586, -0.9965647964838984, 1.6710418835952399], [3.572358606764765, -1.08544665094478, -1.6052050867476824], [6.125017220671868, 2.4353948351974988, 0.1771639075308058], [3.478651391813692, 3.6346517312563362, 1.6932330806356548], [4.4121904373358145, 6.131349540956807, -2.015381832669995], [1.4687825054537065, 4.723995217368664, -2.3194585310026348], [3.2397559764273405, 1.5172052089443826, -5.258783296994384], [3.609705689902576, 4.602500418842617, -6.315690107748322], [7.7430709096126655, 1.4080769105643578, -3.8942256384391474], [8.095421955574368, 4.568926818815864, -4.765546439164883], [7.157728374819989, 3.4231729551484413, -9.262682531482767], [6.791254820630529, 0.2473342084440171, -8.347538047653877], [15.082004300652454, 0.6322166937742462, -6.398401303162342], [14.552531232279762, -1.2533400838973816, -9.089604008340814], [14.287475051502568, -2.6006523567202047, -6.035598107536068]], "name": "C9H18O2", "identifiers": {"molecule_hash": "d25fbf6cb7b6549bbc4ee64796f8cddab941090c", "molecular_formula": "C9H18O2"}, "molecular_charge": 0.0, "molecular_multiplicity": 1, "connectivity": [[0, 1, 1.0], [0, 11, 1.0], [0, 12, 1.0], [0, 13, 1.0], [1, 2, 1.0], [1, 14, 1.0], [1, 15, 1.0], [2, 3, 1.0], [2, 16, 1.0], [2, 17, 1.0], [3, 4, 1.0], [3, 18, 1.0], [3, 19, 1.0], [4, 5, 1.0], [4, 20, 1.0], [4, 21, 1.0], [5, 6, 1.0], [5, 22, 1.0], [5, 23, 1.0], [6, 7, 1.0], [6, 24, 1.0], [6, 25, 1.0], [7, 8, 2.0], [7, 9, 1.0], [9, 10, 1.0], [10, 26, 1.0], [10, 27, 1.0], [10, 28, 1.0]], "fix_com": true, "fix_orientation": true, "provenance": {"creator": "QCElemental", "version": "v0.22.0", "routine": "qcelemental.molparse.from_schema"}, "id": "208158"}, "charge": 0, "optimize_geometry": false, "conformers": [], "conformer_generation_options": {"n_conformer_pool": 4000, "n_max_conformers": 0, "rms_tolerance": 0.05, "energy_window": 15, "keep_original_conformer": true}, "stage_1_unrestrained_charges": null, "stage_1_restrained_charges": null, "stage_2_unrestrained_charges": null, "stage_2_restrained_charges": null, "keep_original_orientation": false, "reorientations": [], "translations": [], "rotations": []}}, {"index": 2, "molecule": {"qcmol": {"schema_name": "qcschema_molecule", "schema_version": 2, "validated": true, "symbols": ["C", "C", "C", "C", "C", "C", "C", "C", "O", "O", "C", "H", "H", "H", "H", "H", "H", "H", "H", "H", "H", "H", "H", "H", "H", "H", "H", "H", "H"], "geometry": [[0.0, 0.0, 0.0], [2.8907020712338816, -3.140182584849632e-16, 3.8274103168283594e-19], [4.089077043056438, 2.6399153166904297, 2.220446049250313e-16], [3.4813346745437435, 4.31834216937329, -2.2881572255547615], [4.241795393742704, 3.27135396646863, -4.882471933794723], [7.082721061664527, 2.835305216530407, -5.2070218352951745], [7.747233780541467, 2.0082879015523964, -7.908747405309173], [10.549366436938048, 1.622272454890048, -8.254382857268524], [11.896180774193608, 2.9530593462578714, -9.464326005377712], [11.37462437785209, -0.3937341070037568, -7.009534226304537], [13.993729465593384, -0.9214662414298518, -7.1540245516347785], [-0.7282988093878323, -1.910941200492429, 0.1635197170795789], [-0.7685630284552804, 0.8044046022963691, -1.7227057242495534], [-0.7382176809773742, 1.0859288068816533, 1.57890771531754], [3.550719223001586, -0.9965647964838984, 1.6710418835952399], [3.572358606764765, -1.08544665094478, -1.6052050867476824], [6.125017220671868, 2.4353948351974988, 0.1771639075308058], [3.478651391813692, 3.6346517312563362, 1.6932330806356548], [4.4121904373358145, 6.131349540956807, -2.015381832669995], [1.4687825054537065, 4.723995217368664, -2.3194585310026348], [3.2397559764273405, 1.5172052089443826, -5.258783296994384], [3.609705689902576, 4.602500418842617, -6.315690107748322], [7.7430709096126655, 1.4080769105643578, -3.8942256384391474], [8.095421955574368, 4.568926818815864, -4.765546439164883], [7.157728374819989, 3.4231729551484413, -9.262682531482767], [6.791254820630529, 0.2473342084440171, -8.347538047653877], [15.082004300652454, 0.6322166937742462, -6.398401303162342], [14.552531232279762, -1.2533400838973816, -9.089604008340814], [14.287475051502568, -2.6006523567202047, -6.035598107536068]], "name": "C9H18O2", "identifiers": {"molecule_hash": "d25fbf6cb7b6549bbc4ee64796f8cddab941090c", "molecular_formula": "C9H18O2"}, "molecular_charge": 0.0, "molecular_multiplicity": 1, "connectivity": [[0, 1, 1.0], [0, 11, 1.0], [0, 12, 1.0], [0, 13, 1.0], [1, 2, 1.0], [1, 14, 1.0], [1, 15, 1.0], [2, 3, 1.0], [2, 16, 1.0], [2, 17, 1.0], [3, 4, 1.0], [3, 18, 1.0], [3, 19, 1.0], [4, 5, 1.0], [4, 20, 1.0], [4, 21, 1.0], [5, 6, 1.0], [5, 22, 1.0], [5, 23, 1.0], [6, 7, 1.0], [6, 24, 1.0], [6, 25, 1.0], [7, 8, 2.0], [7, 9, 1.0], [9, 10, 1.0], [10, 26, 1.0], [10, 27, 1.0], [10, 28, 1.0]], "fix_com": true, "fix_orientation": true, "provenance": {"creator": "QCElemental", "version": "v0.22.0", "routine": "qcelemental.molparse.from_schema"}, "id": "208158"}, "charge": 0, "optimize_geometry": false, "conformers": [], "conformer_generation_options": {"n_conformer_pool": 4000, "n_max_conformers": 0, "rms_tolerance": 0.05, "energy_window": 15, "keep_original_conformer": true}, "stage_1_unrestrained_charges": null, "stage_1_restrained_charges": null, "stage_2_unrestrained_charges": null, "stage_2_restrained_charges": null, "keep_original_orientation": false, "reorientations": [], "translations": [], "rotations": []}}, {"index": 3, "molecule": {"qcmol": {"schema_name": "qcschema_molecule", "schema_version": 2, "validated": true, "symbols": ["C", "C", "C", "C", "C", "C", "C", "C", "O", "O", "C", "H", "H", "H", "H", "H", "H", "H", "H", "H", "H", "H", "H", "H", "H", "H", "H", "H", "H"], "geometry": [[0.0, 0.0, 0.0], [2.8907020712338816, -3.140182584849632e-16, 3.8274103168283594e-19], [4.089077043056438, 2.6399153166904297, 2.220446049250313e-16], [3.4813346745437435, 4.31834216937329, -2.2881572255547615], [4.241795393742704, 3.27135396646863, -4.882471933794723], [7.082721061664527, 2.835305216530407, -5.2070218352951745], [7.747233780541467, 2.0082879015523964, -7.908747405309173], [10.549366436938048, 1.622272454890048, -8.254382857268524], [11.896180774193608, 2.9530593462578714, -9.464326005377712], [11.37462437785209, -0.3937341070037568, -7.009534226304537], [13.993729465593384, -0.9214662414298518, -7.1540245516347785], [-0.7282988093878323, -1.910941200492429, 0.1635197170795789], [-0.7685630284552804, 0.8044046022963691, -1.7227057242495534], [-0.7382176809773742, 1.0859288068816533, 1.57890771531754], [3.550719223001586, -0.9965647964838984, 1.6710418835952399], [3.572358606764765, -1.08544665094478, -1.6052050867476824], [6.125017220671868, 2.4353948351974988, 0.1771639075308058], [3.478651391813692, 3.6346517312563362, 1.6932330806356548], [4.4121904373358145, 6.131349540956807, -2.015381832669995], [1.4687825054537065, 4.723995217368664, -2.3194585310026348], [3.2397559764273405, 1.5172052089443826, -5.258783296994384], [3.609705689902576, 4.602500418842617, -6.315690107748322], [7.7430709096126655, 1.4080769105643578, -3.8942256384391474], [8.095421955574368, 4.568926818815864, -4.765546439164883], [7.157728374819989, 3.4231729551484413, -9.262682531482767], [6.791254820630529, 0.2473342084440171, -8.347538047653877], [15.082004300652454, 0.6322166937742462, -6.398401303162342], [14.552531232279762, -1.2533400838973816, -9.089604008340814], [14.287475051502568, -2.6006523567202047, -6.035598107536068]], "name": "C9H18O2", "identifiers": {"molecule_hash": "d25fbf6cb7b6549bbc4ee64796f8cddab941090c", "molecular_formula": "C9H18O2"}, "molecular_charge": 0.0, "molecular_multiplicity": 1, "connectivity": [[0, 1, 1.0], [0, 11, 1.0], [0, 12, 1.0], [0, 13, 1.0], [1, 2, 1.0], [1, 14, 1.0], [1, 15, 1.0], [2, 3, 1.0], [2, 16, 1.0], [2, 17, 1.0], [3, 4, 1.0], [3, 18, 1.0], [3, 19, 1.0], [4, 5, 1.0], [4, 20, 1.0], [4, 21, 1.0], [5, 6, 1.0], [5, 22, 1.0], [5, 23, 1.0], [6, 7, 1.0], [6, 24, 1.0], [6, 25, 1.0], [7, 8, 2.0], [7, 9, 1.0], [9, 10, 1.0], [10, 26, 1.0], [10, 27, 1.0], [10, 28, 1.0]], "fix_com": true, "fix_orientation": true, "provenance": {"creator": "QCElemental", "version": "v0.22.0", "routine": "qcelemental.molparse.from_schema"}, "id": "208158"}, "charge": 0, "optimize_geometry": false, "conformers": [], "conformer_generation_options": {"n_conformer_pool": 4000, "n_max_conformers": 0, "rms_tolerance": 0.05, "energy_window": 15, "keep_original_conformer": true}, "stage_1_unrestrained_charges": null, "stage_1_restrained_charges": null, "stage_2_unrestrained_charges": null, "stage_2_restrained_charges": null, "keep_original_orientation": false, "reorientations": [], "translations": [], "rotations": []}}, {"index": 4, "molecule": {"qcmol": {"schema_name": "qcschema_molecule", "schema_version": 2, "validated": true, "symbols": ["C", "C", "C", "C", "C", "C", "C", "C", "O", "O", "C", "H", "H", "H", "H", "H", "H", "H", "H", "H", "H", "H", "H", "H", "H", "H", "H", "H", "H"], "geometry": [[0.0, 0.0, 0.0], [2.8907020712338816, -3.140182584849632e-16, 3.8274103168283594e-19], [4.089077043056438, 2.6399153166904297, 2.220446049250313e-16], [3.4813346745437435, 4.31834216937329, -2.2881572255547615], [4.241795393742704, 3.27135396646863, -4.882471933794723], [7.082721061664527, 2.835305216530407, -5.2070218352951745], [7.747233780541467, 2.0082879015523964, -7.908747405309173], [10.549366436938048, 1.622272454890048, -8.254382857268524], [11.896180774193608, 2.9530593462578714, -9.464326005377712], [11.37462437785209, -0.3937341070037568, -7.009534226304537], [13.993729465593384, -0.9214662414298518, -7.1540245516347785], [-0.7282988093878323, -1.910941200492429, 0.1635197170795789], [-0.7685630284552804, 0.8044046022963691, -1.7227057242495534], [-0.7382176809773742, 1.0859288068816533, 1.57890771531754], [3.550719223001586, -0.9965647964838984, 1.6710418835952399], [3.572358606764765, -1.08544665094478, -1.6052050867476824], [6.125017220671868, 2.4353948351974988, 0.1771639075308058], [3.478651391813692, 3.6346517312563362, 1.6932330806356548], [4.4121904373358145, 6.131349540956807, -2.015381832669995], [1.4687825054537065, 4.723995217368664, -2.3194585310026348], [3.2397559764273405, 1.5172052089443826, -5.258783296994384], [3.609705689902576, 4.602500418842617, -6.315690107748322], [7.7430709096126655, 1.4080769105643578, -3.8942256384391474], [8.095421955574368, 4.568926818815864, -4.765546439164883], [7.157728374819989, 3.4231729551484413, -9.262682531482767], [6.791254820630529, 0.2473342084440171, -8.347538047653877], [15.082004300652454, 0.6322166937742462, -6.398401303162342], [14.552531232279762, -1.2533400838973816, -9.089604008340814], [14.287475051502568, -2.6006523567202047, -6.035598107536068]], "name": "C9H18O2", "identifiers": {"molecule_hash": "d25fbf6cb7b6549bbc4ee64796f8cddab941090c", "molecular_formula": "C9H18O2"}, "molecular_charge": 0.0, "molecular_multiplicity": 1, "connectivity": [[0, 1, 1.0], [0, 11, 1.0], [0, 12, 1.0], [0, 13, 1.0], [1, 2, 1.0], [1, 14, 1.0], [1, 15, 1.0], [2, 3, 1.0], [2, 16, 1.0], [2, 17, 1.0], [3, 4, 1.0], [3, 18, 1.0], [3, 19, 1.0], [4, 5, 1.0], [4, 20, 1.0], [4, 21, 1.0], [5, 6, 1.0], [5, 22, 1.0], [5, 23, 1.0], [6, 7, 1.0], [6, 24, 1.0], [6, 25, 1.0], [7, 8, 2.0], [7, 9, 1.0], [9, 10, 1.0], [10, 26, 1.0], [10, 27, 1.0], [10, 28, 1.0]], "fix_com": true, "fix_orientation": true, "provenance": {"creator": "QCElemental", "version": "v0.22.0", "routine": "qcelemental.molparse.from_schema"}, "id": "208158"}, "charge": 0, "optimize_geometry": false, "conformers": [], "conformer_generation_options": {"n_conformer_pool": 4000, "n_max_conformers": 0, "rms_tolerance": 0.05, "energy_window": 15, "keep_original_conformer": true}, "stage_1_unrestrained_charges": null, "stage_1_restrained_charges": null, "stage_2_unrestrained_charges": null, "stage_2_restrained_charges": null, "keep_original_orientation": false, "reorientations": [], "translations": [], "rotations": []}}, {"index": 5, "molecule": {"qcmol": {"schema_name": "qcschema_molecule", "schema_version": 2, "validated": true, "symbols": ["C", "C", "C", "C", "C", "C", "C", "C", "O", "O", "C", "H", "H", "H", "H", "H", "H", "H", "H", "H", "H", "H", "H", "H", "H", "H", "H", "H", "H"], "geometry": [[0.0, 0.0, 0.0], [2.8907020712338816, -3.140182584849632e-16, 3.8274103168283594e-19], [4.089077043056438, 2.6399153166904297, 2.220446049250313e-16], [3.4813346745437435, 4.31834216937329, -2.2881572255547615], [4.241795393742704, 3.27135396646863, -4.882471933794723], [7.082721061664527, 2.835305216530407, -5.2070218352951745], [7.747233780541467, 2.0082879015523964, -7.908747405309173], [10.549366436938048, 1.622272454890048, -8.254382857268524], [11.896180774193608, 2.9530593462578714, -9.464326005377712], [11.37462437785209, -0.3937341070037568, -7.009534226304537], [13.993729465593384, -0.9214662414298518, -7.1540245516347785], [-0.7282988093878323, -1.910941200492429, 0.1635197170795789], [-0.7685630284552804, 0.8044046022963691, -1.7227057242495534], [-0.7382176809773742, 1.0859288068816533, 1.57890771531754], [3.550719223001586, -0.9965647964838984, 1.6710418835952399], [3.572358606764765, -1.08544665094478, -1.6052050867476824], [6.125017220671868, 2.4353948351974988, 0.1771639075308058], [3.478651391813692, 3.6346517312563362, 1.6932330806356548], [4.4121904373358145, 6.131349540956807, -2.015381832669995], [1.4687825054537065, 4.723995217368664, -2.3194585310026348], [3.2397559764273405, 1.5172052089443826, -5.258783296994384], [3.609705689902576, 4.602500418842617, -6.315690107748322], [7.7430709096126655, 1.4080769105643578, -3.8942256384391474], [8.095421955574368, 4.568926818815864, -4.765546439164883], [7.157728374819989, 3.4231729551484413, -9.262682531482767], [6.791254820630529, 0.2473342084440171, -8.347538047653877], [15.082004300652454, 0.6322166937742462, -6.398401303162342], [14.552531232279762, -1.2533400838973816, -9.089604008340814], [14.287475051502568, -2.6006523567202047, -6.035598107536068]], "name": "C9H18O2", "identifiers": {"molecule_hash": "d25fbf6cb7b6549bbc4ee64796f8cddab941090c", "molecular_formula": "C9H18O2"}, "molecular_charge": 0.0, "molecular_multiplicity": 1, "connectivity": [[0, 1, 1.0], [0, 11, 1.0], [0, 12, 1.0], [0, 13, 1.0], [1, 2, 1.0], [1, 14, 1.0], [1, 15, 1.0], [2, 3, 1.0], [2, 16, 1.0], [2, 17, 1.0], [3, 4, 1.0], [3, 18, 1.0], [3, 19, 1.0], [4, 5, 1.0], [4, 20, 1.0], [4, 21, 1.0], [5, 6, 1.0], [5, 22, 1.0], [5, 23, 1.0], [6, 7, 1.0], [6, 24, 1.0], [6, 25, 1.0], [7, 8, 2.0], [7, 9, 1.0], [9, 10, 1.0], [10, 26, 1.0], [10, 27, 1.0], [10, 28, 1.0]], "fix_com": true, "fix_orientation": true, "provenance": {"creator": "QCElemental", "version": "v0.22.0", "routine": "qcelemental.molparse.from_schema"}, "id": "208158"}, "charge": 0, "optimize_geometry": false, "conformers": [], "conformer_generation_options": {"n_conformer_pool": 4000, "n_max_conformers": 0, "rms_tolerance": 0.05, "energy_window": 15, "keep_original_conformer": true}, "stage_1_unrestrained_charges": null, "stage_1_restrained_charges": null, "stage_2_unrestrained_charges": null, "stage_2_restrained_charges": null, "keep_original_orientation": false, "reorientations": [], "translations": [], "rotations": []}}, {"index": 6, "molecule": {"qcmol": {"schema_name": "qcschema_molecule", "schema_version": 2, "validated": true, "symbols": ["C", "C", "C", "C", "C", "C", "C", "C", "O", "O", "C", "H", "H", "H", "H", "H", "H", "H", "H", "H", "H", "H", "H", "H", "H", "H", "H", "H", "H"], "geometry": [[0.0, 0.0, 0.0], [2.8907020712338816, -3.140182584849632e-16, 3.8274103168283594e-19], [4.089077043056438, 2.6399153166904297, 2.220446049250313e-16], [3.4813346745437435, 4.31834216937329, -2.2881572255547615], [4.241795393742704, 3.27135396646863, -4.882471933794723], [7.082721061664527, 2.835305216530407, -5.2070218352951745], [7.747233780541467, 2.0082879015523964, -7.908747405309173], [10.549366436938048, 1.622272454890048, -8.254382857268524], [11.896180774193608, 2.9530593462578714, -9.464326005377712], [11.37462437785209, -0.3937341070037568, -7.009534226304537], [13.993729465593384, -0.9214662414298518, -7.1540245516347785], [-0.7282988093878323, -1.910941200492429, 0.1635197170795789], [-0.7685630284552804, 0.8044046022963691, -1.7227057242495534], [-0.7382176809773742, 1.0859288068816533, 1.57890771531754], [3.550719223001586, -0.9965647964838984, 1.6710418835952399], [3.572358606764765, -1.08544665094478, -1.6052050867476824], [6.125017220671868, 2.4353948351974988, 0.1771639075308058], [3.478651391813692, 3.6346517312563362, 1.6932330806356548], [4.4121904373358145, 6.131349540956807, -2.015381832669995], [1.4687825054537065, 4.723995217368664, -2.3194585310026348], [3.2397559764273405, 1.5172052089443826, -5.258783296994384], [3.609705689902576, 4.602500418842617, -6.315690107748322], [7.7430709096126655, 1.4080769105643578, -3.8942256384391474], [8.095421955574368, 4.568926818815864, -4.765546439164883], [7.157728374819989, 3.4231729551484413, -9.262682531482767], [6.791254820630529, 0.2473342084440171, -8.347538047653877], [15.082004300652454, 0.6322166937742462, -6.398401303162342], [14.552531232279762, -1.2533400838973816, -9.089604008340814], [14.287475051502568, -2.6006523567202047, -6.035598107536068]], "name": "C9H18O2", "identifiers": {"molecule_hash": "d25fbf6cb7b6549bbc4ee64796f8cddab941090c", "molecular_formula": "C9H18O2"}, "molecular_charge": 0.0, "molecular_multiplicity": 1, "connectivity": [[0, 1, 1.0], [0, 11, 1.0], [0, 12, 1.0], [0, 13, 1.0], [1, 2, 1.0], [1, 14, 1.0], [1, 15, 1.0], [2, 3, 1.0], [2, 16, 1.0], [2, 17, 1.0], [3, 4, 1.0], [3, 18, 1.0], [3, 19, 1.0], [4, 5, 1.0], [4, 20, 1.0], [4, 21, 1.0], [5, 6, 1.0], [5, 22, 1.0], [5, 23, 1.0], [6, 7, 1.0], [6, 24, 1.0], [6, 25, 1.0], [7, 8, 2.0], [7, 9, 1.0], [9, 10, 1.0], [10, 26, 1.0], [10, 27, 1.0], [10, 28, 1.0]], "fix_com": true, "fix_orientation": true, "provenance": {"creator": "QCElemental", "version": "v0.22.0", "routine": "qcelemental.molparse.from_schema"}, "id": "208158"}, "charge": 0, "optimize_geometry": false, "conformers": [], "conformer_generation_options": {"n_conformer_pool": 4000, "n_max_conformers": 0, "rms_tolerance": 0.05, "energy_window": 15, "keep_original_conformer": true}, "stage_1_unrestrained_charges": null, "stage_1_restrained_charges": null, "stage_2_unrestrained_charges": null, "stage_2_restrained_charges": null, "keep_original_orientation": false, "reorientations": [], "translations": [], "rotations": []}}, {"index": 10, "molecule": {"qcmol": {"schema_name": "qcschema_molecule", "schema_version": 2, "validated": true, "symbols": ["C", "C", "C", "C", "C", "C", "C", "C", "O", "O", "C", "H", "H", "H", "H", "H", "H", "H", "H", "H", "H", "H", "H", "H", "H", "H", "H", "H", "H"], "geometry": [[0.0, 0.0, 0.0], [2.8907020712338816, -3.140182584849632e-16, 3.8274103168283594e-19], [4.089077043056438, 2.6399153166904297, 2.220446049250313e-16], [3.4813346745437435, 4.31834216937329, -2.2881572255547615], [4.241795393742704, 3.27135396646863, -4.882471933794723], [7.082721061664527, 2.835305216530407, -5.2070218352951745], [7.747233780541467, 2.0082879015523964, -7.908747405309173], [10.549366436938048, 1.622272454890048, -8.254382857268524], [11.896180774193608, 2.9530593462578714, -9.464326005377712], [11.37462437785209, -0.3937341070037568, -7.009534226304537], [13.993729465593384, -0.9214662414298518, -7.1540245516347785], [-0.7282988093878323, -1.910941200492429, 0.1635197170795789], [-0.7685630284552804, 0.8044046022963691, -1.7227057242495534], [-0.7382176809773742, 1.0859288068816533, 1.57890771531754], [3.550719223001586, -0.9965647964838984, 1.6710418835952399], [3.572358606764765, -1.08544665094478, -1.6052050867476824], [6.125017220671868, 2.4353948351974988, 0.1771639075308058], [3.478651391813692, 3.6346517312563362, 1.6932330806356548], [4.4121904373358145, 6.131349540956807, -2.015381832669995], [1.4687825054537065, 4.723995217368664, -2.3194585310026348], [3.2397559764273405, 1.5172052089443826, -5.258783296994384], [3.609705689902576, 4.602500418842617, -6.315690107748322], [7.7430709096126655, 1.4080769105643578, -3.8942256384391474], [8.095421955574368, 4.568926818815864, -4.765546439164883], [7.157728374819989, 3.4231729551484413, -9.262682531482767], [6.791254820630529, 0.2473342084440171, -8.347538047653877], [15.082004300652454, 0.6322166937742462, -6.398401303162342], [14.552531232279762, -1.2533400838973816, -9.089604008340814], [14.287475051502568, -2.6006523567202047, -6.035598107536068]], "name": "C9H18O2", "identifiers": {"molecule_hash": "d25fbf6cb7b6549bbc4ee64796f8cddab941090c", "molecular_formula": "C9H18O2"}, "molecular_charge": 0.0, "molecular_multiplicity": 1, "connectivity": [[0, 1, 1.0], [0, 11, 1.0], [0, 12, 1.0], [0, 13, 1.0], [1, 2, 1.0], [1, 14, 1.0], [1, 15, 1.0], [2, 3, 1.0], [2, 16, 1.0], [2, 17, 1.0], [3, 4, 1.0], [3, 18, 1.0], [3, 19, 1.0], [4, 5, 1.0], [4, 20, 1.0], [4, 21, 1.0], [5, 6, 1.0], [5, 22, 1.0], [5, 23, 1.0], [6, 7, 1.0], [6, 24, 1.0], [6, 25, 1.0], [7, 8, 2.0], [7, 9, 1.0], [9, 10, 1.0], [10, 26, 1.0], [10, 27, 1.0], [10, 28, 1.0]], "fix_com": true, "fix_orientation": true, "provenance": {"creator": "QCElemental", "version": "v0.22.0", "routine": "qcelemental.molparse.from_schema"}, "id": "208158"}, "charge": 0, "optimize_geometry": false, "conformers": [], "conformer_generation_options": {"n_conformer_pool": 4000, "n_max_conformers": 0, "rms_tolerance": 0.05, "energy_window": 15, "keep_original_conformer": true}, "stage_1_unrestrained_charges": null, "stage_1_restrained_charges": null, "stage_2_unrestrained_charges": null, "stage_2_restrained_charges": null, "keep_original_orientation": false, "reorientations": [], "translations": [], "rotations": []}}]}, "surface_constraints": {"matrix": [[572010209176221.4, 553409045121343.9, 533442637921566.2, 515485206237995.6, 492875412810510.1, 473597816746838.4, 461035837483695.94, 447798503593843.75, 442830489866949.56, 434978214799429.56, 407567521689195.6, 575488756677254.5, 574225749224553.4, 574067343762421.1, 549448796035342.06, 551676704970511.3, 531119909562799.06, 529324099370181.3, 510542781564197.1, 519909850459512.4, 492081434214045.94, 487791715599357.7, 470064148427194.8, 468454550904285.75, 459644569558634.6, 457933116666253.75, 400946015070367.25, 397865046518818.56, 400875515031311.75], [553409045121343.9, 565500931296821.5, 552114844761963.3, 532088014477808.7, 512029672569359.9, 491813160571107.75, 475078039175376.9, 459881091528277.06, 455548693724356.94, 444424575420335.06, 414869800016198.3, 548981183881986.56, 548141772557275.1, 547767858515919.4, 571106653725776.2, 572144479697695.2, 552522095485084.9, 551417302766452.44, 528679849420865.2, 531155738052877.7, 513160877263998.06, 507295593758349.94, 488209310033225.8, 489168819534044.1, 473044612981331.6, 470918197695776.9, 407626584460551.7, 404584950016748.5, 407727743562291.0], [533442637921566.2, 552114844761963.3, 567222588835659.9, 553645181552319.6, 535640460889899.1, 511700777180997.9, 494843676770004.25, 479793776893524.8, 474801386414867.9, 463612057549431.3, 432456775645622.75, 530213664280585.75, 525570328176566.7, 525648651633635.0, 550401726511558.3, 549887842702169.8, 575924705574866.8, 574780114766703.9, 553242436910963.2, 552138552131851.6, 538054011619637.7, 533748088833834.9, 505570991258273.06, 508595548812704.94, 495268861504132.3, 487622048606789.0, 425765041385833.9, 421261802786690.56, 424195959639063.5], [515485206237995.6, 532088014477808.7, 553645181552319.6, 567459650793273.8, 555234483757292.4, 535470040336796.3, 516583187681571.25, 496783340215717.56, 491183321313763.4, 477589486087497.4, 443333691414150.56, 517559965480739.2, 507269373718095.2, 504780271153036.25, 518774663276503.5, 535954209121527.7, 554130032236132.7, 553459401506858.7, 575310161296858.9, 573993404791414.8, 555341453952721.5, 555809368404996.56, 529122292398817.8, 536717852366981.75, 518244896558386.5, 509892751534075.1, 435427499781296.4, 431330888404434.25, 434734791842965.7], [492875412810510.1, 512029672569359.9, 535640460889899.1, 555234483757292.4, 569958848866470.8, 555714948167742.8, 537574704178938.2, 522932034575099.3, 520189289080731.6, 503330095344498.9, 469099244125951.5, 494142386652843.4, 485033249779615.75, 481159598755350.6, 497443154110097.06, 518609947511765.9, 539437747425311.56, 530255817686957.6, 555013012311988.8, 553614736620985.75, 578457161758290.8, 578745260965369.5, 554375932595131.7, 554878597444855.4, 537016249236864.7, 528942421570067.4, 461346647258032.06, 456048007088432.06, 460736409168294.25], [473597816746838.4, 491813160571107.75, 511700777180997.9, 535470040336796.3, 555714948167742.8, 569035561203238.1, 556731576670710.1, 538877251871674.7, 532220648550750.3, 521536976509500.3, 483791997471660.4, 475910375304221.4, 465944882088687.3, 461664736568222.2, 475623837811046.5, 502503269544098.3, 513610705532312.06, 502699723812724.75, 532579804541364.06, 536538713742040.1, 556038360850647.2, 556127471663328.0, 575654360366307.9, 576870960216977.0, 554704799776817.2, 555802060138861.5, 475259167211212.1, 470590718997715.1, 473671381716496.0], [461035837483695.94, 475078039175376.9, 494843676770004.25, 516583187681571.25, 537574704178938.2, 556731576670710.1, 572146025096883.9, 559589640479692.75, 549091871822024.3, 548520014071598.0, 509642958310172.56, 464973049260868.3, 454412035779455.8, 449903737380321.2, 457524582969070.5, 484044971558445.7, 497133341548077.75, 487331885589220.0, 510479408005490.3, 519086466197236.1, 537487875358025.2, 535237685354986.9, 555392244216589.94, 556506713846572.2, 578874042834421.6, 579669912637139.6, 498659292333484.6, 498504968466699.3, 498588997880318.56], [447798503593843.75, 459881091528277.06, 479793776893524.8, 496783340215717.56, 522932034575099.3, 538877251871674.7, 559589640479692.75, 573158613050522.9, 574589252589673.6, 567223315905108.0, 543027817800639.0, 451865166483540.25, 440761821609789.25, 438871536007038.75, 443493293244634.3, 466584777709967.1, 484914834759027.0, 473091154837834.7, 488194997106380.44, 494264199693221.0, 528740660065703.2, 521818260920998.56, 538819787520957.5, 531327289654469.56, 558832642893127.9, 559417365731555.2, 534768710124056.0, 535687153021050.9, 534595728843775.8], [442830489866949.56, 455548693724356.94, 474801386414867.9, 491183321313763.4, 520189289080731.6, 532220648550750.3, 549091871822024.3, 574589252589673.6, 597959442667313.1, 555723984628135.06, 541695020724640.25, 446578217371723.44, 434188229874539.7, 435429775114313.2, 440190607565151.56, 462218813775844.7, 479609376644009.44, 468135197782720.9, 483789144590485.8, 485126143458228.5, 530167258548315.25, 520389155810702.6, 531513798201242.2, 524804070260047.25, 543611618919962.6, 541957400595154.25, 534655579746133.7, 539143850580363.2, 534569473310395.7], [434978214799429.56, 444424575420335.06, 463612057549431.3, 477589486087497.4, 503330095344498.9, 521536976509500.3, 548520014071598.0, 567223315905108.0, 555723984628135.06, 584446016252024.9, 564287686548923.0, 439530339399581.06, 429861748555967.4, 425872585102745.94, 428364956304895.8, 449804800596514.75, 470388538316557.0, 457380096381767.56, 466491322673784.06, 475694701612046.6, 507944749217558.75, 501338691042841.7, 524173699281258.2, 509070188299948.7, 548036481642736.25, 550263218208467.7, 558271329380366.56, 554805894670257.9, 557904646679691.94], [407567521689195.6, 414869800016198.3, 432456775645622.75, 443333691414150.56, 469099244125951.5, 483791997471660.4, 509642958310172.56, 543027817800639.0, 541695020724640.25, 564287686548923.0, 571634915381375.5, 411996309918507.7, 402342837526736.56, 400680967682815.2, 400660509889779.75, 418506754865310.5, 439848610008160.4, 426983311270920.75, 432401398109140.4, 439134186144585.44, 475791215143516.7, 468314222411726.94, 486045485772049.9, 469819722857308.7, 504574099620456.56, 506121384843920.56, 572311880348240.6, 569421114833651.9, 571798526091772.9], [575488756677254.5, 548981183881986.56, 530213664280585.75, 517559965480739.2, 494142386652843.4, 475910375304221.4, 464973049260868.3, 451865166483540.25, 446578217371723.44, 439530339399581.06, 411996309918507.7, 601350902225327.2, 569793379755971.1, 569839931101948.6, 537605062251004.06, 547892604060196.25, 527557693183016.1, 522676117534848.44, 515240953735657.44, 523969019087276.5, 493745500911914.94, 487217682133629.56, 472664797086674.8, 469681923362154.9, 463286858423575.25, 463255468488876.3, 404632585263163.0, 402024851245797.0, 406117793059983.7], [574225749224553.4, 548141772557275.1, 525570328176566.7, 507269373718095.2, 485033249779615.75, 465944882088687.3, 454412035779455.8, 440761821609789.25, 434188229874539.7, 429861748555967.4, 402342837526736.56, 569793379755971.1, 599216356337685.2, 567769725928497.0, 542162637292242.2, 545002867249058.44, 522253411198053.1, 521092585607008.9, 499541939655950.5, 514023518304036.4, 484270183935409.25, 480048961816769.8, 462599187026173.7, 460328741856769.56, 454279543559781.2, 451194463346425.1, 397332641404451.44, 392008056184314.56, 394706574293477.3], [574067343762421.1, 547767858515919.4, 525648651633635.0, 504780271153036.25, 481159598755350.6, 461664736568222.2, 449903737380321.2, 438871536007038.75, 435429775114313.2, 425872585102745.94, 400680967682815.2, 569839931101948.6, 567769725928497.0, 598843837187614.5, 545629116387707.5, 540189135696057.7, 522885320041670.1, 523028074302435.6, 498958215796748.0, 508935549548067.25, 478433889870737.0, 477651829086623.44, 457713691064627.5, 456218275628300.9, 447950735811390.8, 446405565977747.2, 393669425160268.7, 392424700225233.0, 394600109777893.4], [549448796035342.06, 571106653725776.2, 550401726511558.3, 518774663276503.5, 497443154110097.06, 475623837811046.5, 457524582969070.5, 443493293244634.3, 440190607565151.56, 428364956304895.8, 400660509889779.75, 537605062251004.06, 542162637292242.2, 545629116387707.5, 597863217505959.8, 569928766290866.6, 552359318516623.1, 552188824755907.4, 513378413595131.6, 513257219880136.1, 498182002660458.2, 493521472415836.0, 471991489795975.75, 473200655486555.44, 454325093025934.4, 452971430711757.0, 394272817050223.2, 390880001732019.75, 393660811995848.56], [551676704970511.3, 572144479697695.2, 549887842702169.8, 535954209121527.7, 518609947511765.9, 502503269544098.3, 484044971558445.7, 466584777709967.1, 462218813775844.7, 449804800596514.75, 418506754865310.5, 547892604060196.25, 545002867249058.44, 540189135696057.7, 569928766290866.6, 600870117746848.5, 544459530351265.4, 542800604880164.7, 533707781163320.6, 535496032050130.2, 520956939196811.3, 511397225065441.6, 501154777747100.0, 501852353333077.5, 480601447381235.1, 481669134740587.56, 409814928471809.2, 408095047448102.25, 411687574428949.7], [531119909562799.06, 552522095485084.9, 575924705574866.8, 554130032236132.7, 539437747425311.56, 513610705532312.06, 497133341548077.75, 484914834759027.0, 479609376644009.44, 470388538316557.0, 439848610008160.4, 527557693183016.1, 522253411198053.1, 522885320041670.1, 552359318516623.1, 544459530351265.4, 606202896960161.1, 575537075532447.5, 550176239107617.0, 546603781992503.6, 546364005718128.25, 536754119048257.4, 506784150297080.6, 509698791158063.3, 497095516910997.8, 488229597666679.25, 434613371424244.4, 428529470610441.5, 430551244938239.6], [529324099370181.3, 551417302766452.44, 574780114766703.9, 553459401506858.7, 530255817686957.6, 502699723812724.75, 487331885589220.0, 473091154837834.7, 468135197782720.9, 457380096381767.56, 426983311270920.75, 522676117534848.44, 521092585607008.9, 523028074302435.6, 552188824755907.4, 542800604880164.7, 575537075532447.5, 603248766874002.5, 552552089396495.2, 550832188209732.4, 530806825269408.94, 529789046094953.0, 495588049626673.6, 496805097620059.06, 489543462993558.3, 479089056159764.9, 420388051123931.1, 415848914628951.6, 419167281962052.5], [510542781564197.1, 528679849420865.2, 553242436910963.2, 575310161296858.9, 555013012311988.8, 532579804541364.06, 510479408005490.3, 488194997106380.44, 483789144590485.8, 466491322673784.06, 432401398109140.4, 515240953735657.44, 499541939655950.5, 498958215796748.0, 513378413595131.6, 5337077811