{"resp_b": 0.1, "restrained_fit": true, "exclude_hydrogens": true, "convergence_tolerance": 1e-06, "max_iter": 500, "resp_a": 0.0005, "charge_constraints": {"charge_sum_constraints": [], "charge_equivalence_constraints": [], "molecules": [{"qcmol": {"schema_name": "qcschema_molecule", "schema_version": 2, "validated": true, "symbols": ["C", "C", "C", "C", "C", "C", "C", "C", "O", "O", "C", "H", "H", "H", "H", "H", "H", "H", "H", "H", "H", "H", "H", "H", "H", "H", "H", "H", "H"], "geometry": [[0.0, 0.0, 0.0], [2.8907020712338816, -3.140182584849632e-16, 3.8274103168283594e-19], [4.089077043056438, 2.6399153166904297, 2.220446049250313e-16], [3.4813346745437435, 4.31834216937329, -2.2881572255547615], [4.241795393742704, 3.27135396646863, -4.882471933794723], [7.082721061664527, 2.835305216530407, -5.2070218352951745], [7.747233780541467, 2.0082879015523964, -7.908747405309173], [10.549366436938048, 1.622272454890048, -8.254382857268524], [11.896180774193608, 2.9530593462578714, -9.464326005377712], [11.37462437785209, -0.3937341070037568, -7.009534226304537], [13.993729465593384, -0.9214662414298518, -7.1540245516347785], [-0.7282988093878323, -1.910941200492429, 0.1635197170795789], [-0.7685630284552804, 0.8044046022963691, -1.7227057242495534], [-0.7382176809773742, 1.0859288068816533, 1.57890771531754], [3.550719223001586, -0.9965647964838984, 1.6710418835952399], [3.572358606764765, -1.08544665094478, -1.6052050867476824], [6.125017220671868, 2.4353948351974988, 0.1771639075308058], [3.478651391813692, 3.6346517312563362, 1.6932330806356548], [4.4121904373358145, 6.131349540956807, -2.015381832669995], [1.4687825054537065, 4.723995217368664, -2.3194585310026348], [3.2397559764273405, 1.5172052089443826, -5.258783296994384], [3.609705689902576, 4.602500418842617, -6.315690107748322], [7.7430709096126655, 1.4080769105643578, -3.8942256384391474], [8.095421955574368, 4.568926818815864, -4.765546439164883], [7.157728374819989, 3.4231729551484413, -9.262682531482767], [6.791254820630529, 0.2473342084440171, -8.347538047653877], [15.082004300652454, 0.6322166937742462, -6.398401303162342], [14.552531232279762, -1.2533400838973816, -9.089604008340814], [14.287475051502568, -2.6006523567202047, -6.035598107536068]], "name": "C9H18O2", "identifiers": {"molecule_hash": "d25fbf6cb7b6549bbc4ee64796f8cddab941090c", "molecular_formula": "C9H18O2"}, "molecular_charge": 0.0, "molecular_multiplicity": 1, "connectivity": [[0, 1, 1.0], [0, 11, 1.0], [0, 12, 1.0], [0, 13, 1.0], [1, 2, 1.0], [1, 14, 1.0], [1, 15, 1.0], [2, 3, 1.0], [2, 16, 1.0], [2, 17, 1.0], [3, 4, 1.0], [3, 18, 1.0], [3, 19, 1.0], [4, 5, 1.0], [4, 20, 1.0], [4, 21, 1.0], [5, 6, 1.0], [5, 22, 1.0], [5, 23, 1.0], [6, 7, 1.0], [6, 24, 1.0], [6, 25, 1.0], [7, 8, 2.0], [7, 9, 1.0], [9, 10, 1.0], [10, 26, 1.0], [10, 27, 1.0], [10, 28, 1.0]], "fix_com": true, "fix_orientation": true, "provenance": {"creator": "QCElemental", "version": "v0.22.0", "routine": "qcelemental.molparse.from_schema"}, "id": "208158"}, "charge": 0, "optimize_geometry": false, "conformers": [], "conformer_generation_options": {"n_conformer_pool": 4000, "n_max_conformers": 0, "rms_tolerance": 0.05, "energy_window": 15, "keep_original_conformer": true}, "stage_1_unrestrained_charges": null, "stage_1_restrained_charges": null, "stage_2_unrestrained_charges": null, "stage_2_restrained_charges": null, "keep_original_orientation": false, "reorientations": [], "translations": [], "rotations": []}], "unconstrained_atoms": [{"index": 0, "molecule": {"qcmol": {"schema_name": "qcschema_molecule", "schema_version": 2, "validated": true, "symbols": ["C", "C", "C", "C", "C", "C", "C", "C", "O", "O", "C", "H", "H", "H", "H", "H", "H", "H", "H", "H", "H", "H", "H", "H", "H", "H", "H", "H", "H"], "geometry": [[0.0, 0.0, 0.0], [2.8907020712338816, -3.140182584849632e-16, 3.8274103168283594e-19], [4.089077043056438, 2.6399153166904297, 2.220446049250313e-16], [3.4813346745437435, 4.31834216937329, -2.2881572255547615], [4.241795393742704, 3.27135396646863, -4.882471933794723], [7.082721061664527, 2.835305216530407, -5.2070218352951745], [7.747233780541467, 2.0082879015523964, -7.908747405309173], [10.549366436938048, 1.622272454890048, -8.254382857268524], [11.896180774193608, 2.9530593462578714, -9.464326005377712], [11.37462437785209, -0.3937341070037568, -7.009534226304537], [13.993729465593384, -0.9214662414298518, -7.1540245516347785], [-0.7282988093878323, -1.910941200492429, 0.1635197170795789], [-0.7685630284552804, 0.8044046022963691, -1.7227057242495534], [-0.7382176809773742, 1.0859288068816533, 1.57890771531754], [3.550719223001586, -0.9965647964838984, 1.6710418835952399], [3.572358606764765, -1.08544665094478, -1.6052050867476824], [6.125017220671868, 2.4353948351974988, 0.1771639075308058], [3.478651391813692, 3.6346517312563362, 1.6932330806356548], [4.4121904373358145, 6.131349540956807, -2.015381832669995], [1.4687825054537065, 4.723995217368664, -2.3194585310026348], [3.2397559764273405, 1.5172052089443826, -5.258783296994384], [3.609705689902576, 4.602500418842617, -6.315690107748322], [7.7430709096126655, 1.4080769105643578, -3.8942256384391474], [8.095421955574368, 4.568926818815864, -4.765546439164883], [7.157728374819989, 3.4231729551484413, -9.262682531482767], [6.791254820630529, 0.2473342084440171, -8.347538047653877], [15.082004300652454, 0.6322166937742462, -6.398401303162342], [14.552531232279762, -1.2533400838973816, -9.089604008340814], [14.287475051502568, -2.6006523567202047, -6.035598107536068]], "name": "C9H18O2", "identifiers": {"molecule_hash": "d25fbf6cb7b6549bbc4ee64796f8cddab941090c", "molecular_formula": "C9H18O2"}, "molecular_charge": 0.0, "molecular_multiplicity": 1, "connectivity": [[0, 1, 1.0], [0, 11, 1.0], [0, 12, 1.0], [0, 13, 1.0], [1, 2, 1.0], [1, 14, 1.0], [1, 15, 1.0], [2, 3, 1.0], [2, 16, 1.0], [2, 17, 1.0], [3, 4, 1.0], [3, 18, 1.0], [3, 19, 1.0], [4, 5, 1.0], [4, 20, 1.0], [4, 21, 1.0], [5, 6, 1.0], [5, 22, 1.0], [5, 23, 1.0], [6, 7, 1.0], [6, 24, 1.0], [6, 25, 1.0], [7, 8, 2.0], [7, 9, 1.0], [9, 10, 1.0], [10, 26, 1.0], [10, 27, 1.0], [10, 28, 1.0]], "fix_com": true, "fix_orientation": true, "provenance": {"creator": "QCElemental", "version": "v0.22.0", "routine": "qcelemental.molparse.from_schema"}, "id": "208158"}, "charge": 0, "optimize_geometry": false, "conformers": [], "conformer_generation_options": {"n_conformer_pool": 4000, "n_max_conformers": 0, "rms_tolerance": 0.05, "energy_window": 15, "keep_original_conformer": true}, "stage_1_unrestrained_charges": null, "stage_1_restrained_charges": null, "stage_2_unrestrained_charges": null, "stage_2_restrained_charges": null, "keep_original_orientation": false, "reorientations": [], "translations": [], "rotations": []}}, {"index": 1, "molecule": {"qcmol": {"schema_name": "qcschema_molecule", "schema_version": 2, "validated": true, "symbols": ["C", "C", "C", "C", "C", "C", "C", "C", "O", "O", "C", "H", "H", "H", "H", "H", "H", "H", "H", "H", "H", "H", "H", "H", "H", "H", "H", "H", "H"], "geometry": [[0.0, 0.0, 0.0], [2.8907020712338816, -3.140182584849632e-16, 3.8274103168283594e-19], [4.089077043056438, 2.6399153166904297, 2.220446049250313e-16], [3.4813346745437435, 4.31834216937329, -2.2881572255547615], [4.241795393742704, 3.27135396646863, -4.882471933794723], [7.082721061664527, 2.835305216530407, -5.2070218352951745], [7.747233780541467, 2.0082879015523964, -7.908747405309173], [10.549366436938048, 1.622272454890048, -8.254382857268524], [11.896180774193608, 2.9530593462578714, -9.464326005377712], [11.37462437785209, -0.3937341070037568, -7.009534226304537], [13.993729465593384, -0.9214662414298518, -7.1540245516347785], [-0.7282988093878323, -1.910941200492429, 0.1635197170795789], [-0.7685630284552804, 0.8044046022963691, -1.7227057242495534], [-0.7382176809773742, 1.0859288068816533, 1.57890771531754], [3.550719223001586, -0.9965647964838984, 1.6710418835952399], [3.572358606764765, -1.08544665094478, -1.6052050867476824], [6.125017220671868, 2.4353948351974988, 0.1771639075308058], [3.478651391813692, 3.6346517312563362, 1.6932330806356548], [4.4121904373358145, 6.131349540956807, -2.015381832669995], [1.4687825054537065, 4.723995217368664, -2.3194585310026348], [3.2397559764273405, 1.5172052089443826, -5.258783296994384], [3.609705689902576, 4.602500418842617, -6.315690107748322], [7.7430709096126655, 1.4080769105643578, -3.8942256384391474], [8.095421955574368, 4.568926818815864, -4.765546439164883], [7.157728374819989, 3.4231729551484413, -9.262682531482767], [6.791254820630529, 0.2473342084440171, -8.347538047653877], [15.082004300652454, 0.6322166937742462, -6.398401303162342], [14.552531232279762, -1.2533400838973816, -9.089604008340814], [14.287475051502568, -2.6006523567202047, -6.035598107536068]], "name": "C9H18O2", "identifiers": {"molecule_hash": "d25fbf6cb7b6549bbc4ee64796f8cddab941090c", "molecular_formula": "C9H18O2"}, "molecular_charge": 0.0, "molecular_multiplicity": 1, "connectivity": [[0, 1, 1.0], [0, 11, 1.0], [0, 12, 1.0], [0, 13, 1.0], [1, 2, 1.0], [1, 14, 1.0], [1, 15, 1.0], [2, 3, 1.0], [2, 16, 1.0], [2, 17, 1.0], [3, 4, 1.0], [3, 18, 1.0], [3, 19, 1.0], [4, 5, 1.0], [4, 20, 1.0], [4, 21, 1.0], [5, 6, 1.0], [5, 22, 1.0], [5, 23, 1.0], [6, 7, 1.0], [6, 24, 1.0], [6, 25, 1.0], [7, 8, 2.0], [7, 9, 1.0], [9, 10, 1.0], [10, 26, 1.0], [10, 27, 1.0], [10, 28, 1.0]], "fix_com": true, "fix_orientation": true, "provenance": {"creator": "QCElemental", "version": "v0.22.0", "routine": "qcelemental.molparse.from_schema"}, "id": "208158"}, "charge": 0, "optimize_geometry": false, "conformers": [], "conformer_generation_options": {"n_conformer_pool": 4000, "n_max_conformers": 0, "rms_tolerance": 0.05, "energy_window": 15, "keep_original_conformer": true}, "stage_1_unrestrained_charges": null, "stage_1_restrained_charges": null, "stage_2_unrestrained_charges": null, "stage_2_restrained_charges": null, "keep_original_orientation": false, "reorientations": [], "translations": [], "rotations": []}}, {"index": 2, "molecule": {"qcmol": {"schema_name": "qcschema_molecule", "schema_version": 2, "validated": true, "symbols": ["C", "C", "C", "C", "C", "C", "C", "C", "O", "O", "C", "H", "H", "H", "H", "H", "H", "H", "H", "H", "H", "H", "H", "H", "H", "H", "H", "H", "H"], "geometry": [[0.0, 0.0, 0.0], [2.8907020712338816, -3.140182584849632e-16, 3.8274103168283594e-19], [4.089077043056438, 2.6399153166904297, 2.220446049250313e-16], [3.4813346745437435, 4.31834216937329, -2.2881572255547615], [4.241795393742704, 3.27135396646863, -4.882471933794723], [7.082721061664527, 2.835305216530407, -5.2070218352951745], [7.747233780541467, 2.0082879015523964, -7.908747405309173], [10.549366436938048, 1.622272454890048, -8.254382857268524], [11.896180774193608, 2.9530593462578714, -9.464326005377712], [11.37462437785209, -0.3937341070037568, -7.009534226304537], [13.993729465593384, -0.9214662414298518, -7.1540245516347785], [-0.7282988093878323, -1.910941200492429, 0.1635197170795789], [-0.7685630284552804, 0.8044046022963691, -1.7227057242495534], [-0.7382176809773742, 1.0859288068816533, 1.57890771531754], [3.550719223001586, -0.9965647964838984, 1.6710418835952399], [3.572358606764765, -1.08544665094478, -1.6052050867476824], [6.125017220671868, 2.4353948351974988, 0.1771639075308058], [3.478651391813692, 3.6346517312563362, 1.6932330806356548], [4.4121904373358145, 6.131349540956807, -2.015381832669995], [1.4687825054537065, 4.723995217368664, -2.3194585310026348], [3.2397559764273405, 1.5172052089443826, -5.258783296994384], [3.609705689902576, 4.602500418842617, -6.315690107748322], [7.7430709096126655, 1.4080769105643578, -3.8942256384391474], [8.095421955574368, 4.568926818815864, -4.765546439164883], [7.157728374819989, 3.4231729551484413, -9.262682531482767], [6.791254820630529, 0.2473342084440171, -8.347538047653877], [15.082004300652454, 0.6322166937742462, -6.398401303162342], [14.552531232279762, -1.2533400838973816, -9.089604008340814], [14.287475051502568, -2.6006523567202047, -6.035598107536068]], "name": "C9H18O2", "identifiers": {"molecule_hash": "d25fbf6cb7b6549bbc4ee64796f8cddab941090c", "molecular_formula": "C9H18O2"}, "molecular_charge": 0.0, "molecular_multiplicity": 1, "connectivity": [[0, 1, 1.0], [0, 11, 1.0], [0, 12, 1.0], [0, 13, 1.0], [1, 2, 1.0], [1, 14, 1.0], [1, 15, 1.0], [2, 3, 1.0], [2, 16, 1.0], [2, 17, 1.0], [3, 4, 1.0], [3, 18, 1.0], [3, 19, 1.0], [4, 5, 1.0], [4, 20, 1.0], [4, 21, 1.0], [5, 6, 1.0], [5, 22, 1.0], [5, 23, 1.0], [6, 7, 1.0], [6, 24, 1.0], [6, 25, 1.0], [7, 8, 2.0], [7, 9, 1.0], [9, 10, 1.0], [10, 26, 1.0], [10, 27, 1.0], [10, 28, 1.0]], "fix_com": true, "fix_orientation": true, "provenance": {"creator": "QCElemental", "version": "v0.22.0", "routine": "qcelemental.molparse.from_schema"}, "id": "208158"}, "charge": 0, "optimize_geometry": false, "conformers": [], "conformer_generation_options": {"n_conformer_pool": 4000, "n_max_conformers": 0, "rms_tolerance": 0.05, "energy_window": 15, "keep_original_conformer": true}, "stage_1_unrestrained_charges": null, "stage_1_restrained_charges": null, "stage_2_unrestrained_charges": null, "stage_2_restrained_charges": null, "keep_original_orientation": false, "reorientations": [], "translations": [], "rotations": []}}, {"index": 3, "molecule": {"qcmol": {"schema_name": "qcschema_molecule", "schema_version": 2, "validated": true, "symbols": ["C", "C", "C", "C", "C", "C", "C", "C", "O", "O", "C", "H", "H", "H", "H", "H", "H", "H", "H", "H", "H", "H", "H", "H", "H", "H", "H", "H", "H"], "geometry": [[0.0, 0.0, 0.0], [2.8907020712338816, -3.140182584849632e-16, 3.8274103168283594e-19], [4.089077043056438, 2.6399153166904297, 2.220446049250313e-16], [3.4813346745437435, 4.31834216937329, -2.2881572255547615], [4.241795393742704, 3.27135396646863, -4.882471933794723], [7.082721061664527, 2.835305216530407, -5.2070218352951745], [7.747233780541467, 2.0082879015523964, -7.908747405309173], [10.549366436938048, 1.622272454890048, -8.254382857268524], [11.896180774193608, 2.9530593462578714, -9.464326005377712], [11.37462437785209, -0.3937341070037568, -7.009534226304537], [13.993729465593384, -0.9214662414298518, -7.1540245516347785], [-0.7282988093878323, -1.910941200492429, 0.1635197170795789], [-0.7685630284552804, 0.8044046022963691, -1.7227057242495534], [-0.7382176809773742, 1.0859288068816533, 1.57890771531754], [3.550719223001586, -0.9965647964838984, 1.6710418835952399], [3.572358606764765, -1.08544665094478, -1.6052050867476824], [6.125017220671868, 2.4353948351974988, 0.1771639075308058], [3.478651391813692, 3.6346517312563362, 1.6932330806356548], [4.4121904373358145, 6.131349540956807, -2.015381832669995], [1.4687825054537065, 4.723995217368664, -2.3194585310026348], [3.2397559764273405, 1.5172052089443826, -5.258783296994384], [3.609705689902576, 4.602500418842617, -6.315690107748322], [7.7430709096126655, 1.4080769105643578, -3.8942256384391474], [8.095421955574368, 4.568926818815864, -4.765546439164883], [7.157728374819989, 3.4231729551484413, -9.262682531482767], [6.791254820630529, 0.2473342084440171, -8.347538047653877], [15.082004300652454, 0.6322166937742462, -6.398401303162342], [14.552531232279762, -1.2533400838973816, -9.089604008340814], [14.287475051502568, -2.6006523567202047, -6.035598107536068]], "name": "C9H18O2", "identifiers": {"molecule_hash": "d25fbf6cb7b6549bbc4ee64796f8cddab941090c", "molecular_formula": "C9H18O2"}, "molecular_charge": 0.0, "molecular_multiplicity": 1, "connectivity": [[0, 1, 1.0], [0, 11, 1.0], [0, 12, 1.0], [0, 13, 1.0], [1, 2, 1.0], [1, 14, 1.0], [1, 15, 1.0], [2, 3, 1.0], [2, 16, 1.0], [2, 17, 1.0], [3, 4, 1.0], [3, 18, 1.0], [3, 19, 1.0], [4, 5, 1.0], [4, 20, 1.0], [4, 21, 1.0], [5, 6, 1.0], [5, 22, 1.0], [5, 23, 1.0], [6, 7, 1.0], [6, 24, 1.0], [6, 25, 1.0], [7, 8, 2.0], [7, 9, 1.0], [9, 10, 1.0], [10, 26, 1.0], [10, 27, 1.0], [10, 28, 1.0]], "fix_com": true, "fix_orientation": true, "provenance": {"creator": "QCElemental", "version": "v0.22.0", "routine": "qcelemental.molparse.from_schema"}, "id": "208158"}, "charge": 0, "optimize_geometry": false, "conformers": [], "conformer_generation_options": {"n_conformer_pool": 4000, "n_max_conformers": 0, "rms_tolerance": 0.05, "energy_window": 15, "keep_original_conformer": true}, "stage_1_unrestrained_charges": null, "stage_1_restrained_charges": null, "stage_2_unrestrained_charges": null, "stage_2_restrained_charges": null, "keep_original_orientation": false, "reorientations": [], "translations": [], "rotations": []}}, {"index": 4, "molecule": {"qcmol": {"schema_name": "qcschema_molecule", "schema_version": 2, "validated": true, "symbols": ["C", "C", "C", "C", "C", "C", "C", "C", "O", "O", "C", "H", "H", "H", "H", "H", "H", "H", "H", "H", "H", "H", "H", "H", "H", "H", "H", "H", "H"], "geometry": [[0.0, 0.0, 0.0], [2.8907020712338816, -3.140182584849632e-16, 3.8274103168283594e-19], [4.089077043056438, 2.6399153166904297, 2.220446049250313e-16], [3.4813346745437435, 4.31834216937329, -2.2881572255547615], [4.241795393742704, 3.27135396646863, -4.882471933794723], [7.082721061664527, 2.835305216530407, -5.2070218352951745], [7.747233780541467, 2.0082879015523964, -7.908747405309173], [10.549366436938048, 1.622272454890048, -8.254382857268524], [11.896180774193608, 2.9530593462578714, -9.464326005377712], [11.37462437785209, -0.3937341070037568, -7.009534226304537], [13.993729465593384, -0.9214662414298518, -7.1540245516347785], [-0.7282988093878323, -1.910941200492429, 0.1635197170795789], [-0.7685630284552804, 0.8044046022963691, -1.7227057242495534], [-0.7382176809773742, 1.0859288068816533, 1.57890771531754], [3.550719223001586, -0.9965647964838984, 1.6710418835952399], [3.572358606764765, -1.08544665094478, -1.6052050867476824], [6.125017220671868, 2.4353948351974988, 0.1771639075308058], [3.478651391813692, 3.6346517312563362, 1.6932330806356548], [4.4121904373358145, 6.131349540956807, -2.015381832669995], [1.4687825054537065, 4.723995217368664, -2.3194585310026348], [3.2397559764273405, 1.5172052089443826, -5.258783296994384], [3.609705689902576, 4.602500418842617, -6.315690107748322], [7.7430709096126655, 1.4080769105643578, -3.8942256384391474], [8.095421955574368, 4.568926818815864, -4.765546439164883], [7.157728374819989, 3.4231729551484413, -9.262682531482767], [6.791254820630529, 0.2473342084440171, -8.347538047653877], [15.082004300652454, 0.6322166937742462, -6.398401303162342], [14.552531232279762, -1.2533400838973816, -9.089604008340814], [14.287475051502568, -2.6006523567202047, -6.035598107536068]], "name": "C9H18O2", "identifiers": {"molecule_hash": "d25fbf6cb7b6549bbc4ee64796f8cddab941090c", "molecular_formula": "C9H18O2"}, "molecular_charge": 0.0, "molecular_multiplicity": 1, "connectivity": [[0, 1, 1.0], [0, 11, 1.0], [0, 12, 1.0], [0, 13, 1.0], [1, 2, 1.0], [1, 14, 1.0], [1, 15, 1.0], [2, 3, 1.0], [2, 16, 1.0], [2, 17, 1.0], [3, 4, 1.0], [3, 18, 1.0], [3, 19, 1.0], [4, 5, 1.0], [4, 20, 1.0], [4, 21, 1.0], [5, 6, 1.0], [5, 22, 1.0], [5, 23, 1.0], [6, 7, 1.0], [6, 24, 1.0], [6, 25, 1.0], [7, 8, 2.0], [7, 9, 1.0], [9, 10, 1.0], [10, 26, 1.0], [10, 27, 1.0], [10, 28, 1.0]], "fix_com": true, "fix_orientation": true, "provenance": {"creator": "QCElemental", "version": "v0.22.0", "routine": "qcelemental.molparse.from_schema"}, "id": "208158"}, "charge": 0, "optimize_geometry": false, "conformers": [], "conformer_generation_options": {"n_conformer_pool": 4000, "n_max_conformers": 0, "rms_tolerance": 0.05, "energy_window": 15, "keep_original_conformer": true}, "stage_1_unrestrained_charges": null, "stage_1_restrained_charges": null, "stage_2_unrestrained_charges": null, "stage_2_restrained_charges": null, "keep_original_orientation": false, "reorientations": [], "translations": [], "rotations": []}}, {"index": 5, "molecule": {"qcmol": {"schema_name": "qcschema_molecule", "schema_version": 2, "validated": true, "symbols": ["C", "C", "C", "C", "C", "C", "C", "C", "O", "O", "C", "H", "H", "H", "H", "H", "H", "H", "H", "H", "H", "H", "H", "H", "H", "H", "H", "H", "H"], "geometry": [[0.0, 0.0, 0.0], [2.8907020712338816, -3.140182584849632e-16, 3.8274103168283594e-19], [4.089077043056438, 2.6399153166904297, 2.220446049250313e-16], [3.4813346745437435, 4.31834216937329, -2.2881572255547615], [4.241795393742704, 3.27135396646863, -4.882471933794723], [7.082721061664527, 2.835305216530407, -5.2070218352951745], [7.747233780541467, 2.0082879015523964, -7.908747405309173], [10.549366436938048, 1.622272454890048, -8.254382857268524], [11.896180774193608, 2.9530593462578714, -9.464326005377712], [11.37462437785209, -0.3937341070037568, -7.009534226304537], [13.993729465593384, -0.9214662414298518, -7.1540245516347785], [-0.7282988093878323, -1.910941200492429, 0.1635197170795789], [-0.7685630284552804, 0.8044046022963691, -1.7227057242495534], [-0.7382176809773742, 1.0859288068816533, 1.57890771531754], [3.550719223001586, -0.9965647964838984, 1.6710418835952399], [3.572358606764765, -1.08544665094478, -1.6052050867476824], [6.125017220671868, 2.4353948351974988, 0.1771639075308058], [3.478651391813692, 3.6346517312563362, 1.6932330806356548], [4.4121904373358145, 6.131349540956807, -2.015381832669995], [1.4687825054537065, 4.723995217368664, -2.3194585310026348], [3.2397559764273405, 1.5172052089443826, -5.258783296994384], [3.609705689902576, 4.602500418842617, -6.315690107748322], [7.7430709096126655, 1.4080769105643578, -3.8942256384391474], [8.095421955574368, 4.568926818815864, -4.765546439164883], [7.157728374819989, 3.4231729551484413, -9.262682531482767], [6.791254820630529, 0.2473342084440171, -8.347538047653877], [15.082004300652454, 0.6322166937742462, -6.398401303162342], [14.552531232279762, -1.2533400838973816, -9.089604008340814], [14.287475051502568, -2.6006523567202047, -6.035598107536068]], "name": "C9H18O2", "identifiers": {"molecule_hash": "d25fbf6cb7b6549bbc4ee64796f8cddab941090c", "molecular_formula": "C9H18O2"}, "molecular_charge": 0.0, "molecular_multiplicity": 1, "connectivity": [[0, 1, 1.0], [0, 11, 1.0], [0, 12, 1.0], [0, 13, 1.0], [1, 2, 1.0], [1, 14, 1.0], [1, 15, 1.0], [2, 3, 1.0], [2, 16, 1.0], [2, 17, 1.0], [3, 4, 1.0], [3, 18, 1.0], [3, 19, 1.0], [4, 5, 1.0], [4, 20, 1.0], [4, 21, 1.0], [5, 6, 1.0], [5, 22, 1.0], [5, 23, 1.0], [6, 7, 1.0], [6, 24, 1.0], [6, 25, 1.0], [7, 8, 2.0], [7, 9, 1.0], [9, 10, 1.0], [10, 26, 1.0], [10, 27, 1.0], [10, 28, 1.0]], "fix_com": true, "fix_orientation": true, "provenance": {"creator": "QCElemental", "version": "v0.22.0", "routine": "qcelemental.molparse.from_schema"}, "id": "208158"}, "charge": 0, "optimize_geometry": false, "conformers": [], "conformer_generation_options": {"n_conformer_pool": 4000, "n_max_conformers": 0, "rms_tolerance": 0.05, "energy_window": 15, "keep_original_conformer": true}, "stage_1_unrestrained_charges": null, "stage_1_restrained_charges": null, "stage_2_unrestrained_charges": null, "stage_2_restrained_charges": null, "keep_original_orientation": false, "reorientations": [], "translations": [], "rotations": []}}, {"index": 6, "molecule": {"qcmol": {"schema_name": "qcschema_molecule", "schema_version": 2, "validated": true, "symbols": ["C", "C", "C", "C", "C", "C", "C", "C", "O", "O", "C", "H", "H", "H", "H", "H", "H", "H", "H", "H", "H", "H", "H", "H", "H", "H", "H", "H", "H"], "geometry": [[0.0, 0.0, 0.0], [2.8907020712338816, -3.140182584849632e-16, 3.8274103168283594e-19], [4.089077043056438, 2.6399153166904297, 2.220446049250313e-16], [3.4813346745437435, 4.31834216937329, -2.2881572255547615], [4.241795393742704, 3.27135396646863, -4.882471933794723], [7.082721061664527, 2.835305216530407, -5.2070218352951745], [7.747233780541467, 2.0082879015523964, -7.908747405309173], [10.549366436938048, 1.622272454890048, -8.254382857268524], [11.896180774193608, 2.9530593462578714, -9.464326005377712], [11.37462437785209, -0.3937341070037568, -7.009534226304537], [13.993729465593384, -0.9214662414298518, -7.1540245516347785], [-0.7282988093878323, -1.910941200492429, 0.1635197170795789], [-0.7685630284552804, 0.8044046022963691, -1.7227057242495534], [-0.7382176809773742, 1.0859288068816533, 1.57890771531754], [3.550719223001586, -0.9965647964838984, 1.6710418835952399], [3.572358606764765, -1.08544665094478, -1.6052050867476824], [6.125017220671868, 2.4353948351974988, 0.1771639075308058], [3.478651391813692, 3.6346517312563362, 1.6932330806356548], [4.4121904373358145, 6.131349540956807, -2.015381832669995], [1.4687825054537065, 4.723995217368664, -2.3194585310026348], [3.2397559764273405, 1.5172052089443826, -5.258783296994384], [3.609705689902576, 4.602500418842617, -6.315690107748322], [7.7430709096126655, 1.4080769105643578, -3.8942256384391474], [8.095421955574368, 4.568926818815864, -4.765546439164883], [7.157728374819989, 3.4231729551484413, -9.262682531482767], [6.791254820630529, 0.2473342084440171, -8.347538047653877], [15.082004300652454, 0.6322166937742462, -6.398401303162342], [14.552531232279762, -1.2533400838973816, -9.089604008340814], [14.287475051502568, -2.6006523567202047, -6.035598107536068]], "name": "C9H18O2", "identifiers": {"molecule_hash": "d25fbf6cb7b6549bbc4ee64796f8cddab941090c", "molecular_formula": "C9H18O2"}, "molecular_charge": 0.0, "molecular_multiplicity": 1, "connectivity": [[0, 1, 1.0], [0, 11, 1.0], [0, 12, 1.0], [0, 13, 1.0], [1, 2, 1.0], [1, 14, 1.0], [1, 15, 1.0], [2, 3, 1.0], [2, 16, 1.0], [2, 17, 1.0], [3, 4, 1.0], [3, 18, 1.0], [3, 19, 1.0], [4, 5, 1.0], [4, 20, 1.0], [4, 21, 1.0], [5, 6, 1.0], [5, 22, 1.0], [5, 23, 1.0], [6, 7, 1.0], [6, 24, 1.0], [6, 25, 1.0], [7, 8, 2.0], [7, 9, 1.0], [9, 10, 1.0], [10, 26, 1.0], [10, 27, 1.0], [10, 28, 1.0]], "fix_com": true, "fix_orientation": true, "provenance": {"creator": "QCElemental", "version": "v0.22.0", "routine": "qcelemental.molparse.from_schema"}, "id": "208158"}, "charge": 0, "optimize_geometry": false, "conformers": [], "conformer_generation_options": {"n_conformer_pool": 4000, "n_max_conformers": 0, "rms_tolerance": 0.05, "energy_window": 15, "keep_original_conformer": true}, "stage_1_unrestrained_charges": null, "stage_1_restrained_charges": null, "stage_2_unrestrained_charges": null, "stage_2_restrained_charges": null, "keep_original_orientation": false, "reorientations": [], "translations": [], "rotations": []}}, {"index": 10, "molecule": {"qcmol": {"schema_name": "qcschema_molecule", "schema_version": 2, "validated": true, "symbols": ["C", "C", "C", "C", "C", "C", "C", "C", "O", "O", "C", "H", "H", "H", "H", "H", "H", "H", "H", "H", "H", "H", "H", "H", "H", "H", "H", "H", "H"], "geometry": [[0.0, 0.0, 0.0], [2.8907020712338816, -3.140182584849632e-16, 3.8274103168283594e-19], [4.089077043056438, 2.6399153166904297, 2.220446049250313e-16], [3.4813346745437435, 4.31834216937329, -2.2881572255547615], [4.241795393742704, 3.27135396646863, -4.882471933794723], [7.082721061664527, 2.835305216530407, -5.2070218352951745], [7.747233780541467, 2.0082879015523964, -7.908747405309173], [10.549366436938048, 1.622272454890048, -8.254382857268524], [11.896180774193608, 2.9530593462578714, -9.464326005377712], [11.37462437785209, -0.3937341070037568, -7.009534226304537], [13.993729465593384, -0.9214662414298518, -7.1540245516347785], [-0.7282988093878323, -1.910941200492429, 0.1635197170795789], [-0.7685630284552804, 0.8044046022963691, -1.7227057242495534], [-0.7382176809773742, 1.0859288068816533, 1.57890771531754], [3.550719223001586, -0.9965647964838984, 1.6710418835952399], [3.572358606764765, -1.08544665094478, -1.6052050867476824], [6.125017220671868, 2.4353948351974988, 0.1771639075308058], [3.478651391813692, 3.6346517312563362, 1.6932330806356548], [4.4121904373358145, 6.131349540956807, -2.015381832669995], [1.4687825054537065, 4.723995217368664, -2.3194585310026348], [3.2397559764273405, 1.5172052089443826, -5.258783296994384], [3.609705689902576, 4.602500418842617, -6.315690107748322], [7.7430709096126655, 1.4080769105643578, -3.8942256384391474], [8.095421955574368, 4.568926818815864, -4.765546439164883], [7.157728374819989, 3.4231729551484413, -9.262682531482767], [6.791254820630529, 0.2473342084440171, -8.347538047653877], [15.082004300652454, 0.6322166937742462, -6.398401303162342], [14.552531232279762, -1.2533400838973816, -9.089604008340814], [14.287475051502568, -2.6006523567202047, -6.035598107536068]], "name": "C9H18O2", "identifiers": {"molecule_hash": "d25fbf6cb7b6549bbc4ee64796f8cddab941090c", "molecular_formula": "C9H18O2"}, "molecular_charge": 0.0, "molecular_multiplicity": 1, "connectivity": [[0, 1, 1.0], [0, 11, 1.0], [0, 12, 1.0], [0, 13, 1.0], [1, 2, 1.0], [1, 14, 1.0], [1, 15, 1.0], [2, 3, 1.0], [2, 16, 1.0], [2, 17, 1.0], [3, 4, 1.0], [3, 18, 1.0], [3, 19, 1.0], [4, 5, 1.0], [4, 20, 1.0], [4, 21, 1.0], [5, 6, 1.0], [5, 22, 1.0], [5, 23, 1.0], [6, 7, 1.0], [6, 24, 1.0], [6, 25, 1.0], [7, 8, 2.0], [7, 9, 1.0], [9, 10, 1.0], [10, 26, 1.0], [10, 27, 1.0], [10, 28, 1.0]], "fix_com": true, "fix_orientation": true, "provenance": {"creator": "QCElemental", "version": "v0.22.0", "routine": "qcelemental.molparse.from_schema"}, "id": "208158"}, "charge": 0, "optimize_geometry": false, "conformers": [], "conformer_generation_options": {"n_conformer_pool": 4000, "n_max_conformers": 0, "rms_tolerance": 0.05, "energy_window": 15, "keep_original_conformer": true}, "stage_1_unrestrained_charges": null, "stage_1_restrained_charges": null, "stage_2_unrestrained_charges": null, "stage_2_restrained_charges": null, "keep_original_orientation": false, "reorientations": [], "translations": [], "rotations": []}}]}, "surface_constraints": {"matrix": [[581363460491210.6, 562808409207540.8, 542871708480760.4, 524131135182867.2, 500564719862319.8, 479646046328747.44, 469009814886893.8, 461548713431618.2, 458265853457665.0, 452971735083166.75, 429290264295724.94, 583188596600092.1, 584524860284683.2, 584057297017486.4, 559201600044378.7, 560522572325915.4, 540705549536850.3, 539197147271721.06, 519341698501620.25, 529229336145403.7, 500507362241552.94, 495591822377076.9, 475994865722876.44, 471995534432456.75, 466734913028922.44, 464178519256296.8, 427389198570802.3, 416172036102919.7, 423495752531260.6], [562808409207540.8, 575305374422396.9, 561897259170598.44, 540507560295420.5, 518640367679909.75, 496649941266253.25, 481829273200575.3, 471521076707807.7, 468304508673225.4, 459817729619913.8, 433147203611001.8, 556774447157608.75, 558053710797170.56, 557469645561752.94, 581416813503897.5, 581863529245037.8, 562670180693696.56, 561760999365068.44, 536966066365308.5, 540627626026319.25, 520185098126295.94, 513760029695280.4, 492757098551010.6, 491537739114472.3, 479691514659423.2, 475757476153162.0, 429337605666440.5, 419957121107391.2, 427193932684052.9], [542871708480760.4, 561897259170598.44, 576756482234738.5, 561704957816329.56, 543099735540528.9, 518512222995331.3, 503115165823371.6, 491865673380563.4, 487414350206918.1, 479337903346203.0, 450579116641513.44, 538379570194490.56, 535534566075102.5, 535199545031680.1, 560509875257289.25, 559614369406451.6, 585665159342954.9, 585233764511242.8, 561557004238226.06, 559620824141781.9, 545987670232333.6, 540867607690890.0, 512212862600811.3, 514021315344959.0, 502925715692675.25, 494956033000067.2, 446888792860337.9, 437160401846415.6, 442888296985582.2], [524131135182867.2, 540507560295420.5, 561704957816329.56, 574321160631652.8, 561461445516535.5, 541334896084814.2, 523531990592541.6, 505423279481524.1, 499205850922159.1, 489236406831769.2, 456440252218171.6, 525422246540622.75, 516484355254258.1, 513540369262356.06, 527472554193192.9, 544095283909007.25, 562241505373822.8, 562135899939773.3, 582687450584014.2, 580523007221152.8, 561317971214086.1, 562045899341495.1, 533930378151487.8, 542549729011705.25, 525350191990775.0, 516415818631569.75, 450333838088757.0, 443120216930925.75, 448158353086224.8], [500564719862319.8, 518640367679909.75, 543099735540528.9, 561461445516535.5, 575667557229500.4, 561136694627719.25, 542838693613313.06, 528918146951523.1, 525402642837471.25, 511530335173904.9, 478820246406235.6, 500729567068251.94, 492940883829718.7, 490169284386217.9, 504492982268668.5, 523337927678402.44, 546291564097595.6, 540132251773973.8, 561568491545998.56, 559264047343835.1, 583946027549117.5, 584832710057577.6, 559229519437628.94, 560928392162234.94, 541926577562440.0, 534117322587124.6, 472187871793430.94, 464792149548705.8, 471231735283542.6], [479646046328747.44, 496649941266253.25, 518512222995331.3, 541334896084814.2, 561136694627719.25, 574418633401372.8, 562081145494985.94, 544273133645671.2, 536794590644614.8, 528271378809655.25, 491474069029012.1, 480679458367074.3, 472718892819204.8, 468865514745236.0, 480422602831411.8, 505111475076351.25, 520714218938947.25, 511681002050523.56, 538816594718946.06, 542171927213204.7, 561160712354609.2, 561747349949978.6, 580416190161426.6, 583144589141816.0, 560497084594819.9, 560705540286986.94, 483418440767378.06, 476985210041390.75, 482644264279492.6], [469009814886893.8, 481829273200575.3, 503115165823371.6, 523531990592541.6, 542838693613313.06, 562081145494985.94, 577788342370874.8, 565194266348698.9, 554447005903804.06, 554687574028196.06, 516767534336327.44, 471550303017781.44, 463233331694378.2, 459158770098891.06, 464523165486791.7, 488563690998690.94, 505781412361809.1, 497479150920090.8, 518728051729864.5, 525606493209417.9, 541895745550892.5, 540347697429783.9, 560088588355784.4, 562526622758294.7, 585265237201632.1, 585241901345430.4, 506199948324971.94, 505676378248369.2, 505740745845629.5], [461548713431618.2, 471521076707807.7, 491865673380563.4, 505423279481524.1, 528918146951523.1, 544273133645671.2, 565194266348698.9, 578918141274954.2, 580375262522832.6, 573899360643941.0, 551016222357887.7, 463892237480048.6, 455558456869672.3, 454567364224422.1, 455769124336065.0, 475744866022824.94, 497341038002614.25, 487988163825498.6, 497864043059380.4, 501551973398654.56, 534398866208149.5, 527043575868032.4, 543874223431756.25, 536871422397097.2, 564639222019884.0, 565261877798117.2, 543474244049062.6, 543866201283966.0, 542592145332366.94], [458265853457665.0, 468304508673225.4, 487414350206918.1, 499205850922159.1, 525402642837471.25, 536794590644614.8, 554447005903804.06, 580375262522832.6, 604556340708843.2, 562081322756566.4, 550267336093167.75, 460063006757295.44, 451075344208205.44, 453011905598972.75, 453825186393855.5, 472319344892450.94, 492276560379882.7, 484362740036982.9, 491817863548519.8, 491783444793851.9, 535912815198793.8, 523964776340146.8, 536721713039691.25, 528281423436951.25, 548100892120104.5, 549205891408762.2, 544405164243082.3, 548310607232370.9, 543354953095036.1], [452971735083166.75, 459817729619913.8, 479337903346203.0, 489236406831769.2, 511530335173904.9, 528271378809655.25, 554687574028196.06, 573899360643941.0, 562081322756566.4, 593072769009523.5, 573586793840302.0, 455532019951658.44, 448939076859781.4, 446461522742932.75, 444215424603108.9, 462470955148337.44, 487228967472874.75, 475620374973255.06, 479818980472815.0, 485345944456008.25, 515537797626760.06, 509096272077583.06, 529905374347163.6, 516443372302410.75, 555784283698165.8, 553889045964915.4, 568021879901111.0, 563700785689753.1, 567231211383045.0], [429290264295724.94, 433147203611001.8, 450579116641513.44, 456440252218171.6, 478820246406235.6, 491474069029012.1, 516767534336327.44, 551016222357887.7, 550267336093167.75, 573586793840302.0, 581933711663849.0, 431580561172380.94, 425169348373750.75, 425787457019506.5, 419253808088565.44, 433885407312739.56, 459228838017276.75, 447905282470549.56, 446496720970052.0, 449958629420813.2, 485862141708774.9, 477124696038732.2, 492870548254283.94, 477487621419500.56, 512506710294762.3, 511143220073444.1, 583407183890671.4, 579256476072885.2, 582252363812012.8], [583188596600092.1, 556774447157608.75, 538379570194490.56, 525422246540622.75, 500729567068251.94, 480679458367074.3, 471550303017781.44, 463892237480048.6, 460063006757295.44, 455532019951658.44, 431580561172380.94, 607370310037769.8, 578433984811417.5, 578300121039373.2, 545633373053064.94, 555023651405337.56, 536107710432233.6, 531027647266592.9, 523448720767992.44, 533179669127771.9, 500831404966369.94, 494198534660771.7, 477553358728675.56, 471713471729399.06, 468769104675110.6, 468548667034163.6, 428719750277585.75, 418888867861205.4, 425982025022354.4], [584524860284683.2, 558053710797170.56, 535534566075102.5, 516484355254258.1, 492940883829718.7, 472718892819204.8, 463233331694378.2, 455558456869672.3, 451075344208205.44, 448939076859781.4, 425169348373750.75, 578433984811417.5, 611110969706760.4, 578578689079771.5, 552157229563946.06, 554158362877591.8, 532370102280285.75, 531423288218135.0, 509813929995440.1, 523324580080970.94, 492360988725442.4, 487920560975788.7, 469231330420502.9, 464801708818328.44, 462000689841479.44, 458349435554029.1, 424621520991486.2, 411105856699528.25, 418927251808063.0], [584057297017486.4, 557469645561752.94, 535199545031680.1, 513540369262356.06, 490169284386217.9, 468865514745236.0, 459158770098891.06, 454567364224422.1, 453011905598972.75, 446461522742932.75, 425787457019506.5, 578300121039373.2, 578578689079771.5, 609839743608682.0, 555726498425698.0, 549068645456072.5, 532237994715793.8, 533299513156101.6, 507008613324335.2, 518100857448286.1, 489099150973450.5, 486830716461258.75, 464619579322816.44, 460984952858463.25, 456266581346432.1, 453666662736929.4, 424881934729471.06, 413477551585717.0, 420455726257098.1], [559201600044378.7, 581416813503897.5, 560509875257289.25, 527472554193192.9, 504492982268668.5, 480422602831411.8, 464523165486791.7, 455769124336065.0, 453825186393855.5, 444215424603108.9, 419253808088565.44, 545633373053064.94, 552157229563946.06, 555726498425698.0, 609423899615021.0, 579802744227274.2, 562786736253191.1, 562837575456406.06, 519807741517316.56, 524758961808381.4, 506229722598849.9, 500381958664614.0, 476850527044699.44, 474651545407680.4, 461074749295258.8, 457975319458253.2, 416372241963079.44, 406473351073827.1, 413417022584454.2], [560522572325915.4, 581863529245037.8, 559614369406451.6, 544095283909007.25, 523337927678402.44, 505111475076351.25, 488563690998690.94, 475744866022824.94, 472319344892450.94, 462470955148337.44, 433885407312739.56, 555023651405337.56, 554158362877591.8, 549068645456072.5, 579802744227274.2, 611588657219092.2, 554683036899413.06, 552798218584676.25, 543364733058379.44, 544421247555297.3, 525264754141682.56, 515930164332435.75, 503050870507720.1, 502072743770136.8, 486076848385590.25, 483518233812854.94, 427809022610629.3, 420562426813227.9, 429025981576082.25], [540705549536850.3, 562670180693696.56, 585665159342954.9, 562241505373822.8, 546291564097595.6, 520714218938947.25, 505781412361809.1, 497341038002614.25, 492276560379882.7, 487228967472874.75, 459228838017276.75, 536107710432233.6, 532370102280285.75, 532237994715793.8, 562786736253191.1, 554683036899413.06, 616540316681156.9, 585966643696494.1, 560153306341188.3, 552846933399430.56, 552880495953471.94, 543029360999414.6, 513685847656141.5, 516118663553968.3, 504758743188255.56, 496428762611571.75, 456706915156868.94, 445502665684232.75, 450973701904923.6], [539197147271721.06, 561760999365068.44, 585233764511242.8, 562135899939773.3, 540132251773973.8, 511681002050523.56, 497479150920090.8, 487988163825498.6, 484362740036982.9, 475620374973255.06, 447905282470549.56, 531027647266592.9, 531423288218135.0, 533299513156101.6, 562837575456406.06, 552798218584676.25, 585966643696494.1, 615595846721392.9, 559820457197223.56, 558544496315494.9, 542721113624151.75, 539176050464335.25, 505342518441140.7, 503483200215384.3, 498089573299636.94, 488253902085533.6, 445127623986879.44, 434603996319665.4, 439987717394869.1], [519341698501620.25, 536966066365308.5, 561557004238226.06, 582687450584014.2, 561568491545998.56, 538816594718946.06, 518728051729864.5, 497864043059380.4, 491817863548519.8, 479818980472815.0, 446496720970052.0, 523448720767992.44, 509813929995440.1, 5070086133