{"resp_b": 0.1, "restrained_fit": true, "exclude_hydrogens": true, "convergence_tolerance": 1e-06, "max_iter": 500, "resp_a": 0.0005, "charge_constraints": {"charge_sum_constraints": [], "charge_equivalence_constraints": [], "molecules": [{"qcmol": {"schema_name": "qcschema_molecule", "schema_version": 2, "validated": true, "symbols": ["C", "C", "C", "C", "C", "C", "C", "C", "O", "O", "C", "H", "H", "H", "H", "H", "H", "H", "H", "H", "H", "H", "H", "H", "H", "H", "H", "H", "H"], "geometry": [[0.0, 0.0, 0.0], [2.8907020712338816, -3.140182584849632e-16, 3.8274103168283594e-19], [4.089077043056438, 2.6399153166904297, 2.220446049250313e-16], [3.4813346745437435, 4.31834216937329, -2.2881572255547615], [4.241795393742704, 3.27135396646863, -4.882471933794723], [7.082721061664527, 2.835305216530407, -5.2070218352951745], [7.747233780541467, 2.0082879015523964, -7.908747405309173], [10.549366436938048, 1.622272454890048, -8.254382857268524], [11.896180774193608, 2.9530593462578714, -9.464326005377712], [11.37462437785209, -0.3937341070037568, -7.009534226304537], [13.993729465593384, -0.9214662414298518, -7.1540245516347785], [-0.7282988093878323, -1.910941200492429, 0.1635197170795789], [-0.7685630284552804, 0.8044046022963691, -1.7227057242495534], [-0.7382176809773742, 1.0859288068816533, 1.57890771531754], [3.550719223001586, -0.9965647964838984, 1.6710418835952399], [3.572358606764765, -1.08544665094478, -1.6052050867476824], [6.125017220671868, 2.4353948351974988, 0.1771639075308058], [3.478651391813692, 3.6346517312563362, 1.6932330806356548], [4.4121904373358145, 6.131349540956807, -2.015381832669995], [1.4687825054537065, 4.723995217368664, -2.3194585310026348], [3.2397559764273405, 1.5172052089443826, -5.258783296994384], [3.609705689902576, 4.602500418842617, -6.315690107748322], [7.7430709096126655, 1.4080769105643578, -3.8942256384391474], [8.095421955574368, 4.568926818815864, -4.765546439164883], [7.157728374819989, 3.4231729551484413, -9.262682531482767], [6.791254820630529, 0.2473342084440171, -8.347538047653877], [15.082004300652454, 0.6322166937742462, -6.398401303162342], [14.552531232279762, -1.2533400838973816, -9.089604008340814], [14.287475051502568, -2.6006523567202047, -6.035598107536068]], "name": "C9H18O2", "identifiers": {"molecule_hash": "d25fbf6cb7b6549bbc4ee64796f8cddab941090c", "molecular_formula": "C9H18O2"}, "molecular_charge": 0.0, "molecular_multiplicity": 1, "connectivity": [[0, 1, 1.0], [0, 11, 1.0], [0, 12, 1.0], [0, 13, 1.0], [1, 2, 1.0], [1, 14, 1.0], [1, 15, 1.0], [2, 3, 1.0], [2, 16, 1.0], [2, 17, 1.0], [3, 4, 1.0], [3, 18, 1.0], [3, 19, 1.0], [4, 5, 1.0], [4, 20, 1.0], [4, 21, 1.0], [5, 6, 1.0], [5, 22, 1.0], [5, 23, 1.0], [6, 7, 1.0], [6, 24, 1.0], [6, 25, 1.0], [7, 8, 2.0], [7, 9, 1.0], [9, 10, 1.0], [10, 26, 1.0], [10, 27, 1.0], [10, 28, 1.0]], "fix_com": true, "fix_orientation": true, "provenance": {"creator": "QCElemental", "version": "v0.22.0", "routine": "qcelemental.molparse.from_schema"}, "id": "208158"}, "charge": 0, "optimize_geometry": false, "conformers": [], "conformer_generation_options": {"n_conformer_pool": 4000, "n_max_conformers": 0, "rms_tolerance": 0.05, "energy_window": 15, "keep_original_conformer": true}, "stage_1_unrestrained_charges": null, "stage_1_restrained_charges": null, "stage_2_unrestrained_charges": null, "stage_2_restrained_charges": null, "keep_original_orientation": false, "reorientations": [], "translations": [], "rotations": []}], "unconstrained_atoms": [{"index": 0, "molecule": {"qcmol": {"schema_name": "qcschema_molecule", "schema_version": 2, "validated": true, "symbols": ["C", "C", "C", "C", "C", "C", "C", "C", "O", "O", "C", "H", "H", "H", "H", "H", "H", "H", "H", "H", "H", "H", "H", "H", "H", "H", "H", "H", "H"], "geometry": [[0.0, 0.0, 0.0], [2.8907020712338816, -3.140182584849632e-16, 3.8274103168283594e-19], [4.089077043056438, 2.6399153166904297, 2.220446049250313e-16], [3.4813346745437435, 4.31834216937329, -2.2881572255547615], [4.241795393742704, 3.27135396646863, -4.882471933794723], [7.082721061664527, 2.835305216530407, -5.2070218352951745], [7.747233780541467, 2.0082879015523964, -7.908747405309173], [10.549366436938048, 1.622272454890048, -8.254382857268524], [11.896180774193608, 2.9530593462578714, -9.464326005377712], [11.37462437785209, -0.3937341070037568, -7.009534226304537], [13.993729465593384, -0.9214662414298518, -7.1540245516347785], [-0.7282988093878323, -1.910941200492429, 0.1635197170795789], [-0.7685630284552804, 0.8044046022963691, -1.7227057242495534], [-0.7382176809773742, 1.0859288068816533, 1.57890771531754], [3.550719223001586, -0.9965647964838984, 1.6710418835952399], [3.572358606764765, -1.08544665094478, -1.6052050867476824], [6.125017220671868, 2.4353948351974988, 0.1771639075308058], [3.478651391813692, 3.6346517312563362, 1.6932330806356548], [4.4121904373358145, 6.131349540956807, -2.015381832669995], [1.4687825054537065, 4.723995217368664, -2.3194585310026348], [3.2397559764273405, 1.5172052089443826, -5.258783296994384], [3.609705689902576, 4.602500418842617, -6.315690107748322], [7.7430709096126655, 1.4080769105643578, -3.8942256384391474], [8.095421955574368, 4.568926818815864, -4.765546439164883], [7.157728374819989, 3.4231729551484413, -9.262682531482767], [6.791254820630529, 0.2473342084440171, -8.347538047653877], [15.082004300652454, 0.6322166937742462, -6.398401303162342], [14.552531232279762, -1.2533400838973816, -9.089604008340814], [14.287475051502568, -2.6006523567202047, -6.035598107536068]], "name": "C9H18O2", "identifiers": {"molecule_hash": "d25fbf6cb7b6549bbc4ee64796f8cddab941090c", "molecular_formula": "C9H18O2"}, "molecular_charge": 0.0, "molecular_multiplicity": 1, "connectivity": [[0, 1, 1.0], [0, 11, 1.0], [0, 12, 1.0], [0, 13, 1.0], [1, 2, 1.0], [1, 14, 1.0], [1, 15, 1.0], [2, 3, 1.0], [2, 16, 1.0], [2, 17, 1.0], [3, 4, 1.0], [3, 18, 1.0], [3, 19, 1.0], [4, 5, 1.0], [4, 20, 1.0], [4, 21, 1.0], [5, 6, 1.0], [5, 22, 1.0], [5, 23, 1.0], [6, 7, 1.0], [6, 24, 1.0], [6, 25, 1.0], [7, 8, 2.0], [7, 9, 1.0], [9, 10, 1.0], [10, 26, 1.0], [10, 27, 1.0], [10, 28, 1.0]], "fix_com": true, "fix_orientation": true, "provenance": {"creator": "QCElemental", "version": "v0.22.0", "routine": "qcelemental.molparse.from_schema"}, "id": "208158"}, "charge": 0, "optimize_geometry": false, "conformers": [], "conformer_generation_options": {"n_conformer_pool": 4000, "n_max_conformers": 0, "rms_tolerance": 0.05, "energy_window": 15, "keep_original_conformer": true}, "stage_1_unrestrained_charges": null, "stage_1_restrained_charges": null, "stage_2_unrestrained_charges": null, "stage_2_restrained_charges": null, "keep_original_orientation": false, "reorientations": [], "translations": [], "rotations": []}}, {"index": 1, "molecule": {"qcmol": {"schema_name": "qcschema_molecule", "schema_version": 2, "validated": true, "symbols": ["C", "C", "C", "C", "C", "C", "C", "C", "O", "O", "C", "H", "H", "H", "H", "H", "H", "H", "H", "H", "H", "H", "H", "H", "H", "H", "H", "H", "H"], "geometry": [[0.0, 0.0, 0.0], [2.8907020712338816, -3.140182584849632e-16, 3.8274103168283594e-19], [4.089077043056438, 2.6399153166904297, 2.220446049250313e-16], [3.4813346745437435, 4.31834216937329, -2.2881572255547615], [4.241795393742704, 3.27135396646863, -4.882471933794723], [7.082721061664527, 2.835305216530407, -5.2070218352951745], [7.747233780541467, 2.0082879015523964, -7.908747405309173], [10.549366436938048, 1.622272454890048, -8.254382857268524], [11.896180774193608, 2.9530593462578714, -9.464326005377712], [11.37462437785209, -0.3937341070037568, -7.009534226304537], [13.993729465593384, -0.9214662414298518, -7.1540245516347785], [-0.7282988093878323, -1.910941200492429, 0.1635197170795789], [-0.7685630284552804, 0.8044046022963691, -1.7227057242495534], [-0.7382176809773742, 1.0859288068816533, 1.57890771531754], [3.550719223001586, -0.9965647964838984, 1.6710418835952399], [3.572358606764765, -1.08544665094478, -1.6052050867476824], [6.125017220671868, 2.4353948351974988, 0.1771639075308058], [3.478651391813692, 3.6346517312563362, 1.6932330806356548], [4.4121904373358145, 6.131349540956807, -2.015381832669995], [1.4687825054537065, 4.723995217368664, -2.3194585310026348], [3.2397559764273405, 1.5172052089443826, -5.258783296994384], [3.609705689902576, 4.602500418842617, -6.315690107748322], [7.7430709096126655, 1.4080769105643578, -3.8942256384391474], [8.095421955574368, 4.568926818815864, -4.765546439164883], [7.157728374819989, 3.4231729551484413, -9.262682531482767], [6.791254820630529, 0.2473342084440171, -8.347538047653877], [15.082004300652454, 0.6322166937742462, -6.398401303162342], [14.552531232279762, -1.2533400838973816, -9.089604008340814], [14.287475051502568, -2.6006523567202047, -6.035598107536068]], "name": "C9H18O2", "identifiers": {"molecule_hash": "d25fbf6cb7b6549bbc4ee64796f8cddab941090c", "molecular_formula": "C9H18O2"}, "molecular_charge": 0.0, "molecular_multiplicity": 1, "connectivity": [[0, 1, 1.0], [0, 11, 1.0], [0, 12, 1.0], [0, 13, 1.0], [1, 2, 1.0], [1, 14, 1.0], [1, 15, 1.0], [2, 3, 1.0], [2, 16, 1.0], [2, 17, 1.0], [3, 4, 1.0], [3, 18, 1.0], [3, 19, 1.0], [4, 5, 1.0], [4, 20, 1.0], [4, 21, 1.0], [5, 6, 1.0], [5, 22, 1.0], [5, 23, 1.0], [6, 7, 1.0], [6, 24, 1.0], [6, 25, 1.0], [7, 8, 2.0], [7, 9, 1.0], [9, 10, 1.0], [10, 26, 1.0], [10, 27, 1.0], [10, 28, 1.0]], "fix_com": true, "fix_orientation": true, "provenance": {"creator": "QCElemental", "version": "v0.22.0", "routine": "qcelemental.molparse.from_schema"}, "id": "208158"}, "charge": 0, "optimize_geometry": false, "conformers": [], "conformer_generation_options": {"n_conformer_pool": 4000, "n_max_conformers": 0, "rms_tolerance": 0.05, "energy_window": 15, "keep_original_conformer": true}, "stage_1_unrestrained_charges": null, "stage_1_restrained_charges": null, "stage_2_unrestrained_charges": null, "stage_2_restrained_charges": null, "keep_original_orientation": false, "reorientations": [], "translations": [], "rotations": []}}, {"index": 2, "molecule": {"qcmol": {"schema_name": "qcschema_molecule", "schema_version": 2, "validated": true, "symbols": ["C", "C", "C", "C", "C", "C", "C", "C", "O", "O", "C", "H", "H", "H", "H", "H", "H", "H", "H", "H", "H", "H", "H", "H", "H", "H", "H", "H", "H"], "geometry": [[0.0, 0.0, 0.0], [2.8907020712338816, -3.140182584849632e-16, 3.8274103168283594e-19], [4.089077043056438, 2.6399153166904297, 2.220446049250313e-16], [3.4813346745437435, 4.31834216937329, -2.2881572255547615], [4.241795393742704, 3.27135396646863, -4.882471933794723], [7.082721061664527, 2.835305216530407, -5.2070218352951745], [7.747233780541467, 2.0082879015523964, -7.908747405309173], [10.549366436938048, 1.622272454890048, -8.254382857268524], [11.896180774193608, 2.9530593462578714, -9.464326005377712], [11.37462437785209, -0.3937341070037568, -7.009534226304537], [13.993729465593384, -0.9214662414298518, -7.1540245516347785], [-0.7282988093878323, -1.910941200492429, 0.1635197170795789], [-0.7685630284552804, 0.8044046022963691, -1.7227057242495534], [-0.7382176809773742, 1.0859288068816533, 1.57890771531754], [3.550719223001586, -0.9965647964838984, 1.6710418835952399], [3.572358606764765, -1.08544665094478, -1.6052050867476824], [6.125017220671868, 2.4353948351974988, 0.1771639075308058], [3.478651391813692, 3.6346517312563362, 1.6932330806356548], [4.4121904373358145, 6.131349540956807, -2.015381832669995], [1.4687825054537065, 4.723995217368664, -2.3194585310026348], [3.2397559764273405, 1.5172052089443826, -5.258783296994384], [3.609705689902576, 4.602500418842617, -6.315690107748322], [7.7430709096126655, 1.4080769105643578, -3.8942256384391474], [8.095421955574368, 4.568926818815864, -4.765546439164883], [7.157728374819989, 3.4231729551484413, -9.262682531482767], [6.791254820630529, 0.2473342084440171, -8.347538047653877], [15.082004300652454, 0.6322166937742462, -6.398401303162342], [14.552531232279762, -1.2533400838973816, -9.089604008340814], [14.287475051502568, -2.6006523567202047, -6.035598107536068]], "name": "C9H18O2", "identifiers": {"molecule_hash": "d25fbf6cb7b6549bbc4ee64796f8cddab941090c", "molecular_formula": "C9H18O2"}, "molecular_charge": 0.0, "molecular_multiplicity": 1, "connectivity": [[0, 1, 1.0], [0, 11, 1.0], [0, 12, 1.0], [0, 13, 1.0], [1, 2, 1.0], [1, 14, 1.0], [1, 15, 1.0], [2, 3, 1.0], [2, 16, 1.0], [2, 17, 1.0], [3, 4, 1.0], [3, 18, 1.0], [3, 19, 1.0], [4, 5, 1.0], [4, 20, 1.0], [4, 21, 1.0], [5, 6, 1.0], [5, 22, 1.0], [5, 23, 1.0], [6, 7, 1.0], [6, 24, 1.0], [6, 25, 1.0], [7, 8, 2.0], [7, 9, 1.0], [9, 10, 1.0], [10, 26, 1.0], [10, 27, 1.0], [10, 28, 1.0]], "fix_com": true, "fix_orientation": true, "provenance": {"creator": "QCElemental", "version": "v0.22.0", "routine": "qcelemental.molparse.from_schema"}, "id": "208158"}, "charge": 0, "optimize_geometry": false, "conformers": [], "conformer_generation_options": {"n_conformer_pool": 4000, "n_max_conformers": 0, "rms_tolerance": 0.05, "energy_window": 15, "keep_original_conformer": true}, "stage_1_unrestrained_charges": null, "stage_1_restrained_charges": null, "stage_2_unrestrained_charges": null, "stage_2_restrained_charges": null, "keep_original_orientation": false, "reorientations": [], "translations": [], "rotations": []}}, {"index": 3, "molecule": {"qcmol": {"schema_name": "qcschema_molecule", "schema_version": 2, "validated": true, "symbols": ["C", "C", "C", "C", "C", "C", "C", "C", "O", "O", "C", "H", "H", "H", "H", "H", "H", "H", "H", "H", "H", "H", "H", "H", "H", "H", "H", "H", "H"], "geometry": [[0.0, 0.0, 0.0], [2.8907020712338816, -3.140182584849632e-16, 3.8274103168283594e-19], [4.089077043056438, 2.6399153166904297, 2.220446049250313e-16], [3.4813346745437435, 4.31834216937329, -2.2881572255547615], [4.241795393742704, 3.27135396646863, -4.882471933794723], [7.082721061664527, 2.835305216530407, -5.2070218352951745], [7.747233780541467, 2.0082879015523964, -7.908747405309173], [10.549366436938048, 1.622272454890048, -8.254382857268524], [11.896180774193608, 2.9530593462578714, -9.464326005377712], [11.37462437785209, -0.3937341070037568, -7.009534226304537], [13.993729465593384, -0.9214662414298518, -7.1540245516347785], [-0.7282988093878323, -1.910941200492429, 0.1635197170795789], [-0.7685630284552804, 0.8044046022963691, -1.7227057242495534], [-0.7382176809773742, 1.0859288068816533, 1.57890771531754], [3.550719223001586, -0.9965647964838984, 1.6710418835952399], [3.572358606764765, -1.08544665094478, -1.6052050867476824], [6.125017220671868, 2.4353948351974988, 0.1771639075308058], [3.478651391813692, 3.6346517312563362, 1.6932330806356548], [4.4121904373358145, 6.131349540956807, -2.015381832669995], [1.4687825054537065, 4.723995217368664, -2.3194585310026348], [3.2397559764273405, 1.5172052089443826, -5.258783296994384], [3.609705689902576, 4.602500418842617, -6.315690107748322], [7.7430709096126655, 1.4080769105643578, -3.8942256384391474], [8.095421955574368, 4.568926818815864, -4.765546439164883], [7.157728374819989, 3.4231729551484413, -9.262682531482767], [6.791254820630529, 0.2473342084440171, -8.347538047653877], [15.082004300652454, 0.6322166937742462, -6.398401303162342], [14.552531232279762, -1.2533400838973816, -9.089604008340814], [14.287475051502568, -2.6006523567202047, -6.035598107536068]], "name": "C9H18O2", "identifiers": {"molecule_hash": "d25fbf6cb7b6549bbc4ee64796f8cddab941090c", "molecular_formula": "C9H18O2"}, "molecular_charge": 0.0, "molecular_multiplicity": 1, "connectivity": [[0, 1, 1.0], [0, 11, 1.0], [0, 12, 1.0], [0, 13, 1.0], [1, 2, 1.0], [1, 14, 1.0], [1, 15, 1.0], [2, 3, 1.0], [2, 16, 1.0], [2, 17, 1.0], [3, 4, 1.0], [3, 18, 1.0], [3, 19, 1.0], [4, 5, 1.0], [4, 20, 1.0], [4, 21, 1.0], [5, 6, 1.0], [5, 22, 1.0], [5, 23, 1.0], [6, 7, 1.0], [6, 24, 1.0], [6, 25, 1.0], [7, 8, 2.0], [7, 9, 1.0], [9, 10, 1.0], [10, 26, 1.0], [10, 27, 1.0], [10, 28, 1.0]], "fix_com": true, "fix_orientation": true, "provenance": {"creator": "QCElemental", "version": "v0.22.0", "routine": "qcelemental.molparse.from_schema"}, "id": "208158"}, "charge": 0, "optimize_geometry": false, "conformers": [], "conformer_generation_options": {"n_conformer_pool": 4000, "n_max_conformers": 0, "rms_tolerance": 0.05, "energy_window": 15, "keep_original_conformer": true}, "stage_1_unrestrained_charges": null, "stage_1_restrained_charges": null, "stage_2_unrestrained_charges": null, "stage_2_restrained_charges": null, "keep_original_orientation": false, "reorientations": [], "translations": [], "rotations": []}}, {"index": 4, "molecule": {"qcmol": {"schema_name": "qcschema_molecule", "schema_version": 2, "validated": true, "symbols": ["C", "C", "C", "C", "C", "C", "C", "C", "O", "O", "C", "H", "H", "H", "H", "H", "H", "H", "H", "H", "H", "H", "H", "H", "H", "H", "H", "H", "H"], "geometry": [[0.0, 0.0, 0.0], [2.8907020712338816, -3.140182584849632e-16, 3.8274103168283594e-19], [4.089077043056438, 2.6399153166904297, 2.220446049250313e-16], [3.4813346745437435, 4.31834216937329, -2.2881572255547615], [4.241795393742704, 3.27135396646863, -4.882471933794723], [7.082721061664527, 2.835305216530407, -5.2070218352951745], [7.747233780541467, 2.0082879015523964, -7.908747405309173], [10.549366436938048, 1.622272454890048, -8.254382857268524], [11.896180774193608, 2.9530593462578714, -9.464326005377712], [11.37462437785209, -0.3937341070037568, -7.009534226304537], [13.993729465593384, -0.9214662414298518, -7.1540245516347785], [-0.7282988093878323, -1.910941200492429, 0.1635197170795789], [-0.7685630284552804, 0.8044046022963691, -1.7227057242495534], [-0.7382176809773742, 1.0859288068816533, 1.57890771531754], [3.550719223001586, -0.9965647964838984, 1.6710418835952399], [3.572358606764765, -1.08544665094478, -1.6052050867476824], [6.125017220671868, 2.4353948351974988, 0.1771639075308058], [3.478651391813692, 3.6346517312563362, 1.6932330806356548], [4.4121904373358145, 6.131349540956807, -2.015381832669995], [1.4687825054537065, 4.723995217368664, -2.3194585310026348], [3.2397559764273405, 1.5172052089443826, -5.258783296994384], [3.609705689902576, 4.602500418842617, -6.315690107748322], [7.7430709096126655, 1.4080769105643578, -3.8942256384391474], [8.095421955574368, 4.568926818815864, -4.765546439164883], [7.157728374819989, 3.4231729551484413, -9.262682531482767], [6.791254820630529, 0.2473342084440171, -8.347538047653877], [15.082004300652454, 0.6322166937742462, -6.398401303162342], [14.552531232279762, -1.2533400838973816, -9.089604008340814], [14.287475051502568, -2.6006523567202047, -6.035598107536068]], "name": "C9H18O2", "identifiers": {"molecule_hash": "d25fbf6cb7b6549bbc4ee64796f8cddab941090c", "molecular_formula": "C9H18O2"}, "molecular_charge": 0.0, "molecular_multiplicity": 1, "connectivity": [[0, 1, 1.0], [0, 11, 1.0], [0, 12, 1.0], [0, 13, 1.0], [1, 2, 1.0], [1, 14, 1.0], [1, 15, 1.0], [2, 3, 1.0], [2, 16, 1.0], [2, 17, 1.0], [3, 4, 1.0], [3, 18, 1.0], [3, 19, 1.0], [4, 5, 1.0], [4, 20, 1.0], [4, 21, 1.0], [5, 6, 1.0], [5, 22, 1.0], [5, 23, 1.0], [6, 7, 1.0], [6, 24, 1.0], [6, 25, 1.0], [7, 8, 2.0], [7, 9, 1.0], [9, 10, 1.0], [10, 26, 1.0], [10, 27, 1.0], [10, 28, 1.0]], "fix_com": true, "fix_orientation": true, "provenance": {"creator": "QCElemental", "version": "v0.22.0", "routine": "qcelemental.molparse.from_schema"}, "id": "208158"}, "charge": 0, "optimize_geometry": false, "conformers": [], "conformer_generation_options": {"n_conformer_pool": 4000, "n_max_conformers": 0, "rms_tolerance": 0.05, "energy_window": 15, "keep_original_conformer": true}, "stage_1_unrestrained_charges": null, "stage_1_restrained_charges": null, "stage_2_unrestrained_charges": null, "stage_2_restrained_charges": null, "keep_original_orientation": false, "reorientations": [], "translations": [], "rotations": []}}, {"index": 5, "molecule": {"qcmol": {"schema_name": "qcschema_molecule", "schema_version": 2, "validated": true, "symbols": ["C", "C", "C", "C", "C", "C", "C", "C", "O", "O", "C", "H", "H", "H", "H", "H", "H", "H", "H", "H", "H", "H", "H", "H", "H", "H", "H", "H", "H"], "geometry": [[0.0, 0.0, 0.0], [2.8907020712338816, -3.140182584849632e-16, 3.8274103168283594e-19], [4.089077043056438, 2.6399153166904297, 2.220446049250313e-16], [3.4813346745437435, 4.31834216937329, -2.2881572255547615], [4.241795393742704, 3.27135396646863, -4.882471933794723], [7.082721061664527, 2.835305216530407, -5.2070218352951745], [7.747233780541467, 2.0082879015523964, -7.908747405309173], [10.549366436938048, 1.622272454890048, -8.254382857268524], [11.896180774193608, 2.9530593462578714, -9.464326005377712], [11.37462437785209, -0.3937341070037568, -7.009534226304537], [13.993729465593384, -0.9214662414298518, -7.1540245516347785], [-0.7282988093878323, -1.910941200492429, 0.1635197170795789], [-0.7685630284552804, 0.8044046022963691, -1.7227057242495534], [-0.7382176809773742, 1.0859288068816533, 1.57890771531754], [3.550719223001586, -0.9965647964838984, 1.6710418835952399], [3.572358606764765, -1.08544665094478, -1.6052050867476824], [6.125017220671868, 2.4353948351974988, 0.1771639075308058], [3.478651391813692, 3.6346517312563362, 1.6932330806356548], [4.4121904373358145, 6.131349540956807, -2.015381832669995], [1.4687825054537065, 4.723995217368664, -2.3194585310026348], [3.2397559764273405, 1.5172052089443826, -5.258783296994384], [3.609705689902576, 4.602500418842617, -6.315690107748322], [7.7430709096126655, 1.4080769105643578, -3.8942256384391474], [8.095421955574368, 4.568926818815864, -4.765546439164883], [7.157728374819989, 3.4231729551484413, -9.262682531482767], [6.791254820630529, 0.2473342084440171, -8.347538047653877], [15.082004300652454, 0.6322166937742462, -6.398401303162342], [14.552531232279762, -1.2533400838973816, -9.089604008340814], [14.287475051502568, -2.6006523567202047, -6.035598107536068]], "name": "C9H18O2", "identifiers": {"molecule_hash": "d25fbf6cb7b6549bbc4ee64796f8cddab941090c", "molecular_formula": "C9H18O2"}, "molecular_charge": 0.0, "molecular_multiplicity": 1, "connectivity": [[0, 1, 1.0], [0, 11, 1.0], [0, 12, 1.0], [0, 13, 1.0], [1, 2, 1.0], [1, 14, 1.0], [1, 15, 1.0], [2, 3, 1.0], [2, 16, 1.0], [2, 17, 1.0], [3, 4, 1.0], [3, 18, 1.0], [3, 19, 1.0], [4, 5, 1.0], [4, 20, 1.0], [4, 21, 1.0], [5, 6, 1.0], [5, 22, 1.0], [5, 23, 1.0], [6, 7, 1.0], [6, 24, 1.0], [6, 25, 1.0], [7, 8, 2.0], [7, 9, 1.0], [9, 10, 1.0], [10, 26, 1.0], [10, 27, 1.0], [10, 28, 1.0]], "fix_com": true, "fix_orientation": true, "provenance": {"creator": "QCElemental", "version": "v0.22.0", "routine": "qcelemental.molparse.from_schema"}, "id": "208158"}, "charge": 0, "optimize_geometry": false, "conformers": [], "conformer_generation_options": {"n_conformer_pool": 4000, "n_max_conformers": 0, "rms_tolerance": 0.05, "energy_window": 15, "keep_original_conformer": true}, "stage_1_unrestrained_charges": null, "stage_1_restrained_charges": null, "stage_2_unrestrained_charges": null, "stage_2_restrained_charges": null, "keep_original_orientation": false, "reorientations": [], "translations": [], "rotations": []}}, {"index": 6, "molecule": {"qcmol": {"schema_name": "qcschema_molecule", "schema_version": 2, "validated": true, "symbols": ["C", "C", "C", "C", "C", "C", "C", "C", "O", "O", "C", "H", "H", "H", "H", "H", "H", "H", "H", "H", "H", "H", "H", "H", "H", "H", "H", "H", "H"], "geometry": [[0.0, 0.0, 0.0], [2.8907020712338816, -3.140182584849632e-16, 3.8274103168283594e-19], [4.089077043056438, 2.6399153166904297, 2.220446049250313e-16], [3.4813346745437435, 4.31834216937329, -2.2881572255547615], [4.241795393742704, 3.27135396646863, -4.882471933794723], [7.082721061664527, 2.835305216530407, -5.2070218352951745], [7.747233780541467, 2.0082879015523964, -7.908747405309173], [10.549366436938048, 1.622272454890048, -8.254382857268524], [11.896180774193608, 2.9530593462578714, -9.464326005377712], [11.37462437785209, -0.3937341070037568, -7.009534226304537], [13.993729465593384, -0.9214662414298518, -7.1540245516347785], [-0.7282988093878323, -1.910941200492429, 0.1635197170795789], [-0.7685630284552804, 0.8044046022963691, -1.7227057242495534], [-0.7382176809773742, 1.0859288068816533, 1.57890771531754], [3.550719223001586, -0.9965647964838984, 1.6710418835952399], [3.572358606764765, -1.08544665094478, -1.6052050867476824], [6.125017220671868, 2.4353948351974988, 0.1771639075308058], [3.478651391813692, 3.6346517312563362, 1.6932330806356548], [4.4121904373358145, 6.131349540956807, -2.015381832669995], [1.4687825054537065, 4.723995217368664, -2.3194585310026348], [3.2397559764273405, 1.5172052089443826, -5.258783296994384], [3.609705689902576, 4.602500418842617, -6.315690107748322], [7.7430709096126655, 1.4080769105643578, -3.8942256384391474], [8.095421955574368, 4.568926818815864, -4.765546439164883], [7.157728374819989, 3.4231729551484413, -9.262682531482767], [6.791254820630529, 0.2473342084440171, -8.347538047653877], [15.082004300652454, 0.6322166937742462, -6.398401303162342], [14.552531232279762, -1.2533400838973816, -9.089604008340814], [14.287475051502568, -2.6006523567202047, -6.035598107536068]], "name": "C9H18O2", "identifiers": {"molecule_hash": "d25fbf6cb7b6549bbc4ee64796f8cddab941090c", "molecular_formula": "C9H18O2"}, "molecular_charge": 0.0, "molecular_multiplicity": 1, "connectivity": [[0, 1, 1.0], [0, 11, 1.0], [0, 12, 1.0], [0, 13, 1.0], [1, 2, 1.0], [1, 14, 1.0], [1, 15, 1.0], [2, 3, 1.0], [2, 16, 1.0], [2, 17, 1.0], [3, 4, 1.0], [3, 18, 1.0], [3, 19, 1.0], [4, 5, 1.0], [4, 20, 1.0], [4, 21, 1.0], [5, 6, 1.0], [5, 22, 1.0], [5, 23, 1.0], [6, 7, 1.0], [6, 24, 1.0], [6, 25, 1.0], [7, 8, 2.0], [7, 9, 1.0], [9, 10, 1.0], [10, 26, 1.0], [10, 27, 1.0], [10, 28, 1.0]], "fix_com": true, "fix_orientation": true, "provenance": {"creator": "QCElemental", "version": "v0.22.0", "routine": "qcelemental.molparse.from_schema"}, "id": "208158"}, "charge": 0, "optimize_geometry": false, "conformers": [], "conformer_generation_options": {"n_conformer_pool": 4000, "n_max_conformers": 0, "rms_tolerance": 0.05, "energy_window": 15, "keep_original_conformer": true}, "stage_1_unrestrained_charges": null, "stage_1_restrained_charges": null, "stage_2_unrestrained_charges": null, "stage_2_restrained_charges": null, "keep_original_orientation": false, "reorientations": [], "translations": [], "rotations": []}}, {"index": 10, "molecule": {"qcmol": {"schema_name": "qcschema_molecule", "schema_version": 2, "validated": true, "symbols": ["C", "C", "C", "C", "C", "C", "C", "C", "O", "O", "C", "H", "H", "H", "H", "H", "H", "H", "H", "H", "H", "H", "H", "H", "H", "H", "H", "H", "H"], "geometry": [[0.0, 0.0, 0.0], [2.8907020712338816, -3.140182584849632e-16, 3.8274103168283594e-19], [4.089077043056438, 2.6399153166904297, 2.220446049250313e-16], [3.4813346745437435, 4.31834216937329, -2.2881572255547615], [4.241795393742704, 3.27135396646863, -4.882471933794723], [7.082721061664527, 2.835305216530407, -5.2070218352951745], [7.747233780541467, 2.0082879015523964, -7.908747405309173], [10.549366436938048, 1.622272454890048, -8.254382857268524], [11.896180774193608, 2.9530593462578714, -9.464326005377712], [11.37462437785209, -0.3937341070037568, -7.009534226304537], [13.993729465593384, -0.9214662414298518, -7.1540245516347785], [-0.7282988093878323, -1.910941200492429, 0.1635197170795789], [-0.7685630284552804, 0.8044046022963691, -1.7227057242495534], [-0.7382176809773742, 1.0859288068816533, 1.57890771531754], [3.550719223001586, -0.9965647964838984, 1.6710418835952399], [3.572358606764765, -1.08544665094478, -1.6052050867476824], [6.125017220671868, 2.4353948351974988, 0.1771639075308058], [3.478651391813692, 3.6346517312563362, 1.6932330806356548], [4.4121904373358145, 6.131349540956807, -2.015381832669995], [1.4687825054537065, 4.723995217368664, -2.3194585310026348], [3.2397559764273405, 1.5172052089443826, -5.258783296994384], [3.609705689902576, 4.602500418842617, -6.315690107748322], [7.7430709096126655, 1.4080769105643578, -3.8942256384391474], [8.095421955574368, 4.568926818815864, -4.765546439164883], [7.157728374819989, 3.4231729551484413, -9.262682531482767], [6.791254820630529, 0.2473342084440171, -8.347538047653877], [15.082004300652454, 0.6322166937742462, -6.398401303162342], [14.552531232279762, -1.2533400838973816, -9.089604008340814], [14.287475051502568, -2.6006523567202047, -6.035598107536068]], "name": "C9H18O2", "identifiers": {"molecule_hash": "d25fbf6cb7b6549bbc4ee64796f8cddab941090c", "molecular_formula": "C9H18O2"}, "molecular_charge": 0.0, "molecular_multiplicity": 1, "connectivity": [[0, 1, 1.0], [0, 11, 1.0], [0, 12, 1.0], [0, 13, 1.0], [1, 2, 1.0], [1, 14, 1.0], [1, 15, 1.0], [2, 3, 1.0], [2, 16, 1.0], [2, 17, 1.0], [3, 4, 1.0], [3, 18, 1.0], [3, 19, 1.0], [4, 5, 1.0], [4, 20, 1.0], [4, 21, 1.0], [5, 6, 1.0], [5, 22, 1.0], [5, 23, 1.0], [6, 7, 1.0], [6, 24, 1.0], [6, 25, 1.0], [7, 8, 2.0], [7, 9, 1.0], [9, 10, 1.0], [10, 26, 1.0], [10, 27, 1.0], [10, 28, 1.0]], "fix_com": true, "fix_orientation": true, "provenance": {"creator": "QCElemental", "version": "v0.22.0", "routine": "qcelemental.molparse.from_schema"}, "id": "208158"}, "charge": 0, "optimize_geometry": false, "conformers": [], "conformer_generation_options": {"n_conformer_pool": 4000, "n_max_conformers": 0, "rms_tolerance": 0.05, "energy_window": 15, "keep_original_conformer": true}, "stage_1_unrestrained_charges": null, "stage_1_restrained_charges": null, "stage_2_unrestrained_charges": null, "stage_2_restrained_charges": null, "keep_original_orientation": false, "reorientations": [], "translations": [], "rotations": []}}]}, "surface_constraints": {"matrix": [[1406403583597090.5, 1365170766218465.0, 1320457604646907.0, 1278835229612455.5, 1224332619313369.5, 1175541396681088.2, 1150971880179556.5, 1132401851894243.5, 1126745479419342.5, 1111772125548475.2, 1059592815205745.5, 1411954387876989.0, 1417633013333212.8, 1413989351857436.8, 1358200416102762.5, 1362770746386042.8, 1316618326432109.8, 1313000873045317.5, 1269375962488437.0, 1292428126517134.8, 1225147859231603.8, 1213580007324627.8, 1167343304314037.5, 1159040039752786.0, 1147380452712217.0, 1141503151857994.8, 1055694603161148.5, 1031639460617678.8, 1048365686362280.5], [1365170766218465.0, 1393344248606900.0, 1363616027592924.8, 1316237608481956.0, 1266046705019791.2, 1215135595056925.5, 1180845348867844.2, 1155922058414342.8, 1150515757045859.5, 1128310191542411.0, 1069182169081381.8, 1352789101617700.8, 1357615278023243.0, 1354386468829992.5, 1408328702058431.8, 1411537225365990.0, 1366832084460988.0, 1364239630597285.0, 1309839013298964.8, 1318308583701721.0, 1270680537571338.2, 1255675278052522.5, 1206595064636042.5, 1204784081646820.0, 1177426600733746.0, 1168485316930633.0, 1060685244414650.2, 1040984060861319.6, 1057675466589966.1], [1320457604646907.0, 1363616027592924.8, 1397053965852022.2, 1364175708419176.8, 1322107071865832.2, 1265585387684778.8, 1229929723774433.2, 1202720427468056.8, 1194569969903182.5, 1173416717843843.0, 1109897384608095.6, 1311204243180961.8, 1306397457318284.0, 1304025964735484.0, 1361463721620540.2, 1361432431761760.2, 1418978497690119.0, 1417231092494128.8, 1365671359683412.8, 1361195194174001.5, 1329898531462447.2, 1318463527129296.5, 1251916767369679.8, 1256900593633538.2, 1231267312161467.0, 1212870348535702.5, 1101677709592957.0, 1081593418133003.1, 1094575569156513.6], [1278835229612455.5, 1316237608481956.0, 1364175708419176.8, 1393511963534010.5, 1364367828347650.8, 1318554223142289.8, 1277782878573011.8, 1234681755351966.0, 1222499332845426.0, 1196988727596807.5, 1124115669937080.2, 1282645477170362.8, 1263795176235531.0, 1255273181160755.2, 1287022960748981.2, 1327146985011616.2, 1366928913957169.5, 1365724890247917.2, 1414645193637475.8, 1409808781016188.2, 1365206699174097.2, 1367298418233240.2, 1302588677852499.5, 1323361411120959.5, 1284137825167662.8, 1263615756770045.8, 1110493913554406.4, 1095938606134553.1, 1107338375575474.6], [1224332619313369.5, 1266046705019791.2, 1322107071865832.2, 1364367828347650.8, 1395910563491397.0, 1362915729125189.2, 1321380893946449.5, 1287872569366449.5, 1282365720530412.0, 1247709479237204.2, 1176126772118368.5, 1225126082895402.0, 1208987764049828.2, 1200976974895016.0, 1233928815629184.0, 1279063743235426.5, 1330777292367486.0, 1316161753416126.2, 1366603586314123.8, 1361284587156550.0, 1416040595901662.8, 1418431840907919.2, 1360023421485542.2, 1364503686834617.0, 1322053279042694.5, 1303793671213466.5, 1161690220634834.0, 1146719406972576.5, 1161528123739403.2], [1175541396681088.2, 1215135595056925.5, 1265585387684778.8, 1318554223142289.8, 1362915729125189.2, 1392250693135344.2, 1364424536203429.0, 1322299133329873.0, 1308086013955479.5, 1285700667279495.8, 1205602286227144.0, 1178347757843725.8, 1161484439721576.5, 1150931074207789.5, 1178005972669554.5, 1236712505974699.5, 1271627358508196.8, 1250403026178483.2, 1314622327193239.2, 1322262384599060.2, 1364215388469538.0, 1365726247472878.2, 1407553632188504.0, 1414179853799683.5, 1364059446873909.2, 1364085331758225.8, 1188232261984033.8, 1175415460486422.0, 1188403778354757.2], [1150971880179556.5, 1180845348867844.2, 1229929723774433.2, 1277782878573011.8, 1321380893946449.5, 1364424536203429.0, 1399290749028766.0, 1368534007573056.8, 1347447542604355.0, 1345002642139834.8, 1263983135364716.8, 1157222727197898.5, 1139643647494198.5, 1128314279031592.2, 1141058394548045.2, 1198374291993005.8, 1236713872553832.5, 1217281243305612.0, 1268377605710814.0, 1284216185072488.5, 1320084757608037.2, 1317102646200178.8, 1361514696889744.5, 1367403193929722.8, 1420206601135633.5, 1419297755223713.2, 1241353367679406.8, 1242476430791364.0, 1242285223017141.0], [1132401851894243.5, 1155922058414342.8, 1202720427468056.8, 1234681755351966.0, 1287872569366449.5, 1322299133329873.0, 1368534007573056.8, 1395599828215062.2, 1402661143242305.5, 1384401874934949.5, 1339720776649866.0, 1137821807589986.8, 1120531717212246.4, 1116533691965417.6, 1120016026753507.2, 1167478919201692.5, 1216103718281546.8, 1194030023669268.8, 1218903700823212.8, 1227002557509298.2, 1301063525929126.8, 1284788803760659.8, 1322915116271022.2, 1307553061190380.5, 1371254805905766.0, 1372076900880110.0, 1324945357881119.0, 1328371348342177.8, 1325325091340491.2], [1126745479419342.5, 1150515757045859.5, 1194569969903182.5, 1222499332845426.0, 1282365720530412.0, 1308086013955479.5, 1347447542604355.0, 1402661143242305.5, 1459249262230976.5, 1362294099995697.8, 1341951875755479.5, 1130996634278003.0, 1111903689300098.8, 1114892464946446.5, 1117474808994470.2, 1161663244286123.8, 1206847120906571.8, 1187479906531346.5, 1206878156047973.2, 1206310975813453.5, 1307200522502067.5, 1280259479857241.5, 1309355166507474.2, 1290643974931722.2, 1336431084492917.2, 1338664363410101.8, 1330807933291558.5, 1342375159787199.8, 1330480085897490.8], [1111772125548475.2, 1128310191542411.0, 1173416717843843.0, 1196988727596807.5, 1247709479237204.2, 1285700667279495.8, 1345002642139834.8, 1384401874934949.5, 1362294099995697.8, 1425231162079830.2, 1389327051370537.2, 1117278714485575.1, 1104497192330870.8, 1097069316869701.4, 1092837679371266.9, 1136023969772766.0, 1192209701624486.5, 1165299780080424.0, 1176738562371465.5, 1189131518469261.5, 1257377940711054.0, 1243124022082369.8, 1290645730049069.2, 1260639675000114.8, 1351386811613414.0, 1346747824498991.0, 1379590532865119.5, 1372475529786554.5, 1380855099329301.0], [1059592815205745.5, 1069182169081381.8, 1109897384608095.6, 1124115669937080.2, 1176126772118368.5, 1205602286227144.0, 1263983135364716.8, 1339720776649866.0, 1341951875755479.5, 1389327051370537.2, 1414308259833449.8, 1064417143477446.5, 1051886790014067.6, 1051982185152523.4, 1037340879137895.4, 1072239849464847.4, 1130749763505966.0, 1104050738097193.2, 1102030317156447.9, 1109690914433205.0, 1192992552797300.0, 1172925443806258.8, 1209995318705199.8, 1174619587624681.0, 1257048324854419.0, 1254066383684866.2, 1420483286381164.8, 1413680599426630.5, 1420860936013141.2], [1411954387876989.0, 1352789101617700.8, 1311204243180961.8, 1282645477170362.8, 1225126082895402.0, 1178347757843725.8, 1157222727197898.5, 1137821807589986.8, 1130996634278003.0, 1117278714485575.1, 1064417143477446.5, 1468369246314551.0, 1405146889921854.8, 1402263955659976.2, 1328531383037050.8, 1351374657506333.2, 1307129364124474.5, 1295153014769674.8, 1279800371333422.8, 1302530176160884.2, 1226254413820639.0, 1210425767134090.8, 1171462556751295.0, 1158805525165593.5, 1152552331991996.2, 1152260491184958.8, 1058251469136824.5, 1037611076916778.1, 1053675192809203.4], [1417633013333212.8, 1357615278023243.0, 1306397457318284.0, 1263795176235531.0, 1208987764049828.2, 1161484439721576.5, 1139643647494198.5, 1120531717212246.4, 1111903689300098.8, 1104497192330870.8, 1051886790014067.6, 1405146889921854.8, 1483183749972681.2, 1405410417621226.0, 1345188066338054.2, 1351202367962486.0, 1299992843156785.8, 1297668223851579.0, 1249774958714323.8, 1281550964504474.0, 1208569782673582.8, 1198086847486253.5, 1153422232922053.2, 1144170224901656.0, 1138396791811920.8, 1130105678142219.8, 1051193624612537.4, 1021521001426098.4, 1039521287425557.8], [1413989351857436.8, 1354386468829992.5, 1304025964735484.0, 1255273181160755.2, 1200976974895016.0, 1150931074207789.5, 1128314279031592.2, 1116533691965417.6, 1114892464946446.5, 1097069316869701.4, 1051982185152523.4, 1402263955659976.2, 1405410417621226.0, 1474623167465212.0, 1351807147017070.5, 1337719949704341.2, 1298170859632692.0, 1300834146151008.5, 1241618345369513.2, 1267462800265670.0, 1199378418463259.5, 1194070377193730.5, 1141310482257242.2, 1133706217848789.8, 1123282874449300.2, 1116953810884697.0, 1050562646439102.6, 1025864254816413.2, 1041787346708810.5], [1358200416102762.5, 1408328702058431.8, 1361463721620540.2, 1287022960748981.2, 1233928815629184.0, 1178005972669554.5, 1141058394548045.2, 1120016026753507.2, 1117474808994470.2, 1092837679371266.9, 1037340879137895.4, 1328531383037050.8, 1345188066338054.2, 1351807147017070.5, 1474046855696156.8, 1407767903320870.2, 1368116345685610.0, 1368024707303013.5, 1270861239290784.2, 1282430079740884.5, 1238940824178536.0, 1225182816241946.5, 1170205663118902.8, 1165884083790429.2, 1134279587485597.2, 1127290480851643.5, 1030972146491283.6, 1009798589491316.5, 1025919155739770.4], [1362770746386042.8, 1411537225365990.0, 1361432431761760.2, 1327146985011616.2, 1279063743235426.5, 1236712505974699.5, 1198374291993005.8, 1167478919201692.5, 1161663244286123.8, 1136023969772766.0, 1072239849464847.4, 1351374657506333.2, 1351202367962486.0, 1337719949704341.2, 1407767903320870.2, 1483452129689217.5, 1351510017061201.8, 1346344338326516.2, 1327432095708866.0, 1329649750299253.8, 1284560893203219.8, 1262549959566551.0, 1232211919593139.0, 1231368330203062.5, 1194151600942574.2, 1188508408685645.2, 1058305376325524.6, 1043591607987611.6, 1063340961566426.9], [1316618326432109.8, 1366832084460988.0, 1418978497690119.0, 1366928913957169.5, 1330777292367486.0, 1271627358508196.8, 1236713872553832.5, 1216103718281546.8, 1206847120906571.8, 1192209701624486.5, 1130749763505966.0, 1307129364124474.5, 1299992843156785.8, 1298170859632692.0, 1368116345685610.0, 1351510017061201.8, 1491791346958519.0, 1420288810683157.2, 1364102483808621.8, 1346816554192219.5, 1347344509426088.8, 1324678102797005.0, 1256267322410791.0, 1262672686634312.5, 1236006931553707.8, 1216677697094263.0, 1125131670222024.4, 1102008144851903.0, 1114385942890740.4], [1313000873045317.5, 1364239630597285.0, 1417231092494128.8, 1365724890247917.2, 1316161753416126.2, 1250403026178483.2, 1217281243305612.0, 1194030023669268.8, 1187479906531346.5, 1165299780080424.0, 1104050738097193.2, 1295153014769674.8, 1297668223851579.0, 1300834146151008.5, 1368024707303013.5, 1346344338326516.2, 1420288810683157.2, 1488236539306289.5, 1361902966750642.0, 1359047092610344.8, 1323143171744557.8, 1315955594727559.8, 1236691543696982.5, 1232887050876248.8, 1220400870541479.0, 1197558