{"resp_b": 0.1, "restrained_fit": true, "exclude_hydrogens": true, "convergence_tolerance": 1e-06, "max_iter": 500, "resp_a": 0.0005, "charge_constraints": {"charge_sum_constraints": [], "charge_equivalence_constraints": [], "molecules": [{"qcmol": {"schema_name": "qcschema_molecule", "schema_version": 2, "validated": true, "symbols": ["C", "C", "C", "C", "C", "C", "O", "H", "H", "H", "H", "H", "H", "H", "H", "H", "H", "H", "H"], "geometry": [[0.0, -0.0, 0.0], [2.8875411869394716, -3.4014280933191047e-16, 2.1104558899160532e-16], [4.00878633506255, 2.664656970989962, -5.703770789011742e-15], [6.910855208636091, 2.640753097966869, -0.0007902948132849363], [8.077929167392696, 5.25492210855321, 0.1719272640028422], [7.53682106016287, 7.101684010593902, -1.9495184890547266], [9.368073018713948, 5.8471338376376565, 1.9242744735956863], [-0.7408008201924451, 0.956967820645077, 1.657767774322332], [-0.7389270428325609, -1.9131831493202127, 0.000824430566133863], [-0.7428715515874686, 0.9561336025587357, -1.6577664845089914], [3.572436613131664, -1.0246872003334986, -1.6452722931222186], [3.5720054245294914, -1.0225866902349363, 1.645237775157344], [3.3120763844496377, 3.686595863871028, -1.6404141675421287], [3.3395211577352972, 3.6833516160730433, 1.6555769435857857], [7.614324651354569, 1.5615954219341883, 1.5901140697650555], [7.582839376596892, 1.7373545314699745, -1.7224017780182437], [8.856853847156936, 8.657902904798519, -1.8462645392508932], [5.632417701951022, 7.842971651076937, -1.7564636014877257], [7.6621687139977706, 6.19739777468564, -3.7857542983277193]], "name": "C6H12O", "identifiers": {"molecule_hash": "9cd802e2cf9d6a54cfad2999d632aa53208b9301", "molecular_formula": "C6H12O"}, "molecular_charge": 0.0, "molecular_multiplicity": 1, "connectivity": [[0, 1, 1.0], [0, 7, 1.0], [0, 8, 1.0], [0, 9, 1.0], [1, 2, 1.0], [1, 10, 1.0], [1, 11, 1.0], [2, 3, 1.0], [2, 12, 1.0], [2, 13, 1.0], [3, 4, 1.0], [3, 14, 1.0], [3, 15, 1.0], [4, 5, 1.0], [4, 6, 2.0], [5, 16, 1.0], [5, 17, 1.0], [5, 18, 1.0]], "fix_com": true, "fix_orientation": true, "provenance": {"creator": "QCElemental", "version": "v0.22.0", "routine": "qcelemental.molparse.from_schema"}, "id": "121278"}, "charge": 0, "optimize_geometry": false, "conformers": [], "conformer_generation_options": {"n_conformer_pool": 4000, "n_max_conformers": 0, "rms_tolerance": 0.05, "energy_window": 15, "keep_original_conformer": true}, "stage_1_unrestrained_charges": null, "stage_1_restrained_charges": null, "stage_2_unrestrained_charges": null, "stage_2_restrained_charges": null, "keep_original_orientation": false, "reorientations": [], "translations": [], "rotations": []}], "unconstrained_atoms": [{"index": 0, "molecule": {"qcmol": {"schema_name": "qcschema_molecule", "schema_version": 2, "validated": true, "symbols": ["C", "C", "C", "C", "C", "C", "O", "H", "H", "H", "H", "H", "H", "H", "H", "H", "H", "H", "H"], "geometry": [[0.0, -0.0, 0.0], [2.8875411869394716, -3.4014280933191047e-16, 2.1104558899160532e-16], [4.00878633506255, 2.664656970989962, -5.703770789011742e-15], [6.910855208636091, 2.640753097966869, -0.0007902948132849363], [8.077929167392696, 5.25492210855321, 0.1719272640028422], [7.53682106016287, 7.101684010593902, -1.9495184890547266], [9.368073018713948, 5.8471338376376565, 1.9242744735956863], [-0.7408008201924451, 0.956967820645077, 1.657767774322332], [-0.7389270428325609, -1.9131831493202127, 0.000824430566133863], [-0.7428715515874686, 0.9561336025587357, -1.6577664845089914], [3.572436613131664, -1.0246872003334986, -1.6452722931222186], [3.5720054245294914, -1.0225866902349363, 1.645237775157344], [3.3120763844496377, 3.686595863871028, -1.6404141675421287], [3.3395211577352972, 3.6833516160730433, 1.6555769435857857], [7.614324651354569, 1.5615954219341883, 1.5901140697650555], [7.582839376596892, 1.7373545314699745, -1.7224017780182437], [8.856853847156936, 8.657902904798519, -1.8462645392508932], [5.632417701951022, 7.842971651076937, -1.7564636014877257], [7.6621687139977706, 6.19739777468564, -3.7857542983277193]], "name": "C6H12O", "identifiers": {"molecule_hash": "9cd802e2cf9d6a54cfad2999d632aa53208b9301", "molecular_formula": "C6H12O"}, "molecular_charge": 0.0, "molecular_multiplicity": 1, "connectivity": [[0, 1, 1.0], [0, 7, 1.0], [0, 8, 1.0], [0, 9, 1.0], [1, 2, 1.0], [1, 10, 1.0], [1, 11, 1.0], [2, 3, 1.0], [2, 12, 1.0], [2, 13, 1.0], [3, 4, 1.0], [3, 14, 1.0], [3, 15, 1.0], [4, 5, 1.0], [4, 6, 2.0], [5, 16, 1.0], [5, 17, 1.0], [5, 18, 1.0]], "fix_com": true, "fix_orientation": true, "provenance": {"creator": "QCElemental", "version": "v0.22.0", "routine": "qcelemental.molparse.from_schema"}, "id": "121278"}, "charge": 0, "optimize_geometry": false, "conformers": [], "conformer_generation_options": {"n_conformer_pool": 4000, "n_max_conformers": 0, "rms_tolerance": 0.05, "energy_window": 15, "keep_original_conformer": true}, "stage_1_unrestrained_charges": null, "stage_1_restrained_charges": null, "stage_2_unrestrained_charges": null, "stage_2_restrained_charges": null, "keep_original_orientation": false, "reorientations": [], "translations": [], "rotations": []}}, {"index": 1, "molecule": {"qcmol": {"schema_name": "qcschema_molecule", "schema_version": 2, "validated": true, "symbols": ["C", "C", "C", "C", "C", "C", "O", "H", "H", "H", "H", "H", "H", "H", "H", "H", "H", "H", "H"], "geometry": [[0.0, -0.0, 0.0], [2.8875411869394716, -3.4014280933191047e-16, 2.1104558899160532e-16], [4.00878633506255, 2.664656970989962, -5.703770789011742e-15], [6.910855208636091, 2.640753097966869, -0.0007902948132849363], [8.077929167392696, 5.25492210855321, 0.1719272640028422], [7.53682106016287, 7.101684010593902, -1.9495184890547266], [9.368073018713948, 5.8471338376376565, 1.9242744735956863], [-0.7408008201924451, 0.956967820645077, 1.657767774322332], [-0.7389270428325609, -1.9131831493202127, 0.000824430566133863], [-0.7428715515874686, 0.9561336025587357, -1.6577664845089914], [3.572436613131664, -1.0246872003334986, -1.6452722931222186], [3.5720054245294914, -1.0225866902349363, 1.645237775157344], [3.3120763844496377, 3.686595863871028, -1.6404141675421287], [3.3395211577352972, 3.6833516160730433, 1.6555769435857857], [7.614324651354569, 1.5615954219341883, 1.5901140697650555], [7.582839376596892, 1.7373545314699745, -1.7224017780182437], [8.856853847156936, 8.657902904798519, -1.8462645392508932], [5.632417701951022, 7.842971651076937, -1.7564636014877257], [7.6621687139977706, 6.19739777468564, -3.7857542983277193]], "name": "C6H12O", "identifiers": {"molecule_hash": "9cd802e2cf9d6a54cfad2999d632aa53208b9301", "molecular_formula": "C6H12O"}, "molecular_charge": 0.0, "molecular_multiplicity": 1, "connectivity": [[0, 1, 1.0], [0, 7, 1.0], [0, 8, 1.0], [0, 9, 1.0], [1, 2, 1.0], [1, 10, 1.0], [1, 11, 1.0], [2, 3, 1.0], [2, 12, 1.0], [2, 13, 1.0], [3, 4, 1.0], [3, 14, 1.0], [3, 15, 1.0], [4, 5, 1.0], [4, 6, 2.0], [5, 16, 1.0], [5, 17, 1.0], [5, 18, 1.0]], "fix_com": true, "fix_orientation": true, "provenance": {"creator": "QCElemental", "version": "v0.22.0", "routine": "qcelemental.molparse.from_schema"}, "id": "121278"}, "charge": 0, "optimize_geometry": false, "conformers": [], "conformer_generation_options": {"n_conformer_pool": 4000, "n_max_conformers": 0, "rms_tolerance": 0.05, "energy_window": 15, "keep_original_conformer": true}, "stage_1_unrestrained_charges": null, "stage_1_restrained_charges": null, "stage_2_unrestrained_charges": null, "stage_2_restrained_charges": null, "keep_original_orientation": false, "reorientations": [], "translations": [], "rotations": []}}, {"index": 2, "molecule": {"qcmol": {"schema_name": "qcschema_molecule", "schema_version": 2, "validated": true, "symbols": ["C", "C", "C", "C", "C", "C", "O", "H", "H", "H", "H", "H", "H", "H", "H", "H", "H", "H", "H"], "geometry": [[0.0, -0.0, 0.0], [2.8875411869394716, -3.4014280933191047e-16, 2.1104558899160532e-16], [4.00878633506255, 2.664656970989962, -5.703770789011742e-15], [6.910855208636091, 2.640753097966869, -0.0007902948132849363], [8.077929167392696, 5.25492210855321, 0.1719272640028422], [7.53682106016287, 7.101684010593902, -1.9495184890547266], [9.368073018713948, 5.8471338376376565, 1.9242744735956863], [-0.7408008201924451, 0.956967820645077, 1.657767774322332], [-0.7389270428325609, -1.9131831493202127, 0.000824430566133863], [-0.7428715515874686, 0.9561336025587357, -1.6577664845089914], [3.572436613131664, -1.0246872003334986, -1.6452722931222186], [3.5720054245294914, -1.0225866902349363, 1.645237775157344], [3.3120763844496377, 3.686595863871028, -1.6404141675421287], [3.3395211577352972, 3.6833516160730433, 1.6555769435857857], [7.614324651354569, 1.5615954219341883, 1.5901140697650555], [7.582839376596892, 1.7373545314699745, -1.7224017780182437], [8.856853847156936, 8.657902904798519, -1.8462645392508932], [5.632417701951022, 7.842971651076937, -1.7564636014877257], [7.6621687139977706, 6.19739777468564, -3.7857542983277193]], "name": "C6H12O", "identifiers": {"molecule_hash": "9cd802e2cf9d6a54cfad2999d632aa53208b9301", "molecular_formula": "C6H12O"}, "molecular_charge": 0.0, "molecular_multiplicity": 1, "connectivity": [[0, 1, 1.0], [0, 7, 1.0], [0, 8, 1.0], [0, 9, 1.0], [1, 2, 1.0], [1, 10, 1.0], [1, 11, 1.0], [2, 3, 1.0], [2, 12, 1.0], [2, 13, 1.0], [3, 4, 1.0], [3, 14, 1.0], [3, 15, 1.0], [4, 5, 1.0], [4, 6, 2.0], [5, 16, 1.0], [5, 17, 1.0], [5, 18, 1.0]], "fix_com": true, "fix_orientation": true, "provenance": {"creator": "QCElemental", "version": "v0.22.0", "routine": "qcelemental.molparse.from_schema"}, "id": "121278"}, "charge": 0, "optimize_geometry": false, "conformers": [], "conformer_generation_options": {"n_conformer_pool": 4000, "n_max_conformers": 0, "rms_tolerance": 0.05, "energy_window": 15, "keep_original_conformer": true}, "stage_1_unrestrained_charges": null, "stage_1_restrained_charges": null, "stage_2_unrestrained_charges": null, "stage_2_restrained_charges": null, "keep_original_orientation": false, "reorientations": [], "translations": [], "rotations": []}}, {"index": 3, "molecule": {"qcmol": {"schema_name": "qcschema_molecule", "schema_version": 2, "validated": true, "symbols": ["C", "C", "C", "C", "C", "C", "O", "H", "H", "H", "H", "H", "H", "H", "H", "H", "H", "H", "H"], "geometry": [[0.0, -0.0, 0.0], [2.8875411869394716, -3.4014280933191047e-16, 2.1104558899160532e-16], [4.00878633506255, 2.664656970989962, -5.703770789011742e-15], [6.910855208636091, 2.640753097966869, -0.0007902948132849363], [8.077929167392696, 5.25492210855321, 0.1719272640028422], [7.53682106016287, 7.101684010593902, -1.9495184890547266], [9.368073018713948, 5.8471338376376565, 1.9242744735956863], [-0.7408008201924451, 0.956967820645077, 1.657767774322332], [-0.7389270428325609, -1.9131831493202127, 0.000824430566133863], [-0.7428715515874686, 0.9561336025587357, -1.6577664845089914], [3.572436613131664, -1.0246872003334986, -1.6452722931222186], [3.5720054245294914, -1.0225866902349363, 1.645237775157344], [3.3120763844496377, 3.686595863871028, -1.6404141675421287], [3.3395211577352972, 3.6833516160730433, 1.6555769435857857], [7.614324651354569, 1.5615954219341883, 1.5901140697650555], [7.582839376596892, 1.7373545314699745, -1.7224017780182437], [8.856853847156936, 8.657902904798519, -1.8462645392508932], [5.632417701951022, 7.842971651076937, -1.7564636014877257], [7.6621687139977706, 6.19739777468564, -3.7857542983277193]], "name": "C6H12O", "identifiers": {"molecule_hash": "9cd802e2cf9d6a54cfad2999d632aa53208b9301", "molecular_formula": "C6H12O"}, "molecular_charge": 0.0, "molecular_multiplicity": 1, "connectivity": [[0, 1, 1.0], [0, 7, 1.0], [0, 8, 1.0], [0, 9, 1.0], [1, 2, 1.0], [1, 10, 1.0], [1, 11, 1.0], [2, 3, 1.0], [2, 12, 1.0], [2, 13, 1.0], [3, 4, 1.0], [3, 14, 1.0], [3, 15, 1.0], [4, 5, 1.0], [4, 6, 2.0], [5, 16, 1.0], [5, 17, 1.0], [5, 18, 1.0]], "fix_com": true, "fix_orientation": true, "provenance": {"creator": "QCElemental", "version": "v0.22.0", "routine": "qcelemental.molparse.from_schema"}, "id": "121278"}, "charge": 0, "optimize_geometry": false, "conformers": [], "conformer_generation_options": {"n_conformer_pool": 4000, "n_max_conformers": 0, "rms_tolerance": 0.05, "energy_window": 15, "keep_original_conformer": true}, "stage_1_unrestrained_charges": null, "stage_1_restrained_charges": null, "stage_2_unrestrained_charges": null, "stage_2_restrained_charges": null, "keep_original_orientation": false, "reorientations": [], "translations": [], "rotations": []}}, {"index": 5, "molecule": {"qcmol": {"schema_name": "qcschema_molecule", "schema_version": 2, "validated": true, "symbols": ["C", "C", "C", "C", "C", "C", "O", "H", "H", "H", "H", "H", "H", "H", "H", "H", "H", "H", "H"], "geometry": [[0.0, -0.0, 0.0], [2.8875411869394716, -3.4014280933191047e-16, 2.1104558899160532e-16], [4.00878633506255, 2.664656970989962, -5.703770789011742e-15], [6.910855208636091, 2.640753097966869, -0.0007902948132849363], [8.077929167392696, 5.25492210855321, 0.1719272640028422], [7.53682106016287, 7.101684010593902, -1.9495184890547266], [9.368073018713948, 5.8471338376376565, 1.9242744735956863], [-0.7408008201924451, 0.956967820645077, 1.657767774322332], [-0.7389270428325609, -1.9131831493202127, 0.000824430566133863], [-0.7428715515874686, 0.9561336025587357, -1.6577664845089914], [3.572436613131664, -1.0246872003334986, -1.6452722931222186], [3.5720054245294914, -1.0225866902349363, 1.645237775157344], [3.3120763844496377, 3.686595863871028, -1.6404141675421287], [3.3395211577352972, 3.6833516160730433, 1.6555769435857857], [7.614324651354569, 1.5615954219341883, 1.5901140697650555], [7.582839376596892, 1.7373545314699745, -1.7224017780182437], [8.856853847156936, 8.657902904798519, -1.8462645392508932], [5.632417701951022, 7.842971651076937, -1.7564636014877257], [7.6621687139977706, 6.19739777468564, -3.7857542983277193]], "name": "C6H12O", "identifiers": {"molecule_hash": "9cd802e2cf9d6a54cfad2999d632aa53208b9301", "molecular_formula": "C6H12O"}, "molecular_charge": 0.0, "molecular_multiplicity": 1, "connectivity": [[0, 1, 1.0], [0, 7, 1.0], [0, 8, 1.0], [0, 9, 1.0], [1, 2, 1.0], [1, 10, 1.0], [1, 11, 1.0], [2, 3, 1.0], [2, 12, 1.0], [2, 13, 1.0], [3, 4, 1.0], [3, 14, 1.0], [3, 15, 1.0], [4, 5, 1.0], [4, 6, 2.0], [5, 16, 1.0], [5, 17, 1.0], [5, 18, 1.0]], "fix_com": true, "fix_orientation": true, "provenance": {"creator": "QCElemental", "version": "v0.22.0", "routine": "qcelemental.molparse.from_schema"}, "id": "121278"}, "charge": 0, "optimize_geometry": false, "conformers": [], "conformer_generation_options": {"n_conformer_pool": 4000, "n_max_conformers": 0, "rms_tolerance": 0.05, "energy_window": 15, "keep_original_conformer": true}, "stage_1_unrestrained_charges": null, "stage_1_restrained_charges": null, "stage_2_unrestrained_charges": null, "stage_2_restrained_charges": null, "keep_original_orientation": false, "reorientations": [], "translations": [], "rotations": []}}]}, "surface_constraints": {"matrix": [[4643.2190434948125, 4514.681701391852, 4344.434138780197, 4111.598659060933, 3949.1622815106953, 3718.204553484929, 3951.5897630497993, 4666.78812180513, 4659.324418469503, 4668.382254975008, 4504.915072912786, 4505.64154742428, 4382.2631507158385, 4330.012625915616, 4058.5426345055484, 4071.7513569991456, 3609.9602920576626, 3685.2882905394563, 3681.9185193568924], [4514.681701391852, 4622.041928644588, 4499.669149968871, 4339.184445229211, 4184.0474460044825, 3959.817720459493, 4175.331887268932, 4476.185416971965, 4469.653516835344, 4475.772729332199, 4684.311726511587, 4686.724242707389, 4494.381185308636, 4499.423754773805, 4315.3953726560085, 4312.4491752733475, 3855.488218971687, 3924.611556222389, 3921.9329862854547], [4344.434138780197, 4499.669149968871, 4607.467458948942, 4491.597855780862, 4320.895113038969, 4103.720198513885, 4296.909023789807, 4301.7668356689555, 4262.38863669455, 4317.689775074118, 4493.612530889295, 4495.678443766123, 4673.233565706146, 4678.64889799175, 4491.861018724872, 4488.912345248116, 3989.3355177363414, 4085.433440979417, 4061.1065711631923], [4111.598659060933, 4339.184445229211, 4491.597855780862, 4595.607132976754, 4470.0828698124205, 4324.8215471860185, 4403.668976481884, 4052.545266814205, 4001.85765046924, 4082.7043587512367, 4341.364032617288, 4362.948577164734, 4489.504771743834, 4495.688914237881, 4667.852142928985, 4663.910822371154, 4232.286060979736, 4337.564401716217, 4274.010539430966], [3949.1622815106953, 4184.0474460044825, 4320.895113038969, 4470.0828698124205, 4563.072642567581, 4485.602622316047, 4593.941025501585, 3899.268675499316, 3831.153773678343, 3917.1795606820724, 4210.099339926952, 4206.676110903072, 4317.22396595865, 4286.900632794851, 4478.803006061214, 4473.633902661345, 4456.973456633912, 4456.102881420944, 4454.261901235796], [3718.204553484929, 3959.817720459493, 4103.720198513885, 4324.8215471860185, 4485.602622316047, 4630.761801204979, 4414.287156273531, 3650.835511278176, 3587.7649190213347, 3716.9348967760566, 3997.685784895745, 3973.47872908178, 4084.836106902496, 4042.1304695422723, 4333.0527791774475, 4348.196125143419, 4656.22026093972, 4659.006061207344, 4658.353917905655], [3951.5897630497993, 4175.331887268932, 4296.909023789807, 4403.668976481884, 4593.941025501585, 4414.287156273531, 4800.068932681078, 3924.326572197748, 3845.4604521844885, 3891.1422074863526, 4200.541331354878, 4200.15859829266, 4311.76055625192, 4263.543661671048, 4364.8420401018175, 4343.899063771353, 4402.324168492941, 4309.573295608874, 4363.489684759931], [4666.78812180513, 4476.185416971965, 4301.7668356689555, 4052.545266814205, 3899.268675499316, 3650.835511278176, 3924.326572197748, 4883.154956473534, 4613.080021490045, 4623.614420018457, 4435.214185228826, 4453.609035826759, 4342.661426683597, 4295.592399257104, 3999.7290648058465, 3994.2294185981386, 3535.7633953215272, 3621.3157273443408, 3606.6615181296042], [4659.324418469503, 4469.653516835344, 4262.38863669455, 4001.85765046924, 3831.153773678343, 3587.7649190213347, 3845.4604521844885, 4613.080021490045, 4865.914159018478, 4616.369731195824, 4428.667616158329, 4475.894681976561, 4305.191653628907, 4241.9084016346505, 3925.6392298689334, 3972.470751621773, 3487.5997982168233, 3539.9572055087206, 3550.356100667488], [4668.382254975008, 4475.772729332199, 4317.689775074118, 4082.7043587512367, 3917.1795606820724, 3716.9348967760566, 3891.1422074863526, 4623.614420018457, 4616.369731195824, 4886.99437964452, 4468.821719516196, 4404.212898533208, 4377.09737189958, 4291.8032067648555, 4033.711741192821, 4043.2615553125124, 3606.9893215717193, 3698.047270124162, 3691.9242229827883], [4504.915072912786, 4684.311726511587, 4493.612530889295, 4341.364032617288, 4210.099339926952, 3997.685784895745, 4200.541331354878, 4435.214185228826, 4428.667616158329, 4468.821719516196, 4928.905274642394, 4682.394233008589, 4489.0041620635375, 4430.792295486114, 4313.466421362153, 4304.554694438887, 3893.192989331825, 3949.0921183255573, 3979.895073898053], [4505.64154742428, 4686.724242707389, 4495.678443766123, 4362.948577164734, 4206.676110903072, 3973.47872908178, 4200.15859829266, 4453.609035826759, 4475.894681976561, 4404.212898533208, 4682.394233008589, 4935.451434478999, 4394.256553237784, 4512.161101056433, 4351.643919696461, 4340.847549890826, 3882.806232980834, 3936.1321648595913, 3916.743120005789], [4382.2631507158385, 4494.381185308636, 4673.233565706146, 4489.504771743834, 4317.22396595865, 4084.836106902496, 4311.76055625192, 4342.661426683597, 4305.191653628907, 4377.09737189958, 4489.0041620635375, 4394.256553237784, 4921.766857617414, 4676.447111939449, 4456.35022734812, 4467.415146216011, 3962.833298735878, 4060.342843058558, 4047.7273276806186], [4330.012625915616, 4499.423754773805, 4678.64889799175, 4495.688914237881, 4286.900632794851, 4042.1304695422723, 4263.543661671048, 4295.592399257104, 4241.9084016346505, 4291.8032067648555, 4430.792295486114, 4512.161101056433, 4676.447111939449, 4930.022365339241, 4490.449989645145, 4473.92318247158, 3911.725884266133, 4024.3066181963773, 3996.7231257045473], [4058.5426345055484, 4315.3953726560085, 4491.861018724872, 4667.852142928985, 4478.803006061214, 4333.0527791774475, 4364.8420401018175, 3999.7290648058465, 3925.6392298689334, 4033.711741192821, 4313.466421362153, 4351.643919696461, 4456.35022734812, 4490.449989645145, 4920.060904869925, 4668.661534971705, 4241.797098228259, 4387.704509758634, 4238.726946359511], [4071.7513569991456, 4312.4491752733475, 4488.912345248116, 4663.910822371154, 4473.633902661345, 4348.196125143419, 4343.899063771353, 3994.2294185981386, 3972.470751621773, 4043.2615553125124, 4304.554694438887, 4340.847549890826, 4467.415146216011, 4473.92318247158, 4668.661534971705, 4913.21294813112, 4230.063552063811, 4374.351960343898, 4322.7609792419835], [3609.9602920576626, 3855.488218971687, 3989.3355177363414, 4232.286060979736, 4456.973456633912, 4656.22026093972, 4402.324168492941, 3535.7633953215272, 3487.5997982168233, 3606.9893215717193, 3893.192989331825, 3882.806232980834, 3962.833298735878, 3911.725884266133, 4241.797098228259, 4230.063552063811, 4870.700555751234, 4612.74333564612, 4610.078736226256], [3685.2882905394563, 3924.611556222389, 4085.433440979417, 4337.564401716217, 4456.102881420944, 4659.006061207344, 4309.573295608874, 3621.3157273443408, 3539.9572055087206, 3698.047270124162, 3949.0921183255573, 3936.1321648595913, 4060.342843058558, 4024.3066181963773, 4387.704509758634, 4374.351960343898, 4612.74333564612, 4880.81184251463, 4618.085961859651], [3681.9185193568924, 3921.9329862854547, 4061.1065711631923, 4274.010539430966, 4454.261901235796, 4658.353917905655, 4363.489684759931, 3606.6615181296042, 3550.356100667488, 3691.9242229827883, 3979.895073898053, 3916.743120005789, 4047.7273276806186, 3996.7231257045473, 4238.726946359511, 4322.7609792419835, 4610.078736226256, 4618.085961859651, 4876.830273181772], [9.140116524550663, 17.383257954967178, 26.36884628607731, 46.66341774375948, -23.76165098403353, 41.95526594069338, -138.20191416986273, -6.029174041388302, 2.2274407702665187, 26.965804318075666, 18.28818838910109, 15.79336888227489, 16.296138391297905, 28.550083106497336, 77.5497267351614, 88.19332743783107, 29.630336619842073, 92.50116387221874, 56.65317898707986]]}}