{"resp_b": 0.1, "restrained_fit": true, "exclude_hydrogens": true, "convergence_tolerance": 1e-06, "max_iter": 500, "resp_a": 0.0005, "charge_constraints": {"charge_sum_constraints": [], "charge_equivalence_constraints": [], "molecules": [{"qcmol": {"schema_name": "qcschema_molecule", "schema_version": 2, "validated": true, "symbols": ["C", "C", "C", "C", "C", "C", "O", "H", "H", "H", "H", "H", "H", "H", "H", "H", "H", "H", "H"], "geometry": [[0.0, -0.0, 0.0], [2.8875411869394716, -3.4014280933191047e-16, 2.1104558899160532e-16], [4.00878633506255, 2.664656970989962, -5.703770789011742e-15], [6.910855208636091, 2.640753097966869, -0.0007902948132849363], [8.077929167392696, 5.25492210855321, 0.1719272640028422], [7.53682106016287, 7.101684010593902, -1.9495184890547266], [9.368073018713948, 5.8471338376376565, 1.9242744735956863], [-0.7408008201924451, 0.956967820645077, 1.657767774322332], [-0.7389270428325609, -1.9131831493202127, 0.000824430566133863], [-0.7428715515874686, 0.9561336025587357, -1.6577664845089914], [3.572436613131664, -1.0246872003334986, -1.6452722931222186], [3.5720054245294914, -1.0225866902349363, 1.645237775157344], [3.3120763844496377, 3.686595863871028, -1.6404141675421287], [3.3395211577352972, 3.6833516160730433, 1.6555769435857857], [7.614324651354569, 1.5615954219341883, 1.5901140697650555], [7.582839376596892, 1.7373545314699745, -1.7224017780182437], [8.856853847156936, 8.657902904798519, -1.8462645392508932], [5.632417701951022, 7.842971651076937, -1.7564636014877257], [7.6621687139977706, 6.19739777468564, -3.7857542983277193]], "name": "C6H12O", "identifiers": {"molecule_hash": "9cd802e2cf9d6a54cfad2999d632aa53208b9301", "molecular_formula": "C6H12O"}, "molecular_charge": 0.0, "molecular_multiplicity": 1, "connectivity": [[0, 1, 1.0], [0, 7, 1.0], [0, 8, 1.0], [0, 9, 1.0], [1, 2, 1.0], [1, 10, 1.0], [1, 11, 1.0], [2, 3, 1.0], [2, 12, 1.0], [2, 13, 1.0], [3, 4, 1.0], [3, 14, 1.0], [3, 15, 1.0], [4, 5, 1.0], [4, 6, 2.0], [5, 16, 1.0], [5, 17, 1.0], [5, 18, 1.0]], "fix_com": true, "fix_orientation": true, "provenance": {"creator": "QCElemental", "version": "v0.22.0", "routine": "qcelemental.molparse.from_schema"}, "id": "121278"}, "charge": 0, "optimize_geometry": false, "conformers": [], "conformer_generation_options": {"n_conformer_pool": 4000, "n_max_conformers": 0, "rms_tolerance": 0.05, "energy_window": 15, "keep_original_conformer": true}, "stage_1_unrestrained_charges": null, "stage_1_restrained_charges": null, "stage_2_unrestrained_charges": null, "stage_2_restrained_charges": null, "keep_original_orientation": false, "reorientations": [], "translations": [], "rotations": []}], "unconstrained_atoms": [{"index": 0, "molecule": {"qcmol": {"schema_name": "qcschema_molecule", "schema_version": 2, "validated": true, "symbols": ["C", "C", "C", "C", "C", "C", "O", "H", "H", "H", "H", "H", "H", "H", "H", "H", "H", "H", "H"], "geometry": [[0.0, -0.0, 0.0], [2.8875411869394716, -3.4014280933191047e-16, 2.1104558899160532e-16], [4.00878633506255, 2.664656970989962, -5.703770789011742e-15], [6.910855208636091, 2.640753097966869, -0.0007902948132849363], [8.077929167392696, 5.25492210855321, 0.1719272640028422], [7.53682106016287, 7.101684010593902, -1.9495184890547266], [9.368073018713948, 5.8471338376376565, 1.9242744735956863], [-0.7408008201924451, 0.956967820645077, 1.657767774322332], [-0.7389270428325609, -1.9131831493202127, 0.000824430566133863], [-0.7428715515874686, 0.9561336025587357, -1.6577664845089914], [3.572436613131664, -1.0246872003334986, -1.6452722931222186], [3.5720054245294914, -1.0225866902349363, 1.645237775157344], [3.3120763844496377, 3.686595863871028, -1.6404141675421287], [3.3395211577352972, 3.6833516160730433, 1.6555769435857857], [7.614324651354569, 1.5615954219341883, 1.5901140697650555], [7.582839376596892, 1.7373545314699745, -1.7224017780182437], [8.856853847156936, 8.657902904798519, -1.8462645392508932], [5.632417701951022, 7.842971651076937, -1.7564636014877257], [7.6621687139977706, 6.19739777468564, -3.7857542983277193]], "name": "C6H12O", "identifiers": {"molecule_hash": "9cd802e2cf9d6a54cfad2999d632aa53208b9301", "molecular_formula": "C6H12O"}, "molecular_charge": 0.0, "molecular_multiplicity": 1, "connectivity": [[0, 1, 1.0], [0, 7, 1.0], [0, 8, 1.0], [0, 9, 1.0], [1, 2, 1.0], [1, 10, 1.0], [1, 11, 1.0], [2, 3, 1.0], [2, 12, 1.0], [2, 13, 1.0], [3, 4, 1.0], [3, 14, 1.0], [3, 15, 1.0], [4, 5, 1.0], [4, 6, 2.0], [5, 16, 1.0], [5, 17, 1.0], [5, 18, 1.0]], "fix_com": true, "fix_orientation": true, "provenance": {"creator": "QCElemental", "version": "v0.22.0", "routine": "qcelemental.molparse.from_schema"}, "id": "121278"}, "charge": 0, "optimize_geometry": false, "conformers": [], "conformer_generation_options": {"n_conformer_pool": 4000, "n_max_conformers": 0, "rms_tolerance": 0.05, "energy_window": 15, "keep_original_conformer": true}, "stage_1_unrestrained_charges": null, "stage_1_restrained_charges": null, "stage_2_unrestrained_charges": null, "stage_2_restrained_charges": null, "keep_original_orientation": false, "reorientations": [], "translations": [], "rotations": []}}, {"index": 1, "molecule": {"qcmol": {"schema_name": "qcschema_molecule", "schema_version": 2, "validated": true, "symbols": ["C", "C", "C", "C", "C", "C", "O", "H", "H", "H", "H", "H", "H", "H", "H", "H", "H", "H", "H"], "geometry": [[0.0, -0.0, 0.0], [2.8875411869394716, -3.4014280933191047e-16, 2.1104558899160532e-16], [4.00878633506255, 2.664656970989962, -5.703770789011742e-15], [6.910855208636091, 2.640753097966869, -0.0007902948132849363], [8.077929167392696, 5.25492210855321, 0.1719272640028422], [7.53682106016287, 7.101684010593902, -1.9495184890547266], [9.368073018713948, 5.8471338376376565, 1.9242744735956863], [-0.7408008201924451, 0.956967820645077, 1.657767774322332], [-0.7389270428325609, -1.9131831493202127, 0.000824430566133863], [-0.7428715515874686, 0.9561336025587357, -1.6577664845089914], [3.572436613131664, -1.0246872003334986, -1.6452722931222186], [3.5720054245294914, -1.0225866902349363, 1.645237775157344], [3.3120763844496377, 3.686595863871028, -1.6404141675421287], [3.3395211577352972, 3.6833516160730433, 1.6555769435857857], [7.614324651354569, 1.5615954219341883, 1.5901140697650555], [7.582839376596892, 1.7373545314699745, -1.7224017780182437], [8.856853847156936, 8.657902904798519, -1.8462645392508932], [5.632417701951022, 7.842971651076937, -1.7564636014877257], [7.6621687139977706, 6.19739777468564, -3.7857542983277193]], "name": "C6H12O", "identifiers": {"molecule_hash": "9cd802e2cf9d6a54cfad2999d632aa53208b9301", "molecular_formula": "C6H12O"}, "molecular_charge": 0.0, "molecular_multiplicity": 1, "connectivity": [[0, 1, 1.0], [0, 7, 1.0], [0, 8, 1.0], [0, 9, 1.0], [1, 2, 1.0], [1, 10, 1.0], [1, 11, 1.0], [2, 3, 1.0], [2, 12, 1.0], [2, 13, 1.0], [3, 4, 1.0], [3, 14, 1.0], [3, 15, 1.0], [4, 5, 1.0], [4, 6, 2.0], [5, 16, 1.0], [5, 17, 1.0], [5, 18, 1.0]], "fix_com": true, "fix_orientation": true, "provenance": {"creator": "QCElemental", "version": "v0.22.0", "routine": "qcelemental.molparse.from_schema"}, "id": "121278"}, "charge": 0, "optimize_geometry": false, "conformers": [], "conformer_generation_options": {"n_conformer_pool": 4000, "n_max_conformers": 0, "rms_tolerance": 0.05, "energy_window": 15, "keep_original_conformer": true}, "stage_1_unrestrained_charges": null, "stage_1_restrained_charges": null, "stage_2_unrestrained_charges": null, "stage_2_restrained_charges": null, "keep_original_orientation": false, "reorientations": [], "translations": [], "rotations": []}}, {"index": 2, "molecule": {"qcmol": {"schema_name": "qcschema_molecule", "schema_version": 2, "validated": true, "symbols": ["C", "C", "C", "C", "C", "C", "O", "H", "H", "H", "H", "H", "H", "H", "H", "H", "H", "H", "H"], "geometry": [[0.0, -0.0, 0.0], [2.8875411869394716, -3.4014280933191047e-16, 2.1104558899160532e-16], [4.00878633506255, 2.664656970989962, -5.703770789011742e-15], [6.910855208636091, 2.640753097966869, -0.0007902948132849363], [8.077929167392696, 5.25492210855321, 0.1719272640028422], [7.53682106016287, 7.101684010593902, -1.9495184890547266], [9.368073018713948, 5.8471338376376565, 1.9242744735956863], [-0.7408008201924451, 0.956967820645077, 1.657767774322332], [-0.7389270428325609, -1.9131831493202127, 0.000824430566133863], [-0.7428715515874686, 0.9561336025587357, -1.6577664845089914], [3.572436613131664, -1.0246872003334986, -1.6452722931222186], [3.5720054245294914, -1.0225866902349363, 1.645237775157344], [3.3120763844496377, 3.686595863871028, -1.6404141675421287], [3.3395211577352972, 3.6833516160730433, 1.6555769435857857], [7.614324651354569, 1.5615954219341883, 1.5901140697650555], [7.582839376596892, 1.7373545314699745, -1.7224017780182437], [8.856853847156936, 8.657902904798519, -1.8462645392508932], [5.632417701951022, 7.842971651076937, -1.7564636014877257], [7.6621687139977706, 6.19739777468564, -3.7857542983277193]], "name": "C6H12O", "identifiers": {"molecule_hash": "9cd802e2cf9d6a54cfad2999d632aa53208b9301", "molecular_formula": "C6H12O"}, "molecular_charge": 0.0, "molecular_multiplicity": 1, "connectivity": [[0, 1, 1.0], [0, 7, 1.0], [0, 8, 1.0], [0, 9, 1.0], [1, 2, 1.0], [1, 10, 1.0], [1, 11, 1.0], [2, 3, 1.0], [2, 12, 1.0], [2, 13, 1.0], [3, 4, 1.0], [3, 14, 1.0], [3, 15, 1.0], [4, 5, 1.0], [4, 6, 2.0], [5, 16, 1.0], [5, 17, 1.0], [5, 18, 1.0]], "fix_com": true, "fix_orientation": true, "provenance": {"creator": "QCElemental", "version": "v0.22.0", "routine": "qcelemental.molparse.from_schema"}, "id": "121278"}, "charge": 0, "optimize_geometry": false, "conformers": [], "conformer_generation_options": {"n_conformer_pool": 4000, "n_max_conformers": 0, "rms_tolerance": 0.05, "energy_window": 15, "keep_original_conformer": true}, "stage_1_unrestrained_charges": null, "stage_1_restrained_charges": null, "stage_2_unrestrained_charges": null, "stage_2_restrained_charges": null, "keep_original_orientation": false, "reorientations": [], "translations": [], "rotations": []}}, {"index": 3, "molecule": {"qcmol": {"schema_name": "qcschema_molecule", "schema_version": 2, "validated": true, "symbols": ["C", "C", "C", "C", "C", "C", "O", "H", "H", "H", "H", "H", "H", "H", "H", "H", "H", "H", "H"], "geometry": [[0.0, -0.0, 0.0], [2.8875411869394716, -3.4014280933191047e-16, 2.1104558899160532e-16], [4.00878633506255, 2.664656970989962, -5.703770789011742e-15], [6.910855208636091, 2.640753097966869, -0.0007902948132849363], [8.077929167392696, 5.25492210855321, 0.1719272640028422], [7.53682106016287, 7.101684010593902, -1.9495184890547266], [9.368073018713948, 5.8471338376376565, 1.9242744735956863], [-0.7408008201924451, 0.956967820645077, 1.657767774322332], [-0.7389270428325609, -1.9131831493202127, 0.000824430566133863], [-0.7428715515874686, 0.9561336025587357, -1.6577664845089914], [3.572436613131664, -1.0246872003334986, -1.6452722931222186], [3.5720054245294914, -1.0225866902349363, 1.645237775157344], [3.3120763844496377, 3.686595863871028, -1.6404141675421287], [3.3395211577352972, 3.6833516160730433, 1.6555769435857857], [7.614324651354569, 1.5615954219341883, 1.5901140697650555], [7.582839376596892, 1.7373545314699745, -1.7224017780182437], [8.856853847156936, 8.657902904798519, -1.8462645392508932], [5.632417701951022, 7.842971651076937, -1.7564636014877257], [7.6621687139977706, 6.19739777468564, -3.7857542983277193]], "name": "C6H12O", "identifiers": {"molecule_hash": "9cd802e2cf9d6a54cfad2999d632aa53208b9301", "molecular_formula": "C6H12O"}, "molecular_charge": 0.0, "molecular_multiplicity": 1, "connectivity": [[0, 1, 1.0], [0, 7, 1.0], [0, 8, 1.0], [0, 9, 1.0], [1, 2, 1.0], [1, 10, 1.0], [1, 11, 1.0], [2, 3, 1.0], [2, 12, 1.0], [2, 13, 1.0], [3, 4, 1.0], [3, 14, 1.0], [3, 15, 1.0], [4, 5, 1.0], [4, 6, 2.0], [5, 16, 1.0], [5, 17, 1.0], [5, 18, 1.0]], "fix_com": true, "fix_orientation": true, "provenance": {"creator": "QCElemental", "version": "v0.22.0", "routine": "qcelemental.molparse.from_schema"}, "id": "121278"}, "charge": 0, "optimize_geometry": false, "conformers": [], "conformer_generation_options": {"n_conformer_pool": 4000, "n_max_conformers": 0, "rms_tolerance": 0.05, "energy_window": 15, "keep_original_conformer": true}, "stage_1_unrestrained_charges": null, "stage_1_restrained_charges": null, "stage_2_unrestrained_charges": null, "stage_2_restrained_charges": null, "keep_original_orientation": false, "reorientations": [], "translations": [], "rotations": []}}, {"index": 5, "molecule": {"qcmol": {"schema_name": "qcschema_molecule", "schema_version": 2, "validated": true, "symbols": ["C", "C", "C", "C", "C", "C", "O", "H", "H", "H", "H", "H", "H", "H", "H", "H", "H", "H", "H"], "geometry": [[0.0, -0.0, 0.0], [2.8875411869394716, -3.4014280933191047e-16, 2.1104558899160532e-16], [4.00878633506255, 2.664656970989962, -5.703770789011742e-15], [6.910855208636091, 2.640753097966869, -0.0007902948132849363], [8.077929167392696, 5.25492210855321, 0.1719272640028422], [7.53682106016287, 7.101684010593902, -1.9495184890547266], [9.368073018713948, 5.8471338376376565, 1.9242744735956863], [-0.7408008201924451, 0.956967820645077, 1.657767774322332], [-0.7389270428325609, -1.9131831493202127, 0.000824430566133863], [-0.7428715515874686, 0.9561336025587357, -1.6577664845089914], [3.572436613131664, -1.0246872003334986, -1.6452722931222186], [3.5720054245294914, -1.0225866902349363, 1.645237775157344], [3.3120763844496377, 3.686595863871028, -1.6404141675421287], [3.3395211577352972, 3.6833516160730433, 1.6555769435857857], [7.614324651354569, 1.5615954219341883, 1.5901140697650555], [7.582839376596892, 1.7373545314699745, -1.7224017780182437], [8.856853847156936, 8.657902904798519, -1.8462645392508932], [5.632417701951022, 7.842971651076937, -1.7564636014877257], [7.6621687139977706, 6.19739777468564, -3.7857542983277193]], "name": "C6H12O", "identifiers": {"molecule_hash": "9cd802e2cf9d6a54cfad2999d632aa53208b9301", "molecular_formula": "C6H12O"}, "molecular_charge": 0.0, "molecular_multiplicity": 1, "connectivity": [[0, 1, 1.0], [0, 7, 1.0], [0, 8, 1.0], [0, 9, 1.0], [1, 2, 1.0], [1, 10, 1.0], [1, 11, 1.0], [2, 3, 1.0], [2, 12, 1.0], [2, 13, 1.0], [3, 4, 1.0], [3, 14, 1.0], [3, 15, 1.0], [4, 5, 1.0], [4, 6, 2.0], [5, 16, 1.0], [5, 17, 1.0], [5, 18, 1.0]], "fix_com": true, "fix_orientation": true, "provenance": {"creator": "QCElemental", "version": "v0.22.0", "routine": "qcelemental.molparse.from_schema"}, "id": "121278"}, "charge": 0, "optimize_geometry": false, "conformers": [], "conformer_generation_options": {"n_conformer_pool": 4000, "n_max_conformers": 0, "rms_tolerance": 0.05, "energy_window": 15, "keep_original_conformer": true}, "stage_1_unrestrained_charges": null, "stage_1_restrained_charges": null, "stage_2_unrestrained_charges": null, "stage_2_restrained_charges": null, "keep_original_orientation": false, "reorientations": [], "translations": [], "rotations": []}}]}, "surface_constraints": {"matrix": [[1910.731800692824, 1857.9853728676103, 1779.4635805918485, 1677.5365542094416, 1606.485055431132, 1504.958899876792, 1602.3842934451195, 1915.468573048591, 1911.7952386510651, 1917.4076433832627, 1853.3532538491925, 1853.893310897299, 1790.838189564511, 1770.1244383490657, 1652.652286831683, 1657.0800105002463, 1456.0293288454284, 1489.629170602656, 1486.2031640675857], [1857.9853728676103, 1912.3252225881931, 1853.311456825894, 1782.5403843222225, 1714.4884866073194, 1613.336020683826, 1705.1013408434824, 1835.4980400672987, 1832.864657629628, 1836.630489057728, 1940.0808177009574, 1941.3380342475339, 1845.2103607226097, 1849.0649766909721, 1769.5881100213358, 1766.106625760673, 1565.4109268869242, 1596.3586676346915, 1592.2714219426525], [1779.4635805918485, 1853.311456825894, 1898.4858005541153, 1846.7680421942612, 1770.9340441114985, 1672.6128306103576, 1754.700402973305, 1756.1525969820075, 1739.0525239604344, 1764.5438719202273, 1850.6500514814315, 1851.7167153693965, 1921.8724090217272, 1925.9951277301577, 1844.0044912857188, 1840.8557612623042, 1619.8380169049944, 1662.818473946288, 1649.3766378607145], [1677.5365542094416, 1782.5403843222225, 1846.7680421942612, 1893.3188248272943, 1837.9866440515118, 1769.561361193521, 1802.5312684080554, 1647.817571130614, 1626.2954891631553, 1662.3813769838096, 1783.959999218168, 1793.424064408398, 1840.3970412021108, 1844.7802308348262, 1921.7454375012474, 1917.671160715313, 1725.2350497505493, 1772.2881631543876, 1741.630651687477], [1606.485055431132, 1714.4884866073194, 1770.9340441114985, 1837.9866440515118, 1881.9502027399176, 1842.169444719834, 1888.9765845633904, 1580.8243311272972, 1552.1355041037252, 1590.5796939399415, 1726.8027540515957, 1725.5523789946205, 1763.7401128701501, 1752.073121302717, 1838.5722671276008, 1833.3276099374718, 1824.528342722404, 1825.410812701404, 1821.0790460499122], [1504.958899876792, 1613.336020683826, 1672.6128306103576, 1769.561361193521, 1842.169444719834, 1903.377047797886, 1804.2763516388832, 1472.9125581307992, 1446.4723714482568, 1502.6116625116583, 1630.1030591497492, 1620.174431223071, 1659.9918088014372, 1642.8718347165395, 1770.542107157363, 1774.561199959147, 1909.18380646351, 1911.8516168999397, 1908.3316390403475], [1602.3842934451195, 1705.1013408434824, 1754.700402973305, 1802.5312684080554, 1888.9765845633904, 1804.2763516388832, 1975.242062998343, 1586.2021464912953, 1553.356329190451, 1574.5604538076327, 1717.0647743485981, 1717.138733127603, 1755.7443793095804, 1736.2736758766277, 1782.5362487701734, 1770.8074446334276, 1793.9048623272702, 1755.3076225074208, 1775.4217969838398], [1915.468573048591, 1835.4980400672987, 1756.1525969820075, 1647.817571130614, 1580.8243311272972, 1472.9125581307992, 1586.2021464912953, 2003.1738364303378, 1886.62035130403, 1892.879197165744, 1817.3133725785979, 1825.571853853229, 1769.1195417177582, 1750.5927152295167, 1623.2612432662268, 1620.129938309399, 1421.5529372022243, 1459.1565093730308, 1451.2797726036463], [1911.7952386510651, 1832.864657629628, 1739.0525239604344, 1626.2954891631553, 1552.1355041037252, 1446.4723714482568, 1553.356329190451, 1886.62035130403, 1994.683654464792, 1888.8070493604885, 1814.7983882896553, 1835.596521951974, 1752.6044289814188, 1727.295258469002, 1592.244653407847, 1610.6862802898345, 1401.5098772104195, 1425.2918140305435, 1427.5908206144222], [1917.4076433832627, 1836.630489057728, 1764.5438719202273, 1662.3813769838096, 1590.5796939399415, 1502.6116625116583, 1574.5604538076327, 1892.879197165744, 1888.8070493604885, 2007.9371559553904, 1833.20029187137, 1805.3501712804, 1785.1811818672809, 1750.7547724817694, 1639.2768437311263, 1642.5400288859005, 1452.889006453954, 1493.131524373993, 1489.0855896891617], [1853.3532538491925, 1940.0808177009574, 1850.6500514814315, 1783.959999218168, 1726.8027540515957, 1630.1030591497492, 1717.0647743485981, 1817.3133725785979, 1814.7983882896553, 1833.20029187137, 2047.3346246540375, 1940.2013051311076, 1842.7145578139136, 1818.9924029691954, 1769.370016832014, 1762.638130273087, 1582.3335392685333, 1607.0847124529414, 1617.020960673648], [1853.893310897299, 1941.3380342475339, 1851.7167153693965, 1793.424064408398, 1725.5523789946205, 1620.174431223071, 1717.138733127603, 1825.571853853229, 1835.596521951974, 1805.3501712804, 1940.2013051311076, 2050.6868139164976, 1802.012818953439, 1854.2860325716745, 1785.5447426708872, 1778.5910572510059, 1578.0032115069816, 1602.2703960664103, 1590.7380183537816], [1790.838189564511, 1845.2103607226097, 1921.8724090217272, 1840.3970412021108, 1763.7401128701501, 1659.9918088014372, 1755.7443793095804, 1769.1195417177582, 1752.6044289814188, 1785.1811818672809, 1842.7145578139136, 1802.012818953439, 2023.961427534535, 1920.730790461275, 1823.6278682514555, 1826.4976584653057, 1604.1599717884976, 1647.995091628886, 1639.8033615255908], [1770.1244383490657, 1849.0649766909721, 1925.9951277301577, 1844.7802308348262, 1752.073121302717, 1642.8718347165395, 1736.2736758766277, 1750.5927152295167, 1727.295258469002, 1750.7547724817694, 1818.9924029691954, 1854.2860325716745, 1920.730790461275, 2030.7661080941982, 1839.5973143543113, 1831.3755954015305, 1583.6983929449655, 1633.7420738454318, 1618.8731650939585], [1652.652286831683, 1769.5881100213358, 1844.0044912857188, 1921.7454375012474, 1838.5722671276008, 1770.542107157363, 1782.5362487701734, 1623.2612432662268, 1592.244653407847, 1639.2768437311263, 1769.370016832014, 1785.5447426708872, 1823.6278682514555, 1839.5973143543113, 2027.0068544874432, 1917.4999688830728, 1727.0277430380443, 1791.140417413252, 1724.5539946493602], [1657.0800105002463, 1766.106625760673, 1840.8557612623042, 1917.671160715313, 1833.3276099374718, 1774.561199959147, 1770.8074446334276, 1620.129938309399, 1610.6862802898345, 1642.5400288859005, 1762.638130273087, 1778.5910572510059, 1826.4976584653057, 1831.3755954015305, 1917.4999688830728, 2020.2764928000186, 1719.5218614353048, 1783.4884271405583, 1758.078139095722], [1456.0293288454284, 1565.4109268869242, 1619.8380169049944, 1725.2350497505493, 1824.528342722404, 1909.18380646351, 1793.9048623272702, 1421.5529372022243, 1401.5098772104195, 1452.889006453954, 1582.3335392685333, 1578.0032115069816, 1604.1599717884976, 1583.6983929449655, 1727.0277430380443, 1719.5218614353048, 1996.2482079834872, 1886.6183350767517, 1882.4500052002031], [1489.629170602656, 1596.3586676346915, 1662.818473946288, 1772.2881631543876, 1825.410812701404, 1911.8516168999397, 1755.3076225074208, 1459.1565093730308, 1425.2918140305435, 1493.131524373993, 1607.0847124529414, 1602.2703960664103, 1647.995091628886, 1633.7420738454318, 1791.140417413252, 1783.4884271405583, 1886.6183350767517, 2004.542543303447, 1887.3716871147296], [1486.2031640675857, 1592.2714219426525, 1649.3766378607145, 1741.630651687477, 1821.0790460499122, 1908.3316390403475, 1775.4217969838398, 1451.2797726036463, 1427.5908206144222, 1489.0855896891617, 1617.020960673648, 1590.7380183537816, 1639.8033615255908, 1618.8731650939585, 1724.5539946493602, 1758.078139095722, 1882.4500052002031, 1887.3716871147296, 1996.2618441279556], [4.888710688870746, 8.55155949843249, 12.588317783976334, 21.630579709430073, -9.276218352148875, 19.703200228501238, -60.38455048082661, -1.4099586897410674, 1.8868240313008267, 12.350150782907932, 8.864416879257748, 7.792102449844686, 8.21834304986507, 13.539982628468337, 34.97934408321807, 39.53097893395027, 14.466657549262102, 41.43482220130877, 25.877622503411086]]}}