{"resp_b": 0.1, "restrained_fit": true, "exclude_hydrogens": true, "convergence_tolerance": 1e-06, "max_iter": 500, "resp_a": 0.0005, "charge_constraints": {"charge_sum_constraints": [], "charge_equivalence_constraints": [], "molecules": [{"qcmol": {"schema_name": "qcschema_molecule", "schema_version": 2, "validated": true, "symbols": ["C", "C", "C", "C", "C", "C", "O", "H", "H", "H", "H", "H", "H", "H", "H", "H", "H", "H", "H"], "geometry": [[0.0, -0.0, 0.0], [2.8875411869394716, -3.4014280933191047e-16, 2.1104558899160532e-16], [4.00878633506255, 2.664656970989962, -5.703770789011742e-15], [6.910855208636091, 2.640753097966869, -0.0007902948132849363], [8.077929167392696, 5.25492210855321, 0.1719272640028422], [7.53682106016287, 7.101684010593902, -1.9495184890547266], [9.368073018713948, 5.8471338376376565, 1.9242744735956863], [-0.7408008201924451, 0.956967820645077, 1.657767774322332], [-0.7389270428325609, -1.9131831493202127, 0.000824430566133863], [-0.7428715515874686, 0.9561336025587357, -1.6577664845089914], [3.572436613131664, -1.0246872003334986, -1.6452722931222186], [3.5720054245294914, -1.0225866902349363, 1.645237775157344], [3.3120763844496377, 3.686595863871028, -1.6404141675421287], [3.3395211577352972, 3.6833516160730433, 1.6555769435857857], [7.614324651354569, 1.5615954219341883, 1.5901140697650555], [7.582839376596892, 1.7373545314699745, -1.7224017780182437], [8.856853847156936, 8.657902904798519, -1.8462645392508932], [5.632417701951022, 7.842971651076937, -1.7564636014877257], [7.6621687139977706, 6.19739777468564, -3.7857542983277193]], "name": "C6H12O", "identifiers": {"molecule_hash": "9cd802e2cf9d6a54cfad2999d632aa53208b9301", "molecular_formula": "C6H12O"}, "molecular_charge": 0.0, "molecular_multiplicity": 1, "connectivity": [[0, 1, 1.0], [0, 7, 1.0], [0, 8, 1.0], [0, 9, 1.0], [1, 2, 1.0], [1, 10, 1.0], [1, 11, 1.0], [2, 3, 1.0], [2, 12, 1.0], [2, 13, 1.0], [3, 4, 1.0], [3, 14, 1.0], [3, 15, 1.0], [4, 5, 1.0], [4, 6, 2.0], [5, 16, 1.0], [5, 17, 1.0], [5, 18, 1.0]], "fix_com": true, "fix_orientation": true, "provenance": {"creator": "QCElemental", "version": "v0.22.0", "routine": "qcelemental.molparse.from_schema"}, "id": "121278"}, "charge": 0, "optimize_geometry": false, "conformers": [], "conformer_generation_options": {"n_conformer_pool": 4000, "n_max_conformers": 0, "rms_tolerance": 0.05, "energy_window": 15, "keep_original_conformer": true}, "stage_1_unrestrained_charges": null, "stage_1_restrained_charges": null, "stage_2_unrestrained_charges": null, "stage_2_restrained_charges": null, "keep_original_orientation": false, "reorientations": [], "translations": [], "rotations": []}], "unconstrained_atoms": [{"index": 0, "molecule": {"qcmol": {"schema_name": "qcschema_molecule", "schema_version": 2, "validated": true, "symbols": ["C", "C", "C", "C", "C", "C", "O", "H", "H", "H", "H", "H", "H", "H", "H", "H", "H", "H", "H"], "geometry": [[0.0, -0.0, 0.0], [2.8875411869394716, -3.4014280933191047e-16, 2.1104558899160532e-16], [4.00878633506255, 2.664656970989962, -5.703770789011742e-15], [6.910855208636091, 2.640753097966869, -0.0007902948132849363], [8.077929167392696, 5.25492210855321, 0.1719272640028422], [7.53682106016287, 7.101684010593902, -1.9495184890547266], [9.368073018713948, 5.8471338376376565, 1.9242744735956863], [-0.7408008201924451, 0.956967820645077, 1.657767774322332], [-0.7389270428325609, -1.9131831493202127, 0.000824430566133863], [-0.7428715515874686, 0.9561336025587357, -1.6577664845089914], [3.572436613131664, -1.0246872003334986, -1.6452722931222186], [3.5720054245294914, -1.0225866902349363, 1.645237775157344], [3.3120763844496377, 3.686595863871028, -1.6404141675421287], [3.3395211577352972, 3.6833516160730433, 1.6555769435857857], [7.614324651354569, 1.5615954219341883, 1.5901140697650555], [7.582839376596892, 1.7373545314699745, -1.7224017780182437], [8.856853847156936, 8.657902904798519, -1.8462645392508932], [5.632417701951022, 7.842971651076937, -1.7564636014877257], [7.6621687139977706, 6.19739777468564, -3.7857542983277193]], "name": "C6H12O", "identifiers": {"molecule_hash": "9cd802e2cf9d6a54cfad2999d632aa53208b9301", "molecular_formula": "C6H12O"}, "molecular_charge": 0.0, "molecular_multiplicity": 1, "connectivity": [[0, 1, 1.0], [0, 7, 1.0], [0, 8, 1.0], [0, 9, 1.0], [1, 2, 1.0], [1, 10, 1.0], [1, 11, 1.0], [2, 3, 1.0], [2, 12, 1.0], [2, 13, 1.0], [3, 4, 1.0], [3, 14, 1.0], [3, 15, 1.0], [4, 5, 1.0], [4, 6, 2.0], [5, 16, 1.0], [5, 17, 1.0], [5, 18, 1.0]], "fix_com": true, "fix_orientation": true, "provenance": {"creator": "QCElemental", "version": "v0.22.0", "routine": "qcelemental.molparse.from_schema"}, "id": "121278"}, "charge": 0, "optimize_geometry": false, "conformers": [], "conformer_generation_options": {"n_conformer_pool": 4000, "n_max_conformers": 0, "rms_tolerance": 0.05, "energy_window": 15, "keep_original_conformer": true}, "stage_1_unrestrained_charges": null, "stage_1_restrained_charges": null, "stage_2_unrestrained_charges": null, "stage_2_restrained_charges": null, "keep_original_orientation": false, "reorientations": [], "translations": [], "rotations": []}}, {"index": 1, "molecule": {"qcmol": {"schema_name": "qcschema_molecule", "schema_version": 2, "validated": true, "symbols": ["C", "C", "C", "C", "C", "C", "O", "H", "H", "H", "H", "H", "H", "H", "H", "H", "H", "H", "H"], "geometry": [[0.0, -0.0, 0.0], [2.8875411869394716, -3.4014280933191047e-16, 2.1104558899160532e-16], [4.00878633506255, 2.664656970989962, -5.703770789011742e-15], [6.910855208636091, 2.640753097966869, -0.0007902948132849363], [8.077929167392696, 5.25492210855321, 0.1719272640028422], [7.53682106016287, 7.101684010593902, -1.9495184890547266], [9.368073018713948, 5.8471338376376565, 1.9242744735956863], [-0.7408008201924451, 0.956967820645077, 1.657767774322332], [-0.7389270428325609, -1.9131831493202127, 0.000824430566133863], [-0.7428715515874686, 0.9561336025587357, -1.6577664845089914], [3.572436613131664, -1.0246872003334986, -1.6452722931222186], [3.5720054245294914, -1.0225866902349363, 1.645237775157344], [3.3120763844496377, 3.686595863871028, -1.6404141675421287], [3.3395211577352972, 3.6833516160730433, 1.6555769435857857], [7.614324651354569, 1.5615954219341883, 1.5901140697650555], [7.582839376596892, 1.7373545314699745, -1.7224017780182437], [8.856853847156936, 8.657902904798519, -1.8462645392508932], [5.632417701951022, 7.842971651076937, -1.7564636014877257], [7.6621687139977706, 6.19739777468564, -3.7857542983277193]], "name": "C6H12O", "identifiers": {"molecule_hash": "9cd802e2cf9d6a54cfad2999d632aa53208b9301", "molecular_formula": "C6H12O"}, "molecular_charge": 0.0, "molecular_multiplicity": 1, "connectivity": [[0, 1, 1.0], [0, 7, 1.0], [0, 8, 1.0], [0, 9, 1.0], [1, 2, 1.0], [1, 10, 1.0], [1, 11, 1.0], [2, 3, 1.0], [2, 12, 1.0], [2, 13, 1.0], [3, 4, 1.0], [3, 14, 1.0], [3, 15, 1.0], [4, 5, 1.0], [4, 6, 2.0], [5, 16, 1.0], [5, 17, 1.0], [5, 18, 1.0]], "fix_com": true, "fix_orientation": true, "provenance": {"creator": "QCElemental", "version": "v0.22.0", "routine": "qcelemental.molparse.from_schema"}, "id": "121278"}, "charge": 0, "optimize_geometry": false, "conformers": [], "conformer_generation_options": {"n_conformer_pool": 4000, "n_max_conformers": 0, "rms_tolerance": 0.05, "energy_window": 15, "keep_original_conformer": true}, "stage_1_unrestrained_charges": null, "stage_1_restrained_charges": null, "stage_2_unrestrained_charges": null, "stage_2_restrained_charges": null, "keep_original_orientation": false, "reorientations": [], "translations": [], "rotations": []}}, {"index": 2, "molecule": {"qcmol": {"schema_name": "qcschema_molecule", "schema_version": 2, "validated": true, "symbols": ["C", "C", "C", "C", "C", "C", "O", "H", "H", "H", "H", "H", "H", "H", "H", "H", "H", "H", "H"], "geometry": [[0.0, -0.0, 0.0], [2.8875411869394716, -3.4014280933191047e-16, 2.1104558899160532e-16], [4.00878633506255, 2.664656970989962, -5.703770789011742e-15], [6.910855208636091, 2.640753097966869, -0.0007902948132849363], [8.077929167392696, 5.25492210855321, 0.1719272640028422], [7.53682106016287, 7.101684010593902, -1.9495184890547266], [9.368073018713948, 5.8471338376376565, 1.9242744735956863], [-0.7408008201924451, 0.956967820645077, 1.657767774322332], [-0.7389270428325609, -1.9131831493202127, 0.000824430566133863], [-0.7428715515874686, 0.9561336025587357, -1.6577664845089914], [3.572436613131664, -1.0246872003334986, -1.6452722931222186], [3.5720054245294914, -1.0225866902349363, 1.645237775157344], [3.3120763844496377, 3.686595863871028, -1.6404141675421287], [3.3395211577352972, 3.6833516160730433, 1.6555769435857857], [7.614324651354569, 1.5615954219341883, 1.5901140697650555], [7.582839376596892, 1.7373545314699745, -1.7224017780182437], [8.856853847156936, 8.657902904798519, -1.8462645392508932], [5.632417701951022, 7.842971651076937, -1.7564636014877257], [7.6621687139977706, 6.19739777468564, -3.7857542983277193]], "name": "C6H12O", "identifiers": {"molecule_hash": "9cd802e2cf9d6a54cfad2999d632aa53208b9301", "molecular_formula": "C6H12O"}, "molecular_charge": 0.0, "molecular_multiplicity": 1, "connectivity": [[0, 1, 1.0], [0, 7, 1.0], [0, 8, 1.0], [0, 9, 1.0], [1, 2, 1.0], [1, 10, 1.0], [1, 11, 1.0], [2, 3, 1.0], [2, 12, 1.0], [2, 13, 1.0], [3, 4, 1.0], [3, 14, 1.0], [3, 15, 1.0], [4, 5, 1.0], [4, 6, 2.0], [5, 16, 1.0], [5, 17, 1.0], [5, 18, 1.0]], "fix_com": true, "fix_orientation": true, "provenance": {"creator": "QCElemental", "version": "v0.22.0", "routine": "qcelemental.molparse.from_schema"}, "id": "121278"}, "charge": 0, "optimize_geometry": false, "conformers": [], "conformer_generation_options": {"n_conformer_pool": 4000, "n_max_conformers": 0, "rms_tolerance": 0.05, "energy_window": 15, "keep_original_conformer": true}, "stage_1_unrestrained_charges": null, "stage_1_restrained_charges": null, "stage_2_unrestrained_charges": null, "stage_2_restrained_charges": null, "keep_original_orientation": false, "reorientations": [], "translations": [], "rotations": []}}, {"index": 3, "molecule": {"qcmol": {"schema_name": "qcschema_molecule", "schema_version": 2, "validated": true, "symbols": ["C", "C", "C", "C", "C", "C", "O", "H", "H", "H", "H", "H", "H", "H", "H", "H", "H", "H", "H"], "geometry": [[0.0, -0.0, 0.0], [2.8875411869394716, -3.4014280933191047e-16, 2.1104558899160532e-16], [4.00878633506255, 2.664656970989962, -5.703770789011742e-15], [6.910855208636091, 2.640753097966869, -0.0007902948132849363], [8.077929167392696, 5.25492210855321, 0.1719272640028422], [7.53682106016287, 7.101684010593902, -1.9495184890547266], [9.368073018713948, 5.8471338376376565, 1.9242744735956863], [-0.7408008201924451, 0.956967820645077, 1.657767774322332], [-0.7389270428325609, -1.9131831493202127, 0.000824430566133863], [-0.7428715515874686, 0.9561336025587357, -1.6577664845089914], [3.572436613131664, -1.0246872003334986, -1.6452722931222186], [3.5720054245294914, -1.0225866902349363, 1.645237775157344], [3.3120763844496377, 3.686595863871028, -1.6404141675421287], [3.3395211577352972, 3.6833516160730433, 1.6555769435857857], [7.614324651354569, 1.5615954219341883, 1.5901140697650555], [7.582839376596892, 1.7373545314699745, -1.7224017780182437], [8.856853847156936, 8.657902904798519, -1.8462645392508932], [5.632417701951022, 7.842971651076937, -1.7564636014877257], [7.6621687139977706, 6.19739777468564, -3.7857542983277193]], "name": "C6H12O", "identifiers": {"molecule_hash": "9cd802e2cf9d6a54cfad2999d632aa53208b9301", "molecular_formula": "C6H12O"}, "molecular_charge": 0.0, "molecular_multiplicity": 1, "connectivity": [[0, 1, 1.0], [0, 7, 1.0], [0, 8, 1.0], [0, 9, 1.0], [1, 2, 1.0], [1, 10, 1.0], [1, 11, 1.0], [2, 3, 1.0], [2, 12, 1.0], [2, 13, 1.0], [3, 4, 1.0], [3, 14, 1.0], [3, 15, 1.0], [4, 5, 1.0], [4, 6, 2.0], [5, 16, 1.0], [5, 17, 1.0], [5, 18, 1.0]], "fix_com": true, "fix_orientation": true, "provenance": {"creator": "QCElemental", "version": "v0.22.0", "routine": "qcelemental.molparse.from_schema"}, "id": "121278"}, "charge": 0, "optimize_geometry": false, "conformers": [], "conformer_generation_options": {"n_conformer_pool": 4000, "n_max_conformers": 0, "rms_tolerance": 0.05, "energy_window": 15, "keep_original_conformer": true}, "stage_1_unrestrained_charges": null, "stage_1_restrained_charges": null, "stage_2_unrestrained_charges": null, "stage_2_restrained_charges": null, "keep_original_orientation": false, "reorientations": [], "translations": [], "rotations": []}}, {"index": 5, "molecule": {"qcmol": {"schema_name": "qcschema_molecule", "schema_version": 2, "validated": true, "symbols": ["C", "C", "C", "C", "C", "C", "O", "H", "H", "H", "H", "H", "H", "H", "H", "H", "H", "H", "H"], "geometry": [[0.0, -0.0, 0.0], [2.8875411869394716, -3.4014280933191047e-16, 2.1104558899160532e-16], [4.00878633506255, 2.664656970989962, -5.703770789011742e-15], [6.910855208636091, 2.640753097966869, -0.0007902948132849363], [8.077929167392696, 5.25492210855321, 0.1719272640028422], [7.53682106016287, 7.101684010593902, -1.9495184890547266], [9.368073018713948, 5.8471338376376565, 1.9242744735956863], [-0.7408008201924451, 0.956967820645077, 1.657767774322332], [-0.7389270428325609, -1.9131831493202127, 0.000824430566133863], [-0.7428715515874686, 0.9561336025587357, -1.6577664845089914], [3.572436613131664, -1.0246872003334986, -1.6452722931222186], [3.5720054245294914, -1.0225866902349363, 1.645237775157344], [3.3120763844496377, 3.686595863871028, -1.6404141675421287], [3.3395211577352972, 3.6833516160730433, 1.6555769435857857], [7.614324651354569, 1.5615954219341883, 1.5901140697650555], [7.582839376596892, 1.7373545314699745, -1.7224017780182437], [8.856853847156936, 8.657902904798519, -1.8462645392508932], [5.632417701951022, 7.842971651076937, -1.7564636014877257], [7.6621687139977706, 6.19739777468564, -3.7857542983277193]], "name": "C6H12O", "identifiers": {"molecule_hash": "9cd802e2cf9d6a54cfad2999d632aa53208b9301", "molecular_formula": "C6H12O"}, "molecular_charge": 0.0, "molecular_multiplicity": 1, "connectivity": [[0, 1, 1.0], [0, 7, 1.0], [0, 8, 1.0], [0, 9, 1.0], [1, 2, 1.0], [1, 10, 1.0], [1, 11, 1.0], [2, 3, 1.0], [2, 12, 1.0], [2, 13, 1.0], [3, 4, 1.0], [3, 14, 1.0], [3, 15, 1.0], [4, 5, 1.0], [4, 6, 2.0], [5, 16, 1.0], [5, 17, 1.0], [5, 18, 1.0]], "fix_com": true, "fix_orientation": true, "provenance": {"creator": "QCElemental", "version": "v0.22.0", "routine": "qcelemental.molparse.from_schema"}, "id": "121278"}, "charge": 0, "optimize_geometry": false, "conformers": [], "conformer_generation_options": {"n_conformer_pool": 4000, "n_max_conformers": 0, "rms_tolerance": 0.05, "energy_window": 15, "keep_original_conformer": true}, "stage_1_unrestrained_charges": null, "stage_1_restrained_charges": null, "stage_2_unrestrained_charges": null, "stage_2_restrained_charges": null, "keep_original_orientation": false, "reorientations": [], "translations": [], "rotations": []}}]}, "surface_constraints": {"matrix": [[207515459583044.44, 201786925135144.97, 193259046856790.66, 182189227135679.47, 174472670013947.53, 163446382789035.0, 174027323883791.9, 208029896165379.0, 207630955293036.06, 208240487695943.1, 201283854605515.22, 201342507153804.66, 194494387545047.34, 192244777082732.16, 179486664213982.22, 179967524250694.9, 158132391992746.6, 161781490646611.66, 161409386972760.6], [201786925135144.97, 207688519315893.66, 201279313459609.34, 193593206552594.44, 186202426149298.47, 175216727245916.34, 185182948401034.0, 199344681716933.56, 199058684842690.75, 199467670357922.16, 210702924176667.66, 210839463608321.47, 200399490964936.47, 200818121307763.56, 192186527890489.78, 191808396812540.6, 170011830481300.53, 173372896544754.47, 172928973926720.2], [193259046856790.66, 201279313459609.34, 206185482183266.8, 200568664500709.28, 192332695005515.6, 181654483391940.12, 190569647566232.5, 190727351048696.28, 188870203239696.3, 191638678344007.03, 200990272219789.72, 201106116910040.7, 208725389177610.16, 209173137445094.84, 200268528948052.12, 199926558255281.84, 175922875190781.8, 180590762871212.53, 179130890012660.97], [182189227135679.47, 193593206552594.44, 200568664500709.28, 205624322751589.66, 199614958550287.38, 192183613836689.12, 195764319571640.84, 178961582322103.66, 176624188285503.03, 180543283128259.22, 193747396684170.7, 194775232344699.03, 199876739721128.72, 200352776600264.4, 208711602199954.8, 208269111590259.94, 187369555554798.0, 192479758843237.22, 189150178916709.38], [174472670013947.53, 186202426149298.47, 192332695005515.6, 199614958550287.38, 204389631971772.3, 200069231923874.6, 205152734697672.22, 171685770312836.78, 168570040498165.97, 172745244790575.9, 187539833041868.97, 187404035281009.88, 191551389594226.22, 190284294334709.47, 199678560129724.03, 199108961553842.03, 198153319395394.16, 198249155139054.12, 197778699641809.0], [163446382789035.0, 175216727245916.34, 181654483391940.12, 192183613836689.12, 200069231923874.6, 206716694666294.9, 195953845423550.53, 159965973637034.28, 157094454608528.3, 163191438432392.97, 177037730454851.9, 175959429358999.6, 180283762778770.6, 178424445034198.94, 192290142114702.97, 192726618462153.12, 207347342333233.62, 207637075624263.78, 207254783693483.0], [174027323883791.9, 185182948401034.0, 190569647566232.5, 195764319571640.84, 205152734697672.22, 195953845423550.53, 214521618186938.22, 172269844666545.7, 168702652069226.34, 171005487516046.06, 186482249629181.7, 186490288032302.28, 190683022808441.7, 188568405879822.56, 193592744371874.5, 192318946689015.88, 194827443905859.22, 190635582941952.22, 192820093505741.06], [208029896165379.0, 199344681716933.56, 190727351048696.28, 178961582322103.66, 171685770312836.78, 159965973637034.28, 172269844666545.7, 217555144893644.4, 204896829185208.03, 205576568243369.56, 197369737026358.97, 198266643737856.94, 192135631252151.1, 190123531049056.34, 176294631988507.78, 175954546837389.28, 154388064168233.2, 158471991030580.6, 157616519824291.7], [207630955293036.06, 199058684842690.75, 188870203239696.3, 176624188285503.03, 168570040498165.97, 157094454608528.3, 168702652069226.34, 204896829185208.03, 216633072167810.4, 205134314350770.78, 197096591698853.44, 199355378160674.44, 190342015635197.72, 187593311530197.22, 172926084132576.25, 174928929917815.25, 152211309916741.75, 154794130096581.94, 155043794843366.62], [208240487695943.1, 199467670357922.16, 191638678344007.03, 180543283128259.22, 172745244790575.9, 163191438432392.97, 171005487516046.06, 205576568243369.56, 205134314350770.78, 218072462340255.66, 199095134957719.12, 196070472179420.97, 193879987263146.38, 190141126722648.0, 178034010895913.6, 178388395694033.94, 157791314229884.6, 162161843937759.12, 161722408672585.1], [201283854605515.22, 210702924176667.66, 200990272219789.72, 193747396684170.7, 187539833041868.97, 177037730454851.9, 186482249629181.7, 197369737026358.97, 197096591698853.44, 199095134957719.12, 222351250649236.34, 210716011697214.7, 200128432325412.78, 197552076489281.7, 192162861237018.62, 191431712126646.28, 171849729573702.12, 174537819798202.1, 175616916277765.84], [201342507153804.66, 210839463608321.47, 201106116910040.7, 194775232344699.03, 187404035281009.88, 175959429358999.6, 186490288032302.28, 198266643737856.94, 199355378160674.44, 196070472179420.97, 210716011697214.7, 222715313550730.12, 195708015787412.47, 201385152571359.66, 193919505714975.1, 193164260967415.44, 171379439526889.66, 174014955190799.4, 172762449206892.84], [194494387545047.34, 200399490964936.47, 208725389177610.16, 199876739721128.72, 191551389594226.22, 180283762778770.6, 190683022808441.7, 192135631252151.1, 190342015635197.72, 193879987263146.38, 200128432325412.78, 195708015787412.47, 219812789041135.62, 208601402012725.62, 198055514752566.3, 198367202927893.38, 174220141891863.34, 178980853614970.75, 178091172168337.28], [192244777082732.16, 200818121307763.56, 209173137445094.84, 200352776600264.4, 190284294334709.47, 178424445034198.94, 188568405879822.56, 190123531049056.34, 187593311530197.22, 190141126722648.0, 197552076489281.7, 201385152571359.66, 208601402012725.62, 220551812609967.47, 199789885830984.94, 198896965148437.66, 171997911830820.84, 177432901669274.28, 175818041740989.56], [179486664213982.22, 192186527890489.78, 200268528948052.12, 208711602199954.8, 199678560129724.03, 192290142114702.97, 193592744371874.5, 176294631988507.78, 172926084132576.25, 178034010895913.6, 192162861237018.62, 193919505714975.1, 198055514752566.3, 199789885830984.94, 220143543865116.2, 208250520475606.38, 187564265764862.56, 194527231169349.3, 187295583623415.47], [179967524250694.9, 191808396812540.6, 199926558255281.84, 208269111590259.94, 199108961553842.03, 192726618462153.12, 192318946689015.88, 175954546837389.28, 174928929917815.25, 178388395694033.94, 191431712126646.28, 193164260967415.44, 198367202927893.38, 198896965148437.66, 208250520475606.38, 219412584405108.47, 186749072117132.47, 193696161003251.53, 190936454436407.88], [158132391992746.6, 170011830481300.53, 175922875190781.8, 187369555554798.0, 198153319395394.16, 207347342333233.62, 194827443905859.22, 154388064168233.2, 152211309916741.75, 157791314229884.6, 171849729573702.12, 171379439526889.66, 174220141891863.34, 171997911830820.84, 187564265764862.56, 186749072117132.47, 216802995458653.4, 204896613376104.9, 204443906099372.9], [161781490646611.66, 173372896544754.47, 180590762871212.53, 192479758843237.22, 198249155139054.12, 207637075624263.78, 190635582941952.22, 158471991030580.6, 154794130096581.94, 162161843937759.12, 174537819798202.1, 174014955190799.4, 178980853614970.75, 177432901669274.28, 194527231169349.3, 193696161003251.53, 204896613376104.9, 217703793238814.0, 204978421025172.9], [161409386972760.6, 172928973926720.2, 179130890012660.97, 189150178916709.38, 197778699641809.0, 207254783693483.0, 192820093505741.06, 157616519824291.7, 155043794843366.62, 161722408672585.1, 175616916277765.84, 172762449206892.84, 178091172168337.28, 175818041740989.56, 187295583623415.47, 190936454436407.88, 204443906099372.9, 204978421025172.9, 216804457700665.66], [651000952736.6936, 905674807468.3317, 1168078639644.1875, 1826386892092.4902, -660414105941.5554, 1689237833735.8022, -4894841830553.187, 180841102971.44363, 449521003080.79675, 1211696168318.7083, 925227433053.1224, 858624762798.8506, 826132144876.9653, 1252119435369.2798, 2872800049456.438, 3236465899069.7124, 1290284470999.02, 3421415601914.692, 2205653694118.468]]}}