{"resp_b": 0.1, "restrained_fit": true, "exclude_hydrogens": true, "convergence_tolerance": 1e-06, "max_iter": 500, "resp_a": 0.0005, "charge_constraints": {"charge_sum_constraints": [], "charge_equivalence_constraints": [], "molecules": [{"qcmol": {"schema_name": "qcschema_molecule", "schema_version": 2, "validated": true, "symbols": ["C", "C", "C", "C", "C", "C", "O", "H", "H", "H", "H", "H", "H", "H", "H", "H", "H", "H", "H"], "geometry": [[0.0, -0.0, 0.0], [2.8875411869394716, -3.4014280933191047e-16, 2.1104558899160532e-16], [4.00878633506255, 2.664656970989962, -5.703770789011742e-15], [6.910855208636091, 2.640753097966869, -0.0007902948132849363], [8.077929167392696, 5.25492210855321, 0.1719272640028422], [7.53682106016287, 7.101684010593902, -1.9495184890547266], [9.368073018713948, 5.8471338376376565, 1.9242744735956863], [-0.7408008201924451, 0.956967820645077, 1.657767774322332], [-0.7389270428325609, -1.9131831493202127, 0.000824430566133863], [-0.7428715515874686, 0.9561336025587357, -1.6577664845089914], [3.572436613131664, -1.0246872003334986, -1.6452722931222186], [3.5720054245294914, -1.0225866902349363, 1.645237775157344], [3.3120763844496377, 3.686595863871028, -1.6404141675421287], [3.3395211577352972, 3.6833516160730433, 1.6555769435857857], [7.614324651354569, 1.5615954219341883, 1.5901140697650555], [7.582839376596892, 1.7373545314699745, -1.7224017780182437], [8.856853847156936, 8.657902904798519, -1.8462645392508932], [5.632417701951022, 7.842971651076937, -1.7564636014877257], [7.6621687139977706, 6.19739777468564, -3.7857542983277193]], "name": "C6H12O", "identifiers": {"molecule_hash": "9cd802e2cf9d6a54cfad2999d632aa53208b9301", "molecular_formula": "C6H12O"}, "molecular_charge": 0.0, "molecular_multiplicity": 1, "connectivity": [[0, 1, 1.0], [0, 7, 1.0], [0, 8, 1.0], [0, 9, 1.0], [1, 2, 1.0], [1, 10, 1.0], [1, 11, 1.0], [2, 3, 1.0], [2, 12, 1.0], [2, 13, 1.0], [3, 4, 1.0], [3, 14, 1.0], [3, 15, 1.0], [4, 5, 1.0], [4, 6, 2.0], [5, 16, 1.0], [5, 17, 1.0], [5, 18, 1.0]], "fix_com": true, "fix_orientation": true, "provenance": {"creator": "QCElemental", "version": "v0.22.0", "routine": "qcelemental.molparse.from_schema"}, "id": "121278"}, "charge": 0, "optimize_geometry": false, "conformers": [], "conformer_generation_options": {"n_conformer_pool": 4000, "n_max_conformers": 0, "rms_tolerance": 0.05, "energy_window": 15, "keep_original_conformer": true}, "stage_1_unrestrained_charges": null, "stage_1_restrained_charges": null, "stage_2_unrestrained_charges": null, "stage_2_restrained_charges": null, "keep_original_orientation": false, "reorientations": [], "translations": [], "rotations": []}], "unconstrained_atoms": [{"index": 0, "molecule": {"qcmol": {"schema_name": "qcschema_molecule", "schema_version": 2, "validated": true, "symbols": ["C", "C", "C", "C", "C", "C", "O", "H", "H", "H", "H", "H", "H", "H", "H", "H", "H", "H", "H"], "geometry": [[0.0, -0.0, 0.0], [2.8875411869394716, -3.4014280933191047e-16, 2.1104558899160532e-16], [4.00878633506255, 2.664656970989962, -5.703770789011742e-15], [6.910855208636091, 2.640753097966869, -0.0007902948132849363], [8.077929167392696, 5.25492210855321, 0.1719272640028422], [7.53682106016287, 7.101684010593902, -1.9495184890547266], [9.368073018713948, 5.8471338376376565, 1.9242744735956863], [-0.7408008201924451, 0.956967820645077, 1.657767774322332], [-0.7389270428325609, -1.9131831493202127, 0.000824430566133863], [-0.7428715515874686, 0.9561336025587357, -1.6577664845089914], [3.572436613131664, -1.0246872003334986, -1.6452722931222186], [3.5720054245294914, -1.0225866902349363, 1.645237775157344], [3.3120763844496377, 3.686595863871028, -1.6404141675421287], [3.3395211577352972, 3.6833516160730433, 1.6555769435857857], [7.614324651354569, 1.5615954219341883, 1.5901140697650555], [7.582839376596892, 1.7373545314699745, -1.7224017780182437], [8.856853847156936, 8.657902904798519, -1.8462645392508932], [5.632417701951022, 7.842971651076937, -1.7564636014877257], [7.6621687139977706, 6.19739777468564, -3.7857542983277193]], "name": "C6H12O", "identifiers": {"molecule_hash": "9cd802e2cf9d6a54cfad2999d632aa53208b9301", "molecular_formula": "C6H12O"}, "molecular_charge": 0.0, "molecular_multiplicity": 1, "connectivity": [[0, 1, 1.0], [0, 7, 1.0], [0, 8, 1.0], [0, 9, 1.0], [1, 2, 1.0], [1, 10, 1.0], [1, 11, 1.0], [2, 3, 1.0], [2, 12, 1.0], [2, 13, 1.0], [3, 4, 1.0], [3, 14, 1.0], [3, 15, 1.0], [4, 5, 1.0], [4, 6, 2.0], [5, 16, 1.0], [5, 17, 1.0], [5, 18, 1.0]], "fix_com": true, "fix_orientation": true, "provenance": {"creator": "QCElemental", "version": "v0.22.0", "routine": "qcelemental.molparse.from_schema"}, "id": "121278"}, "charge": 0, "optimize_geometry": false, "conformers": [], "conformer_generation_options": {"n_conformer_pool": 4000, "n_max_conformers": 0, "rms_tolerance": 0.05, "energy_window": 15, "keep_original_conformer": true}, "stage_1_unrestrained_charges": null, "stage_1_restrained_charges": null, "stage_2_unrestrained_charges": null, "stage_2_restrained_charges": null, "keep_original_orientation": false, "reorientations": [], "translations": [], "rotations": []}}, {"index": 1, "molecule": {"qcmol": {"schema_name": "qcschema_molecule", "schema_version": 2, "validated": true, "symbols": ["C", "C", "C", "C", "C", "C", "O", "H", "H", "H", "H", "H", "H", "H", "H", "H", "H", "H", "H"], "geometry": [[0.0, -0.0, 0.0], [2.8875411869394716, -3.4014280933191047e-16, 2.1104558899160532e-16], [4.00878633506255, 2.664656970989962, -5.703770789011742e-15], [6.910855208636091, 2.640753097966869, -0.0007902948132849363], [8.077929167392696, 5.25492210855321, 0.1719272640028422], [7.53682106016287, 7.101684010593902, -1.9495184890547266], [9.368073018713948, 5.8471338376376565, 1.9242744735956863], [-0.7408008201924451, 0.956967820645077, 1.657767774322332], [-0.7389270428325609, -1.9131831493202127, 0.000824430566133863], [-0.7428715515874686, 0.9561336025587357, -1.6577664845089914], [3.572436613131664, -1.0246872003334986, -1.6452722931222186], [3.5720054245294914, -1.0225866902349363, 1.645237775157344], [3.3120763844496377, 3.686595863871028, -1.6404141675421287], [3.3395211577352972, 3.6833516160730433, 1.6555769435857857], [7.614324651354569, 1.5615954219341883, 1.5901140697650555], [7.582839376596892, 1.7373545314699745, -1.7224017780182437], [8.856853847156936, 8.657902904798519, -1.8462645392508932], [5.632417701951022, 7.842971651076937, -1.7564636014877257], [7.6621687139977706, 6.19739777468564, -3.7857542983277193]], "name": "C6H12O", "identifiers": {"molecule_hash": "9cd802e2cf9d6a54cfad2999d632aa53208b9301", "molecular_formula": "C6H12O"}, "molecular_charge": 0.0, "molecular_multiplicity": 1, "connectivity": [[0, 1, 1.0], [0, 7, 1.0], [0, 8, 1.0], [0, 9, 1.0], [1, 2, 1.0], [1, 10, 1.0], [1, 11, 1.0], [2, 3, 1.0], [2, 12, 1.0], [2, 13, 1.0], [3, 4, 1.0], [3, 14, 1.0], [3, 15, 1.0], [4, 5, 1.0], [4, 6, 2.0], [5, 16, 1.0], [5, 17, 1.0], [5, 18, 1.0]], "fix_com": true, "fix_orientation": true, "provenance": {"creator": "QCElemental", "version": "v0.22.0", "routine": "qcelemental.molparse.from_schema"}, "id": "121278"}, "charge": 0, "optimize_geometry": false, "conformers": [], "conformer_generation_options": {"n_conformer_pool": 4000, "n_max_conformers": 0, "rms_tolerance": 0.05, "energy_window": 15, "keep_original_conformer": true}, "stage_1_unrestrained_charges": null, "stage_1_restrained_charges": null, "stage_2_unrestrained_charges": null, "stage_2_restrained_charges": null, "keep_original_orientation": false, "reorientations": [], "translations": [], "rotations": []}}, {"index": 2, "molecule": {"qcmol": {"schema_name": "qcschema_molecule", "schema_version": 2, "validated": true, "symbols": ["C", "C", "C", "C", "C", "C", "O", "H", "H", "H", "H", "H", "H", "H", "H", "H", "H", "H", "H"], "geometry": [[0.0, -0.0, 0.0], [2.8875411869394716, -3.4014280933191047e-16, 2.1104558899160532e-16], [4.00878633506255, 2.664656970989962, -5.703770789011742e-15], [6.910855208636091, 2.640753097966869, -0.0007902948132849363], [8.077929167392696, 5.25492210855321, 0.1719272640028422], [7.53682106016287, 7.101684010593902, -1.9495184890547266], [9.368073018713948, 5.8471338376376565, 1.9242744735956863], [-0.7408008201924451, 0.956967820645077, 1.657767774322332], [-0.7389270428325609, -1.9131831493202127, 0.000824430566133863], [-0.7428715515874686, 0.9561336025587357, -1.6577664845089914], [3.572436613131664, -1.0246872003334986, -1.6452722931222186], [3.5720054245294914, -1.0225866902349363, 1.645237775157344], [3.3120763844496377, 3.686595863871028, -1.6404141675421287], [3.3395211577352972, 3.6833516160730433, 1.6555769435857857], [7.614324651354569, 1.5615954219341883, 1.5901140697650555], [7.582839376596892, 1.7373545314699745, -1.7224017780182437], [8.856853847156936, 8.657902904798519, -1.8462645392508932], [5.632417701951022, 7.842971651076937, -1.7564636014877257], [7.6621687139977706, 6.19739777468564, -3.7857542983277193]], "name": "C6H12O", "identifiers": {"molecule_hash": "9cd802e2cf9d6a54cfad2999d632aa53208b9301", "molecular_formula": "C6H12O"}, "molecular_charge": 0.0, "molecular_multiplicity": 1, "connectivity": [[0, 1, 1.0], [0, 7, 1.0], [0, 8, 1.0], [0, 9, 1.0], [1, 2, 1.0], [1, 10, 1.0], [1, 11, 1.0], [2, 3, 1.0], [2, 12, 1.0], [2, 13, 1.0], [3, 4, 1.0], [3, 14, 1.0], [3, 15, 1.0], [4, 5, 1.0], [4, 6, 2.0], [5, 16, 1.0], [5, 17, 1.0], [5, 18, 1.0]], "fix_com": true, "fix_orientation": true, "provenance": {"creator": "QCElemental", "version": "v0.22.0", "routine": "qcelemental.molparse.from_schema"}, "id": "121278"}, "charge": 0, "optimize_geometry": false, "conformers": [], "conformer_generation_options": {"n_conformer_pool": 4000, "n_max_conformers": 0, "rms_tolerance": 0.05, "energy_window": 15, "keep_original_conformer": true}, "stage_1_unrestrained_charges": null, "stage_1_restrained_charges": null, "stage_2_unrestrained_charges": null, "stage_2_restrained_charges": null, "keep_original_orientation": false, "reorientations": [], "translations": [], "rotations": []}}, {"index": 3, "molecule": {"qcmol": {"schema_name": "qcschema_molecule", "schema_version": 2, "validated": true, "symbols": ["C", "C", "C", "C", "C", "C", "O", "H", "H", "H", "H", "H", "H", "H", "H", "H", "H", "H", "H"], "geometry": [[0.0, -0.0, 0.0], [2.8875411869394716, -3.4014280933191047e-16, 2.1104558899160532e-16], [4.00878633506255, 2.664656970989962, -5.703770789011742e-15], [6.910855208636091, 2.640753097966869, -0.0007902948132849363], [8.077929167392696, 5.25492210855321, 0.1719272640028422], [7.53682106016287, 7.101684010593902, -1.9495184890547266], [9.368073018713948, 5.8471338376376565, 1.9242744735956863], [-0.7408008201924451, 0.956967820645077, 1.657767774322332], [-0.7389270428325609, -1.9131831493202127, 0.000824430566133863], [-0.7428715515874686, 0.9561336025587357, -1.6577664845089914], [3.572436613131664, -1.0246872003334986, -1.6452722931222186], [3.5720054245294914, -1.0225866902349363, 1.645237775157344], [3.3120763844496377, 3.686595863871028, -1.6404141675421287], [3.3395211577352972, 3.6833516160730433, 1.6555769435857857], [7.614324651354569, 1.5615954219341883, 1.5901140697650555], [7.582839376596892, 1.7373545314699745, -1.7224017780182437], [8.856853847156936, 8.657902904798519, -1.8462645392508932], [5.632417701951022, 7.842971651076937, -1.7564636014877257], [7.6621687139977706, 6.19739777468564, -3.7857542983277193]], "name": "C6H12O", "identifiers": {"molecule_hash": "9cd802e2cf9d6a54cfad2999d632aa53208b9301", "molecular_formula": "C6H12O"}, "molecular_charge": 0.0, "molecular_multiplicity": 1, "connectivity": [[0, 1, 1.0], [0, 7, 1.0], [0, 8, 1.0], [0, 9, 1.0], [1, 2, 1.0], [1, 10, 1.0], [1, 11, 1.0], [2, 3, 1.0], [2, 12, 1.0], [2, 13, 1.0], [3, 4, 1.0], [3, 14, 1.0], [3, 15, 1.0], [4, 5, 1.0], [4, 6, 2.0], [5, 16, 1.0], [5, 17, 1.0], [5, 18, 1.0]], "fix_com": true, "fix_orientation": true, "provenance": {"creator": "QCElemental", "version": "v0.22.0", "routine": "qcelemental.molparse.from_schema"}, "id": "121278"}, "charge": 0, "optimize_geometry": false, "conformers": [], "conformer_generation_options": {"n_conformer_pool": 4000, "n_max_conformers": 0, "rms_tolerance": 0.05, "energy_window": 15, "keep_original_conformer": true}, "stage_1_unrestrained_charges": null, "stage_1_restrained_charges": null, "stage_2_unrestrained_charges": null, "stage_2_restrained_charges": null, "keep_original_orientation": false, "reorientations": [], "translations": [], "rotations": []}}, {"index": 5, "molecule": {"qcmol": {"schema_name": "qcschema_molecule", "schema_version": 2, "validated": true, "symbols": ["C", "C", "C", "C", "C", "C", "O", "H", "H", "H", "H", "H", "H", "H", "H", "H", "H", "H", "H"], "geometry": [[0.0, -0.0, 0.0], [2.8875411869394716, -3.4014280933191047e-16, 2.1104558899160532e-16], [4.00878633506255, 2.664656970989962, -5.703770789011742e-15], [6.910855208636091, 2.640753097966869, -0.0007902948132849363], [8.077929167392696, 5.25492210855321, 0.1719272640028422], [7.53682106016287, 7.101684010593902, -1.9495184890547266], [9.368073018713948, 5.8471338376376565, 1.9242744735956863], [-0.7408008201924451, 0.956967820645077, 1.657767774322332], [-0.7389270428325609, -1.9131831493202127, 0.000824430566133863], [-0.7428715515874686, 0.9561336025587357, -1.6577664845089914], [3.572436613131664, -1.0246872003334986, -1.6452722931222186], [3.5720054245294914, -1.0225866902349363, 1.645237775157344], [3.3120763844496377, 3.686595863871028, -1.6404141675421287], [3.3395211577352972, 3.6833516160730433, 1.6555769435857857], [7.614324651354569, 1.5615954219341883, 1.5901140697650555], [7.582839376596892, 1.7373545314699745, -1.7224017780182437], [8.856853847156936, 8.657902904798519, -1.8462645392508932], [5.632417701951022, 7.842971651076937, -1.7564636014877257], [7.6621687139977706, 6.19739777468564, -3.7857542983277193]], "name": "C6H12O", "identifiers": {"molecule_hash": "9cd802e2cf9d6a54cfad2999d632aa53208b9301", "molecular_formula": "C6H12O"}, "molecular_charge": 0.0, "molecular_multiplicity": 1, "connectivity": [[0, 1, 1.0], [0, 7, 1.0], [0, 8, 1.0], [0, 9, 1.0], [1, 2, 1.0], [1, 10, 1.0], [1, 11, 1.0], [2, 3, 1.0], [2, 12, 1.0], [2, 13, 1.0], [3, 4, 1.0], [3, 14, 1.0], [3, 15, 1.0], [4, 5, 1.0], [4, 6, 2.0], [5, 16, 1.0], [5, 17, 1.0], [5, 18, 1.0]], "fix_com": true, "fix_orientation": true, "provenance": {"creator": "QCElemental", "version": "v0.22.0", "routine": "qcelemental.molparse.from_schema"}, "id": "121278"}, "charge": 0, "optimize_geometry": false, "conformers": [], "conformer_generation_options": {"n_conformer_pool": 4000, "n_max_conformers": 0, "rms_tolerance": 0.05, "energy_window": 15, "keep_original_conformer": true}, "stage_1_unrestrained_charges": null, "stage_1_restrained_charges": null, "stage_2_unrestrained_charges": null, "stage_2_restrained_charges": null, "keep_original_orientation": false, "reorientations": [], "translations": [], "rotations": []}}]}, "surface_constraints": {"matrix": [[204068303444657.03, 198371133832338.8, 190190830210115.34, 179178298941094.66, 171254019034395.7, 159194505333884.25, 171598490686990.9, 204575667483877.03, 204208356023973.66, 204816090487980.78, 197837958137836.7, 197779728798002.25, 191542812818328.56, 189297753062073.88, 176582901509201.94, 177248871312581.78, 154116788087601.28, 156892240464726.0, 156702719695529.78], [198371133832338.8, 204007166651465.25, 197988009853927.2, 190377779835064.44, 182806410951390.97, 170919802504110.06, 182595742628323.53, 196010481993417.34, 195739251566660.06, 196175793211893.56, 206851647781199.16, 206834015959032.47, 197285693768027.9, 197651189396479.44, 189020100300769.8, 188939255553530.06, 165848938534095.66, 168536752429324.1, 168298283838208.97], [190190830210115.34, 197988009853927.2, 203052598000005.62, 197596659168358.16, 189414526077800.06, 178185678060312.9, 188187718240836.6, 187724266958407.4, 185903393617017.62, 188633959361019.94, 197624721632719.7, 197600716336000.72, 205657306396936.0, 206051474373116.56, 197256269116711.5, 197199471371657.03, 172484361819714.34, 176494187153382.38, 175800962665316.44], [179178298941094.66, 190377779835064.44, 197596659168358.16, 202662310781481.9, 196592518739375.78, 189037128082462.75, 192988806418876.1, 176010311859283.88, 173689426183343.28, 177599039938727.97, 190406203791393.75, 191292738684776.3, 197042379710780.2, 197533871134295.5, 205603211926516.16, 205542503687520.9, 183980149484284.6, 189122939812156.1, 186344354056083.94], [171254019034395.7, 182806410951390.97, 189414526077800.06, 196592518739375.78, 201081310692863.53, 196551887993940.03, 201976224688827.22, 168495633696823.25, 165447672025082.9, 169578265782673.66, 183915910384514.5, 183650801991861.66, 188866661911198.16, 187600235420958.16, 196512789952395.62, 196395027152707.5, 194209252969709.2, 194749801778081.78, 194576342075439.44], [159194505333884.25, 170919802504110.06, 178185678060312.9, 189037128082462.75, 196551887993940.03, 202729738744256.38, 192741017671293.78, 155758364399447.1, 153074827594331.47, 158756955220264.16, 172314969759234.88, 171380381747999.03, 176969997239250.7, 175267863935350.1, 189277802768476.84, 189976488110686.8, 202852911904592.1, 203586103223148.22, 203504392287528.8], [171598490686990.9, 182595742628323.53, 188187718240836.6, 192988806418876.1, 201976224688827.22, 192741017671293.78, 211049966236655.2, 169866727107784.53, 166273655193097.97, 168702203948832.2, 183824067569150.78, 183589435175988.84, 188504602647987.22, 186358546892293.56, 190584153545100.84, 189814844845460.88, 191195942840870.78, 187683427078658.8, 189864968495781.22], [204575667483877.03, 196010481993417.34, 187724266958407.4, 176010311859283.88, 168495633696823.25, 155758364399447.1, 169866727107784.53, 213849570723989.53, 201549883416532.62, 202210138662280.06, 194067666298843.84, 194814617125139.9, 189237198742421.22, 187228484732252.94, 173463919889205.22, 173317185207886.3, 150473844593611.88, 153764608422759.47, 152791399695634.75], [204208356023973.66, 195739251566660.06, 185903393617017.62, 173689426183343.28, 165447672025082.9, 153074827594331.47, 166273655193097.97, 201549883416532.62, 213010440419183.44, 201808006142949.6, 193788360245622.25, 195924113395983.16, 187474410586902.8, 184791000124876.03, 170178713908955.2, 172178286804848.38, 148333313583779.28, 150164982778434.3, 150783889176188.72], [204816090487980.78, 196175793211893.56, 188633959361019.94, 177599039938727.97, 169578265782673.66, 158756955220264.16, 168702203948832.2, 202210138662280.06, 201808006142949.6, 214412612243797.53, 195796931965444.03, 192734756478802.84, 190959206164462.5, 187226512333654.56, 175142311321203.16, 175778952731590.22, 153684685584338.2, 156858765924700.3, 156720946054062.2], [197837958137836.7, 206851647781199.16, 197624721632719.7, 190406203791393.75, 183915910384514.5, 172314969759234.88, 183824067569150.78, 194067666298843.84, 193788360245622.25, 195796931965444.03, 218074816719173.75, 206562564324011.62, 196980298465998.62, 194384672017045.7, 188814855043850.16, 188536781706528.88, 167271386873454.12, 169447583594857.16, 170198510844055.2], [197779728798002.25, 206834015959032.47, 197600716336000.72, 191292738684776.3, 183650801991861.66, 171380381747999.03, 183589435175988.84, 194814617125139.9, 195924113395983.16, 192734756478802.84, 206562564324011.62, 218118721727168.5, 192490915889967.8, 198059288203807.78, 190561322011688.5, 190028522625845.8, 166887693401977.56, 168921827706232.97, 167984577496604.97], [191542812818328.56, 197285693768027.9, 205657306396936.0, 197042379710780.2, 188866661911198.16, 176969997239250.7, 188504602647987.22, 189237198742421.22, 187474410586902.8, 190959206164462.5, 196980298465998.62, 192490915889967.8, 216574078742553.94, 205575168533710.84, 195165394718275.44, 195765334475266.72, 171020304502525.44, 174790810457444.62, 175004973997630.97], [189297753062073.88, 197651189396479.44, 206051474373116.56, 197533871134295.5, 187600235420958.16, 175267863935350.1, 186358546892293.56, 187228484732252.94, 184791000124876.03, 187226512333654.56, 194384672017045.7, 198059288203807.78, 205575168533710.84, 217235457215002.5, 197014053087096.84, 196301539390159.22, 168908103287932.62, 173576516428342.12, 172918328531628.97], [176582901509201.94, 189020100300769.8, 197256269116711.5, 205603211926516.16, 196512789952395.62, 189277802768476.84, 190584153545100.84, 173463919889205.22, 170178713908955.2, 175142311321203.16, 188814855043850.16, 190561322011688.5, 195165394718275.44, 197014053087096.84, 216668800600311.2, 205487052518444.44, 184310746483041.4, 191253223871020.25, 184890491827478.56], [177248871312581.78, 188939255553530.06, 197199471371657.03, 205542503687520.9, 196395027152707.5, 189976488110686.8, 189814844845460.88, 173317185207886.3, 172178286804848.38, 175778952731590.22, 188536781706528.88, 190028522625845.8, 195765334475266.72, 196301539390159.22, 205487052518444.44, 216661712985796.84, 183703452453906.7, 190984323271855.38, 188372516641993.25], [154116788087601.28, 165848938534095.66, 172484361819714.34, 183980149484284.6, 194209252969709.2, 202852911904592.1, 191195942840870.78, 150473844593611.88, 148333313583779.28, 153684685584338.2, 167271386873454.12, 166887693401977.56, 171020304502525.44, 168908103287932.62, 184310746483041.4, 183703452453906.7, 211541452519198.56, 200473145305940.72, 200299156782609.88], [156892240464726.0, 168536752429324.1, 176494187153382.38, 189122939812156.1, 194749801778081.78, 203586103223148.22, 187683427078658.8, 153764608422759.47, 150164982778434.3, 156858765924700.3, 169447583594857.16, 168921827706232.97, 174790810457444.62, 173576516428342.12, 191253223871020.25, 190984323271855.38, 200473145305940.72, 213268714051781.78, 201223570748776.28], [156702719695529.78, 168298283838208.97, 175800962665316.44, 186344354056083.94, 194576342075439.44, 203504392287528.8, 189864968495781.22, 152791399695634.75, 150783889176188.72, 156720946054062.2, 170198510844055.2, 167984577496604.97, 175004973997630.97, 172918328531628.97, 184890491827478.56, 188372516641993.25, 200299156782609.88, 201223570748776.28, 212976974940537.0], [76148853830.5102, 339883007284.52203, 853947584900.5228, 1894590249719.3425, -970296478185.8579, 1858256666695.2568, -5873751479822.161, -589477634099.2391, -51909194575.62658, 759700946165.8153, 193821589369.14252, 287736534691.79517, 460696030155.8253, 954870057841.3171, 3135633991168.468, 3687371098898.3037, 1300339699241.7014, 3835640764307.5537, 2583315885175.223]]}}