{"resp_b": 0.1, "restrained_fit": true, "exclude_hydrogens": true, "convergence_tolerance": 1e-06, "max_iter": 500, "resp_a": 0.0005, "charge_constraints": {"charge_sum_constraints": [], "charge_equivalence_constraints": [], "molecules": [{"qcmol": {"schema_name": "qcschema_molecule", "schema_version": 2, "validated": true, "symbols": ["C", "C", "C", "C", "C", "C", "O", "H", "H", "H", "H", "H", "H", "H", "H", "H", "H", "H", "H"], "geometry": [[0.0, -0.0, 0.0], [2.8875411869394716, -3.4014280933191047e-16, 2.1104558899160532e-16], [4.00878633506255, 2.664656970989962, -5.703770789011742e-15], [6.910855208636091, 2.640753097966869, -0.0007902948132849363], [8.077929167392696, 5.25492210855321, 0.1719272640028422], [7.53682106016287, 7.101684010593902, -1.9495184890547266], [9.368073018713948, 5.8471338376376565, 1.9242744735956863], [-0.7408008201924451, 0.956967820645077, 1.657767774322332], [-0.7389270428325609, -1.9131831493202127, 0.000824430566133863], [-0.7428715515874686, 0.9561336025587357, -1.6577664845089914], [3.572436613131664, -1.0246872003334986, -1.6452722931222186], [3.5720054245294914, -1.0225866902349363, 1.645237775157344], [3.3120763844496377, 3.686595863871028, -1.6404141675421287], [3.3395211577352972, 3.6833516160730433, 1.6555769435857857], [7.614324651354569, 1.5615954219341883, 1.5901140697650555], [7.582839376596892, 1.7373545314699745, -1.7224017780182437], [8.856853847156936, 8.657902904798519, -1.8462645392508932], [5.632417701951022, 7.842971651076937, -1.7564636014877257], [7.6621687139977706, 6.19739777468564, -3.7857542983277193]], "name": "C6H12O", "identifiers": {"molecule_hash": "9cd802e2cf9d6a54cfad2999d632aa53208b9301", "molecular_formula": "C6H12O"}, "molecular_charge": 0.0, "molecular_multiplicity": 1, "connectivity": [[0, 1, 1.0], [0, 7, 1.0], [0, 8, 1.0], [0, 9, 1.0], [1, 2, 1.0], [1, 10, 1.0], [1, 11, 1.0], [2, 3, 1.0], [2, 12, 1.0], [2, 13, 1.0], [3, 4, 1.0], [3, 14, 1.0], [3, 15, 1.0], [4, 5, 1.0], [4, 6, 2.0], [5, 16, 1.0], [5, 17, 1.0], [5, 18, 1.0]], "fix_com": true, "fix_orientation": true, "provenance": {"creator": "QCElemental", "version": "v0.22.0", "routine": "qcelemental.molparse.from_schema"}, "id": "121278"}, "charge": 0, "optimize_geometry": false, "conformers": [], "conformer_generation_options": {"n_conformer_pool": 4000, "n_max_conformers": 0, "rms_tolerance": 0.05, "energy_window": 15, "keep_original_conformer": true}, "stage_1_unrestrained_charges": null, "stage_1_restrained_charges": null, "stage_2_unrestrained_charges": null, "stage_2_restrained_charges": null, "keep_original_orientation": false, "reorientations": [], "translations": [], "rotations": []}], "unconstrained_atoms": [{"index": 0, "molecule": {"qcmol": {"schema_name": "qcschema_molecule", "schema_version": 2, "validated": true, "symbols": ["C", "C", "C", "C", "C", "C", "O", "H", "H", "H", "H", "H", "H", "H", "H", "H", "H", "H", "H"], "geometry": [[0.0, -0.0, 0.0], [2.8875411869394716, -3.4014280933191047e-16, 2.1104558899160532e-16], [4.00878633506255, 2.664656970989962, -5.703770789011742e-15], [6.910855208636091, 2.640753097966869, -0.0007902948132849363], [8.077929167392696, 5.25492210855321, 0.1719272640028422], [7.53682106016287, 7.101684010593902, -1.9495184890547266], [9.368073018713948, 5.8471338376376565, 1.9242744735956863], [-0.7408008201924451, 0.956967820645077, 1.657767774322332], [-0.7389270428325609, -1.9131831493202127, 0.000824430566133863], [-0.7428715515874686, 0.9561336025587357, -1.6577664845089914], [3.572436613131664, -1.0246872003334986, -1.6452722931222186], [3.5720054245294914, -1.0225866902349363, 1.645237775157344], [3.3120763844496377, 3.686595863871028, -1.6404141675421287], [3.3395211577352972, 3.6833516160730433, 1.6555769435857857], [7.614324651354569, 1.5615954219341883, 1.5901140697650555], [7.582839376596892, 1.7373545314699745, -1.7224017780182437], [8.856853847156936, 8.657902904798519, -1.8462645392508932], [5.632417701951022, 7.842971651076937, -1.7564636014877257], [7.6621687139977706, 6.19739777468564, -3.7857542983277193]], "name": "C6H12O", "identifiers": {"molecule_hash": "9cd802e2cf9d6a54cfad2999d632aa53208b9301", "molecular_formula": "C6H12O"}, "molecular_charge": 0.0, "molecular_multiplicity": 1, "connectivity": [[0, 1, 1.0], [0, 7, 1.0], [0, 8, 1.0], [0, 9, 1.0], [1, 2, 1.0], [1, 10, 1.0], [1, 11, 1.0], [2, 3, 1.0], [2, 12, 1.0], [2, 13, 1.0], [3, 4, 1.0], [3, 14, 1.0], [3, 15, 1.0], [4, 5, 1.0], [4, 6, 2.0], [5, 16, 1.0], [5, 17, 1.0], [5, 18, 1.0]], "fix_com": true, "fix_orientation": true, "provenance": {"creator": "QCElemental", "version": "v0.22.0", "routine": "qcelemental.molparse.from_schema"}, "id": "121278"}, "charge": 0, "optimize_geometry": false, "conformers": [], "conformer_generation_options": {"n_conformer_pool": 4000, "n_max_conformers": 0, "rms_tolerance": 0.05, "energy_window": 15, "keep_original_conformer": true}, "stage_1_unrestrained_charges": null, "stage_1_restrained_charges": null, "stage_2_unrestrained_charges": null, "stage_2_restrained_charges": null, "keep_original_orientation": false, "reorientations": [], "translations": [], "rotations": []}}, {"index": 1, "molecule": {"qcmol": {"schema_name": "qcschema_molecule", "schema_version": 2, "validated": true, "symbols": ["C", "C", "C", "C", "C", "C", "O", "H", "H", "H", "H", "H", "H", "H", "H", "H", "H", "H", "H"], "geometry": [[0.0, -0.0, 0.0], [2.8875411869394716, -3.4014280933191047e-16, 2.1104558899160532e-16], [4.00878633506255, 2.664656970989962, -5.703770789011742e-15], [6.910855208636091, 2.640753097966869, -0.0007902948132849363], [8.077929167392696, 5.25492210855321, 0.1719272640028422], [7.53682106016287, 7.101684010593902, -1.9495184890547266], [9.368073018713948, 5.8471338376376565, 1.9242744735956863], [-0.7408008201924451, 0.956967820645077, 1.657767774322332], [-0.7389270428325609, -1.9131831493202127, 0.000824430566133863], [-0.7428715515874686, 0.9561336025587357, -1.6577664845089914], [3.572436613131664, -1.0246872003334986, -1.6452722931222186], [3.5720054245294914, -1.0225866902349363, 1.645237775157344], [3.3120763844496377, 3.686595863871028, -1.6404141675421287], [3.3395211577352972, 3.6833516160730433, 1.6555769435857857], [7.614324651354569, 1.5615954219341883, 1.5901140697650555], [7.582839376596892, 1.7373545314699745, -1.7224017780182437], [8.856853847156936, 8.657902904798519, -1.8462645392508932], [5.632417701951022, 7.842971651076937, -1.7564636014877257], [7.6621687139977706, 6.19739777468564, -3.7857542983277193]], "name": "C6H12O", "identifiers": {"molecule_hash": "9cd802e2cf9d6a54cfad2999d632aa53208b9301", "molecular_formula": "C6H12O"}, "molecular_charge": 0.0, "molecular_multiplicity": 1, "connectivity": [[0, 1, 1.0], [0, 7, 1.0], [0, 8, 1.0], [0, 9, 1.0], [1, 2, 1.0], [1, 10, 1.0], [1, 11, 1.0], [2, 3, 1.0], [2, 12, 1.0], [2, 13, 1.0], [3, 4, 1.0], [3, 14, 1.0], [3, 15, 1.0], [4, 5, 1.0], [4, 6, 2.0], [5, 16, 1.0], [5, 17, 1.0], [5, 18, 1.0]], "fix_com": true, "fix_orientation": true, "provenance": {"creator": "QCElemental", "version": "v0.22.0", "routine": "qcelemental.molparse.from_schema"}, "id": "121278"}, "charge": 0, "optimize_geometry": false, "conformers": [], "conformer_generation_options": {"n_conformer_pool": 4000, "n_max_conformers": 0, "rms_tolerance": 0.05, "energy_window": 15, "keep_original_conformer": true}, "stage_1_unrestrained_charges": null, "stage_1_restrained_charges": null, "stage_2_unrestrained_charges": null, "stage_2_restrained_charges": null, "keep_original_orientation": false, "reorientations": [], "translations": [], "rotations": []}}, {"index": 2, "molecule": {"qcmol": {"schema_name": "qcschema_molecule", "schema_version": 2, "validated": true, "symbols": ["C", "C", "C", "C", "C", "C", "O", "H", "H", "H", "H", "H", "H", "H", "H", "H", "H", "H", "H"], "geometry": [[0.0, -0.0, 0.0], [2.8875411869394716, -3.4014280933191047e-16, 2.1104558899160532e-16], [4.00878633506255, 2.664656970989962, -5.703770789011742e-15], [6.910855208636091, 2.640753097966869, -0.0007902948132849363], [8.077929167392696, 5.25492210855321, 0.1719272640028422], [7.53682106016287, 7.101684010593902, -1.9495184890547266], [9.368073018713948, 5.8471338376376565, 1.9242744735956863], [-0.7408008201924451, 0.956967820645077, 1.657767774322332], [-0.7389270428325609, -1.9131831493202127, 0.000824430566133863], [-0.7428715515874686, 0.9561336025587357, -1.6577664845089914], [3.572436613131664, -1.0246872003334986, -1.6452722931222186], [3.5720054245294914, -1.0225866902349363, 1.645237775157344], [3.3120763844496377, 3.686595863871028, -1.6404141675421287], [3.3395211577352972, 3.6833516160730433, 1.6555769435857857], [7.614324651354569, 1.5615954219341883, 1.5901140697650555], [7.582839376596892, 1.7373545314699745, -1.7224017780182437], [8.856853847156936, 8.657902904798519, -1.8462645392508932], [5.632417701951022, 7.842971651076937, -1.7564636014877257], [7.6621687139977706, 6.19739777468564, -3.7857542983277193]], "name": "C6H12O", "identifiers": {"molecule_hash": "9cd802e2cf9d6a54cfad2999d632aa53208b9301", "molecular_formula": "C6H12O"}, "molecular_charge": 0.0, "molecular_multiplicity": 1, "connectivity": [[0, 1, 1.0], [0, 7, 1.0], [0, 8, 1.0], [0, 9, 1.0], [1, 2, 1.0], [1, 10, 1.0], [1, 11, 1.0], [2, 3, 1.0], [2, 12, 1.0], [2, 13, 1.0], [3, 4, 1.0], [3, 14, 1.0], [3, 15, 1.0], [4, 5, 1.0], [4, 6, 2.0], [5, 16, 1.0], [5, 17, 1.0], [5, 18, 1.0]], "fix_com": true, "fix_orientation": true, "provenance": {"creator": "QCElemental", "version": "v0.22.0", "routine": "qcelemental.molparse.from_schema"}, "id": "121278"}, "charge": 0, "optimize_geometry": false, "conformers": [], "conformer_generation_options": {"n_conformer_pool": 4000, "n_max_conformers": 0, "rms_tolerance": 0.05, "energy_window": 15, "keep_original_conformer": true}, "stage_1_unrestrained_charges": null, "stage_1_restrained_charges": null, "stage_2_unrestrained_charges": null, "stage_2_restrained_charges": null, "keep_original_orientation": false, "reorientations": [], "translations": [], "rotations": []}}, {"index": 3, "molecule": {"qcmol": {"schema_name": "qcschema_molecule", "schema_version": 2, "validated": true, "symbols": ["C", "C", "C", "C", "C", "C", "O", "H", "H", "H", "H", "H", "H", "H", "H", "H", "H", "H", "H"], "geometry": [[0.0, -0.0, 0.0], [2.8875411869394716, -3.4014280933191047e-16, 2.1104558899160532e-16], [4.00878633506255, 2.664656970989962, -5.703770789011742e-15], [6.910855208636091, 2.640753097966869, -0.0007902948132849363], [8.077929167392696, 5.25492210855321, 0.1719272640028422], [7.53682106016287, 7.101684010593902, -1.9495184890547266], [9.368073018713948, 5.8471338376376565, 1.9242744735956863], [-0.7408008201924451, 0.956967820645077, 1.657767774322332], [-0.7389270428325609, -1.9131831493202127, 0.000824430566133863], [-0.7428715515874686, 0.9561336025587357, -1.6577664845089914], [3.572436613131664, -1.0246872003334986, -1.6452722931222186], [3.5720054245294914, -1.0225866902349363, 1.645237775157344], [3.3120763844496377, 3.686595863871028, -1.6404141675421287], [3.3395211577352972, 3.6833516160730433, 1.6555769435857857], [7.614324651354569, 1.5615954219341883, 1.5901140697650555], [7.582839376596892, 1.7373545314699745, -1.7224017780182437], [8.856853847156936, 8.657902904798519, -1.8462645392508932], [5.632417701951022, 7.842971651076937, -1.7564636014877257], [7.6621687139977706, 6.19739777468564, -3.7857542983277193]], "name": "C6H12O", "identifiers": {"molecule_hash": "9cd802e2cf9d6a54cfad2999d632aa53208b9301", "molecular_formula": "C6H12O"}, "molecular_charge": 0.0, "molecular_multiplicity": 1, "connectivity": [[0, 1, 1.0], [0, 7, 1.0], [0, 8, 1.0], [0, 9, 1.0], [1, 2, 1.0], [1, 10, 1.0], [1, 11, 1.0], [2, 3, 1.0], [2, 12, 1.0], [2, 13, 1.0], [3, 4, 1.0], [3, 14, 1.0], [3, 15, 1.0], [4, 5, 1.0], [4, 6, 2.0], [5, 16, 1.0], [5, 17, 1.0], [5, 18, 1.0]], "fix_com": true, "fix_orientation": true, "provenance": {"creator": "QCElemental", "version": "v0.22.0", "routine": "qcelemental.molparse.from_schema"}, "id": "121278"}, "charge": 0, "optimize_geometry": false, "conformers": [], "conformer_generation_options": {"n_conformer_pool": 4000, "n_max_conformers": 0, "rms_tolerance": 0.05, "energy_window": 15, "keep_original_conformer": true}, "stage_1_unrestrained_charges": null, "stage_1_restrained_charges": null, "stage_2_unrestrained_charges": null, "stage_2_restrained_charges": null, "keep_original_orientation": false, "reorientations": [], "translations": [], "rotations": []}}, {"index": 5, "molecule": {"qcmol": {"schema_name": "qcschema_molecule", "schema_version": 2, "validated": true, "symbols": ["C", "C", "C", "C", "C", "C", "O", "H", "H", "H", "H", "H", "H", "H", "H", "H", "H", "H", "H"], "geometry": [[0.0, -0.0, 0.0], [2.8875411869394716, -3.4014280933191047e-16, 2.1104558899160532e-16], [4.00878633506255, 2.664656970989962, -5.703770789011742e-15], [6.910855208636091, 2.640753097966869, -0.0007902948132849363], [8.077929167392696, 5.25492210855321, 0.1719272640028422], [7.53682106016287, 7.101684010593902, -1.9495184890547266], [9.368073018713948, 5.8471338376376565, 1.9242744735956863], [-0.7408008201924451, 0.956967820645077, 1.657767774322332], [-0.7389270428325609, -1.9131831493202127, 0.000824430566133863], [-0.7428715515874686, 0.9561336025587357, -1.6577664845089914], [3.572436613131664, -1.0246872003334986, -1.6452722931222186], [3.5720054245294914, -1.0225866902349363, 1.645237775157344], [3.3120763844496377, 3.686595863871028, -1.6404141675421287], [3.3395211577352972, 3.6833516160730433, 1.6555769435857857], [7.614324651354569, 1.5615954219341883, 1.5901140697650555], [7.582839376596892, 1.7373545314699745, -1.7224017780182437], [8.856853847156936, 8.657902904798519, -1.8462645392508932], [5.632417701951022, 7.842971651076937, -1.7564636014877257], [7.6621687139977706, 6.19739777468564, -3.7857542983277193]], "name": "C6H12O", "identifiers": {"molecule_hash": "9cd802e2cf9d6a54cfad2999d632aa53208b9301", "molecular_formula": "C6H12O"}, "molecular_charge": 0.0, "molecular_multiplicity": 1, "connectivity": [[0, 1, 1.0], [0, 7, 1.0], [0, 8, 1.0], [0, 9, 1.0], [1, 2, 1.0], [1, 10, 1.0], [1, 11, 1.0], [2, 3, 1.0], [2, 12, 1.0], [2, 13, 1.0], [3, 4, 1.0], [3, 14, 1.0], [3, 15, 1.0], [4, 5, 1.0], [4, 6, 2.0], [5, 16, 1.0], [5, 17, 1.0], [5, 18, 1.0]], "fix_com": true, "fix_orientation": true, "provenance": {"creator": "QCElemental", "version": "v0.22.0", "routine": "qcelemental.molparse.from_schema"}, "id": "121278"}, "charge": 0, "optimize_geometry": false, "conformers": [], "conformer_generation_options": {"n_conformer_pool": 4000, "n_max_conformers": 0, "rms_tolerance": 0.05, "energy_window": 15, "keep_original_conformer": true}, "stage_1_unrestrained_charges": null, "stage_1_restrained_charges": null, "stage_2_unrestrained_charges": null, "stage_2_restrained_charges": null, "keep_original_orientation": false, "reorientations": [], "translations": [], "rotations": []}}]}, "surface_constraints": {"matrix": [[204062139224335.5, 198365153186942.0, 190185093397791.72, 179172845681092.25, 171248829683759.6, 159189609471953.06, 171593369909051.38, 204569483565089.34, 204202193850188.38, 204809886533607.94, 197831997691289.47, 197773772900143.97, 191537030066474.56, 189292086405431.56, 176577538877262.88, 177243399735282.44, 154112109134100.94, 156887393094090.62, 156697808531350.44], [198365153186942.0, 204001024148285.3, 197982041503202.84, 190372046444853.12, 182800945254358.3, 170914648197647.44, 182590340283339.12, 196004567799242.28, 195733356204155.84, 196169864783624.7, 206845425367309.53, 206827793753149.53, 197279743490208.7, 197645224272983.62, 189014446860347.22, 188933485824099.3, 165844012457597.56, 168531660579142.94, 168293106461027.34], [190185093397791.72, 197982041503202.84, 203046474675098.06, 197590705248159.1, 189408813728058.62, 178180244464179.53, 188182089885571.38, 187718619224781.34, 185897810441154.78, 188628220242575.66, 197618767919114.12, 197594761888747.4, 205651102757262.44, 206045255887477.53, 197250325518234.47, 197193527275670.34, 172479148386766.03, 176488796047503.47, 175795516149235.28], [179172845681092.25, 190372046444853.12, 197590705248159.1, 202656203054230.6, 196586592103272.97, 189031420648145.56, 192982991913118.75, 176004945964025.1, 173684164929387.62, 177593570399401.03, 190400509656485.72, 191286990655462.34, 197036442629455.78, 197527915244789.1, 205597016561766.78, 205536304465623.44, 183974635661448.34, 189117230563118.8, 186338673174720.22], [171248829683759.6, 182800945254358.3, 189408813728058.62, 196586592103272.97, 201075251690484.6, 196545954442072.88, 201970146301939.75, 168490502074389.78, 165442726377595.3, 169573028505199.2, 183910440178985.16, 183645376711036.97, 188860946723031.2, 187594554199508.88, 196506863794617.78, 196389103544933.62, 194203401930213.3, 194743911444882.75, 194570453471334.88], [159189609471953.06, 170914648197647.44, 178180244464179.53, 189031420648145.56, 196545954442072.88, 202723603121778.6, 192735208887023.72, 155753555140132.66, 153070179036326.1, 158751959868617.2, 172309812803642.72, 171375299097911.38, 176964547519306.5, 175262484122197.38, 189272136844152.3, 189970748135618.53, 202846784691736.7, 203579931144779.25, 203498215521410.44], [171593369909051.38, 182590340283339.12, 188182089885571.38, 192982991913118.75, 201970146301939.75, 192735208887023.72, 211043624211788.7, 169861619065527.03, 166268792385391.7, 168697067793516.75, 183818634597173.6, 183584075311835.03, 188498963111467.78, 186352954401435.28, 190578370004128.62, 189809121772732.94, 191190165618480.7, 187677753460427.47, 189859266901696.66], [204569483565089.34, 196004567799242.28, 187718619224781.34, 176004945964025.1, 168490502074389.78, 155753555140132.66, 169861619065527.03, 213843105061066.0, 201543797053302.75, 202204007489874.62, 194061820264833.1, 194808724309377.47, 189231522210119.84, 187222904831065.44, 173458636003550.1, 173311831057108.3, 150469246327621.34, 153759837082143.06, 152786609586778.88], [204202193850188.38, 195733356204155.84, 185897810441154.78, 173684164929387.62, 165442726377595.3, 153070179036326.1, 166268792385391.7, 201543797053302.75, 213004021257006.78, 201801898513833.47, 193782526671907.88, 195918204619820.5, 187468795103927.06, 184785483246135.3, 170173545086068.03, 172172988336023.72, 148328875215025.6, 150160392284273.78, 150779220333723.03], [204809886533607.94, 196169864783624.7, 188628220242575.66, 177593570399401.03, 169573028505199.2, 158751959868617.2, 168697067793516.75, 202204007489874.62, 201801898513833.47, 214406099954786.5, 195791014164608.9, 192728976286999.94, 190953348690323.84, 187220892376249.0, 175136943559779.88, 175773464118679.1, 153679907355314.28, 156853810932109.8, 156715909441980.75], [197831997691289.47, 206845425367309.53, 197618767919114.12, 190400509656485.72, 183910440178985.16, 172309812803642.72, 183818634597173.6, 194061820264833.1, 193782526671907.88, 195791014164608.9, 218068262292608.72, 206556358553836.4, 196974356626892.62, 194378781256875.78, 188809284090117.1, 188531059226409.3, 167266455590146.8, 169442518105654.12, 170193310417499.5], [197773772900143.97, 206827793753149.53, 197594761888747.4, 191286990655462.34, 183645376711036.97, 171375299097911.38, 183584075311835.03, 194808724309377.47, 195918204619820.5, 192728976286999.94, 206556358553836.4, 218112162889675.62, 192485118816050.3, 198053296192881.47, 190555646006502.25, 190022686222957.75, 166882848520110.62, 168916805291012.0, 167979481978479.03], [191537030066474.56, 197279743490208.7, 205651102757262.44, 197036442629455.78, 188860946723031.2, 176964547519306.5, 188498963111467.78, 189231522210119.84, 187468795103927.06, 190953348690323.84, 196974356626892.62, 192485118816050.3, 216567543929581.5, 205568962064021.94, 195159487048207.38, 195759476397985.1, 171015063598145.94, 174785415906238.28, 174999497658871.9], [189292086405431.56, 197645224272983.62, 206045255887477.53, 197527915244789.1, 187594554199508.88, 175262484122197.38, 186352954401435.28, 187222904831065.44, 184785483246135.3, 187220892376249.0, 194378781256875.78, 198053296192881.47, 205568962064021.94, 217228898359512.94, 197008105248792.47, 196295643902257.62, 168902963680363.34, 173571175559622.34, 172912932152321.44], [176577538877262.88, 189014446860347.22, 197250325518234.47, 205597016561766.78, 196506863794617.78, 189272136844152.3, 190578370004128.62, 173458636003550.1, 170173545086068.03, 175136943559779.88, 188809284090117.1, 190555646006502.25, 195159487048207.38, 197008105248792.47, 216662276145558.72, 205480857738584.2, 184305273751644.6, 191247523404887.03, 184884911087439.22], [177243399735282.44, 188933485824099.3, 197193527275670.34, 205536304465623.44, 196389103544933.62, 189970748135618.53, 189809121772732.94, 173311831057108.3, 172172988336023.72, 175773464118679.1, 188531059226409.3, 190022686222957.75, 195759476397985.1, 196295643902257.62, 205480857738584.2, 216655172653959.6, 183697950352212.44, 190978548500877.7, 188366765832252.97], [154112109134100.94, 165844012457597.56, 172479148386766.03, 183974635661448.34, 194203401930213.3, 202846784691736.7, 191190165618480.7, 150469246327621.34, 148328875215025.6, 153679907355314.28, 167266455590146.8, 166882848520110.62, 171015063598145.94, 168902963680363.34, 184305273751644.6, 183697950352212.44, 211535077912942.72, 200467081588232.94, 200293088378416.7], [156887393094090.62, 168531660579142.94, 176488796047503.47, 189117230563118.8, 194743911444882.75, 203579931144779.25, 187677753460427.47, 153759837082143.06, 150160392284273.78, 156853810932109.8, 169442518105654.12, 168916805291012.0, 174785415906238.28, 173571175559622.34, 191247523404887.03, 190978548500877.7, 200467081588232.94, 213262238530681.66, 201217449985510.1], [156697808531350.44, 168293106461027.34, 175795516149235.28, 186338673174720.22, 194570453471334.88, 203498215521410.44, 189859266901696.66, 152786609586778.88, 150779220333723.03, 156715909441980.75, 170193310417499.5, 167979481978479.03, 174999497658871.9, 172912932152321.44, 184884911087439.22, 188366765832252.97, 200293088378416.7, 201217449985510.1, 212970492649243.6], [-6404885981.52792, 248845858204.5971, 682555937120.9974, 1626404141371.426, -825239789647.3318, 1578774172252.5845, -5067040964338.68, -491283549070.21625, -185999685952.61905, 556890443578.4431, 188365231969.94913, 177292696553.84528, 317947383443.5407, 766907977122.1868, 2776908163637.903, 3121315968528.772, 1185700068015.4397, 3270004721182.3486, 2109342526169.889]]}}