{"resp_b": 0.1, "restrained_fit": true, "exclude_hydrogens": true, "convergence_tolerance": 1e-06, "max_iter": 500, "resp_a": 0.0005, "charge_constraints": {"charge_sum_constraints": [], "charge_equivalence_constraints": [], "molecules": [{"qcmol": {"schema_name": "qcschema_molecule", "schema_version": 2, "validated": true, "symbols": ["C", "C", "C", "C", "C", "C", "O", "H", "H", "H", "H", "H", "H", "H", "H", "H", "H", "H", "H"], "geometry": [[0.0, -0.0, 0.0], [2.8875411869394716, -3.4014280933191047e-16, 2.1104558899160532e-16], [4.00878633506255, 2.664656970989962, -5.703770789011742e-15], [6.910855208636091, 2.640753097966869, -0.0007902948132849363], [8.077929167392696, 5.25492210855321, 0.1719272640028422], [7.53682106016287, 7.101684010593902, -1.9495184890547266], [9.368073018713948, 5.8471338376376565, 1.9242744735956863], [-0.7408008201924451, 0.956967820645077, 1.657767774322332], [-0.7389270428325609, -1.9131831493202127, 0.000824430566133863], [-0.7428715515874686, 0.9561336025587357, -1.6577664845089914], [3.572436613131664, -1.0246872003334986, -1.6452722931222186], [3.5720054245294914, -1.0225866902349363, 1.645237775157344], [3.3120763844496377, 3.686595863871028, -1.6404141675421287], [3.3395211577352972, 3.6833516160730433, 1.6555769435857857], [7.614324651354569, 1.5615954219341883, 1.5901140697650555], [7.582839376596892, 1.7373545314699745, -1.7224017780182437], [8.856853847156936, 8.657902904798519, -1.8462645392508932], [5.632417701951022, 7.842971651076937, -1.7564636014877257], [7.6621687139977706, 6.19739777468564, -3.7857542983277193]], "name": "C6H12O", "identifiers": {"molecule_hash": "9cd802e2cf9d6a54cfad2999d632aa53208b9301", "molecular_formula": "C6H12O"}, "molecular_charge": 0.0, "molecular_multiplicity": 1, "connectivity": [[0, 1, 1.0], [0, 7, 1.0], [0, 8, 1.0], [0, 9, 1.0], [1, 2, 1.0], [1, 10, 1.0], [1, 11, 1.0], [2, 3, 1.0], [2, 12, 1.0], [2, 13, 1.0], [3, 4, 1.0], [3, 14, 1.0], [3, 15, 1.0], [4, 5, 1.0], [4, 6, 2.0], [5, 16, 1.0], [5, 17, 1.0], [5, 18, 1.0]], "fix_com": true, "fix_orientation": true, "provenance": {"creator": "QCElemental", "version": "v0.22.0", "routine": "qcelemental.molparse.from_schema"}, "id": "121278"}, "charge": 0, "optimize_geometry": false, "conformers": [], "conformer_generation_options": {"n_conformer_pool": 4000, "n_max_conformers": 0, "rms_tolerance": 0.05, "energy_window": 15, "keep_original_conformer": true}, "stage_1_unrestrained_charges": null, "stage_1_restrained_charges": null, "stage_2_unrestrained_charges": null, "stage_2_restrained_charges": null, "keep_original_orientation": false, "reorientations": [], "translations": [], "rotations": []}], "unconstrained_atoms": [{"index": 0, "molecule": {"qcmol": {"schema_name": "qcschema_molecule", "schema_version": 2, "validated": true, "symbols": ["C", "C", "C", "C", "C", "C", "O", "H", "H", "H", "H", "H", "H", "H", "H", "H", "H", "H", "H"], "geometry": [[0.0, -0.0, 0.0], [2.8875411869394716, -3.4014280933191047e-16, 2.1104558899160532e-16], [4.00878633506255, 2.664656970989962, -5.703770789011742e-15], [6.910855208636091, 2.640753097966869, -0.0007902948132849363], [8.077929167392696, 5.25492210855321, 0.1719272640028422], [7.53682106016287, 7.101684010593902, -1.9495184890547266], [9.368073018713948, 5.8471338376376565, 1.9242744735956863], [-0.7408008201924451, 0.956967820645077, 1.657767774322332], [-0.7389270428325609, -1.9131831493202127, 0.000824430566133863], [-0.7428715515874686, 0.9561336025587357, -1.6577664845089914], [3.572436613131664, -1.0246872003334986, -1.6452722931222186], [3.5720054245294914, -1.0225866902349363, 1.645237775157344], [3.3120763844496377, 3.686595863871028, -1.6404141675421287], [3.3395211577352972, 3.6833516160730433, 1.6555769435857857], [7.614324651354569, 1.5615954219341883, 1.5901140697650555], [7.582839376596892, 1.7373545314699745, -1.7224017780182437], [8.856853847156936, 8.657902904798519, -1.8462645392508932], [5.632417701951022, 7.842971651076937, -1.7564636014877257], [7.6621687139977706, 6.19739777468564, -3.7857542983277193]], "name": "C6H12O", "identifiers": {"molecule_hash": "9cd802e2cf9d6a54cfad2999d632aa53208b9301", "molecular_formula": "C6H12O"}, "molecular_charge": 0.0, "molecular_multiplicity": 1, "connectivity": [[0, 1, 1.0], [0, 7, 1.0], [0, 8, 1.0], [0, 9, 1.0], [1, 2, 1.0], [1, 10, 1.0], [1, 11, 1.0], [2, 3, 1.0], [2, 12, 1.0], [2, 13, 1.0], [3, 4, 1.0], [3, 14, 1.0], [3, 15, 1.0], [4, 5, 1.0], [4, 6, 2.0], [5, 16, 1.0], [5, 17, 1.0], [5, 18, 1.0]], "fix_com": true, "fix_orientation": true, "provenance": {"creator": "QCElemental", "version": "v0.22.0", "routine": "qcelemental.molparse.from_schema"}, "id": "121278"}, "charge": 0, "optimize_geometry": false, "conformers": [], "conformer_generation_options": {"n_conformer_pool": 4000, "n_max_conformers": 0, "rms_tolerance": 0.05, "energy_window": 15, "keep_original_conformer": true}, "stage_1_unrestrained_charges": null, "stage_1_restrained_charges": null, "stage_2_unrestrained_charges": null, "stage_2_restrained_charges": null, "keep_original_orientation": false, "reorientations": [], "translations": [], "rotations": []}}, {"index": 1, "molecule": {"qcmol": {"schema_name": "qcschema_molecule", "schema_version": 2, "validated": true, "symbols": ["C", "C", "C", "C", "C", "C", "O", "H", "H", "H", "H", "H", "H", "H", "H", "H", "H", "H", "H"], "geometry": [[0.0, -0.0, 0.0], [2.8875411869394716, -3.4014280933191047e-16, 2.1104558899160532e-16], [4.00878633506255, 2.664656970989962, -5.703770789011742e-15], [6.910855208636091, 2.640753097966869, -0.0007902948132849363], [8.077929167392696, 5.25492210855321, 0.1719272640028422], [7.53682106016287, 7.101684010593902, -1.9495184890547266], [9.368073018713948, 5.8471338376376565, 1.9242744735956863], [-0.7408008201924451, 0.956967820645077, 1.657767774322332], [-0.7389270428325609, -1.9131831493202127, 0.000824430566133863], [-0.7428715515874686, 0.9561336025587357, -1.6577664845089914], [3.572436613131664, -1.0246872003334986, -1.6452722931222186], [3.5720054245294914, -1.0225866902349363, 1.645237775157344], [3.3120763844496377, 3.686595863871028, -1.6404141675421287], [3.3395211577352972, 3.6833516160730433, 1.6555769435857857], [7.614324651354569, 1.5615954219341883, 1.5901140697650555], [7.582839376596892, 1.7373545314699745, -1.7224017780182437], [8.856853847156936, 8.657902904798519, -1.8462645392508932], [5.632417701951022, 7.842971651076937, -1.7564636014877257], [7.6621687139977706, 6.19739777468564, -3.7857542983277193]], "name": "C6H12O", "identifiers": {"molecule_hash": "9cd802e2cf9d6a54cfad2999d632aa53208b9301", "molecular_formula": "C6H12O"}, "molecular_charge": 0.0, "molecular_multiplicity": 1, "connectivity": [[0, 1, 1.0], [0, 7, 1.0], [0, 8, 1.0], [0, 9, 1.0], [1, 2, 1.0], [1, 10, 1.0], [1, 11, 1.0], [2, 3, 1.0], [2, 12, 1.0], [2, 13, 1.0], [3, 4, 1.0], [3, 14, 1.0], [3, 15, 1.0], [4, 5, 1.0], [4, 6, 2.0], [5, 16, 1.0], [5, 17, 1.0], [5, 18, 1.0]], "fix_com": true, "fix_orientation": true, "provenance": {"creator": "QCElemental", "version": "v0.22.0", "routine": "qcelemental.molparse.from_schema"}, "id": "121278"}, "charge": 0, "optimize_geometry": false, "conformers": [], "conformer_generation_options": {"n_conformer_pool": 4000, "n_max_conformers": 0, "rms_tolerance": 0.05, "energy_window": 15, "keep_original_conformer": true}, "stage_1_unrestrained_charges": null, "stage_1_restrained_charges": null, "stage_2_unrestrained_charges": null, "stage_2_restrained_charges": null, "keep_original_orientation": false, "reorientations": [], "translations": [], "rotations": []}}, {"index": 2, "molecule": {"qcmol": {"schema_name": "qcschema_molecule", "schema_version": 2, "validated": true, "symbols": ["C", "C", "C", "C", "C", "C", "O", "H", "H", "H", "H", "H", "H", "H", "H", "H", "H", "H", "H"], "geometry": [[0.0, -0.0, 0.0], [2.8875411869394716, -3.4014280933191047e-16, 2.1104558899160532e-16], [4.00878633506255, 2.664656970989962, -5.703770789011742e-15], [6.910855208636091, 2.640753097966869, -0.0007902948132849363], [8.077929167392696, 5.25492210855321, 0.1719272640028422], [7.53682106016287, 7.101684010593902, -1.9495184890547266], [9.368073018713948, 5.8471338376376565, 1.9242744735956863], [-0.7408008201924451, 0.956967820645077, 1.657767774322332], [-0.7389270428325609, -1.9131831493202127, 0.000824430566133863], [-0.7428715515874686, 0.9561336025587357, -1.6577664845089914], [3.572436613131664, -1.0246872003334986, -1.6452722931222186], [3.5720054245294914, -1.0225866902349363, 1.645237775157344], [3.3120763844496377, 3.686595863871028, -1.6404141675421287], [3.3395211577352972, 3.6833516160730433, 1.6555769435857857], [7.614324651354569, 1.5615954219341883, 1.5901140697650555], [7.582839376596892, 1.7373545314699745, -1.7224017780182437], [8.856853847156936, 8.657902904798519, -1.8462645392508932], [5.632417701951022, 7.842971651076937, -1.7564636014877257], [7.6621687139977706, 6.19739777468564, -3.7857542983277193]], "name": "C6H12O", "identifiers": {"molecule_hash": "9cd802e2cf9d6a54cfad2999d632aa53208b9301", "molecular_formula": "C6H12O"}, "molecular_charge": 0.0, "molecular_multiplicity": 1, "connectivity": [[0, 1, 1.0], [0, 7, 1.0], [0, 8, 1.0], [0, 9, 1.0], [1, 2, 1.0], [1, 10, 1.0], [1, 11, 1.0], [2, 3, 1.0], [2, 12, 1.0], [2, 13, 1.0], [3, 4, 1.0], [3, 14, 1.0], [3, 15, 1.0], [4, 5, 1.0], [4, 6, 2.0], [5, 16, 1.0], [5, 17, 1.0], [5, 18, 1.0]], "fix_com": true, "fix_orientation": true, "provenance": {"creator": "QCElemental", "version": "v0.22.0", "routine": "qcelemental.molparse.from_schema"}, "id": "121278"}, "charge": 0, "optimize_geometry": false, "conformers": [], "conformer_generation_options": {"n_conformer_pool": 4000, "n_max_conformers": 0, "rms_tolerance": 0.05, "energy_window": 15, "keep_original_conformer": true}, "stage_1_unrestrained_charges": null, "stage_1_restrained_charges": null, "stage_2_unrestrained_charges": null, "stage_2_restrained_charges": null, "keep_original_orientation": false, "reorientations": [], "translations": [], "rotations": []}}, {"index": 3, "molecule": {"qcmol": {"schema_name": "qcschema_molecule", "schema_version": 2, "validated": true, "symbols": ["C", "C", "C", "C", "C", "C", "O", "H", "H", "H", "H", "H", "H", "H", "H", "H", "H", "H", "H"], "geometry": [[0.0, -0.0, 0.0], [2.8875411869394716, -3.4014280933191047e-16, 2.1104558899160532e-16], [4.00878633506255, 2.664656970989962, -5.703770789011742e-15], [6.910855208636091, 2.640753097966869, -0.0007902948132849363], [8.077929167392696, 5.25492210855321, 0.1719272640028422], [7.53682106016287, 7.101684010593902, -1.9495184890547266], [9.368073018713948, 5.8471338376376565, 1.9242744735956863], [-0.7408008201924451, 0.956967820645077, 1.657767774322332], [-0.7389270428325609, -1.9131831493202127, 0.000824430566133863], [-0.7428715515874686, 0.9561336025587357, -1.6577664845089914], [3.572436613131664, -1.0246872003334986, -1.6452722931222186], [3.5720054245294914, -1.0225866902349363, 1.645237775157344], [3.3120763844496377, 3.686595863871028, -1.6404141675421287], [3.3395211577352972, 3.6833516160730433, 1.6555769435857857], [7.614324651354569, 1.5615954219341883, 1.5901140697650555], [7.582839376596892, 1.7373545314699745, -1.7224017780182437], [8.856853847156936, 8.657902904798519, -1.8462645392508932], [5.632417701951022, 7.842971651076937, -1.7564636014877257], [7.6621687139977706, 6.19739777468564, -3.7857542983277193]], "name": "C6H12O", "identifiers": {"molecule_hash": "9cd802e2cf9d6a54cfad2999d632aa53208b9301", "molecular_formula": "C6H12O"}, "molecular_charge": 0.0, "molecular_multiplicity": 1, "connectivity": [[0, 1, 1.0], [0, 7, 1.0], [0, 8, 1.0], [0, 9, 1.0], [1, 2, 1.0], [1, 10, 1.0], [1, 11, 1.0], [2, 3, 1.0], [2, 12, 1.0], [2, 13, 1.0], [3, 4, 1.0], [3, 14, 1.0], [3, 15, 1.0], [4, 5, 1.0], [4, 6, 2.0], [5, 16, 1.0], [5, 17, 1.0], [5, 18, 1.0]], "fix_com": true, "fix_orientation": true, "provenance": {"creator": "QCElemental", "version": "v0.22.0", "routine": "qcelemental.molparse.from_schema"}, "id": "121278"}, "charge": 0, "optimize_geometry": false, "conformers": [], "conformer_generation_options": {"n_conformer_pool": 4000, "n_max_conformers": 0, "rms_tolerance": 0.05, "energy_window": 15, "keep_original_conformer": true}, "stage_1_unrestrained_charges": null, "stage_1_restrained_charges": null, "stage_2_unrestrained_charges": null, "stage_2_restrained_charges": null, "keep_original_orientation": false, "reorientations": [], "translations": [], "rotations": []}}, {"index": 5, "molecule": {"qcmol": {"schema_name": "qcschema_molecule", "schema_version": 2, "validated": true, "symbols": ["C", "C", "C", "C", "C", "C", "O", "H", "H", "H", "H", "H", "H", "H", "H", "H", "H", "H", "H"], "geometry": [[0.0, -0.0, 0.0], [2.8875411869394716, -3.4014280933191047e-16, 2.1104558899160532e-16], [4.00878633506255, 2.664656970989962, -5.703770789011742e-15], [6.910855208636091, 2.640753097966869, -0.0007902948132849363], [8.077929167392696, 5.25492210855321, 0.1719272640028422], [7.53682106016287, 7.101684010593902, -1.9495184890547266], [9.368073018713948, 5.8471338376376565, 1.9242744735956863], [-0.7408008201924451, 0.956967820645077, 1.657767774322332], [-0.7389270428325609, -1.9131831493202127, 0.000824430566133863], [-0.7428715515874686, 0.9561336025587357, -1.6577664845089914], [3.572436613131664, -1.0246872003334986, -1.6452722931222186], [3.5720054245294914, -1.0225866902349363, 1.645237775157344], [3.3120763844496377, 3.686595863871028, -1.6404141675421287], [3.3395211577352972, 3.6833516160730433, 1.6555769435857857], [7.614324651354569, 1.5615954219341883, 1.5901140697650555], [7.582839376596892, 1.7373545314699745, -1.7224017780182437], [8.856853847156936, 8.657902904798519, -1.8462645392508932], [5.632417701951022, 7.842971651076937, -1.7564636014877257], [7.6621687139977706, 6.19739777468564, -3.7857542983277193]], "name": "C6H12O", "identifiers": {"molecule_hash": "9cd802e2cf9d6a54cfad2999d632aa53208b9301", "molecular_formula": "C6H12O"}, "molecular_charge": 0.0, "molecular_multiplicity": 1, "connectivity": [[0, 1, 1.0], [0, 7, 1.0], [0, 8, 1.0], [0, 9, 1.0], [1, 2, 1.0], [1, 10, 1.0], [1, 11, 1.0], [2, 3, 1.0], [2, 12, 1.0], [2, 13, 1.0], [3, 4, 1.0], [3, 14, 1.0], [3, 15, 1.0], [4, 5, 1.0], [4, 6, 2.0], [5, 16, 1.0], [5, 17, 1.0], [5, 18, 1.0]], "fix_com": true, "fix_orientation": true, "provenance": {"creator": "QCElemental", "version": "v0.22.0", "routine": "qcelemental.molparse.from_schema"}, "id": "121278"}, "charge": 0, "optimize_geometry": false, "conformers": [], "conformer_generation_options": {"n_conformer_pool": 4000, "n_max_conformers": 0, "rms_tolerance": 0.05, "energy_window": 15, "keep_original_conformer": true}, "stage_1_unrestrained_charges": null, "stage_1_restrained_charges": null, "stage_2_unrestrained_charges": null, "stage_2_restrained_charges": null, "keep_original_orientation": false, "reorientations": [], "translations": [], "rotations": []}}]}, "surface_constraints": {"matrix": [[1904.4748593029888, 1851.3058770789958, 1774.9628675908527, 1672.1877733510617, 1598.2343351036186, 1485.6880362136615, 1601.4496559912263, 1909.2098291294108, 1905.781955797766, 1911.453506111116, 1846.3300157039648, 1845.7866188440996, 1787.580256168941, 1766.6284124388683, 1647.9662012614326, 1654.1808661215325, 1438.300453617912, 1464.2018575801917, 1462.4328582817868], [1851.3058770789958, 1903.9044048788007, 1847.73035554735, 1776.707639179144, 1706.0478041547929, 1595.1153048081705, 1704.0820935964268, 1829.274978951869, 1826.7437877632287, 1830.8176957200837, 1930.4506614957768, 1930.2861206355324, 1841.1759394433693, 1844.5869273665253, 1764.0372661876986, 1763.2820953564346, 1547.791740052227, 1572.8752985666652, 1570.6493069140927], [1774.9628675908527, 1847.73035554735, 1894.995793406577, 1844.0780788218037, 1767.7179923486121, 1662.9239731252974, 1756.2690753169306, 1751.943696457388, 1734.9503366377812, 1760.4330127281507, 1844.339979796397, 1844.1159440360643, 1919.3043126154857, 1922.9828885803188, 1840.9013778625772, 1840.3713041207002, 1609.7165225306778, 1647.137981319478, 1640.6680380785729], [1672.1877733510617, 1776.707639179144, 1844.0780788218037, 1891.3534590283348, 1834.7068923266565, 1764.19589147086, 1801.0751370751102, 1642.6224148216795, 1620.9628008716816, 1657.4489172002989, 1776.9730848837967, 1785.2466324871918, 1838.9052402860732, 1843.4920847746848, 1918.7995348275274, 1918.2329467967782, 1717.0016813890504, 1764.996743395392, 1739.0651686336307], [1598.2343351036186, 1706.0478041547929, 1767.7179923486121, 1834.7068923266565, 1876.5987286193365, 1834.3276690586208, 1884.950595280808, 1572.4915019001105, 1544.04678955935, 1582.5947440549835, 1716.402341640467, 1713.9285278135944, 1762.6049414988672, 1750.7858802078385, 1833.9628132728665, 1832.8637837728036, 1812.4650188419316, 1817.5095563107625, 1815.8907356273726], [1485.6880362136615, 1595.1153048081705, 1662.9239731252974, 1764.19589147086, 1834.3276690586208, 1891.9826010220534, 1798.7626438008162, 1453.6200650956127, 1428.5762908684778, 1481.6039298237868, 1608.1358953115484, 1599.4142488836703, 1651.5782403874764, 1635.6931438578135, 1766.442303604577, 1772.9625037777953, 1893.1321952764436, 1899.9745807208933, 1899.211985536407], [1601.4496559912263, 1704.0820935964268, 1756.2690753169306, 1801.0751370751102, 1884.950595280808, 1798.7626438008162, 1969.631685981432, 1585.287742606232, 1551.7560051747303, 1574.4193729910123, 1715.5454421327279, 1713.3561753066833, 1759.226494163261, 1739.1980795535783, 1778.633369893426, 1771.4539899808342, 1784.3431118626625, 1751.5623676649088, 1771.9219325985189], [1909.2098291294108, 1829.274978951869, 1751.943696457388, 1642.6224148216795, 1572.4915019001105, 1453.6200650956127, 1585.287742606232, 1995.7588627014813, 1880.971640588307, 1887.1333335105044, 1811.1436477013085, 1818.1144033239661, 1766.0633254313727, 1747.3170336052158, 1618.8581559620277, 1617.4882946963612, 1404.3024267139901, 1435.0130407073157, 1425.9303729805501], [1905.781955797766, 1826.7437877632287, 1734.9503366377812, 1620.9628008716816, 1544.04678955935, 1428.5762908684778, 1551.7560051747303, 1880.971640588307, 1987.9277884920812, 1883.3804976880313, 1808.5370646663541, 1828.4689763398842, 1749.6119754653773, 1724.569043831263, 1588.1988445764873, 1606.8595467379437, 1384.326350566404, 1401.4198038856418, 1407.1955392954542], [1911.453506111116, 1830.8176957200837, 1760.4330127281507, 1657.4489172002989, 1582.5947440549835, 1481.6039298237868, 1574.4193729910123, 1887.1333335105044, 1883.3804976880313, 2001.0132819563423, 1827.281905384763, 1798.7044191780485, 1782.1331389490165, 1747.2983871900694, 1634.5215830162917, 1640.4624450597628, 1434.2671934788036, 1463.8888025398826, 1462.6022432477187], [1846.3300157039648, 1930.4506614957768, 1844.339979796397, 1776.9730848837967, 1716.402341640467, 1608.1358953115484, 1715.5454421327279, 1811.1436477013085, 1808.5370646663541, 1827.281905384763, 2035.1913305759376, 1927.7528325665025, 1838.3258430878939, 1814.1019326812527, 1762.1222132313558, 1759.5261018524438, 1561.066932066046, 1581.375895654209, 1588.3833342055634], [1845.7866188440996, 1930.2861206355324, 1844.1159440360643, 1785.2466324871918, 1713.9285278135944, 1599.4142488836703, 1713.3561753066833, 1818.1144033239661, 1828.4689763398842, 1798.7044191780485, 1927.7528325665025, 2035.601082673697, 1796.428539448119, 1848.395439573703, 1778.420918180651, 1773.4475964743183, 1557.486675599111, 1576.4695899373748, 1567.7221463467845], [1787.580256168941, 1841.1759394433693, 1919.3043126154857, 1838.9052402860732, 1762.6049414988672, 1651.5782403874764, 1759.226494163261, 1766.0633254313727, 1749.6119754653773, 1782.1331389490165, 1838.3258430878939, 1796.428539448119, 2021.1854721518846, 1918.537726424767, 1821.3880647206072, 1826.9873739900147, 1596.0527099584142, 1631.2407723261801, 1633.2390596814955], [1766.6284124388683, 1844.5869273665253, 1922.9828885803188, 1843.4920847746848, 1750.7858802078385, 1635.6931438578135, 1739.1980795535783, 1747.3170336052158, 1724.569043831263, 1747.2983871900694, 1814.1019326812527, 1848.395439573703, 1918.537726424767, 2027.3577951653888, 1838.640813833381, 1831.9914886011413, 1576.340732450574, 1619.9084694762764, 1613.765530305304], [1647.9662012614326, 1764.0372661876986, 1840.9013778625772, 1918.7995348275274, 1833.9628132728665, 1766.442303604577, 1778.633369893426, 1618.8581559620277, 1588.1988445764873, 1634.5215830162917, 1762.1222132313558, 1778.420918180651, 1821.3880647206072, 1838.640813833381, 2022.0695742462722, 1917.7154661413942, 1720.0872939302133, 1784.8781888997419, 1725.497280897239], [1654.1808661215325, 1763.2820953564346, 1840.3713041207002, 1918.2329467967782, 1832.8637837728036, 1772.9625037777953, 1771.4539899808342, 1617.4882946963612, 1606.8595467379437, 1640.4624450597628, 1759.5261018524438, 1773.4475964743183, 1826.9873739900147, 1831.9914886011413, 1917.7154661413942, 2022.0033525765746, 1714.4194228097108, 1782.368154775246, 1757.993064244951], [1438.300453617912, 1547.791740052227, 1609.7165225306778, 1717.0016813890504, 1812.4650188419316, 1893.1321952764436, 1784.3431118626625, 1404.3024267139901, 1384.326350566404, 1434.2671934788036, 1561.066932066046, 1557.486675599111, 1596.0527099584142, 1576.340732450574, 1720.0872939302133, 1714.4194228097108, 1974.2184099168558, 1870.9228744513382, 1869.2990816292797], [1464.2018575801917, 1572.8752985666652, 1647.137981319478, 1764.996743395392, 1817.5095563107625, 1899.9745807208933, 1751.5623676649088, 1435.0130407073157, 1401.4198038856418, 1463.8888025398826, 1581.375895654209, 1576.4695899373748, 1631.2407723261801, 1619.9084694762764, 1784.8781888997419, 1782.368154775246, 1870.9228744513382, 1990.3378247037997, 1877.926048872856], [1462.4328582817868, 1570.6493069140927, 1640.6680380785729, 1739.0651686336307, 1815.8907356273726, 1899.211985536407, 1771.9219325985189, 1425.9303729805501, 1407.1955392954542, 1462.6022432477187, 1588.3833342055634, 1567.7221463467845, 1633.2390596814955, 1613.765530305304, 1725.497280897239, 1757.993064244951, 1869.2990816292797, 1877.926048872856, 1987.615102606696], [0.7103240492414346, 3.171729775559919, 7.969288932654667, 17.68129753250824, -9.055320591935644, 17.342200772211392, -54.816921997435024, -5.5016079788350964, -0.48488551482231645, 7.089600175218649, 1.808681825775552, 2.685071428678338, 4.29915494545642, 8.911158430435755, 29.263512555802187, 34.4124781958099, 12.135523026341314, 35.79620497875488, 24.108703516753536]]}}