{"resp_b": 0.1, "restrained_fit": true, "exclude_hydrogens": true, "convergence_tolerance": 1e-06, "max_iter": 500, "resp_a": 0.0005, "charge_constraints": {"charge_sum_constraints": [], "charge_equivalence_constraints": [], "molecules": [{"qcmol": {"schema_name": "qcschema_molecule", "schema_version": 2, "validated": true, "symbols": ["C", "C", "C", "C", "C", "C", "O", "H", "H", "H", "H", "H", "H", "H", "H", "H", "H", "H", "H"], "geometry": [[0.0, -0.0, 0.0], [2.8875411869394716, -3.4014280933191047e-16, 2.1104558899160532e-16], [4.00878633506255, 2.664656970989962, -5.703770789011742e-15], [6.910855208636091, 2.640753097966869, -0.0007902948132849363], [8.077929167392696, 5.25492210855321, 0.1719272640028422], [7.53682106016287, 7.101684010593902, -1.9495184890547266], [9.368073018713948, 5.8471338376376565, 1.9242744735956863], [-0.7408008201924451, 0.956967820645077, 1.657767774322332], [-0.7389270428325609, -1.9131831493202127, 0.000824430566133863], [-0.7428715515874686, 0.9561336025587357, -1.6577664845089914], [3.572436613131664, -1.0246872003334986, -1.6452722931222186], [3.5720054245294914, -1.0225866902349363, 1.645237775157344], [3.3120763844496377, 3.686595863871028, -1.6404141675421287], [3.3395211577352972, 3.6833516160730433, 1.6555769435857857], [7.614324651354569, 1.5615954219341883, 1.5901140697650555], [7.582839376596892, 1.7373545314699745, -1.7224017780182437], [8.856853847156936, 8.657902904798519, -1.8462645392508932], [5.632417701951022, 7.842971651076937, -1.7564636014877257], [7.6621687139977706, 6.19739777468564, -3.7857542983277193]], "name": "C6H12O", "identifiers": {"molecule_hash": "9cd802e2cf9d6a54cfad2999d632aa53208b9301", "molecular_formula": "C6H12O"}, "molecular_charge": 0.0, "molecular_multiplicity": 1, "connectivity": [[0, 1, 1.0], [0, 7, 1.0], [0, 8, 1.0], [0, 9, 1.0], [1, 2, 1.0], [1, 10, 1.0], [1, 11, 1.0], [2, 3, 1.0], [2, 12, 1.0], [2, 13, 1.0], [3, 4, 1.0], [3, 14, 1.0], [3, 15, 1.0], [4, 5, 1.0], [4, 6, 2.0], [5, 16, 1.0], [5, 17, 1.0], [5, 18, 1.0]], "fix_com": true, "fix_orientation": true, "provenance": {"creator": "QCElemental", "version": "v0.22.0", "routine": "qcelemental.molparse.from_schema"}, "id": "121278"}, "charge": 0, "optimize_geometry": false, "conformers": [], "conformer_generation_options": {"n_conformer_pool": 4000, "n_max_conformers": 0, "rms_tolerance": 0.05, "energy_window": 15, "keep_original_conformer": true}, "stage_1_unrestrained_charges": null, "stage_1_restrained_charges": null, "stage_2_unrestrained_charges": null, "stage_2_restrained_charges": null, "keep_original_orientation": false, "reorientations": [], "translations": [], "rotations": []}], "unconstrained_atoms": [{"index": 0, "molecule": {"qcmol": {"schema_name": "qcschema_molecule", "schema_version": 2, "validated": true, "symbols": ["C", "C", "C", "C", "C", "C", "O", "H", "H", "H", "H", "H", "H", "H", "H", "H", "H", "H", "H"], "geometry": [[0.0, -0.0, 0.0], [2.8875411869394716, -3.4014280933191047e-16, 2.1104558899160532e-16], [4.00878633506255, 2.664656970989962, -5.703770789011742e-15], [6.910855208636091, 2.640753097966869, -0.0007902948132849363], [8.077929167392696, 5.25492210855321, 0.1719272640028422], [7.53682106016287, 7.101684010593902, -1.9495184890547266], [9.368073018713948, 5.8471338376376565, 1.9242744735956863], [-0.7408008201924451, 0.956967820645077, 1.657767774322332], [-0.7389270428325609, -1.9131831493202127, 0.000824430566133863], [-0.7428715515874686, 0.9561336025587357, -1.6577664845089914], [3.572436613131664, -1.0246872003334986, -1.6452722931222186], [3.5720054245294914, -1.0225866902349363, 1.645237775157344], [3.3120763844496377, 3.686595863871028, -1.6404141675421287], [3.3395211577352972, 3.6833516160730433, 1.6555769435857857], [7.614324651354569, 1.5615954219341883, 1.5901140697650555], [7.582839376596892, 1.7373545314699745, -1.7224017780182437], [8.856853847156936, 8.657902904798519, -1.8462645392508932], [5.632417701951022, 7.842971651076937, -1.7564636014877257], [7.6621687139977706, 6.19739777468564, -3.7857542983277193]], "name": "C6H12O", "identifiers": {"molecule_hash": "9cd802e2cf9d6a54cfad2999d632aa53208b9301", "molecular_formula": "C6H12O"}, "molecular_charge": 0.0, "molecular_multiplicity": 1, "connectivity": [[0, 1, 1.0], [0, 7, 1.0], [0, 8, 1.0], [0, 9, 1.0], [1, 2, 1.0], [1, 10, 1.0], [1, 11, 1.0], [2, 3, 1.0], [2, 12, 1.0], [2, 13, 1.0], [3, 4, 1.0], [3, 14, 1.0], [3, 15, 1.0], [4, 5, 1.0], [4, 6, 2.0], [5, 16, 1.0], [5, 17, 1.0], [5, 18, 1.0]], "fix_com": true, "fix_orientation": true, "provenance": {"creator": "QCElemental", "version": "v0.22.0", "routine": "qcelemental.molparse.from_schema"}, "id": "121278"}, "charge": 0, "optimize_geometry": false, "conformers": [], "conformer_generation_options": {"n_conformer_pool": 4000, "n_max_conformers": 0, "rms_tolerance": 0.05, "energy_window": 15, "keep_original_conformer": true}, "stage_1_unrestrained_charges": null, "stage_1_restrained_charges": null, "stage_2_unrestrained_charges": null, "stage_2_restrained_charges": null, "keep_original_orientation": false, "reorientations": [], "translations": [], "rotations": []}}, {"index": 1, "molecule": {"qcmol": {"schema_name": "qcschema_molecule", "schema_version": 2, "validated": true, "symbols": ["C", "C", "C", "C", "C", "C", "O", "H", "H", "H", "H", "H", "H", "H", "H", "H", "H", "H", "H"], "geometry": [[0.0, -0.0, 0.0], [2.8875411869394716, -3.4014280933191047e-16, 2.1104558899160532e-16], [4.00878633506255, 2.664656970989962, -5.703770789011742e-15], [6.910855208636091, 2.640753097966869, -0.0007902948132849363], [8.077929167392696, 5.25492210855321, 0.1719272640028422], [7.53682106016287, 7.101684010593902, -1.9495184890547266], [9.368073018713948, 5.8471338376376565, 1.9242744735956863], [-0.7408008201924451, 0.956967820645077, 1.657767774322332], [-0.7389270428325609, -1.9131831493202127, 0.000824430566133863], [-0.7428715515874686, 0.9561336025587357, -1.6577664845089914], [3.572436613131664, -1.0246872003334986, -1.6452722931222186], [3.5720054245294914, -1.0225866902349363, 1.645237775157344], [3.3120763844496377, 3.686595863871028, -1.6404141675421287], [3.3395211577352972, 3.6833516160730433, 1.6555769435857857], [7.614324651354569, 1.5615954219341883, 1.5901140697650555], [7.582839376596892, 1.7373545314699745, -1.7224017780182437], [8.856853847156936, 8.657902904798519, -1.8462645392508932], [5.632417701951022, 7.842971651076937, -1.7564636014877257], [7.6621687139977706, 6.19739777468564, -3.7857542983277193]], "name": "C6H12O", "identifiers": {"molecule_hash": "9cd802e2cf9d6a54cfad2999d632aa53208b9301", "molecular_formula": "C6H12O"}, "molecular_charge": 0.0, "molecular_multiplicity": 1, "connectivity": [[0, 1, 1.0], [0, 7, 1.0], [0, 8, 1.0], [0, 9, 1.0], [1, 2, 1.0], [1, 10, 1.0], [1, 11, 1.0], [2, 3, 1.0], [2, 12, 1.0], [2, 13, 1.0], [3, 4, 1.0], [3, 14, 1.0], [3, 15, 1.0], [4, 5, 1.0], [4, 6, 2.0], [5, 16, 1.0], [5, 17, 1.0], [5, 18, 1.0]], "fix_com": true, "fix_orientation": true, "provenance": {"creator": "QCElemental", "version": "v0.22.0", "routine": "qcelemental.molparse.from_schema"}, "id": "121278"}, "charge": 0, "optimize_geometry": false, "conformers": [], "conformer_generation_options": {"n_conformer_pool": 4000, "n_max_conformers": 0, "rms_tolerance": 0.05, "energy_window": 15, "keep_original_conformer": true}, "stage_1_unrestrained_charges": null, "stage_1_restrained_charges": null, "stage_2_unrestrained_charges": null, "stage_2_restrained_charges": null, "keep_original_orientation": false, "reorientations": [], "translations": [], "rotations": []}}, {"index": 2, "molecule": {"qcmol": {"schema_name": "qcschema_molecule", "schema_version": 2, "validated": true, "symbols": ["C", "C", "C", "C", "C", "C", "O", "H", "H", "H", "H", "H", "H", "H", "H", "H", "H", "H", "H"], "geometry": [[0.0, -0.0, 0.0], [2.8875411869394716, -3.4014280933191047e-16, 2.1104558899160532e-16], [4.00878633506255, 2.664656970989962, -5.703770789011742e-15], [6.910855208636091, 2.640753097966869, -0.0007902948132849363], [8.077929167392696, 5.25492210855321, 0.1719272640028422], [7.53682106016287, 7.101684010593902, -1.9495184890547266], [9.368073018713948, 5.8471338376376565, 1.9242744735956863], [-0.7408008201924451, 0.956967820645077, 1.657767774322332], [-0.7389270428325609, -1.9131831493202127, 0.000824430566133863], [-0.7428715515874686, 0.9561336025587357, -1.6577664845089914], [3.572436613131664, -1.0246872003334986, -1.6452722931222186], [3.5720054245294914, -1.0225866902349363, 1.645237775157344], [3.3120763844496377, 3.686595863871028, -1.6404141675421287], [3.3395211577352972, 3.6833516160730433, 1.6555769435857857], [7.614324651354569, 1.5615954219341883, 1.5901140697650555], [7.582839376596892, 1.7373545314699745, -1.7224017780182437], [8.856853847156936, 8.657902904798519, -1.8462645392508932], [5.632417701951022, 7.842971651076937, -1.7564636014877257], [7.6621687139977706, 6.19739777468564, -3.7857542983277193]], "name": "C6H12O", "identifiers": {"molecule_hash": "9cd802e2cf9d6a54cfad2999d632aa53208b9301", "molecular_formula": "C6H12O"}, "molecular_charge": 0.0, "molecular_multiplicity": 1, "connectivity": [[0, 1, 1.0], [0, 7, 1.0], [0, 8, 1.0], [0, 9, 1.0], [1, 2, 1.0], [1, 10, 1.0], [1, 11, 1.0], [2, 3, 1.0], [2, 12, 1.0], [2, 13, 1.0], [3, 4, 1.0], [3, 14, 1.0], [3, 15, 1.0], [4, 5, 1.0], [4, 6, 2.0], [5, 16, 1.0], [5, 17, 1.0], [5, 18, 1.0]], "fix_com": true, "fix_orientation": true, "provenance": {"creator": "QCElemental", "version": "v0.22.0", "routine": "qcelemental.molparse.from_schema"}, "id": "121278"}, "charge": 0, "optimize_geometry": false, "conformers": [], "conformer_generation_options": {"n_conformer_pool": 4000, "n_max_conformers": 0, "rms_tolerance": 0.05, "energy_window": 15, "keep_original_conformer": true}, "stage_1_unrestrained_charges": null, "stage_1_restrained_charges": null, "stage_2_unrestrained_charges": null, "stage_2_restrained_charges": null, "keep_original_orientation": false, "reorientations": [], "translations": [], "rotations": []}}, {"index": 3, "molecule": {"qcmol": {"schema_name": "qcschema_molecule", "schema_version": 2, "validated": true, "symbols": ["C", "C", "C", "C", "C", "C", "O", "H", "H", "H", "H", "H", "H", "H", "H", "H", "H", "H", "H"], "geometry": [[0.0, -0.0, 0.0], [2.8875411869394716, -3.4014280933191047e-16, 2.1104558899160532e-16], [4.00878633506255, 2.664656970989962, -5.703770789011742e-15], [6.910855208636091, 2.640753097966869, -0.0007902948132849363], [8.077929167392696, 5.25492210855321, 0.1719272640028422], [7.53682106016287, 7.101684010593902, -1.9495184890547266], [9.368073018713948, 5.8471338376376565, 1.9242744735956863], [-0.7408008201924451, 0.956967820645077, 1.657767774322332], [-0.7389270428325609, -1.9131831493202127, 0.000824430566133863], [-0.7428715515874686, 0.9561336025587357, -1.6577664845089914], [3.572436613131664, -1.0246872003334986, -1.6452722931222186], [3.5720054245294914, -1.0225866902349363, 1.645237775157344], [3.3120763844496377, 3.686595863871028, -1.6404141675421287], [3.3395211577352972, 3.6833516160730433, 1.6555769435857857], [7.614324651354569, 1.5615954219341883, 1.5901140697650555], [7.582839376596892, 1.7373545314699745, -1.7224017780182437], [8.856853847156936, 8.657902904798519, -1.8462645392508932], [5.632417701951022, 7.842971651076937, -1.7564636014877257], [7.6621687139977706, 6.19739777468564, -3.7857542983277193]], "name": "C6H12O", "identifiers": {"molecule_hash": "9cd802e2cf9d6a54cfad2999d632aa53208b9301", "molecular_formula": "C6H12O"}, "molecular_charge": 0.0, "molecular_multiplicity": 1, "connectivity": [[0, 1, 1.0], [0, 7, 1.0], [0, 8, 1.0], [0, 9, 1.0], [1, 2, 1.0], [1, 10, 1.0], [1, 11, 1.0], [2, 3, 1.0], [2, 12, 1.0], [2, 13, 1.0], [3, 4, 1.0], [3, 14, 1.0], [3, 15, 1.0], [4, 5, 1.0], [4, 6, 2.0], [5, 16, 1.0], [5, 17, 1.0], [5, 18, 1.0]], "fix_com": true, "fix_orientation": true, "provenance": {"creator": "QCElemental", "version": "v0.22.0", "routine": "qcelemental.molparse.from_schema"}, "id": "121278"}, "charge": 0, "optimize_geometry": false, "conformers": [], "conformer_generation_options": {"n_conformer_pool": 4000, "n_max_conformers": 0, "rms_tolerance": 0.05, "energy_window": 15, "keep_original_conformer": true}, "stage_1_unrestrained_charges": null, "stage_1_restrained_charges": null, "stage_2_unrestrained_charges": null, "stage_2_restrained_charges": null, "keep_original_orientation": false, "reorientations": [], "translations": [], "rotations": []}}, {"index": 5, "molecule": {"qcmol": {"schema_name": "qcschema_molecule", "schema_version": 2, "validated": true, "symbols": ["C", "C", "C", "C", "C", "C", "O", "H", "H", "H", "H", "H", "H", "H", "H", "H", "H", "H", "H"], "geometry": [[0.0, -0.0, 0.0], [2.8875411869394716, -3.4014280933191047e-16, 2.1104558899160532e-16], [4.00878633506255, 2.664656970989962, -5.703770789011742e-15], [6.910855208636091, 2.640753097966869, -0.0007902948132849363], [8.077929167392696, 5.25492210855321, 0.1719272640028422], [7.53682106016287, 7.101684010593902, -1.9495184890547266], [9.368073018713948, 5.8471338376376565, 1.9242744735956863], [-0.7408008201924451, 0.956967820645077, 1.657767774322332], [-0.7389270428325609, -1.9131831493202127, 0.000824430566133863], [-0.7428715515874686, 0.9561336025587357, -1.6577664845089914], [3.572436613131664, -1.0246872003334986, -1.6452722931222186], [3.5720054245294914, -1.0225866902349363, 1.645237775157344], [3.3120763844496377, 3.686595863871028, -1.6404141675421287], [3.3395211577352972, 3.6833516160730433, 1.6555769435857857], [7.614324651354569, 1.5615954219341883, 1.5901140697650555], [7.582839376596892, 1.7373545314699745, -1.7224017780182437], [8.856853847156936, 8.657902904798519, -1.8462645392508932], [5.632417701951022, 7.842971651076937, -1.7564636014877257], [7.6621687139977706, 6.19739777468564, -3.7857542983277193]], "name": "C6H12O", "identifiers": {"molecule_hash": "9cd802e2cf9d6a54cfad2999d632aa53208b9301", "molecular_formula": "C6H12O"}, "molecular_charge": 0.0, "molecular_multiplicity": 1, "connectivity": [[0, 1, 1.0], [0, 7, 1.0], [0, 8, 1.0], [0, 9, 1.0], [1, 2, 1.0], [1, 10, 1.0], [1, 11, 1.0], [2, 3, 1.0], [2, 12, 1.0], [2, 13, 1.0], [3, 4, 1.0], [3, 14, 1.0], [3, 15, 1.0], [4, 5, 1.0], [4, 6, 2.0], [5, 16, 1.0], [5, 17, 1.0], [5, 18, 1.0]], "fix_com": true, "fix_orientation": true, "provenance": {"creator": "QCElemental", "version": "v0.22.0", "routine": "qcelemental.molparse.from_schema"}, "id": "121278"}, "charge": 0, "optimize_geometry": false, "conformers": [], "conformer_generation_options": {"n_conformer_pool": 4000, "n_max_conformers": 0, "rms_tolerance": 0.05, "energy_window": 15, "keep_original_conformer": true}, "stage_1_unrestrained_charges": null, "stage_1_restrained_charges": null, "stage_2_unrestrained_charges": null, "stage_2_restrained_charges": null, "keep_original_orientation": false, "reorientations": [], "translations": [], "rotations": []}}]}, "surface_constraints": {"matrix": [[4638.637439512865, 4512.061525852997, 4341.931317119322, 4107.949028141591, 3942.4739283194476, 3686.7823463181226, 3960.5477917383582, 4662.375997076725, 4653.035964891956, 4664.864011041022, 4504.4765453157115, 4503.293180378098, 4379.989171587094, 4326.303838765466, 4056.8792082391797, 4070.3576244813776, 3585.8328437260793, 3637.7500682054592, 3637.376193141199], [4512.061525852997, 4621.075937299491, 4498.221081290277, 4338.187053824218, 4181.919295294259, 3935.8220965549413, 4188.563692353732, 4473.924945301169, 4466.156973687641, 4474.621828730577, 4685.234151745233, 4684.902488077966, 4492.755295146391, 4495.966967722967, 4315.5623306508, 4313.450526751516, 3837.803007412713, 3886.6518988713065, 3885.7825198599926], [4341.931317119322, 4498.221081290277, 4603.935455992332, 4489.537560687957, 4321.99608900344, 4092.0936422954433, 4307.477665511765, 4299.490783471675, 4259.06094379736, 4316.262013512851, 4494.480607197153, 4493.946743073346, 4668.967265365627, 4671.859700048652, 4489.616904273636, 4486.855533377163, 3982.2670839708453, 4058.565894787011, 4048.06593669428], [4107.949028141591, 4338.187053824218, 4489.537560687957, 4593.98320083106, 4470.827500663784, 4323.32576757146, 4406.948334318104, 4048.683093190578, 3996.6962990636816, 4080.154667985842, 4342.030806344061, 4361.383553279146, 4487.344646111634, 4492.0136066872265, 4664.27908191922, 4661.825777892604, 4231.208606893382, 4330.0547751191225, 4274.275330506885], [3942.4739283194476, 4181.919295294259, 4321.99608900344, 4470.827500663784, 4565.055870166441, 4484.4407024892935, 4596.866900494598, 3891.2848828712704, 3822.8470491717444, 3911.4206614814443, 4208.224024284339, 4202.821906722004, 4319.554371293218, 4287.342997854831, 4477.531206098055, 4473.965718663873, 4454.42261072493, 4452.901462623508, 4452.903462453021], [3686.7823463181226, 3935.8220965549413, 4092.0936422954433, 4323.32576757146, 4484.4407024892935, 4624.618248731562, 4416.58087345919, 3617.99134819325, 3557.537275662899, 3681.797533736592, 3969.183907422406, 3948.468146099772, 4073.3205996733723, 4031.5048400058386, 4335.678019025824, 4348.614787641394, 4647.879347009206, 4649.725239003056, 4651.279692951337], [3960.5477917383582, 4188.563692353732, 4307.477665511765, 4406.948334318104, 4596.866900494598, 4416.58087345919, 4797.526849210359, 3932.3427786258085, 3850.8618595491776, 3902.5106447431185, 4217.445796679511, 4212.393030128396, 4323.23969308266, 4272.4703616221, 4363.365657236618, 4345.983499981068, 4403.108460128758, 4314.255973458854, 4364.650454281653], [4662.375997076725, 4473.924945301169, 4299.490783471675, 4048.683093190578, 3891.2848828712704, 3617.99134819325, 3932.3427786258085, 4876.068528472935, 4608.353330910519, 4620.998127060586, 4435.373677358263, 4451.981673452405, 4340.585259873708, 4292.0829898322745, 3998.1346129050653, 3993.3941153308974, 3511.2073888264595, 3575.510659889729, 3556.9826895755114], [4653.035964891956, 4466.156973687641, 4259.06094379736, 3996.6962990636816, 3822.8470491717444, 3557.537275662899, 3850.8618595491776, 4608.353330910519, 4854.739293999664, 4611.89627407698, 4428.055861404293, 4473.222660652267, 4301.653908027011, 4238.599601407604, 3924.1223922897175, 3967.701081187347, 3462.4921547194404, 3494.1451879298247, 3511.881584303031], [4664.864011041022, 4474.621828730577, 4316.262013512851, 4080.154667985842, 3911.4206614814443, 3681.797533736592, 3902.5106447431185, 4620.998127060586, 4611.89627407698, 4882.069499130005, 4469.8047020683925, 4404.215801576494, 4376.054391950671, 4288.470663643875, 4031.768827435717, 4044.169340399546, 3580.7626494937313, 3641.5032657162274, 3642.2030286061918], [4504.4765453157115, 4685.234151745233, 4494.480607197153, 4342.030806344061, 4208.224024284339, 3969.183907422406, 4217.445796679511, 4435.373677358263, 4428.055861404293, 4469.8047020683925, 4929.710406858849, 4682.725571406014, 4489.889749539124, 4430.335302549554, 4314.131531444153, 4308.568636258757, 3871.7912991003436, 3909.632089483382, 3930.9293754540795], [4503.293180378098, 4684.902488077966, 4493.946743073346, 4361.383553279146, 4202.821906722004, 3948.468146099772, 4212.393030128396, 4451.981673452405, 4473.222660652267, 4404.215801576494, 4682.725571406014, 4930.413493551563, 4392.945731511579, 4509.063177905618, 4352.619313685262, 4340.972341952049, 3863.137452213496, 3897.8116053301164, 3881.1813666363937], [4379.989171587094, 4492.755295146391, 4668.967265365627, 4487.344646111634, 4319.554371293218, 4073.3205996733723, 4323.23969308266, 4340.585259873708, 4301.653908027011, 4376.054391950671, 4489.889749539124, 4392.945731511579, 4913.53555860108, 4670.2954321823, 4453.927626052058, 4464.950093192461, 3957.214985930515, 4028.231145640782, 4038.022274287264], [4326.303838765466, 4495.966967722967, 4671.859700048652, 4492.0136066872265, 4287.342997854831, 4031.5048400058386, 4272.4703616221, 4292.0829898322745, 4238.599601407604, 4288.470663643875, 4430.335302549554, 4509.063177905618, 4670.2954321823, 4916.7258279583575, 4488.0488964435835, 4470.223401934682, 3905.9347014687833, 3997.1851562479856, 3987.6021552241928], [4056.8792082391797, 4315.5623306508, 4489.616904273636, 4664.27908191922, 4477.531206098055, 4335.678019025824, 4363.365657236618, 3998.1346129050653, 3924.1223922897175, 4031.768827435717, 4314.131531444153, 4352.619313685262, 4453.927626052058, 4488.0488964435835, 4911.229383837331, 4665.69477562574, 4244.864257333242, 4383.477200928267, 4248.643368865713], [4070.3576244813776, 4313.450526751516, 4486.855533377163, 4661.825777892604, 4473.965718663873, 4348.614787641394, 4345.983499981068, 3993.3941153308974, 3967.701081187347, 4044.169340399546, 4308.568636258757, 4340.972341952049, 4464.950093192461, 4470.223401934682, 4665.69477562574, 4908.062636858304, 4229.332711007688, 4374.762565041973, 4322.371956124813], [3585.8328437260793, 3837.803007412713, 3982.2670839708453, 4231.208606893382, 4454.42261072493, 4647.879347009206, 4403.108460128758, 3511.2073888264595, 3462.4921547194404, 3580.7626494937313, 3871.7912991003436, 3863.137452213496, 3957.214985930515, 3905.9347014687833, 4244.864257333242, 4229.332711007688, 4857.10786346509, 4602.348039424864, 4602.130798271249], [3637.7500682054592, 3886.6518988713065, 4058.565894787011, 4330.0547751191225, 4452.901462623508, 4649.725239003056, 4314.255973458854, 3575.510659889729, 3494.1451879298247, 3641.5032657162274, 3909.632089483382, 3897.8116053301164, 4028.231145640782, 3997.1851562479856, 4383.477200928267, 4374.762565041973, 4602.348039424864, 4865.419288199275, 4607.979213725958], [3637.376193141199, 3885.7825198599926, 4048.06593669428, 4274.275330506885, 4452.903462453021, 4651.279692951337, 4364.650454281653, 3556.9826895755114, 3511.881584303031, 3642.2030286061918, 3930.9293754540795, 3881.1813666363937, 4038.022274287264, 3987.6021552241928, 4248.643368865713, 4322.371956124813, 4602.130798271249, 4607.979213725958, 4866.091800918908], [-1.0064202568746903, 4.343636135428101, 13.546100786397306, 33.33438630218525, -18.767850300406273, 32.0582764551147, -106.65263882329914, -11.941818362747465, -4.761880146998161, 11.48278559708117, 2.980373506440165, 2.9211223441803043, 5.836678544251156, 15.295105750720978, 58.25331679247991, 65.50439011768299, 23.605280568525345, 68.73992767792907, 43.891997832395056]]}}