{"resp_b": 0.1, "restrained_fit": true, "exclude_hydrogens": true, "convergence_tolerance": 1e-06, "max_iter": 500, "resp_a": 0.0005, "charge_constraints": {"charge_sum_constraints": [], "charge_equivalence_constraints": [], "molecules": [{"qcmol": {"schema_name": "qcschema_molecule", "schema_version": 2, "validated": true, "symbols": ["C", "C", "C", "C", "C", "C", "O", "H", "H", "H", "H", "H", "H", "H", "H", "H", "H", "H", "H"], "geometry": [[0.0, -0.0, 0.0], [2.8875411869394716, -3.4014280933191047e-16, 2.1104558899160532e-16], [4.00878633506255, 2.664656970989962, -5.703770789011742e-15], [6.910855208636091, 2.640753097966869, -0.0007902948132849363], [8.077929167392696, 5.25492210855321, 0.1719272640028422], [7.53682106016287, 7.101684010593902, -1.9495184890547266], [9.368073018713948, 5.8471338376376565, 1.9242744735956863], [-0.7408008201924451, 0.956967820645077, 1.657767774322332], [-0.7389270428325609, -1.9131831493202127, 0.000824430566133863], [-0.7428715515874686, 0.9561336025587357, -1.6577664845089914], [3.572436613131664, -1.0246872003334986, -1.6452722931222186], [3.5720054245294914, -1.0225866902349363, 1.645237775157344], [3.3120763844496377, 3.686595863871028, -1.6404141675421287], [3.3395211577352972, 3.6833516160730433, 1.6555769435857857], [7.614324651354569, 1.5615954219341883, 1.5901140697650555], [7.582839376596892, 1.7373545314699745, -1.7224017780182437], [8.856853847156936, 8.657902904798519, -1.8462645392508932], [5.632417701951022, 7.842971651076937, -1.7564636014877257], [7.6621687139977706, 6.19739777468564, -3.7857542983277193]], "name": "C6H12O", "identifiers": {"molecule_hash": "9cd802e2cf9d6a54cfad2999d632aa53208b9301", "molecular_formula": "C6H12O"}, "molecular_charge": 0.0, "molecular_multiplicity": 1, "connectivity": [[0, 1, 1.0], [0, 7, 1.0], [0, 8, 1.0], [0, 9, 1.0], [1, 2, 1.0], [1, 10, 1.0], [1, 11, 1.0], [2, 3, 1.0], [2, 12, 1.0], [2, 13, 1.0], [3, 4, 1.0], [3, 14, 1.0], [3, 15, 1.0], [4, 5, 1.0], [4, 6, 2.0], [5, 16, 1.0], [5, 17, 1.0], [5, 18, 1.0]], "fix_com": true, "fix_orientation": true, "provenance": {"creator": "QCElemental", "version": "v0.22.0", "routine": "qcelemental.molparse.from_schema"}, "id": "121278"}, "charge": 0, "optimize_geometry": false, "conformers": [], "conformer_generation_options": {"n_conformer_pool": 4000, "n_max_conformers": 0, "rms_tolerance": 0.05, "energy_window": 15, "keep_original_conformer": true}, "stage_1_unrestrained_charges": null, "stage_1_restrained_charges": null, "stage_2_unrestrained_charges": null, "stage_2_restrained_charges": null, "keep_original_orientation": false, "reorientations": [], "translations": [], "rotations": []}], "unconstrained_atoms": [{"index": 0, "molecule": {"qcmol": {"schema_name": "qcschema_molecule", "schema_version": 2, "validated": true, "symbols": ["C", "C", "C", "C", "C", "C", "O", "H", "H", "H", "H", "H", "H", "H", "H", "H", "H", "H", "H"], "geometry": [[0.0, -0.0, 0.0], [2.8875411869394716, -3.4014280933191047e-16, 2.1104558899160532e-16], [4.00878633506255, 2.664656970989962, -5.703770789011742e-15], [6.910855208636091, 2.640753097966869, -0.0007902948132849363], [8.077929167392696, 5.25492210855321, 0.1719272640028422], [7.53682106016287, 7.101684010593902, -1.9495184890547266], [9.368073018713948, 5.8471338376376565, 1.9242744735956863], [-0.7408008201924451, 0.956967820645077, 1.657767774322332], [-0.7389270428325609, -1.9131831493202127, 0.000824430566133863], [-0.7428715515874686, 0.9561336025587357, -1.6577664845089914], [3.572436613131664, -1.0246872003334986, -1.6452722931222186], [3.5720054245294914, -1.0225866902349363, 1.645237775157344], [3.3120763844496377, 3.686595863871028, -1.6404141675421287], [3.3395211577352972, 3.6833516160730433, 1.6555769435857857], [7.614324651354569, 1.5615954219341883, 1.5901140697650555], [7.582839376596892, 1.7373545314699745, -1.7224017780182437], [8.856853847156936, 8.657902904798519, -1.8462645392508932], [5.632417701951022, 7.842971651076937, -1.7564636014877257], [7.6621687139977706, 6.19739777468564, -3.7857542983277193]], "name": "C6H12O", "identifiers": {"molecule_hash": "9cd802e2cf9d6a54cfad2999d632aa53208b9301", "molecular_formula": "C6H12O"}, "molecular_charge": 0.0, "molecular_multiplicity": 1, "connectivity": [[0, 1, 1.0], [0, 7, 1.0], [0, 8, 1.0], [0, 9, 1.0], [1, 2, 1.0], [1, 10, 1.0], [1, 11, 1.0], [2, 3, 1.0], [2, 12, 1.0], [2, 13, 1.0], [3, 4, 1.0], [3, 14, 1.0], [3, 15, 1.0], [4, 5, 1.0], [4, 6, 2.0], [5, 16, 1.0], [5, 17, 1.0], [5, 18, 1.0]], "fix_com": true, "fix_orientation": true, "provenance": {"creator": "QCElemental", "version": "v0.22.0", "routine": "qcelemental.molparse.from_schema"}, "id": "121278"}, "charge": 0, "optimize_geometry": false, "conformers": [], "conformer_generation_options": {"n_conformer_pool": 4000, "n_max_conformers": 0, "rms_tolerance": 0.05, "energy_window": 15, "keep_original_conformer": true}, "stage_1_unrestrained_charges": null, "stage_1_restrained_charges": null, "stage_2_unrestrained_charges": null, "stage_2_restrained_charges": null, "keep_original_orientation": false, "reorientations": [], "translations": [], "rotations": []}}, {"index": 1, "molecule": {"qcmol": {"schema_name": "qcschema_molecule", "schema_version": 2, "validated": true, "symbols": ["C", "C", "C", "C", "C", "C", "O", "H", "H", "H", "H", "H", "H", "H", "H", "H", "H", "H", "H"], "geometry": [[0.0, -0.0, 0.0], [2.8875411869394716, -3.4014280933191047e-16, 2.1104558899160532e-16], [4.00878633506255, 2.664656970989962, -5.703770789011742e-15], [6.910855208636091, 2.640753097966869, -0.0007902948132849363], [8.077929167392696, 5.25492210855321, 0.1719272640028422], [7.53682106016287, 7.101684010593902, -1.9495184890547266], [9.368073018713948, 5.8471338376376565, 1.9242744735956863], [-0.7408008201924451, 0.956967820645077, 1.657767774322332], [-0.7389270428325609, -1.9131831493202127, 0.000824430566133863], [-0.7428715515874686, 0.9561336025587357, -1.6577664845089914], [3.572436613131664, -1.0246872003334986, -1.6452722931222186], [3.5720054245294914, -1.0225866902349363, 1.645237775157344], [3.3120763844496377, 3.686595863871028, -1.6404141675421287], [3.3395211577352972, 3.6833516160730433, 1.6555769435857857], [7.614324651354569, 1.5615954219341883, 1.5901140697650555], [7.582839376596892, 1.7373545314699745, -1.7224017780182437], [8.856853847156936, 8.657902904798519, -1.8462645392508932], [5.632417701951022, 7.842971651076937, -1.7564636014877257], [7.6621687139977706, 6.19739777468564, -3.7857542983277193]], "name": "C6H12O", "identifiers": {"molecule_hash": "9cd802e2cf9d6a54cfad2999d632aa53208b9301", "molecular_formula": "C6H12O"}, "molecular_charge": 0.0, "molecular_multiplicity": 1, "connectivity": [[0, 1, 1.0], [0, 7, 1.0], [0, 8, 1.0], [0, 9, 1.0], [1, 2, 1.0], [1, 10, 1.0], [1, 11, 1.0], [2, 3, 1.0], [2, 12, 1.0], [2, 13, 1.0], [3, 4, 1.0], [3, 14, 1.0], [3, 15, 1.0], [4, 5, 1.0], [4, 6, 2.0], [5, 16, 1.0], [5, 17, 1.0], [5, 18, 1.0]], "fix_com": true, "fix_orientation": true, "provenance": {"creator": "QCElemental", "version": "v0.22.0", "routine": "qcelemental.molparse.from_schema"}, "id": "121278"}, "charge": 0, "optimize_geometry": false, "conformers": [], "conformer_generation_options": {"n_conformer_pool": 4000, "n_max_conformers": 0, "rms_tolerance": 0.05, "energy_window": 15, "keep_original_conformer": true}, "stage_1_unrestrained_charges": null, "stage_1_restrained_charges": null, "stage_2_unrestrained_charges": null, "stage_2_restrained_charges": null, "keep_original_orientation": false, "reorientations": [], "translations": [], "rotations": []}}, {"index": 2, "molecule": {"qcmol": {"schema_name": "qcschema_molecule", "schema_version": 2, "validated": true, "symbols": ["C", "C", "C", "C", "C", "C", "O", "H", "H", "H", "H", "H", "H", "H", "H", "H", "H", "H", "H"], "geometry": [[0.0, -0.0, 0.0], [2.8875411869394716, -3.4014280933191047e-16, 2.1104558899160532e-16], [4.00878633506255, 2.664656970989962, -5.703770789011742e-15], [6.910855208636091, 2.640753097966869, -0.0007902948132849363], [8.077929167392696, 5.25492210855321, 0.1719272640028422], [7.53682106016287, 7.101684010593902, -1.9495184890547266], [9.368073018713948, 5.8471338376376565, 1.9242744735956863], [-0.7408008201924451, 0.956967820645077, 1.657767774322332], [-0.7389270428325609, -1.9131831493202127, 0.000824430566133863], [-0.7428715515874686, 0.9561336025587357, -1.6577664845089914], [3.572436613131664, -1.0246872003334986, -1.6452722931222186], [3.5720054245294914, -1.0225866902349363, 1.645237775157344], [3.3120763844496377, 3.686595863871028, -1.6404141675421287], [3.3395211577352972, 3.6833516160730433, 1.6555769435857857], [7.614324651354569, 1.5615954219341883, 1.5901140697650555], [7.582839376596892, 1.7373545314699745, -1.7224017780182437], [8.856853847156936, 8.657902904798519, -1.8462645392508932], [5.632417701951022, 7.842971651076937, -1.7564636014877257], [7.6621687139977706, 6.19739777468564, -3.7857542983277193]], "name": "C6H12O", "identifiers": {"molecule_hash": "9cd802e2cf9d6a54cfad2999d632aa53208b9301", "molecular_formula": "C6H12O"}, "molecular_charge": 0.0, "molecular_multiplicity": 1, "connectivity": [[0, 1, 1.0], [0, 7, 1.0], [0, 8, 1.0], [0, 9, 1.0], [1, 2, 1.0], [1, 10, 1.0], [1, 11, 1.0], [2, 3, 1.0], [2, 12, 1.0], [2, 13, 1.0], [3, 4, 1.0], [3, 14, 1.0], [3, 15, 1.0], [4, 5, 1.0], [4, 6, 2.0], [5, 16, 1.0], [5, 17, 1.0], [5, 18, 1.0]], "fix_com": true, "fix_orientation": true, "provenance": {"creator": "QCElemental", "version": "v0.22.0", "routine": "qcelemental.molparse.from_schema"}, "id": "121278"}, "charge": 0, "optimize_geometry": false, "conformers": [], "conformer_generation_options": {"n_conformer_pool": 4000, "n_max_conformers": 0, "rms_tolerance": 0.05, "energy_window": 15, "keep_original_conformer": true}, "stage_1_unrestrained_charges": null, "stage_1_restrained_charges": null, "stage_2_unrestrained_charges": null, "stage_2_restrained_charges": null, "keep_original_orientation": false, "reorientations": [], "translations": [], "rotations": []}}, {"index": 3, "molecule": {"qcmol": {"schema_name": "qcschema_molecule", "schema_version": 2, "validated": true, "symbols": ["C", "C", "C", "C", "C", "C", "O", "H", "H", "H", "H", "H", "H", "H", "H", "H", "H", "H", "H"], "geometry": [[0.0, -0.0, 0.0], [2.8875411869394716, -3.4014280933191047e-16, 2.1104558899160532e-16], [4.00878633506255, 2.664656970989962, -5.703770789011742e-15], [6.910855208636091, 2.640753097966869, -0.0007902948132849363], [8.077929167392696, 5.25492210855321, 0.1719272640028422], [7.53682106016287, 7.101684010593902, -1.9495184890547266], [9.368073018713948, 5.8471338376376565, 1.9242744735956863], [-0.7408008201924451, 0.956967820645077, 1.657767774322332], [-0.7389270428325609, -1.9131831493202127, 0.000824430566133863], [-0.7428715515874686, 0.9561336025587357, -1.6577664845089914], [3.572436613131664, -1.0246872003334986, -1.6452722931222186], [3.5720054245294914, -1.0225866902349363, 1.645237775157344], [3.3120763844496377, 3.686595863871028, -1.6404141675421287], [3.3395211577352972, 3.6833516160730433, 1.6555769435857857], [7.614324651354569, 1.5615954219341883, 1.5901140697650555], [7.582839376596892, 1.7373545314699745, -1.7224017780182437], [8.856853847156936, 8.657902904798519, -1.8462645392508932], [5.632417701951022, 7.842971651076937, -1.7564636014877257], [7.6621687139977706, 6.19739777468564, -3.7857542983277193]], "name": "C6H12O", "identifiers": {"molecule_hash": "9cd802e2cf9d6a54cfad2999d632aa53208b9301", "molecular_formula": "C6H12O"}, "molecular_charge": 0.0, "molecular_multiplicity": 1, "connectivity": [[0, 1, 1.0], [0, 7, 1.0], [0, 8, 1.0], [0, 9, 1.0], [1, 2, 1.0], [1, 10, 1.0], [1, 11, 1.0], [2, 3, 1.0], [2, 12, 1.0], [2, 13, 1.0], [3, 4, 1.0], [3, 14, 1.0], [3, 15, 1.0], [4, 5, 1.0], [4, 6, 2.0], [5, 16, 1.0], [5, 17, 1.0], [5, 18, 1.0]], "fix_com": true, "fix_orientation": true, "provenance": {"creator": "QCElemental", "version": "v0.22.0", "routine": "qcelemental.molparse.from_schema"}, "id": "121278"}, "charge": 0, "optimize_geometry": false, "conformers": [], "conformer_generation_options": {"n_conformer_pool": 4000, "n_max_conformers": 0, "rms_tolerance": 0.05, "energy_window": 15, "keep_original_conformer": true}, "stage_1_unrestrained_charges": null, "stage_1_restrained_charges": null, "stage_2_unrestrained_charges": null, "stage_2_restrained_charges": null, "keep_original_orientation": false, "reorientations": [], "translations": [], "rotations": []}}, {"index": 5, "molecule": {"qcmol": {"schema_name": "qcschema_molecule", "schema_version": 2, "validated": true, "symbols": ["C", "C", "C", "C", "C", "C", "O", "H", "H", "H", "H", "H", "H", "H", "H", "H", "H", "H", "H"], "geometry": [[0.0, -0.0, 0.0], [2.8875411869394716, -3.4014280933191047e-16, 2.1104558899160532e-16], [4.00878633506255, 2.664656970989962, -5.703770789011742e-15], [6.910855208636091, 2.640753097966869, -0.0007902948132849363], [8.077929167392696, 5.25492210855321, 0.1719272640028422], [7.53682106016287, 7.101684010593902, -1.9495184890547266], [9.368073018713948, 5.8471338376376565, 1.9242744735956863], [-0.7408008201924451, 0.956967820645077, 1.657767774322332], [-0.7389270428325609, -1.9131831493202127, 0.000824430566133863], [-0.7428715515874686, 0.9561336025587357, -1.6577664845089914], [3.572436613131664, -1.0246872003334986, -1.6452722931222186], [3.5720054245294914, -1.0225866902349363, 1.645237775157344], [3.3120763844496377, 3.686595863871028, -1.6404141675421287], [3.3395211577352972, 3.6833516160730433, 1.6555769435857857], [7.614324651354569, 1.5615954219341883, 1.5901140697650555], [7.582839376596892, 1.7373545314699745, -1.7224017780182437], [8.856853847156936, 8.657902904798519, -1.8462645392508932], [5.632417701951022, 7.842971651076937, -1.7564636014877257], [7.6621687139977706, 6.19739777468564, -3.7857542983277193]], "name": "C6H12O", "identifiers": {"molecule_hash": "9cd802e2cf9d6a54cfad2999d632aa53208b9301", "molecular_formula": "C6H12O"}, "molecular_charge": 0.0, "molecular_multiplicity": 1, "connectivity": [[0, 1, 1.0], [0, 7, 1.0], [0, 8, 1.0], [0, 9, 1.0], [1, 2, 1.0], [1, 10, 1.0], [1, 11, 1.0], [2, 3, 1.0], [2, 12, 1.0], [2, 13, 1.0], [3, 4, 1.0], [3, 14, 1.0], [3, 15, 1.0], [4, 5, 1.0], [4, 6, 2.0], [5, 16, 1.0], [5, 17, 1.0], [5, 18, 1.0]], "fix_com": true, "fix_orientation": true, "provenance": {"creator": "QCElemental", "version": "v0.22.0", "routine": "qcelemental.molparse.from_schema"}, "id": "121278"}, "charge": 0, "optimize_geometry": false, "conformers": [], "conformer_generation_options": {"n_conformer_pool": 4000, "n_max_conformers": 0, "rms_tolerance": 0.05, "energy_window": 15, "keep_original_conformer": true}, "stage_1_unrestrained_charges": null, "stage_1_restrained_charges": null, "stage_2_unrestrained_charges": null, "stage_2_restrained_charges": null, "keep_original_orientation": false, "reorientations": [], "translations": [], "rotations": []}}]}, "surface_constraints": {"matrix": [[497039339147728.9, 483476466356389.75, 465246681431873.4, 440175072264454.7, 422444030544549.0, 395046271336994.6, 424380551222529.56, 499582979121039.7, 498582150206975.94, 499849595811054.4, 482663716378559.3, 482536908765990.7, 469324665880470.75, 463572108916680.56, 434702824761706.8, 436147191409394.4, 384229230492875.9, 389792413734035.1, 389752426694654.9], [483476466356389.75, 495157577275603.7, 481993445754422.8, 464845472534600.75, 448101004934764.5, 421731258443818.0, 448812879540417.3, 479390061627282.5, 478557681556081.5, 479464749407199.1, 502032252365342.44, 501996713468537.1, 481407780879958.2, 481751920041361.3, 462421134912667.0, 462195017859174.56, 411228201892204.6, 416462593667247.94, 416369559325373.56], [465246681431873.4, 481993445754422.8, 493320960779874.4, 481062990403699.56, 463110586969026.2, 438476165266598.25, 461554835430612.3, 460699062760398.06, 456366915454066.0, 462496238933424.06, 481592641231373.9, 481535438899744.44, 500289254061681.4, 500599184538488.44, 481071494126875.25, 480775607180190.06, 426707959304904.44, 434883616585382.5, 433758628066266.25], [440175072264454.7, 464845472534600.75, 481062990403699.56, 492254552996818.06, 479058169600855.3, 463253064326254.8, 472213386849740.5, 433824609699800.9, 428254079360052.9, 437196942134942.9, 465257294693527.9, 467331000030223.9, 480828016645468.3, 481328305606868.06, 499786897735446.3, 499524027314299.0, 453382471165804.3, 463974081540118.25, 457997285118154.4], [422444030544549.0, 448101004934764.5, 463110586969026.2, 479058169600855.3, 489154921742530.94, 480516850256883.75, 492563530926218.3, 416959047598185.94, 409625662581129.9, 419116752242982.5, 450919587177760.44, 450340662333964.44, 462848973645100.1, 459397478512704.94, 479776488384055.8, 479394438979281.4, 477300335538502.0, 477137367660399.56, 477137588632178.1], [395046271336994.6, 421731258443818.0, 438476165266598.25, 463253064326254.8, 480516850256883.75, 495537168150894.56, 473245523742173.0, 387675194402231.3, 381197303090380.25, 394512306651365.2, 425306008363458.94, 423086164893562.8, 436464683523206.06, 431984006595045.25, 464576558504399.7, 465962833773254.5, 498029625003378.6, 498227440662827.9, 498394018435483.9], [424380551222529.56, 448812879540417.3, 461554835430612.3, 472213386849740.5, 492563530926218.3, 473245523742173.0, 514064638754211.44, 421358369698239.0, 412627329833410.4, 418161900087057.1, 451907666046718.75, 451366142792838.25, 463243746891787.9, 457803774787990.9, 467543480374846.9, 465680890471533.4, 471801948122777.44, 462281228226658.4, 467681040597851.2], [499582979121039.7, 479390061627282.5, 460699062760398.06, 433824609699800.9, 416959047598185.94, 387675194402231.3, 421358369698239.0, 522480565251884.75, 493794322671251.94, 495149285525051.2, 475259199721439.7, 477038827331819.9, 465102382544041.06, 459905239700521.3, 428408233177939.3, 427900389940920.56, 376232996315481.75, 383123357361952.56, 381138089391568.9], [498582150206975.94, 478557681556081.5, 456366915454066.0, 428254079360052.9, 409625662581129.9, 381197303090380.25, 412627329833410.4, 493794322671251.94, 520195045088106.1, 494173977265513.25, 474475062245679.7, 479314794320965.8, 460930819249728.1, 454174399893623.6, 420477670428687.2, 425147307188601.44, 371012923130927.56, 374404776291616.94, 376305325267146.9], [499849595811054.4, 479464749407199.1, 462496238933424.06, 437196942134942.9, 419116752242982.5, 394512306651365.2, 418161900087057.1, 495149285525051.2, 494173977265513.25, 523123629791268.25, 478948598510089.6, 471920522111357.4, 468903194512105.44, 459518230803486.2, 432012261800019.56, 433341153684810.8, 383686116462938.75, 390194744633309.7, 390269816850892.25], [482663716378559.3, 502032252365342.44, 481592641231373.9, 465257294693527.9, 450919587177760.44, 425306008363458.94, 451907666046718.75, 475259199721439.7, 474475062245679.7, 478948598510089.6, 528228368235584.3, 501763443164840.7, 481100729385432.9, 474719381363003.9, 462267719975891.75, 461671887026829.1, 414870080579825.8, 418924907990433.5, 421207113964369.3], [482536908765990.7, 501996713468537.1, 481535438899744.44, 467331000030223.9, 450340662333964.44, 423086164893562.8, 451366142792838.25, 477038827331819.9, 479314794320965.8, 471920522111357.4, 501763443164840.7, 528303708823667.9, 470712975724396.06, 483155228285230.9, 466391830079442.9, 465144069168384.94, 413942655251758.8, 417658237338880.75, 415876406344600.56], [469324665880470.75, 481407780879958.2, 500289254061681.4, 480828016645468.3, 462848973645100.1, 436464683523206.06, 463243746891787.9, 465102382544041.06, 460930819249728.1, 468903194512105.44, 481100729385432.9, 470712975724396.06, 526495244139695.5, 500431574153634.4, 477247354799190.3, 478428343686455.0, 424023689974975.25, 431633284137664.0, 432682527324007.6], [463572108916680.56, 481751920041361.3, 500599184538488.44, 481328305606868.06, 459397478512704.94, 431984006595045.25, 457803774787990.9, 459905239700521.3, 454174399893623.6, 459518230803486.2, 474719381363003.9, 483155228285230.9, 500431574153634.4, 526837087481256.9, 480903494156527.7, 478993395653412.0, 418528846311962.06, 428306605994009.3, 427279866061323.25], [434702824761706.8, 462421134912667.0, 481071494126875.25, 499786897735446.3, 479776488384055.8, 464576558504399.7, 467543480374846.9, 428408233177939.3, 420477670428687.2, 432012261800019.56, 462267719975891.75, 466391830079442.9, 477247354799190.3, 480903494156527.7, 526248113966153.94, 499938595428804.6, 454845626414145.06, 469698281264032.94, 455250687904993.44], [436147191409394.4, 462195017859174.56, 480775607180190.06, 499524027314299.0, 479394438979281.4, 465962833773254.5, 465680890471533.4, 427900389940920.56, 425147307188601.44, 433341153684810.8, 461671887026829.1, 465144069168384.94, 478428343686455.0, 478993395653412.0, 499938595428804.6, 525908810642407.1, 453181458170822.5, 468764616792477.44, 463150936142563.0], [384229230492875.9, 411228201892204.6, 426707959304904.44, 453382471165804.3, 477300335538502.0, 498029625003378.6, 471801948122777.44, 376232996315481.75, 371012923130927.56, 383686116462938.75, 414870080579825.8, 413942655251758.8, 424023689974975.25, 418528846311962.06, 454845626414145.06, 453181458170822.5, 520448860141708.4, 493150860334439.56, 493127599258007.56], [389792413734035.1, 416462593667247.94, 434883616585382.5, 463974081540118.25, 477137367660399.56, 498227440662827.9, 462281228226658.4, 383123357361952.56, 374404776291616.94, 390194744633309.7, 418924907990433.5, 417658237338880.75, 431633284137664.0, 428306605994009.3, 469698281264032.94, 468764616792477.44, 493150860334439.56, 521339498674993.06, 493754296325107.94], [389752426694654.9, 416369559325373.56, 433758628066266.25, 457997285118154.4, 477137588632178.1, 498394018435483.9, 467681040597851.2, 381138089391568.9, 376305325267146.9, 390269816850892.25, 421207113964369.3, 415876406344600.56, 432682527324007.6, 427279866061323.25, 455250687904993.44, 463150936142563.0, 493127599258007.56, 493754296325107.94, 521411592902559.4], [21924255347.03533, 604060020712.4781, 1771685282930.03, 4114646299910.501, -2412517828475.9463, 3998862925627.731, -13339248650527.889, -1580528265644.2988, -248749306018.81787, 1647869747315.7063, 260141207617.7391, 493909880123.0404, 881932792956.9282, 1993887536486.7283, 6994094791823.2295, 8252193722203.202, 2703288885714.5967, 8594967058789.341, 5725256237645.981]]}}