{"resp_b": 0.1, "restrained_fit": true, "exclude_hydrogens": true, "convergence_tolerance": 1e-06, "max_iter": 500, "resp_a": 0.0005, "charge_constraints": {"charge_sum_constraints": [], "charge_equivalence_constraints": [], "molecules": [{"qcmol": {"schema_name": "qcschema_molecule", "schema_version": 2, "validated": true, "symbols": ["C", "C", "C", "C", "C", "C", "O", "H", "H", "H", "H", "H", "H", "H", "H", "H", "H", "H", "H"], "geometry": [[0.0, -0.0, 0.0], [2.8875411869394716, -3.4014280933191047e-16, 2.1104558899160532e-16], [4.00878633506255, 2.664656970989962, -5.703770789011742e-15], [6.910855208636091, 2.640753097966869, -0.0007902948132849363], [8.077929167392696, 5.25492210855321, 0.1719272640028422], [7.53682106016287, 7.101684010593902, -1.9495184890547266], [9.368073018713948, 5.8471338376376565, 1.9242744735956863], [-0.7408008201924451, 0.956967820645077, 1.657767774322332], [-0.7389270428325609, -1.9131831493202127, 0.000824430566133863], [-0.7428715515874686, 0.9561336025587357, -1.6577664845089914], [3.572436613131664, -1.0246872003334986, -1.6452722931222186], [3.5720054245294914, -1.0225866902349363, 1.645237775157344], [3.3120763844496377, 3.686595863871028, -1.6404141675421287], [3.3395211577352972, 3.6833516160730433, 1.6555769435857857], [7.614324651354569, 1.5615954219341883, 1.5901140697650555], [7.582839376596892, 1.7373545314699745, -1.7224017780182437], [8.856853847156936, 8.657902904798519, -1.8462645392508932], [5.632417701951022, 7.842971651076937, -1.7564636014877257], [7.6621687139977706, 6.19739777468564, -3.7857542983277193]], "name": "C6H12O", "identifiers": {"molecule_hash": "9cd802e2cf9d6a54cfad2999d632aa53208b9301", "molecular_formula": "C6H12O"}, "molecular_charge": 0.0, "molecular_multiplicity": 1, "connectivity": [[0, 1, 1.0], [0, 7, 1.0], [0, 8, 1.0], [0, 9, 1.0], [1, 2, 1.0], [1, 10, 1.0], [1, 11, 1.0], [2, 3, 1.0], [2, 12, 1.0], [2, 13, 1.0], [3, 4, 1.0], [3, 14, 1.0], [3, 15, 1.0], [4, 5, 1.0], [4, 6, 2.0], [5, 16, 1.0], [5, 17, 1.0], [5, 18, 1.0]], "fix_com": true, "fix_orientation": true, "provenance": {"creator": "QCElemental", "version": "v0.22.0", "routine": "qcelemental.molparse.from_schema"}, "id": "121278"}, "charge": 0, "optimize_geometry": false, "conformers": [], "conformer_generation_options": {"n_conformer_pool": 4000, "n_max_conformers": 0, "rms_tolerance": 0.05, "energy_window": 15, "keep_original_conformer": true}, "stage_1_unrestrained_charges": null, "stage_1_restrained_charges": null, "stage_2_unrestrained_charges": null, "stage_2_restrained_charges": null, "keep_original_orientation": false, "reorientations": [], "translations": [], "rotations": []}], "unconstrained_atoms": [{"index": 0, "molecule": {"qcmol": {"schema_name": "qcschema_molecule", "schema_version": 2, "validated": true, "symbols": ["C", "C", "C", "C", "C", "C", "O", "H", "H", "H", "H", "H", "H", "H", "H", "H", "H", "H", "H"], "geometry": [[0.0, -0.0, 0.0], [2.8875411869394716, -3.4014280933191047e-16, 2.1104558899160532e-16], [4.00878633506255, 2.664656970989962, -5.703770789011742e-15], [6.910855208636091, 2.640753097966869, -0.0007902948132849363], [8.077929167392696, 5.25492210855321, 0.1719272640028422], [7.53682106016287, 7.101684010593902, -1.9495184890547266], [9.368073018713948, 5.8471338376376565, 1.9242744735956863], [-0.7408008201924451, 0.956967820645077, 1.657767774322332], [-0.7389270428325609, -1.9131831493202127, 0.000824430566133863], [-0.7428715515874686, 0.9561336025587357, -1.6577664845089914], [3.572436613131664, -1.0246872003334986, -1.6452722931222186], [3.5720054245294914, -1.0225866902349363, 1.645237775157344], [3.3120763844496377, 3.686595863871028, -1.6404141675421287], [3.3395211577352972, 3.6833516160730433, 1.6555769435857857], [7.614324651354569, 1.5615954219341883, 1.5901140697650555], [7.582839376596892, 1.7373545314699745, -1.7224017780182437], [8.856853847156936, 8.657902904798519, -1.8462645392508932], [5.632417701951022, 7.842971651076937, -1.7564636014877257], [7.6621687139977706, 6.19739777468564, -3.7857542983277193]], "name": "C6H12O", "identifiers": {"molecule_hash": "9cd802e2cf9d6a54cfad2999d632aa53208b9301", "molecular_formula": "C6H12O"}, "molecular_charge": 0.0, "molecular_multiplicity": 1, "connectivity": [[0, 1, 1.0], [0, 7, 1.0], [0, 8, 1.0], [0, 9, 1.0], [1, 2, 1.0], [1, 10, 1.0], [1, 11, 1.0], [2, 3, 1.0], [2, 12, 1.0], [2, 13, 1.0], [3, 4, 1.0], [3, 14, 1.0], [3, 15, 1.0], [4, 5, 1.0], [4, 6, 2.0], [5, 16, 1.0], [5, 17, 1.0], [5, 18, 1.0]], "fix_com": true, "fix_orientation": true, "provenance": {"creator": "QCElemental", "version": "v0.22.0", "routine": "qcelemental.molparse.from_schema"}, "id": "121278"}, "charge": 0, "optimize_geometry": false, "conformers": [], "conformer_generation_options": {"n_conformer_pool": 4000, "n_max_conformers": 0, "rms_tolerance": 0.05, "energy_window": 15, "keep_original_conformer": true}, "stage_1_unrestrained_charges": null, "stage_1_restrained_charges": null, "stage_2_unrestrained_charges": null, "stage_2_restrained_charges": null, "keep_original_orientation": false, "reorientations": [], "translations": [], "rotations": []}}, {"index": 1, "molecule": {"qcmol": {"schema_name": "qcschema_molecule", "schema_version": 2, "validated": true, "symbols": ["C", "C", "C", "C", "C", "C", "O", "H", "H", "H", "H", "H", "H", "H", "H", "H", "H", "H", "H"], "geometry": [[0.0, -0.0, 0.0], [2.8875411869394716, -3.4014280933191047e-16, 2.1104558899160532e-16], [4.00878633506255, 2.664656970989962, -5.703770789011742e-15], [6.910855208636091, 2.640753097966869, -0.0007902948132849363], [8.077929167392696, 5.25492210855321, 0.1719272640028422], [7.53682106016287, 7.101684010593902, -1.9495184890547266], [9.368073018713948, 5.8471338376376565, 1.9242744735956863], [-0.7408008201924451, 0.956967820645077, 1.657767774322332], [-0.7389270428325609, -1.9131831493202127, 0.000824430566133863], [-0.7428715515874686, 0.9561336025587357, -1.6577664845089914], [3.572436613131664, -1.0246872003334986, -1.6452722931222186], [3.5720054245294914, -1.0225866902349363, 1.645237775157344], [3.3120763844496377, 3.686595863871028, -1.6404141675421287], [3.3395211577352972, 3.6833516160730433, 1.6555769435857857], [7.614324651354569, 1.5615954219341883, 1.5901140697650555], [7.582839376596892, 1.7373545314699745, -1.7224017780182437], [8.856853847156936, 8.657902904798519, -1.8462645392508932], [5.632417701951022, 7.842971651076937, -1.7564636014877257], [7.6621687139977706, 6.19739777468564, -3.7857542983277193]], "name": "C6H12O", "identifiers": {"molecule_hash": "9cd802e2cf9d6a54cfad2999d632aa53208b9301", "molecular_formula": "C6H12O"}, "molecular_charge": 0.0, "molecular_multiplicity": 1, "connectivity": [[0, 1, 1.0], [0, 7, 1.0], [0, 8, 1.0], [0, 9, 1.0], [1, 2, 1.0], [1, 10, 1.0], [1, 11, 1.0], [2, 3, 1.0], [2, 12, 1.0], [2, 13, 1.0], [3, 4, 1.0], [3, 14, 1.0], [3, 15, 1.0], [4, 5, 1.0], [4, 6, 2.0], [5, 16, 1.0], [5, 17, 1.0], [5, 18, 1.0]], "fix_com": true, "fix_orientation": true, "provenance": {"creator": "QCElemental", "version": "v0.22.0", "routine": "qcelemental.molparse.from_schema"}, "id": "121278"}, "charge": 0, "optimize_geometry": false, "conformers": [], "conformer_generation_options": {"n_conformer_pool": 4000, "n_max_conformers": 0, "rms_tolerance": 0.05, "energy_window": 15, "keep_original_conformer": true}, "stage_1_unrestrained_charges": null, "stage_1_restrained_charges": null, "stage_2_unrestrained_charges": null, "stage_2_restrained_charges": null, "keep_original_orientation": false, "reorientations": [], "translations": [], "rotations": []}}, {"index": 2, "molecule": {"qcmol": {"schema_name": "qcschema_molecule", "schema_version": 2, "validated": true, "symbols": ["C", "C", "C", "C", "C", "C", "O", "H", "H", "H", "H", "H", "H", "H", "H", "H", "H", "H", "H"], "geometry": [[0.0, -0.0, 0.0], [2.8875411869394716, -3.4014280933191047e-16, 2.1104558899160532e-16], [4.00878633506255, 2.664656970989962, -5.703770789011742e-15], [6.910855208636091, 2.640753097966869, -0.0007902948132849363], [8.077929167392696, 5.25492210855321, 0.1719272640028422], [7.53682106016287, 7.101684010593902, -1.9495184890547266], [9.368073018713948, 5.8471338376376565, 1.9242744735956863], [-0.7408008201924451, 0.956967820645077, 1.657767774322332], [-0.7389270428325609, -1.9131831493202127, 0.000824430566133863], [-0.7428715515874686, 0.9561336025587357, -1.6577664845089914], [3.572436613131664, -1.0246872003334986, -1.6452722931222186], [3.5720054245294914, -1.0225866902349363, 1.645237775157344], [3.3120763844496377, 3.686595863871028, -1.6404141675421287], [3.3395211577352972, 3.6833516160730433, 1.6555769435857857], [7.614324651354569, 1.5615954219341883, 1.5901140697650555], [7.582839376596892, 1.7373545314699745, -1.7224017780182437], [8.856853847156936, 8.657902904798519, -1.8462645392508932], [5.632417701951022, 7.842971651076937, -1.7564636014877257], [7.6621687139977706, 6.19739777468564, -3.7857542983277193]], "name": "C6H12O", "identifiers": {"molecule_hash": "9cd802e2cf9d6a54cfad2999d632aa53208b9301", "molecular_formula": "C6H12O"}, "molecular_charge": 0.0, "molecular_multiplicity": 1, "connectivity": [[0, 1, 1.0], [0, 7, 1.0], [0, 8, 1.0], [0, 9, 1.0], [1, 2, 1.0], [1, 10, 1.0], [1, 11, 1.0], [2, 3, 1.0], [2, 12, 1.0], [2, 13, 1.0], [3, 4, 1.0], [3, 14, 1.0], [3, 15, 1.0], [4, 5, 1.0], [4, 6, 2.0], [5, 16, 1.0], [5, 17, 1.0], [5, 18, 1.0]], "fix_com": true, "fix_orientation": true, "provenance": {"creator": "QCElemental", "version": "v0.22.0", "routine": "qcelemental.molparse.from_schema"}, "id": "121278"}, "charge": 0, "optimize_geometry": false, "conformers": [], "conformer_generation_options": {"n_conformer_pool": 4000, "n_max_conformers": 0, "rms_tolerance": 0.05, "energy_window": 15, "keep_original_conformer": true}, "stage_1_unrestrained_charges": null, "stage_1_restrained_charges": null, "stage_2_unrestrained_charges": null, "stage_2_restrained_charges": null, "keep_original_orientation": false, "reorientations": [], "translations": [], "rotations": []}}, {"index": 3, "molecule": {"qcmol": {"schema_name": "qcschema_molecule", "schema_version": 2, "validated": true, "symbols": ["C", "C", "C", "C", "C", "C", "O", "H", "H", "H", "H", "H", "H", "H", "H", "H", "H", "H", "H"], "geometry": [[0.0, -0.0, 0.0], [2.8875411869394716, -3.4014280933191047e-16, 2.1104558899160532e-16], [4.00878633506255, 2.664656970989962, -5.703770789011742e-15], [6.910855208636091, 2.640753097966869, -0.0007902948132849363], [8.077929167392696, 5.25492210855321, 0.1719272640028422], [7.53682106016287, 7.101684010593902, -1.9495184890547266], [9.368073018713948, 5.8471338376376565, 1.9242744735956863], [-0.7408008201924451, 0.956967820645077, 1.657767774322332], [-0.7389270428325609, -1.9131831493202127, 0.000824430566133863], [-0.7428715515874686, 0.9561336025587357, -1.6577664845089914], [3.572436613131664, -1.0246872003334986, -1.6452722931222186], [3.5720054245294914, -1.0225866902349363, 1.645237775157344], [3.3120763844496377, 3.686595863871028, -1.6404141675421287], [3.3395211577352972, 3.6833516160730433, 1.6555769435857857], [7.614324651354569, 1.5615954219341883, 1.5901140697650555], [7.582839376596892, 1.7373545314699745, -1.7224017780182437], [8.856853847156936, 8.657902904798519, -1.8462645392508932], [5.632417701951022, 7.842971651076937, -1.7564636014877257], [7.6621687139977706, 6.19739777468564, -3.7857542983277193]], "name": "C6H12O", "identifiers": {"molecule_hash": "9cd802e2cf9d6a54cfad2999d632aa53208b9301", "molecular_formula": "C6H12O"}, "molecular_charge": 0.0, "molecular_multiplicity": 1, "connectivity": [[0, 1, 1.0], [0, 7, 1.0], [0, 8, 1.0], [0, 9, 1.0], [1, 2, 1.0], [1, 10, 1.0], [1, 11, 1.0], [2, 3, 1.0], [2, 12, 1.0], [2, 13, 1.0], [3, 4, 1.0], [3, 14, 1.0], [3, 15, 1.0], [4, 5, 1.0], [4, 6, 2.0], [5, 16, 1.0], [5, 17, 1.0], [5, 18, 1.0]], "fix_com": true, "fix_orientation": true, "provenance": {"creator": "QCElemental", "version": "v0.22.0", "routine": "qcelemental.molparse.from_schema"}, "id": "121278"}, "charge": 0, "optimize_geometry": false, "conformers": [], "conformer_generation_options": {"n_conformer_pool": 4000, "n_max_conformers": 0, "rms_tolerance": 0.05, "energy_window": 15, "keep_original_conformer": true}, "stage_1_unrestrained_charges": null, "stage_1_restrained_charges": null, "stage_2_unrestrained_charges": null, "stage_2_restrained_charges": null, "keep_original_orientation": false, "reorientations": [], "translations": [], "rotations": []}}, {"index": 5, "molecule": {"qcmol": {"schema_name": "qcschema_molecule", "schema_version": 2, "validated": true, "symbols": ["C", "C", "C", "C", "C", "C", "O", "H", "H", "H", "H", "H", "H", "H", "H", "H", "H", "H", "H"], "geometry": [[0.0, -0.0, 0.0], [2.8875411869394716, -3.4014280933191047e-16, 2.1104558899160532e-16], [4.00878633506255, 2.664656970989962, -5.703770789011742e-15], [6.910855208636091, 2.640753097966869, -0.0007902948132849363], [8.077929167392696, 5.25492210855321, 0.1719272640028422], [7.53682106016287, 7.101684010593902, -1.9495184890547266], [9.368073018713948, 5.8471338376376565, 1.9242744735956863], [-0.7408008201924451, 0.956967820645077, 1.657767774322332], [-0.7389270428325609, -1.9131831493202127, 0.000824430566133863], [-0.7428715515874686, 0.9561336025587357, -1.6577664845089914], [3.572436613131664, -1.0246872003334986, -1.6452722931222186], [3.5720054245294914, -1.0225866902349363, 1.645237775157344], [3.3120763844496377, 3.686595863871028, -1.6404141675421287], [3.3395211577352972, 3.6833516160730433, 1.6555769435857857], [7.614324651354569, 1.5615954219341883, 1.5901140697650555], [7.582839376596892, 1.7373545314699745, -1.7224017780182437], [8.856853847156936, 8.657902904798519, -1.8462645392508932], [5.632417701951022, 7.842971651076937, -1.7564636014877257], [7.6621687139977706, 6.19739777468564, -3.7857542983277193]], "name": "C6H12O", "identifiers": {"molecule_hash": "9cd802e2cf9d6a54cfad2999d632aa53208b9301", "molecular_formula": "C6H12O"}, "molecular_charge": 0.0, "molecular_multiplicity": 1, "connectivity": [[0, 1, 1.0], [0, 7, 1.0], [0, 8, 1.0], [0, 9, 1.0], [1, 2, 1.0], [1, 10, 1.0], [1, 11, 1.0], [2, 3, 1.0], [2, 12, 1.0], [2, 13, 1.0], [3, 4, 1.0], [3, 14, 1.0], [3, 15, 1.0], [4, 5, 1.0], [4, 6, 2.0], [5, 16, 1.0], [5, 17, 1.0], [5, 18, 1.0]], "fix_com": true, "fix_orientation": true, "provenance": {"creator": "QCElemental", "version": "v0.22.0", "routine": "qcelemental.molparse.from_schema"}, "id": "121278"}, "charge": 0, "optimize_geometry": false, "conformers": [], "conformer_generation_options": {"n_conformer_pool": 4000, "n_max_conformers": 0, "rms_tolerance": 0.05, "energy_window": 15, "keep_original_conformer": true}, "stage_1_unrestrained_charges": null, "stage_1_restrained_charges": null, "stage_2_unrestrained_charges": null, "stage_2_restrained_charges": null, "keep_original_orientation": false, "reorientations": [], "translations": [], "rotations": []}}]}, "surface_constraints": {"matrix": [[503713079519471.44, 489796265915614.4, 471572023306202.06, 446618921901696.56, 428943223803852.3, 401338122927384.8, 431409430718743.0, 506320309850827.75, 505459654827462.1, 506560237369417.94, 488711594313268.75, 488582652638595.3, 475775696283369.2, 469822591461109.44, 440925151520666.25, 442567674545919.06, 389893104774785.94, 396845838270606.94, 395518066037679.56], [489796265915614.4, 501074330068905.1, 488090493853507.1, 471056572304340.0, 453986767430508.75, 426265520236861.75, 455888158360664.9, 485651125646280.25, 484864875328606.8, 485746090961052.5, 507819565508121.06, 507768069512665.2, 487575223969798.06, 487870085531992.4, 468617741790156.5, 468583286143563.5, 415417675015247.25, 421349489059883.06, 419744092326621.8], [471572023306202.06, 488090493853507.1, 499738547167306.4, 487624754169865.25, 469263771383081.5, 443544239565505.94, 468333915344336.1, 466993738832704.5, 462586244340492.4, 468811078425367.6, 487511666248122.75, 487430050290819.56, 506841827474796.94, 507240289668970.7, 487558952372879.7, 487508197684737.3, 431451248994185.8, 440651129289059.2, 437471679616247.25], [446618921901696.56, 471056572304340.0, 487624754169865.25, 498958805751534.06, 485320772702277.2, 469706881865078.75, 477670046341925.44, 440254058027729.7, 434524509555121.94, 443579833535611.44, 471415901224138.94, 473419390098032.94, 487417978057251.8, 487955637769003.0, 506702502754693.4, 506746607675621.06, 459490275181768.75, 470783411262358.8, 464408808024034.75], [428943223803852.3, 453986767430508.75, 469263771383081.5, 485320772702277.2, 495174548832151.06, 486832607076861.25, 497976857755807.75, 423610305013389.8, 416107942927883.44, 425475014309236.9, 456714463332472.94, 455984196467010.8, 469269661202159.0, 465680696846499.25, 486039253044543.2, 486202133501330.6, 483322809804709.25, 483552291211149.25, 483582491746963.0], [401338122927384.8, 426265520236861.75, 443544239565505.94, 469706881865078.75, 486832607076861.25, 502110663990694.2, 478865226820841.3, 394944111334098.25, 387292643483544.0, 400844164237050.75, 428926609136112.7, 427052637858093.8, 442287283569881.1, 435938750263518.06, 472905867138487.5, 472384317434836.2, 504473676645491.7, 504988823764357.0, 505111615724741.8], [431409430718743.0, 455888158360664.9, 468333915344336.1, 477670046341925.44, 497976857755807.75, 478865226820841.3, 519560281841832.44, 428100091966310.8, 419989439698942.25, 424655650507252.2, 459792937238648.94, 458341161220071.5, 470092089806632.06, 465910522210809.4, 471282071915675.94, 471865790251496.56, 477149530538080.1, 467624142984667.75, 473456257065668.7], [506320309850827.75, 485651125646280.25, 466993738832704.5, 440254058027729.7, 423610305013389.8, 394944111334098.25, 428100091966310.8, 529934393095201.94, 500529075238402.5, 501738480378187.94, 481117605603953.7, 482914474393056.7, 471499126732253.6, 466205959164707.3, 434570566009850.75, 434301301670751.5, 382616694953498.0, 391419011883757.1, 388392040236077.7], [505459654827462.1, 484864875328606.8, 462586244340492.4, 434524509555121.94, 416107942927883.44, 387292643483544.0, 419989439698942.25, 500529075238402.5, 527968398385520.9, 500892810707418.56, 480339476464996.0, 485378547767428.0, 467386358065655.2, 460217696667403.4, 426482400369287.8, 431230006679181.6, 376521363922003.75, 380924030317032.7, 382038021350245.6], [506560237369417.94, 485746090961052.5, 468811078425367.6, 443579833535611.44, 425475014309236.9, 400844164237050.75, 424655650507252.2, 501738480378187.94, 500892810707418.56, 530494958767437.25, 484922607090576.7, 477696357128443.2, 475440512536110.3, 465726869427262.2, 438094624849461.06, 439738574513947.25, 389391338595806.6, 397704394050222.6, 395831437066691.5], [488711594313268.75, 507819565508121.06, 487511666248122.75, 471415901224138.94, 456714463332472.94, 428926609136112.7, 459792937238648.94, 481117605603953.7, 480339476464996.0, 484922607090576.7, 534385345179879.25, 507277157621866.1, 487083032082074.5, 480429748178973.94, 468394600574841.7, 468179523820985.7, 418237690535591.44, 422972667638866.44, 423004415606002.4], [488582652638595.3, 507768069512665.2, 487430050290819.56, 473419390098032.94, 455984196467010.8, 427052637858093.8, 458341161220071.5, 482914474393056.7, 485378547767428.0, 477696357128443.2, 507277157621866.1, 534496297202962.8, 476356029670727.7, 489105029254223.1, 472746222382179.44, 471449352392738.5, 417724419060698.94, 421293596756053.75, 418949474357320.1], [475775696283369.2, 487575223969798.06, 506841827474796.94, 487417978057251.8, 469269661202159.0, 442287283569881.1, 470092089806632.06, 471499126732253.6, 467386358065655.2, 475440512536110.3, 487083032082074.5, 476356029670727.7, 533849352672180.3, 506982697181756.4, 483442691432413.1, 484971472668582.4, 429387033587013.75, 438711496199320.44, 437057789742650.75], [469822591461109.44, 487870085531992.4, 507240289668970.7, 487955637769003.0, 465680696846499.25, 435938750263518.06, 465910522210809.4, 466205959164707.3, 460217696667403.4, 465726869427262.2, 480429748178973.94, 489105029254223.1, 506982697181756.4, 534337679776617.5, 487244407731227.3, 485494014518274.56, 422334193795605.0, 432853340065357.44, 428932792971035.94], [440925151520666.25, 468617741790156.5, 487558952372879.7, 506702502754693.4, 486039253044543.2, 472905867138487.5, 471282071915675.94, 434570566009850.75, 426482400369287.8, 438094624849461.06, 468394600574841.7, 472746222382179.44, 483442691432413.1, 487244407731227.3, 534080718639251.75, 507277953892014.25, 462591680386497.6, 479914597525460.75, 463682448427737.6], [442567674545919.06, 468583286143563.5, 487508197684737.3, 506746607675621.06, 486202133501330.6, 472384317434836.2, 471865790251496.56, 434301301670751.5, 431230006679181.6, 439738574513947.25, 468179523820985.7, 471449352392738.5, 484971472668582.4, 485494014518274.56, 507277953892014.25, 534392746046009.2, 459431759376764.3, 474062364991670.7, 470497025744243.06], [389893104774785.94, 415417675015247.25, 431451248994185.8, 459490275181768.75, 483322809804709.25, 504473676645491.7, 477149530538080.1, 382616694953498.0, 376521363922003.75, 389391338595806.6, 418237690535591.44, 417724419060698.94, 429387033587013.75, 422334193795605.0, 462591680386497.6, 459431759376764.3, 527451666374304.0, 499617076362400.56, 499335722928385.6], [396845838270606.94, 421349489059883.06, 440651129289059.2, 470783411262358.8, 483552291211149.25, 504988823764357.0, 467624142984667.75, 391419011883757.1, 380924030317032.7, 397704394050222.6, 422972667638866.44, 421293596756053.75, 438711496199320.44, 432853340065357.44, 479914597525460.75, 474062364991670.7, 499617076362400.56, 528958017885637.44, 500435330558608.4], [395518066037679.56, 419744092326621.8, 437471679616247.25, 464408808024034.75, 483582491746963.0, 505111615724741.8, 473456257065668.7, 388392040236077.7, 382038021350245.6, 395831437066691.5, 423004415606002.4, 418949474357320.1, 437057789742650.75, 428932792971035.94, 463682448427737.6, 470497025744243.06, 499335722928385.6, 500435330558608.4, 528985462854571.1], [-344951287710.18896, -264125007801.91452, 1099885962362.2964, 4180912593419.345, -1645833862261.0889, 4232338012097.2847, -11628182665680.451, -1351854363732.1482, -840826237306.1595, 1277694450712.2017, -991993461347.2157, -570593934317.7085, 558579843212.7983, 381223794279.818, 7832229875278.712, 7756443540491.926, 3012199293747.0347, 8568748435408.012, 5897461584423.354]]}}