{"resp_b": 0.1, "restrained_fit": true, "exclude_hydrogens": true, "convergence_tolerance": 1e-06, "max_iter": 500, "resp_a": 0.0005, "charge_constraints": {"charge_sum_constraints": [], "charge_equivalence_constraints": [], "molecules": [{"qcmol": {"schema_name": "qcschema_molecule", "schema_version": 2, "validated": true, "symbols": ["C", "C", "C", "C", "C", "C", "O", "H", "H", "H", "H", "H", "H", "H", "H", "H", "H", "H", "H", "H", "H"], "geometry": [[0.0, -0.0, 0.0], [2.89088080499577, 1.2378858684173003e-16, 1.0160621415614222e-15], [4.0873658567657785, 2.639318493425558, 2.1094237467877974e-15], [3.64750792077493, 4.2975173717426385, -2.3422921441517266], [4.822265195216322, 3.3193500872421304, -4.821212781159413], [3.0151390826916917, 1.8494359320073273, -6.504493112780916], [4.341818284633469, 1.1404497479058409, -8.691992696228471], [-0.730561105418327, -1.9136127678928438, 0.11870189501513062], [-0.7334385506413273, 1.0476152443750781, 1.6064972279741527], [-0.7750403745801521, 0.8493807903166939, -1.6979859464352718], [3.5865218559444636, -1.0915448049623981, -1.5938776258425962], [3.542290597279522, -0.9887943345456177, 1.6792030651154846], [3.399247124304943, 3.661169858619881, 1.6472739864092616], [6.1156423853846285, 2.434259656658388, 0.2657213107084114], [4.4565872520059, 6.1378578705609055, -1.928825366012941], [1.636554651901223, 4.634605669409435, -2.605399626448885], [6.455078298108894, 2.138772988594363, -4.427249946822006], [5.512371101865327, 4.8997327109410875, -5.931689812075081], [1.4045002706970753, 3.036318447703584, -6.988912504920407], [2.2867887820511927, 0.18966130203734893, -5.539033339370034], [3.2570763915402465, 0.2310776283520417, -9.78557181379606]], "name": "C6H14O", "identifiers": {"molecule_hash": "cdea43ce3ddc61fc5da03d020979c9fe08d4f39a", "molecular_formula": "C6H14O"}, "molecular_charge": 0.0, "molecular_multiplicity": 1, "connectivity": [[0, 1, 1.0], [0, 7, 1.0], [0, 8, 1.0], [0, 9, 1.0], [1, 2, 1.0], [1, 10, 1.0], [1, 11, 1.0], [2, 3, 1.0], [2, 12, 1.0], [2, 13, 1.0], [3, 4, 1.0], [3, 14, 1.0], [3, 15, 1.0], [4, 5, 1.0], [4, 16, 1.0], [4, 17, 1.0], [5, 6, 1.0], [5, 18, 1.0], [5, 19, 1.0], [6, 20, 1.0]], "fix_com": true, "fix_orientation": true, "provenance": {"creator": "QCElemental", "version": "v0.22.0", "routine": "qcelemental.molparse.from_schema"}, "id": "55719"}, "charge": 0, "optimize_geometry": false, "conformers": [], "conformer_generation_options": {"n_conformer_pool": 4000, "n_max_conformers": 0, "rms_tolerance": 0.05, "energy_window": 15, "keep_original_conformer": true}, "stage_1_unrestrained_charges": null, "stage_1_restrained_charges": null, "stage_2_unrestrained_charges": null, "stage_2_restrained_charges": null, "keep_original_orientation": false, "reorientations": [], "translations": [], "rotations": []}], "unconstrained_atoms": [{"index": 0, "molecule": {"qcmol": {"schema_name": "qcschema_molecule", "schema_version": 2, "validated": true, "symbols": ["C", "C", "C", "C", "C", "C", "O", "H", "H", "H", "H", "H", "H", "H", "H", "H", "H", "H", "H", "H", "H"], "geometry": [[0.0, -0.0, 0.0], [2.89088080499577, 1.2378858684173003e-16, 1.0160621415614222e-15], [4.0873658567657785, 2.639318493425558, 2.1094237467877974e-15], [3.64750792077493, 4.2975173717426385, -2.3422921441517266], [4.822265195216322, 3.3193500872421304, -4.821212781159413], [3.0151390826916917, 1.8494359320073273, -6.504493112780916], [4.341818284633469, 1.1404497479058409, -8.691992696228471], [-0.730561105418327, -1.9136127678928438, 0.11870189501513062], [-0.7334385506413273, 1.0476152443750781, 1.6064972279741527], [-0.7750403745801521, 0.8493807903166939, -1.6979859464352718], [3.5865218559444636, -1.0915448049623981, -1.5938776258425962], [3.542290597279522, -0.9887943345456177, 1.6792030651154846], [3.399247124304943, 3.661169858619881, 1.6472739864092616], [6.1156423853846285, 2.434259656658388, 0.2657213107084114], [4.4565872520059, 6.1378578705609055, -1.928825366012941], [1.636554651901223, 4.634605669409435, -2.605399626448885], [6.455078298108894, 2.138772988594363, -4.427249946822006], [5.512371101865327, 4.8997327109410875, -5.931689812075081], [1.4045002706970753, 3.036318447703584, -6.988912504920407], [2.2867887820511927, 0.18966130203734893, -5.539033339370034], [3.2570763915402465, 0.2310776283520417, -9.78557181379606]], "name": "C6H14O", "identifiers": {"molecule_hash": "cdea43ce3ddc61fc5da03d020979c9fe08d4f39a", "molecular_formula": "C6H14O"}, "molecular_charge": 0.0, "molecular_multiplicity": 1, "connectivity": [[0, 1, 1.0], [0, 7, 1.0], [0, 8, 1.0], [0, 9, 1.0], [1, 2, 1.0], [1, 10, 1.0], [1, 11, 1.0], [2, 3, 1.0], [2, 12, 1.0], [2, 13, 1.0], [3, 4, 1.0], [3, 14, 1.0], [3, 15, 1.0], [4, 5, 1.0], [4, 16, 1.0], [4, 17, 1.0], [5, 6, 1.0], [5, 18, 1.0], [5, 19, 1.0], [6, 20, 1.0]], "fix_com": true, "fix_orientation": true, "provenance": {"creator": "QCElemental", "version": "v0.22.0", "routine": "qcelemental.molparse.from_schema"}, "id": "55719"}, "charge": 0, "optimize_geometry": false, "conformers": [], "conformer_generation_options": {"n_conformer_pool": 4000, "n_max_conformers": 0, "rms_tolerance": 0.05, "energy_window": 15, "keep_original_conformer": true}, "stage_1_unrestrained_charges": null, "stage_1_restrained_charges": null, "stage_2_unrestrained_charges": null, "stage_2_restrained_charges": null, "keep_original_orientation": false, "reorientations": [], "translations": [], "rotations": []}}, {"index": 1, "molecule": {"qcmol": {"schema_name": "qcschema_molecule", "schema_version": 2, "validated": true, "symbols": ["C", "C", "C", "C", "C", "C", "O", "H", "H", "H", "H", "H", "H", "H", "H", "H", "H", "H", "H", "H", "H"], "geometry": [[0.0, -0.0, 0.0], [2.89088080499577, 1.2378858684173003e-16, 1.0160621415614222e-15], [4.0873658567657785, 2.639318493425558, 2.1094237467877974e-15], [3.64750792077493, 4.2975173717426385, -2.3422921441517266], [4.822265195216322, 3.3193500872421304, -4.821212781159413], [3.0151390826916917, 1.8494359320073273, -6.504493112780916], [4.341818284633469, 1.1404497479058409, -8.691992696228471], [-0.730561105418327, -1.9136127678928438, 0.11870189501513062], [-0.7334385506413273, 1.0476152443750781, 1.6064972279741527], [-0.7750403745801521, 0.8493807903166939, -1.6979859464352718], [3.5865218559444636, -1.0915448049623981, -1.5938776258425962], [3.542290597279522, -0.9887943345456177, 1.6792030651154846], [3.399247124304943, 3.661169858619881, 1.6472739864092616], [6.1156423853846285, 2.434259656658388, 0.2657213107084114], [4.4565872520059, 6.1378578705609055, -1.928825366012941], [1.636554651901223, 4.634605669409435, -2.605399626448885], [6.455078298108894, 2.138772988594363, -4.427249946822006], [5.512371101865327, 4.8997327109410875, -5.931689812075081], [1.4045002706970753, 3.036318447703584, -6.988912504920407], [2.2867887820511927, 0.18966130203734893, -5.539033339370034], [3.2570763915402465, 0.2310776283520417, -9.78557181379606]], "name": "C6H14O", "identifiers": {"molecule_hash": "cdea43ce3ddc61fc5da03d020979c9fe08d4f39a", "molecular_formula": "C6H14O"}, "molecular_charge": 0.0, "molecular_multiplicity": 1, "connectivity": [[0, 1, 1.0], [0, 7, 1.0], [0, 8, 1.0], [0, 9, 1.0], [1, 2, 1.0], [1, 10, 1.0], [1, 11, 1.0], [2, 3, 1.0], [2, 12, 1.0], [2, 13, 1.0], [3, 4, 1.0], [3, 14, 1.0], [3, 15, 1.0], [4, 5, 1.0], [4, 16, 1.0], [4, 17, 1.0], [5, 6, 1.0], [5, 18, 1.0], [5, 19, 1.0], [6, 20, 1.0]], "fix_com": true, "fix_orientation": true, "provenance": {"creator": "QCElemental", "version": "v0.22.0", "routine": "qcelemental.molparse.from_schema"}, "id": "55719"}, "charge": 0, "optimize_geometry": false, "conformers": [], "conformer_generation_options": {"n_conformer_pool": 4000, "n_max_conformers": 0, "rms_tolerance": 0.05, "energy_window": 15, "keep_original_conformer": true}, "stage_1_unrestrained_charges": null, "stage_1_restrained_charges": null, "stage_2_unrestrained_charges": null, "stage_2_restrained_charges": null, "keep_original_orientation": false, "reorientations": [], "translations": [], "rotations": []}}, {"index": 2, "molecule": {"qcmol": {"schema_name": "qcschema_molecule", "schema_version": 2, "validated": true, "symbols": ["C", "C", "C", "C", "C", "C", "O", "H", "H", "H", "H", "H", "H", "H", "H", "H", "H", "H", "H", "H", "H"], "geometry": [[0.0, -0.0, 0.0], [2.89088080499577, 1.2378858684173003e-16, 1.0160621415614222e-15], [4.0873658567657785, 2.639318493425558, 2.1094237467877974e-15], [3.64750792077493, 4.2975173717426385, -2.3422921441517266], [4.822265195216322, 3.3193500872421304, -4.821212781159413], [3.0151390826916917, 1.8494359320073273, -6.504493112780916], [4.341818284633469, 1.1404497479058409, -8.691992696228471], [-0.730561105418327, -1.9136127678928438, 0.11870189501513062], [-0.7334385506413273, 1.0476152443750781, 1.6064972279741527], [-0.7750403745801521, 0.8493807903166939, -1.6979859464352718], [3.5865218559444636, -1.0915448049623981, -1.5938776258425962], [3.542290597279522, -0.9887943345456177, 1.6792030651154846], [3.399247124304943, 3.661169858619881, 1.6472739864092616], [6.1156423853846285, 2.434259656658388, 0.2657213107084114], [4.4565872520059, 6.1378578705609055, -1.928825366012941], [1.636554651901223, 4.634605669409435, -2.605399626448885], [6.455078298108894, 2.138772988594363, -4.427249946822006], [5.512371101865327, 4.8997327109410875, -5.931689812075081], [1.4045002706970753, 3.036318447703584, -6.988912504920407], [2.2867887820511927, 0.18966130203734893, -5.539033339370034], [3.2570763915402465, 0.2310776283520417, -9.78557181379606]], "name": "C6H14O", "identifiers": {"molecule_hash": "cdea43ce3ddc61fc5da03d020979c9fe08d4f39a", "molecular_formula": "C6H14O"}, "molecular_charge": 0.0, "molecular_multiplicity": 1, "connectivity": [[0, 1, 1.0], [0, 7, 1.0], [0, 8, 1.0], [0, 9, 1.0], [1, 2, 1.0], [1, 10, 1.0], [1, 11, 1.0], [2, 3, 1.0], [2, 12, 1.0], [2, 13, 1.0], [3, 4, 1.0], [3, 14, 1.0], [3, 15, 1.0], [4, 5, 1.0], [4, 16, 1.0], [4, 17, 1.0], [5, 6, 1.0], [5, 18, 1.0], [5, 19, 1.0], [6, 20, 1.0]], "fix_com": true, "fix_orientation": true, "provenance": {"creator": "QCElemental", "version": "v0.22.0", "routine": "qcelemental.molparse.from_schema"}, "id": "55719"}, "charge": 0, "optimize_geometry": false, "conformers": [], "conformer_generation_options": {"n_conformer_pool": 4000, "n_max_conformers": 0, "rms_tolerance": 0.05, "energy_window": 15, "keep_original_conformer": true}, "stage_1_unrestrained_charges": null, "stage_1_restrained_charges": null, "stage_2_unrestrained_charges": null, "stage_2_restrained_charges": null, "keep_original_orientation": false, "reorientations": [], "translations": [], "rotations": []}}, {"index": 3, "molecule": {"qcmol": {"schema_name": "qcschema_molecule", "schema_version": 2, "validated": true, "symbols": ["C", "C", "C", "C", "C", "C", "O", "H", "H", "H", "H", "H", "H", "H", "H", "H", "H", "H", "H", "H", "H"], "geometry": [[0.0, -0.0, 0.0], [2.89088080499577, 1.2378858684173003e-16, 1.0160621415614222e-15], [4.0873658567657785, 2.639318493425558, 2.1094237467877974e-15], [3.64750792077493, 4.2975173717426385, -2.3422921441517266], [4.822265195216322, 3.3193500872421304, -4.821212781159413], [3.0151390826916917, 1.8494359320073273, -6.504493112780916], [4.341818284633469, 1.1404497479058409, -8.691992696228471], [-0.730561105418327, -1.9136127678928438, 0.11870189501513062], [-0.7334385506413273, 1.0476152443750781, 1.6064972279741527], [-0.7750403745801521, 0.8493807903166939, -1.6979859464352718], [3.5865218559444636, -1.0915448049623981, -1.5938776258425962], [3.542290597279522, -0.9887943345456177, 1.6792030651154846], [3.399247124304943, 3.661169858619881, 1.6472739864092616], [6.1156423853846285, 2.434259656658388, 0.2657213107084114], [4.4565872520059, 6.1378578705609055, -1.928825366012941], [1.636554651901223, 4.634605669409435, -2.605399626448885], [6.455078298108894, 2.138772988594363, -4.427249946822006], [5.512371101865327, 4.8997327109410875, -5.931689812075081], [1.4045002706970753, 3.036318447703584, -6.988912504920407], [2.2867887820511927, 0.18966130203734893, -5.539033339370034], [3.2570763915402465, 0.2310776283520417, -9.78557181379606]], "name": "C6H14O", "identifiers": {"molecule_hash": "cdea43ce3ddc61fc5da03d020979c9fe08d4f39a", "molecular_formula": "C6H14O"}, "molecular_charge": 0.0, "molecular_multiplicity": 1, "connectivity": [[0, 1, 1.0], [0, 7, 1.0], [0, 8, 1.0], [0, 9, 1.0], [1, 2, 1.0], [1, 10, 1.0], [1, 11, 1.0], [2, 3, 1.0], [2, 12, 1.0], [2, 13, 1.0], [3, 4, 1.0], [3, 14, 1.0], [3, 15, 1.0], [4, 5, 1.0], [4, 16, 1.0], [4, 17, 1.0], [5, 6, 1.0], [5, 18, 1.0], [5, 19, 1.0], [6, 20, 1.0]], "fix_com": true, "fix_orientation": true, "provenance": {"creator": "QCElemental", "version": "v0.22.0", "routine": "qcelemental.molparse.from_schema"}, "id": "55719"}, "charge": 0, "optimize_geometry": false, "conformers": [], "conformer_generation_options": {"n_conformer_pool": 4000, "n_max_conformers": 0, "rms_tolerance": 0.05, "energy_window": 15, "keep_original_conformer": true}, "stage_1_unrestrained_charges": null, "stage_1_restrained_charges": null, "stage_2_unrestrained_charges": null, "stage_2_restrained_charges": null, "keep_original_orientation": false, "reorientations": [], "translations": [], "rotations": []}}, {"index": 4, "molecule": {"qcmol": {"schema_name": "qcschema_molecule", "schema_version": 2, "validated": true, "symbols": ["C", "C", "C", "C", "C", "C", "O", "H", "H", "H", "H", "H", "H", "H", "H", "H", "H", "H", "H", "H", "H"], "geometry": [[0.0, -0.0, 0.0], [2.89088080499577, 1.2378858684173003e-16, 1.0160621415614222e-15], [4.0873658567657785, 2.639318493425558, 2.1094237467877974e-15], [3.64750792077493, 4.2975173717426385, -2.3422921441517266], [4.822265195216322, 3.3193500872421304, -4.821212781159413], [3.0151390826916917, 1.8494359320073273, -6.504493112780916], [4.341818284633469, 1.1404497479058409, -8.691992696228471], [-0.730561105418327, -1.9136127678928438, 0.11870189501513062], [-0.7334385506413273, 1.0476152443750781, 1.6064972279741527], [-0.7750403745801521, 0.8493807903166939, -1.6979859464352718], [3.5865218559444636, -1.0915448049623981, -1.5938776258425962], [3.542290597279522, -0.9887943345456177, 1.6792030651154846], [3.399247124304943, 3.661169858619881, 1.6472739864092616], [6.1156423853846285, 2.434259656658388, 0.2657213107084114], [4.4565872520059, 6.1378578705609055, -1.928825366012941], [1.636554651901223, 4.634605669409435, -2.605399626448885], [6.455078298108894, 2.138772988594363, -4.427249946822006], [5.512371101865327, 4.8997327109410875, -5.931689812075081], [1.4045002706970753, 3.036318447703584, -6.988912504920407], [2.2867887820511927, 0.18966130203734893, -5.539033339370034], [3.2570763915402465, 0.2310776283520417, -9.78557181379606]], "name": "C6H14O", "identifiers": {"molecule_hash": "cdea43ce3ddc61fc5da03d020979c9fe08d4f39a", "molecular_formula": "C6H14O"}, "molecular_charge": 0.0, "molecular_multiplicity": 1, "connectivity": [[0, 1, 1.0], [0, 7, 1.0], [0, 8, 1.0], [0, 9, 1.0], [1, 2, 1.0], [1, 10, 1.0], [1, 11, 1.0], [2, 3, 1.0], [2, 12, 1.0], [2, 13, 1.0], [3, 4, 1.0], [3, 14, 1.0], [3, 15, 1.0], [4, 5, 1.0], [4, 16, 1.0], [4, 17, 1.0], [5, 6, 1.0], [5, 18, 1.0], [5, 19, 1.0], [6, 20, 1.0]], "fix_com": true, "fix_orientation": true, "provenance": {"creator": "QCElemental", "version": "v0.22.0", "routine": "qcelemental.molparse.from_schema"}, "id": "55719"}, "charge": 0, "optimize_geometry": false, "conformers": [], "conformer_generation_options": {"n_conformer_pool": 4000, "n_max_conformers": 0, "rms_tolerance": 0.05, "energy_window": 15, "keep_original_conformer": true}, "stage_1_unrestrained_charges": null, "stage_1_restrained_charges": null, "stage_2_unrestrained_charges": null, "stage_2_restrained_charges": null, "keep_original_orientation": false, "reorientations": [], "translations": [], "rotations": []}}, {"index": 5, "molecule": {"qcmol": {"schema_name": "qcschema_molecule", "schema_version": 2, "validated": true, "symbols": ["C", "C", "C", "C", "C", "C", "O", "H", "H", "H", "H", "H", "H", "H", "H", "H", "H", "H", "H", "H", "H"], "geometry": [[0.0, -0.0, 0.0], [2.89088080499577, 1.2378858684173003e-16, 1.0160621415614222e-15], [4.0873658567657785, 2.639318493425558, 2.1094237467877974e-15], [3.64750792077493, 4.2975173717426385, -2.3422921441517266], [4.822265195216322, 3.3193500872421304, -4.821212781159413], [3.0151390826916917, 1.8494359320073273, -6.504493112780916], [4.341818284633469, 1.1404497479058409, -8.691992696228471], [-0.730561105418327, -1.9136127678928438, 0.11870189501513062], [-0.7334385506413273, 1.0476152443750781, 1.6064972279741527], [-0.7750403745801521, 0.8493807903166939, -1.6979859464352718], [3.5865218559444636, -1.0915448049623981, -1.5938776258425962], [3.542290597279522, -0.9887943345456177, 1.6792030651154846], [3.399247124304943, 3.661169858619881, 1.6472739864092616], [6.1156423853846285, 2.434259656658388, 0.2657213107084114], [4.4565872520059, 6.1378578705609055, -1.928825366012941], [1.636554651901223, 4.634605669409435, -2.605399626448885], [6.455078298108894, 2.138772988594363, -4.427249946822006], [5.512371101865327, 4.8997327109410875, -5.931689812075081], [1.4045002706970753, 3.036318447703584, -6.988912504920407], [2.2867887820511927, 0.18966130203734893, -5.539033339370034], [3.2570763915402465, 0.2310776283520417, -9.78557181379606]], "name": "C6H14O", "identifiers": {"molecule_hash": "cdea43ce3ddc61fc5da03d020979c9fe08d4f39a", "molecular_formula": "C6H14O"}, "molecular_charge": 0.0, "molecular_multiplicity": 1, "connectivity": [[0, 1, 1.0], [0, 7, 1.0], [0, 8, 1.0], [0, 9, 1.0], [1, 2, 1.0], [1, 10, 1.0], [1, 11, 1.0], [2, 3, 1.0], [2, 12, 1.0], [2, 13, 1.0], [3, 4, 1.0], [3, 14, 1.0], [3, 15, 1.0], [4, 5, 1.0], [4, 16, 1.0], [4, 17, 1.0], [5, 6, 1.0], [5, 18, 1.0], [5, 19, 1.0], [6, 20, 1.0]], "fix_com": true, "fix_orientation": true, "provenance": {"creator": "QCElemental", "version": "v0.22.0", "routine": "qcelemental.molparse.from_schema"}, "id": "55719"}, "charge": 0, "optimize_geometry": false, "conformers": [], "conformer_generation_options": {"n_conformer_pool": 4000, "n_max_conformers": 0, "rms_tolerance": 0.05, "energy_window": 15, "keep_original_conformer": true}, "stage_1_unrestrained_charges": null, "stage_1_restrained_charges": null, "stage_2_unrestrained_charges": null, "stage_2_restrained_charges": null, "keep_original_orientation": false, "reorientations": [], "translations": [], "rotations": []}}]}, "surface_constraints": {"matrix": [[208486576854440.97, 201924976286304.34, 193752645337324.4, 184594237265716.03, 177499782331901.9, 170215344438924.72, 163993934553689.66, 209339454932877.03, 208813055652027.5, 209746993061556.0, 201168844810303.4, 201162593010590.03, 194869976143021.8, 191636612609570.38, 182407195348385.12, 183541309931062.1, 177352331552148.62, 176210519188457.3, 169906863908867.56, 168282805824652.75, 166081321613670.06], [201924976286304.34, 207140169972799.84, 201449196621430.53, 193406580163853.84, 185151018192250.72, 176313557991395.4, 169716440771495.34, 199835385152594.9, 199372118093715.4, 200048877554003.25, 209923651911307.56, 209774566780239.22, 201174298550080.4, 201337660601804.75, 193064740160786.72, 192041028928834.94, 185063549605866.72, 184033575486450.38, 174650091019519.12, 174876991788344.22, 170067618656336.6], [193752645337324.4, 201449196621430.53, 206872476187570.3, 201269210551625.03, 193011604774738.62, 183943247973027.7, 177546142138805.4, 190489111534975.5, 190378480837413.66, 192579451725584.9, 201074007815198.12, 200864917311270.84, 210038528164547.25, 209835349275480.06, 201381739364564.06, 201010123071777.7, 193011757417021.16, 191734171577184.0, 181634374023776.9, 182669131095465.5, 177312906129461.38], [184594237265716.03, 193406580163853.84, 201269210551625.03, 206457508627385.03, 200622903059388.78, 192702120291529.88, 185838556786949.5, 182309808482172.03, 179589738376447.12, 183632268104197.03, 192944876718590.97, 192509174709424.78, 201268487357064.66, 201025892686592.97, 209834342840256.2, 209321317837082.84, 199973331124256.9, 200526492604267.38, 191739083891897.62, 191036382832770.9, 184282864932703.78], [177499782331901.9, 185151018192250.72, 193011604774738.62, 200622903059388.78, 205755688123332.62, 200180697294539.25, 194400670487115.3, 176044277713808.62, 172048359439796.53, 177203335015088.6, 183302341777497.1, 184972665009051.16, 191997470523177.6, 192236408411051.53, 200794203657196.28, 200215496991330.56, 208421000689273.53, 208962662542079.8, 199217628619558.2, 198923161189922.5, 192067556821547.62], [170215344438924.72, 176313557991395.4, 183943247973027.7, 192702120291529.88, 200180697294539.25, 205816358410824.47, 202661131530856.9, 169178298699843.16, 164021143673268.75, 171522159612236.66, 174151335993154.38, 175567239478651.16, 181795503469714.72, 183547520873829.28, 191631466343570.94, 193023740432323.66, 199567440428326.1, 200210836828040.94, 207953537948364.47, 207669432442313.78, 200442406887755.66], [163993934553689.66, 169716440771495.34, 177546142138805.4, 185838556786949.5, 194400670487115.3, 202661131530856.9, 211165906760266.88, 162801337164398.5, 158223119341252.2, 165506022068704.6, 167972940331977.7, 168243430906779.44, 176198768323674.5, 177006627614852.06, 183381379869290.88, 186559086253905.53, 194305229466541.4, 193020112819728.25, 201064739491669.56, 201341344801138.97, 210636796237756.25], [209339454932877.03, 199835385152594.9, 190489111534975.5, 182309808482172.03, 176044277713808.62, 169178298699843.16, 162801337164398.5, 219028154990121.0, 206292985003869.0, 207672453660579.78, 198371027046702.12, 198611347405130.1, 190975053684810.06, 187403621126228.2, 180827157950910.22, 180651521061299.47, 175140186388994.2, 175781963944844.16, 169269268504327.9, 167271161724482.3, 165273703605224.62], [208813055652027.5, 199372118093715.4, 190378480837413.66, 179589738376447.12, 172048359439796.53, 164021143673268.75, 158223119341252.2, 206292985003869.0, 218074613973571.3, 206982282689089.28, 197127733571947.25, 198555347570590.94, 193323091438332.84, 187329552532966.7, 176425244898504.06, 178824694152643.78, 172736564477346.06, 170371752647822.25, 163650097229919.62, 161349327452828.47, 160624969072356.75], [209746993061556.0, 200048877554003.25, 192579451725584.9, 183632268104197.03, 177203335015088.6, 171522159612236.66, 165506022068704.6, 207672453660579.78, 206982282689089.28, 219754950142296.56, 198649596521387.44, 197056351623580.56, 193436614605628.16, 191054340819514.72, 180461789455869.6, 183209041079797.5, 176981370615003.97, 175151462627725.4, 171970715184976.47, 169765322820891.22, 168265527112782.78], [201168844810303.4, 209923651911307.56, 201074007815198.12, 192944876718590.97, 183302341777497.1, 174151335993154.38, 167972940331977.7, 198371027046702.12, 197127733571947.25, 198649596521387.44, 221308337964548.62, 209383195047471.44, 199077284278332.94, 200186386471657.28, 193340782154135.97, 191891831475344.72, 183168180910183.7, 181492270509352.8, 172036343256909.78, 172581500957087.12, 168265499565373.12], [201162593010590.03, 209774566780239.22, 200864917311270.84, 192509174709424.78, 184972665009051.16, 175567239478651.16, 168243430906779.44, 198611347405130.1, 198555347570590.94, 197056351623580.56, 209383195047471.44, 220982647611995.8, 198305105902773.5, 200748350569956.25, 192657513314068.06, 189858501953310.53, 184970477022979.38, 184831573557689.2, 173719541695050.25, 174590008093183.5, 167750644920962.72], [194869976143021.8, 201174298550080.4, 210038528164547.25, 201268487357064.66, 191997470523177.6, 181795503469714.72, 176198768323674.5, 190975053684810.06, 193323091438332.84, 193436614605628.16, 199077284278332.94, 198305105902773.5, 221779223438663.78, 209838442937782.88, 199620874634026.9, 201054061108112.03, 192966596682800.38, 189977218104847.8, 178331201795417.28, 180289161838188.6, 176226053721717.75], [191636612609570.38, 201337660601804.75, 209835349275480.06, 201025892686592.97, 192236408411051.53, 183547520873829.28, 177006627614852.06, 187403621126228.2, 187329552532966.7, 191054340819514.72, 200186386471657.28, 200748350569956.25, 209838442937782.88, 221134448194140.34, 200583566251136.9, 199177804881739.94, 191727913497017.5, 190747181386136.97, 180883044679227.78, 183071970103817.28, 177017694931673.03], [182407195348385.12, 193064740160786.72, 201381739364564.06, 209834342840256.2, 200794203657196.28, 191631466343570.94, 183381379869290.88, 180827157950910.22, 176425244898504.06, 180461789455869.6, 193340782154135.97, 192657513314068.06, 199620874634026.9, 200583566251136.9, 221560555503428.6, 209642759799649.34, 197719339290109.44, 201497972707311.25, 190861543596536.03, 190138728674496.88, 181147834369529.8], [183541309931062.1, 192041028928834.94, 201010123071777.7, 209321317837082.84, 200215496991330.56, 193023740432323.66, 186559086253905.53, 180651521061299.47, 178824694152643.78, 183209041079797.5, 191891831475344.72, 189858501953310.53, 201054061108112.03, 199177804881739.94, 209642759799649.34, 220559168295426.34, 198723789133107.75, 197723143343105.7, 192975858766920.62, 190624360959566.75, 185236749913152.6], [177352331552148.62, 185063549605866.72, 193011757417021.16, 199973331124256.9, 208421000689273.53, 199567440428326.1, 194305229466541.4, 175140186388994.2, 172736564477346.06, 176981370615003.97, 183168180910183.7, 184970477022979.38, 192966596682800.38, 191727913497017.5, 197719339290109.44, 198723789133107.75, 219510869275041.38, 208593210206029.28, 197792144964672.8, 196053121306662.03, 192236062607250.75], [176210519188457.3, 184033575486450.38, 191734171577184.0, 200526492604267.38, 208962662542079.8, 200210836828040.94, 193020112819728.25, 175781963944844.16, 170371752647822.25, 175151462627725.4, 181492270509352.8, 184831573557689.2, 189977218104847.8, 190747181386136.97, 201497972707311.25, 197723143343105.7, 208593210206029.28, 220418565709982.4, 197673821553603.72, 199183251917729.72, 189773009132853.44], [169906863908867.56, 174650091019519.12, 181634374023776.9, 191739083891897.62, 199217628619558.2, 207953537948364.47, 201064739491669.56, 169269268504327.9, 163650097229919.62, 171970715184976.47, 172036343256909.78, 173719541695050.25, 178331201795417.28, 180883044679227.78, 190861543596536.03, 192975858766920.62, 197792144964672.8, 197673821553603.72, 218740133160893.56, 206595808168565.0, 199900300226525.44], [168282805824652.75, 174876991788344.22, 182669131095465.5, 191036382832770.9, 198923161189922.5, 207669432442313.78, 201341344801138.97, 167271161724482.3, 161349327452828.47, 169765322820891.22, 172581500957087.12, 174590008093183.5, 180289161838188.6, 183071970103817.28, 190138728674496.88, 190624360959566.75, 196053121306662.03, 199183251917729.72, 206595808168565.0, 217997764077574.03, 196607992239787.5], [166081321613670.06, 170067618656336.6, 177312906129461.38, 184282864932703.78, 192067556821547.62, 200442406887755.66, 210636796237756.25, 165273703605224.62, 160624969072356.75, 168265527112782.78, 168265499565373.12, 167750644920962.72, 176226053721717.75, 177017694931673.03, 181147834369529.8, 185236749913152.6, 192236062607250.75, 189773009132853.44, 199900300226525.44, 196607992239787.5, 217646445513744.7], [2581052844970.584, 2340809950563.9067, 2118513122981.704, 1707906707946.8667, 1007513053047.8202, 129049058614.26106, -2076638276897.324, 2692295274676.1963, 2596109523976.414, 2650593068668.5264, 2325265230641.4727, 2273475187224.42, 2098463509517.033, 2218836777355.018, 1871148542158.5027, 1701533757466.6616, 1042927404269.4437, 1052786733038.8634, 1121731865567.9402, 73371166044.67574, 181828624695.4151]]}}