{"resp_b": 0.1, "restrained_fit": true, "exclude_hydrogens": true, "convergence_tolerance": 1e-06, "max_iter": 500, "resp_a": 0.0005, "charge_constraints": {"charge_sum_constraints": [], "charge_equivalence_constraints": [], "molecules": [{"qcmol": {"schema_name": "qcschema_molecule", "schema_version": 2, "validated": true, "symbols": ["C", "C", "C", "C", "C", "C", "O", "H", "H", "H", "H", "H", "H", "H", "H", "H", "H", "H", "H", "H", "H"], "geometry": [[0.0, -0.0, 0.0], [2.89088080499577, 1.2378858684173003e-16, 1.0160621415614222e-15], [4.0873658567657785, 2.639318493425558, 2.1094237467877974e-15], [3.64750792077493, 4.2975173717426385, -2.3422921441517266], [4.822265195216322, 3.3193500872421304, -4.821212781159413], [3.0151390826916917, 1.8494359320073273, -6.504493112780916], [4.341818284633469, 1.1404497479058409, -8.691992696228471], [-0.730561105418327, -1.9136127678928438, 0.11870189501513062], [-0.7334385506413273, 1.0476152443750781, 1.6064972279741527], [-0.7750403745801521, 0.8493807903166939, -1.6979859464352718], [3.5865218559444636, -1.0915448049623981, -1.5938776258425962], [3.542290597279522, -0.9887943345456177, 1.6792030651154846], [3.399247124304943, 3.661169858619881, 1.6472739864092616], [6.1156423853846285, 2.434259656658388, 0.2657213107084114], [4.4565872520059, 6.1378578705609055, -1.928825366012941], [1.636554651901223, 4.634605669409435, -2.605399626448885], [6.455078298108894, 2.138772988594363, -4.427249946822006], [5.512371101865327, 4.8997327109410875, -5.931689812075081], [1.4045002706970753, 3.036318447703584, -6.988912504920407], [2.2867887820511927, 0.18966130203734893, -5.539033339370034], [3.2570763915402465, 0.2310776283520417, -9.78557181379606]], "name": "C6H14O", "identifiers": {"molecule_hash": "cdea43ce3ddc61fc5da03d020979c9fe08d4f39a", "molecular_formula": "C6H14O"}, "molecular_charge": 0.0, "molecular_multiplicity": 1, "connectivity": [[0, 1, 1.0], [0, 7, 1.0], [0, 8, 1.0], [0, 9, 1.0], [1, 2, 1.0], [1, 10, 1.0], [1, 11, 1.0], [2, 3, 1.0], [2, 12, 1.0], [2, 13, 1.0], [3, 4, 1.0], [3, 14, 1.0], [3, 15, 1.0], [4, 5, 1.0], [4, 16, 1.0], [4, 17, 1.0], [5, 6, 1.0], [5, 18, 1.0], [5, 19, 1.0], [6, 20, 1.0]], "fix_com": true, "fix_orientation": true, "provenance": {"creator": "QCElemental", "version": "v0.22.0", "routine": "qcelemental.molparse.from_schema"}, "id": "55719"}, "charge": 0, "optimize_geometry": false, "conformers": [], "conformer_generation_options": {"n_conformer_pool": 4000, "n_max_conformers": 0, "rms_tolerance": 0.05, "energy_window": 15, "keep_original_conformer": true}, "stage_1_unrestrained_charges": null, "stage_1_restrained_charges": null, "stage_2_unrestrained_charges": null, "stage_2_restrained_charges": null, "keep_original_orientation": false, "reorientations": [], "translations": [], "rotations": []}], "unconstrained_atoms": [{"index": 0, "molecule": {"qcmol": {"schema_name": "qcschema_molecule", "schema_version": 2, "validated": true, "symbols": ["C", "C", "C", "C", "C", "C", "O", "H", "H", "H", "H", "H", "H", "H", "H", "H", "H", "H", "H", "H", "H"], "geometry": [[0.0, -0.0, 0.0], [2.89088080499577, 1.2378858684173003e-16, 1.0160621415614222e-15], [4.0873658567657785, 2.639318493425558, 2.1094237467877974e-15], [3.64750792077493, 4.2975173717426385, -2.3422921441517266], [4.822265195216322, 3.3193500872421304, -4.821212781159413], [3.0151390826916917, 1.8494359320073273, -6.504493112780916], [4.341818284633469, 1.1404497479058409, -8.691992696228471], [-0.730561105418327, -1.9136127678928438, 0.11870189501513062], [-0.7334385506413273, 1.0476152443750781, 1.6064972279741527], [-0.7750403745801521, 0.8493807903166939, -1.6979859464352718], [3.5865218559444636, -1.0915448049623981, -1.5938776258425962], [3.542290597279522, -0.9887943345456177, 1.6792030651154846], [3.399247124304943, 3.661169858619881, 1.6472739864092616], [6.1156423853846285, 2.434259656658388, 0.2657213107084114], [4.4565872520059, 6.1378578705609055, -1.928825366012941], [1.636554651901223, 4.634605669409435, -2.605399626448885], [6.455078298108894, 2.138772988594363, -4.427249946822006], [5.512371101865327, 4.8997327109410875, -5.931689812075081], [1.4045002706970753, 3.036318447703584, -6.988912504920407], [2.2867887820511927, 0.18966130203734893, -5.539033339370034], [3.2570763915402465, 0.2310776283520417, -9.78557181379606]], "name": "C6H14O", "identifiers": {"molecule_hash": "cdea43ce3ddc61fc5da03d020979c9fe08d4f39a", "molecular_formula": "C6H14O"}, "molecular_charge": 0.0, "molecular_multiplicity": 1, "connectivity": [[0, 1, 1.0], [0, 7, 1.0], [0, 8, 1.0], [0, 9, 1.0], [1, 2, 1.0], [1, 10, 1.0], [1, 11, 1.0], [2, 3, 1.0], [2, 12, 1.0], [2, 13, 1.0], [3, 4, 1.0], [3, 14, 1.0], [3, 15, 1.0], [4, 5, 1.0], [4, 16, 1.0], [4, 17, 1.0], [5, 6, 1.0], [5, 18, 1.0], [5, 19, 1.0], [6, 20, 1.0]], "fix_com": true, "fix_orientation": true, "provenance": {"creator": "QCElemental", "version": "v0.22.0", "routine": "qcelemental.molparse.from_schema"}, "id": "55719"}, "charge": 0, "optimize_geometry": false, "conformers": [], "conformer_generation_options": {"n_conformer_pool": 4000, "n_max_conformers": 0, "rms_tolerance": 0.05, "energy_window": 15, "keep_original_conformer": true}, "stage_1_unrestrained_charges": null, "stage_1_restrained_charges": null, "stage_2_unrestrained_charges": null, "stage_2_restrained_charges": null, "keep_original_orientation": false, "reorientations": [], "translations": [], "rotations": []}}, {"index": 1, "molecule": {"qcmol": {"schema_name": "qcschema_molecule", "schema_version": 2, "validated": true, "symbols": ["C", "C", "C", "C", "C", "C", "O", "H", "H", "H", "H", "H", "H", "H", "H", "H", "H", "H", "H", "H", "H"], "geometry": [[0.0, -0.0, 0.0], [2.89088080499577, 1.2378858684173003e-16, 1.0160621415614222e-15], [4.0873658567657785, 2.639318493425558, 2.1094237467877974e-15], [3.64750792077493, 4.2975173717426385, -2.3422921441517266], [4.822265195216322, 3.3193500872421304, -4.821212781159413], [3.0151390826916917, 1.8494359320073273, -6.504493112780916], [4.341818284633469, 1.1404497479058409, -8.691992696228471], [-0.730561105418327, -1.9136127678928438, 0.11870189501513062], [-0.7334385506413273, 1.0476152443750781, 1.6064972279741527], [-0.7750403745801521, 0.8493807903166939, -1.6979859464352718], [3.5865218559444636, -1.0915448049623981, -1.5938776258425962], [3.542290597279522, -0.9887943345456177, 1.6792030651154846], [3.399247124304943, 3.661169858619881, 1.6472739864092616], [6.1156423853846285, 2.434259656658388, 0.2657213107084114], [4.4565872520059, 6.1378578705609055, -1.928825366012941], [1.636554651901223, 4.634605669409435, -2.605399626448885], [6.455078298108894, 2.138772988594363, -4.427249946822006], [5.512371101865327, 4.8997327109410875, -5.931689812075081], [1.4045002706970753, 3.036318447703584, -6.988912504920407], [2.2867887820511927, 0.18966130203734893, -5.539033339370034], [3.2570763915402465, 0.2310776283520417, -9.78557181379606]], "name": "C6H14O", "identifiers": {"molecule_hash": "cdea43ce3ddc61fc5da03d020979c9fe08d4f39a", "molecular_formula": "C6H14O"}, "molecular_charge": 0.0, "molecular_multiplicity": 1, "connectivity": [[0, 1, 1.0], [0, 7, 1.0], [0, 8, 1.0], [0, 9, 1.0], [1, 2, 1.0], [1, 10, 1.0], [1, 11, 1.0], [2, 3, 1.0], [2, 12, 1.0], [2, 13, 1.0], [3, 4, 1.0], [3, 14, 1.0], [3, 15, 1.0], [4, 5, 1.0], [4, 16, 1.0], [4, 17, 1.0], [5, 6, 1.0], [5, 18, 1.0], [5, 19, 1.0], [6, 20, 1.0]], "fix_com": true, "fix_orientation": true, "provenance": {"creator": "QCElemental", "version": "v0.22.0", "routine": "qcelemental.molparse.from_schema"}, "id": "55719"}, "charge": 0, "optimize_geometry": false, "conformers": [], "conformer_generation_options": {"n_conformer_pool": 4000, "n_max_conformers": 0, "rms_tolerance": 0.05, "energy_window": 15, "keep_original_conformer": true}, "stage_1_unrestrained_charges": null, "stage_1_restrained_charges": null, "stage_2_unrestrained_charges": null, "stage_2_restrained_charges": null, "keep_original_orientation": false, "reorientations": [], "translations": [], "rotations": []}}, {"index": 2, "molecule": {"qcmol": {"schema_name": "qcschema_molecule", "schema_version": 2, "validated": true, "symbols": ["C", "C", "C", "C", "C", "C", "O", "H", "H", "H", "H", "H", "H", "H", "H", "H", "H", "H", "H", "H", "H"], "geometry": [[0.0, -0.0, 0.0], [2.89088080499577, 1.2378858684173003e-16, 1.0160621415614222e-15], [4.0873658567657785, 2.639318493425558, 2.1094237467877974e-15], [3.64750792077493, 4.2975173717426385, -2.3422921441517266], [4.822265195216322, 3.3193500872421304, -4.821212781159413], [3.0151390826916917, 1.8494359320073273, -6.504493112780916], [4.341818284633469, 1.1404497479058409, -8.691992696228471], [-0.730561105418327, -1.9136127678928438, 0.11870189501513062], [-0.7334385506413273, 1.0476152443750781, 1.6064972279741527], [-0.7750403745801521, 0.8493807903166939, -1.6979859464352718], [3.5865218559444636, -1.0915448049623981, -1.5938776258425962], [3.542290597279522, -0.9887943345456177, 1.6792030651154846], [3.399247124304943, 3.661169858619881, 1.6472739864092616], [6.1156423853846285, 2.434259656658388, 0.2657213107084114], [4.4565872520059, 6.1378578705609055, -1.928825366012941], [1.636554651901223, 4.634605669409435, -2.605399626448885], [6.455078298108894, 2.138772988594363, -4.427249946822006], [5.512371101865327, 4.8997327109410875, -5.931689812075081], [1.4045002706970753, 3.036318447703584, -6.988912504920407], [2.2867887820511927, 0.18966130203734893, -5.539033339370034], [3.2570763915402465, 0.2310776283520417, -9.78557181379606]], "name": "C6H14O", "identifiers": {"molecule_hash": "cdea43ce3ddc61fc5da03d020979c9fe08d4f39a", "molecular_formula": "C6H14O"}, "molecular_charge": 0.0, "molecular_multiplicity": 1, "connectivity": [[0, 1, 1.0], [0, 7, 1.0], [0, 8, 1.0], [0, 9, 1.0], [1, 2, 1.0], [1, 10, 1.0], [1, 11, 1.0], [2, 3, 1.0], [2, 12, 1.0], [2, 13, 1.0], [3, 4, 1.0], [3, 14, 1.0], [3, 15, 1.0], [4, 5, 1.0], [4, 16, 1.0], [4, 17, 1.0], [5, 6, 1.0], [5, 18, 1.0], [5, 19, 1.0], [6, 20, 1.0]], "fix_com": true, "fix_orientation": true, "provenance": {"creator": "QCElemental", "version": "v0.22.0", "routine": "qcelemental.molparse.from_schema"}, "id": "55719"}, "charge": 0, "optimize_geometry": false, "conformers": [], "conformer_generation_options": {"n_conformer_pool": 4000, "n_max_conformers": 0, "rms_tolerance": 0.05, "energy_window": 15, "keep_original_conformer": true}, "stage_1_unrestrained_charges": null, "stage_1_restrained_charges": null, "stage_2_unrestrained_charges": null, "stage_2_restrained_charges": null, "keep_original_orientation": false, "reorientations": [], "translations": [], "rotations": []}}, {"index": 3, "molecule": {"qcmol": {"schema_name": "qcschema_molecule", "schema_version": 2, "validated": true, "symbols": ["C", "C", "C", "C", "C", "C", "O", "H", "H", "H", "H", "H", "H", "H", "H", "H", "H", "H", "H", "H", "H"], "geometry": [[0.0, -0.0, 0.0], [2.89088080499577, 1.2378858684173003e-16, 1.0160621415614222e-15], [4.0873658567657785, 2.639318493425558, 2.1094237467877974e-15], [3.64750792077493, 4.2975173717426385, -2.3422921441517266], [4.822265195216322, 3.3193500872421304, -4.821212781159413], [3.0151390826916917, 1.8494359320073273, -6.504493112780916], [4.341818284633469, 1.1404497479058409, -8.691992696228471], [-0.730561105418327, -1.9136127678928438, 0.11870189501513062], [-0.7334385506413273, 1.0476152443750781, 1.6064972279741527], [-0.7750403745801521, 0.8493807903166939, -1.6979859464352718], [3.5865218559444636, -1.0915448049623981, -1.5938776258425962], [3.542290597279522, -0.9887943345456177, 1.6792030651154846], [3.399247124304943, 3.661169858619881, 1.6472739864092616], [6.1156423853846285, 2.434259656658388, 0.2657213107084114], [4.4565872520059, 6.1378578705609055, -1.928825366012941], [1.636554651901223, 4.634605669409435, -2.605399626448885], [6.455078298108894, 2.138772988594363, -4.427249946822006], [5.512371101865327, 4.8997327109410875, -5.931689812075081], [1.4045002706970753, 3.036318447703584, -6.988912504920407], [2.2867887820511927, 0.18966130203734893, -5.539033339370034], [3.2570763915402465, 0.2310776283520417, -9.78557181379606]], "name": "C6H14O", "identifiers": {"molecule_hash": "cdea43ce3ddc61fc5da03d020979c9fe08d4f39a", "molecular_formula": "C6H14O"}, "molecular_charge": 0.0, "molecular_multiplicity": 1, "connectivity": [[0, 1, 1.0], [0, 7, 1.0], [0, 8, 1.0], [0, 9, 1.0], [1, 2, 1.0], [1, 10, 1.0], [1, 11, 1.0], [2, 3, 1.0], [2, 12, 1.0], [2, 13, 1.0], [3, 4, 1.0], [3, 14, 1.0], [3, 15, 1.0], [4, 5, 1.0], [4, 16, 1.0], [4, 17, 1.0], [5, 6, 1.0], [5, 18, 1.0], [5, 19, 1.0], [6, 20, 1.0]], "fix_com": true, "fix_orientation": true, "provenance": {"creator": "QCElemental", "version": "v0.22.0", "routine": "qcelemental.molparse.from_schema"}, "id": "55719"}, "charge": 0, "optimize_geometry": false, "conformers": [], "conformer_generation_options": {"n_conformer_pool": 4000, "n_max_conformers": 0, "rms_tolerance": 0.05, "energy_window": 15, "keep_original_conformer": true}, "stage_1_unrestrained_charges": null, "stage_1_restrained_charges": null, "stage_2_unrestrained_charges": null, "stage_2_restrained_charges": null, "keep_original_orientation": false, "reorientations": [], "translations": [], "rotations": []}}, {"index": 4, "molecule": {"qcmol": {"schema_name": "qcschema_molecule", "schema_version": 2, "validated": true, "symbols": ["C", "C", "C", "C", "C", "C", "O", "H", "H", "H", "H", "H", "H", "H", "H", "H", "H", "H", "H", "H", "H"], "geometry": [[0.0, -0.0, 0.0], [2.89088080499577, 1.2378858684173003e-16, 1.0160621415614222e-15], [4.0873658567657785, 2.639318493425558, 2.1094237467877974e-15], [3.64750792077493, 4.2975173717426385, -2.3422921441517266], [4.822265195216322, 3.3193500872421304, -4.821212781159413], [3.0151390826916917, 1.8494359320073273, -6.504493112780916], [4.341818284633469, 1.1404497479058409, -8.691992696228471], [-0.730561105418327, -1.9136127678928438, 0.11870189501513062], [-0.7334385506413273, 1.0476152443750781, 1.6064972279741527], [-0.7750403745801521, 0.8493807903166939, -1.6979859464352718], [3.5865218559444636, -1.0915448049623981, -1.5938776258425962], [3.542290597279522, -0.9887943345456177, 1.6792030651154846], [3.399247124304943, 3.661169858619881, 1.6472739864092616], [6.1156423853846285, 2.434259656658388, 0.2657213107084114], [4.4565872520059, 6.1378578705609055, -1.928825366012941], [1.636554651901223, 4.634605669409435, -2.605399626448885], [6.455078298108894, 2.138772988594363, -4.427249946822006], [5.512371101865327, 4.8997327109410875, -5.931689812075081], [1.4045002706970753, 3.036318447703584, -6.988912504920407], [2.2867887820511927, 0.18966130203734893, -5.539033339370034], [3.2570763915402465, 0.2310776283520417, -9.78557181379606]], "name": "C6H14O", "identifiers": {"molecule_hash": "cdea43ce3ddc61fc5da03d020979c9fe08d4f39a", "molecular_formula": "C6H14O"}, "molecular_charge": 0.0, "molecular_multiplicity": 1, "connectivity": [[0, 1, 1.0], [0, 7, 1.0], [0, 8, 1.0], [0, 9, 1.0], [1, 2, 1.0], [1, 10, 1.0], [1, 11, 1.0], [2, 3, 1.0], [2, 12, 1.0], [2, 13, 1.0], [3, 4, 1.0], [3, 14, 1.0], [3, 15, 1.0], [4, 5, 1.0], [4, 16, 1.0], [4, 17, 1.0], [5, 6, 1.0], [5, 18, 1.0], [5, 19, 1.0], [6, 20, 1.0]], "fix_com": true, "fix_orientation": true, "provenance": {"creator": "QCElemental", "version": "v0.22.0", "routine": "qcelemental.molparse.from_schema"}, "id": "55719"}, "charge": 0, "optimize_geometry": false, "conformers": [], "conformer_generation_options": {"n_conformer_pool": 4000, "n_max_conformers": 0, "rms_tolerance": 0.05, "energy_window": 15, "keep_original_conformer": true}, "stage_1_unrestrained_charges": null, "stage_1_restrained_charges": null, "stage_2_unrestrained_charges": null, "stage_2_restrained_charges": null, "keep_original_orientation": false, "reorientations": [], "translations": [], "rotations": []}}, {"index": 5, "molecule": {"qcmol": {"schema_name": "qcschema_molecule", "schema_version": 2, "validated": true, "symbols": ["C", "C", "C", "C", "C", "C", "O", "H", "H", "H", "H", "H", "H", "H", "H", "H", "H", "H", "H", "H", "H"], "geometry": [[0.0, -0.0, 0.0], [2.89088080499577, 1.2378858684173003e-16, 1.0160621415614222e-15], [4.0873658567657785, 2.639318493425558, 2.1094237467877974e-15], [3.64750792077493, 4.2975173717426385, -2.3422921441517266], [4.822265195216322, 3.3193500872421304, -4.821212781159413], [3.0151390826916917, 1.8494359320073273, -6.504493112780916], [4.341818284633469, 1.1404497479058409, -8.691992696228471], [-0.730561105418327, -1.9136127678928438, 0.11870189501513062], [-0.7334385506413273, 1.0476152443750781, 1.6064972279741527], [-0.7750403745801521, 0.8493807903166939, -1.6979859464352718], [3.5865218559444636, -1.0915448049623981, -1.5938776258425962], [3.542290597279522, -0.9887943345456177, 1.6792030651154846], [3.399247124304943, 3.661169858619881, 1.6472739864092616], [6.1156423853846285, 2.434259656658388, 0.2657213107084114], [4.4565872520059, 6.1378578705609055, -1.928825366012941], [1.636554651901223, 4.634605669409435, -2.605399626448885], [6.455078298108894, 2.138772988594363, -4.427249946822006], [5.512371101865327, 4.8997327109410875, -5.931689812075081], [1.4045002706970753, 3.036318447703584, -6.988912504920407], [2.2867887820511927, 0.18966130203734893, -5.539033339370034], [3.2570763915402465, 0.2310776283520417, -9.78557181379606]], "name": "C6H14O", "identifiers": {"molecule_hash": "cdea43ce3ddc61fc5da03d020979c9fe08d4f39a", "molecular_formula": "C6H14O"}, "molecular_charge": 0.0, "molecular_multiplicity": 1, "connectivity": [[0, 1, 1.0], [0, 7, 1.0], [0, 8, 1.0], [0, 9, 1.0], [1, 2, 1.0], [1, 10, 1.0], [1, 11, 1.0], [2, 3, 1.0], [2, 12, 1.0], [2, 13, 1.0], [3, 4, 1.0], [3, 14, 1.0], [3, 15, 1.0], [4, 5, 1.0], [4, 16, 1.0], [4, 17, 1.0], [5, 6, 1.0], [5, 18, 1.0], [5, 19, 1.0], [6, 20, 1.0]], "fix_com": true, "fix_orientation": true, "provenance": {"creator": "QCElemental", "version": "v0.22.0", "routine": "qcelemental.molparse.from_schema"}, "id": "55719"}, "charge": 0, "optimize_geometry": false, "conformers": [], "conformer_generation_options": {"n_conformer_pool": 4000, "n_max_conformers": 0, "rms_tolerance": 0.05, "energy_window": 15, "keep_original_conformer": true}, "stage_1_unrestrained_charges": null, "stage_1_restrained_charges": null, "stage_2_unrestrained_charges": null, "stage_2_restrained_charges": null, "keep_original_orientation": false, "reorientations": [], "translations": [], "rotations": []}}]}, "surface_constraints": {"matrix": [[1905.001201527971, 1845.0458784726118, 1770.3728916356667, 1686.6901538044833, 1621.86649585302, 1555.3069648679386, 1498.4604404617778, 1912.7942561827163, 1907.9844230821034, 1916.5179687751213, 1838.1369203034405, 1838.0797687223662, 1780.5823118357193, 1751.0377976134373, 1666.7064534153496, 1677.069184834798, 1620.5195300357277, 1610.0857503353639, 1552.488548512373, 1537.6486417178528, 1517.533834829983], [1845.0458784726118, 1892.6985010514375, 1840.6984180275658, 1767.2107084124432, 1691.7774230655332, 1611.0274197843005, 1550.7478319652112, 1825.9527545769145, 1821.719766205967, 1827.9034126126198, 1918.1319845618336, 1916.769745055852, 1838.1865872909616, 1839.6793122556676, 1764.0871855730759, 1754.733208119689, 1690.978448103914, 1681.5665935484474, 1595.8280151899914, 1597.901104797478, 1553.9568484169004], [1770.3728916356667, 1840.6984180275658, 1890.2524439481513, 1839.0538118229838, 1763.6017181734373, 1680.7417367842759, 1622.2896108259135, 1740.5529921980565, 1739.5425265864114, 1759.6529171672023, 1837.2702235241918, 1835.359717554054, 1919.1815448793639, 1917.3250883775368, 1840.0820260780795, 1836.6864871324035, 1763.603292178884, 1751.929166933166, 1659.6449494258113, 1669.0998280379583, 1620.1585196594415], [1686.6901538044833, 1767.2107084124432, 1839.0538118229838, 1886.4607943952342, 1833.1483773619345, 1760.773979074314, 1698.059583649458, 1665.8167264996819, 1640.9628637420717, 1677.9003574584267, 1762.9919110707676, 1759.0107142674476, 1839.0471792104534, 1836.8305988848372, 1917.3158926532221, 1912.628258263837, 1827.213044051582, 1832.2674873728276, 1751.9743531619843, 1745.5538793957646, 1683.844783180248], [1621.86649585302, 1691.7774230655332, 1763.6017181734373, 1833.1483773619345, 1880.0481327260688, 1829.1079153625094, 1776.2942509641332, 1608.5672623171756, 1572.0555394202738, 1619.1578640086182, 1674.8855213080903, 1690.147414625582, 1754.3354359369662, 1756.5182613544519, 1834.713608545639, 1829.4258261850712, 1904.4018491209292, 1909.351202843381, 1820.308071293695, 1817.6174704425168, 1754.976072086156], [1555.3069648679386, 1611.0274197843005, 1680.7417367842759, 1760.773979074314, 1829.1079153625094, 1880.6026411823566, 1851.772540675203, 1545.8314324470875, 1498.7089762175729, 1567.2477707387452, 1591.2705441921971, 1604.2078688419474, 1661.1173422799413, 1677.1254907209322, 1750.9911417158914, 1763.7125993366105, 1823.504407410632, 1829.3833338778913, 1900.130646497582, 1897.5347333374477, 1831.4994631621546], [1498.4604404617778, 1550.7478319652112, 1622.2896108259135, 1698.059583649458, 1776.2942509641332, 1851.772540675203, 1929.4831773693825, 1487.563584826434, 1445.7310480422013, 1512.2769729088266, 1534.816886451354, 1537.2883066286065, 1609.978442633472, 1617.3595186926048, 1675.607602219762, 1704.6430370262242, 1775.4221996457698, 1763.679809009247, 1837.185852668524, 1839.7133159807004, 1924.6485843996304], [1912.7942561827163, 1825.9527545769145, 1740.5529921980565, 1665.8167264996819, 1608.5672623171756, 1545.8314324470875, 1487.563584826434, 2001.3227044740383, 1884.9578705602032, 1897.5624094137336, 1812.572695373033, 1814.7683140328604, 1744.99310743294, 1712.3596308668436, 1652.2692206761485, 1650.6644499935728, 1600.3067194015189, 1606.1699434569703, 1546.6630052971677, 1528.405198849966, 1510.1546926866479], [1907.9844230821034, 1821.719766205967, 1739.5425265864114, 1640.9628637420717, 1572.0555394202738, 1498.7089762175729, 1445.7310480422013, 1884.9578705602032, 1992.6100206088372, 1891.2561370237038, 1801.212080025201, 1814.2566000664056, 1766.4486185615926, 1711.683245937926, 1612.0478214212062, 1633.972372259758, 1578.344194464241, 1556.7355645924813, 1495.3188427359423, 1474.2956491035866, 1467.6777719651875], [1916.5179687751213, 1827.9034126126198, 1759.6529171672023, 1677.9003574584267, 1619.1578640086182, 1567.2477707387452, 1512.2769729088266, 1897.5624094137336, 1891.2561370237038, 2007.9634444634178, 1815.1177898558033, 1800.5600144431908, 1767.4849792940884, 1745.7171327457356, 1648.9307962445216, 1674.0330821878888, 1617.1300518684832, 1600.4090492888138, 1571.3466011343885, 1551.1947821474937, 1537.491780274104], [1838.1369203034405, 1918.1319845618336, 1837.2702235241918, 1762.9919110707676, 1674.8855213080903, 1591.2705441921971, 1534.816886451354, 1812.572695373033, 1801.212080025201, 1815.1177898558033, 2022.157101732949, 1913.1936939848886, 1819.0253906405364, 1829.1600778644952, 1766.609350264436, 1753.3697772308094, 1673.659968216559, 1658.3459421126192, 1571.9454140421503, 1576.9265416000017, 1537.4903183710383], [1838.0797687223662, 1916.769745055852, 1835.359717554054, 1759.0107142674476, 1690.147414625582, 1604.2078688419474, 1537.2883066286065, 1814.7683140328604, 1814.2566000664056, 1800.5600144431908, 1913.1936939848886, 2019.1811642438859, 1811.9701287106996, 1834.294653800446, 1760.3661245874914, 1734.7907102991028, 1690.1275877002286, 1688.8576172647972, 1587.325115926011, 1595.2786956301775, 1532.7857575529154], [1780.5823118357193, 1838.1865872909616, 1919.1815448793639, 1839.0471792104534, 1754.3354359369662, 1661.1173422799413, 1609.978442633472, 1744.99310743294, 1766.4486185615926, 1767.4849792940884, 1819.0253906405364, 1811.9701287106996, 2026.4596004133846, 1917.353344864704, 1823.992313815725, 1837.0879418738468, 1763.1908780750514, 1735.8755604669454, 1629.4631458035028, 1647.3534649323228, 1610.2278263799758], [1751.0377976134373, 1839.6793122556676, 1917.3250883775368, 1836.8305988848372, 1756.5182613544519, 1677.1254907209322, 1617.3595186926048, 1712.3596308668436, 1711.683245937926, 1745.7171327457356, 1829.1600778644952, 1834.294653800446, 1917.353344864704, 2020.5681701454823, 1832.7891435357794, 1819.9442168772612, 1751.8721558240493, 1742.9103807713027, 1652.7794052600098, 1672.780304543711, 1617.4605795066686], [1666.7064534153496, 1764.0871855730759, 1840.0820260780795, 1917.3158926532221, 1834.713608545639, 1750.9911417158914, 1675.607602219762, 1652.2692206761485, 1612.0478214212062, 1648.9307962445216, 1766.609350264436, 1760.3661245874914, 1823.992313815725, 1832.7891435357794, 2024.461636160111, 1915.565365699064, 1806.6177616676075, 1841.1440990977958, 1743.9560421829183, 1737.3518931163903, 1655.1989778680604], [1677.069184834798, 1754.733208119689, 1836.6864871324035, 1912.628258263837, 1829.4258261850712, 1763.7125993366105, 1704.6430370262242, 1650.6644499935728, 1633.972372259758, 1674.0330821878888, 1753.3697772308094, 1734.7907102991028, 1837.0879418738468, 1819.9442168772612, 1915.565365699064, 2015.3117098440323, 1815.795408849814, 1806.6528936756613, 1763.274842027235, 1741.7891623998462, 1692.5603949906024], [1620.5195300357277, 1690.978448103914, 1763.603292178884, 1827.213044051582, 1904.4018491209292, 1823.504407410632, 1775.4221996457698, 1600.3067194015189, 1578.344194464241, 1617.1300518684832, 1673.659968216559, 1690.1275877002286, 1763.1908780750514, 1751.8721558240493, 1806.6177616676075, 1815.795408849814, 2005.7331237892927, 1905.975431819892, 1807.2830355062172, 1791.3930446792342, 1756.5159516446145], [1610.0857503353639, 1681.5665935484474, 1751.929166933166, 1832.2674873728276, 1909.351202843381, 1829.3833338778913, 1763.679809009247, 1606.1699434569703, 1556.7355645924813, 1600.4090492888138, 1658.3459421126192, 1688.8576172647972, 1735.8755604669454, 1742.9103807713027, 1841.1440990977958, 1806.6528936756613, 1905.975431819892, 2014.027051226528, 1806.2019496075316, 1819.9938818952155, 1734.0102541474607], [1552.488548512373, 1595.8280151899914, 1659.6449494258113, 1751.9743531619843, 1820.308071293695, 1900.130646497582, 1837.185852668524, 1546.6630052971677, 1495.3188427359423, 1571.3466011343885, 1571.9454140421503, 1587.325115926011, 1629.4631458035028, 1652.7794052600098, 1743.9560421829183, 1763.274842027235, 1807.2830355062172, 1806.2019496075316, 1998.6907971622968, 1887.724720780126, 1826.5461392778038], [1537.6486417178528, 1597.901104797478, 1669.0998280379583, 1745.5538793957646, 1817.6174704425168, 1897.5347333374477, 1839.7133159807004, 1528.405198849966, 1474.2956491035866, 1551.1947821474937, 1576.9265416000017, 1595.2786956301775, 1647.3534649323228, 1672.780304543711, 1737.3518931163903, 1741.7891623998462, 1791.3930446792342, 1819.9938818952155, 1887.724720780126, 1991.9076579689868, 1796.4632178376514], [1517.533834829983, 1553.9568484169004, 1620.1585196594415, 1683.844783180248, 1754.976072086156, 1831.4994631621546, 1924.6485843996304, 1510.1546926866479, 1467.6777719651875, 1537.491780274104, 1537.4903183710383, 1532.7857575529154, 1610.2278263799758, 1617.4605795066686, 1655.1989778680604, 1692.5603949906024, 1756.5159516446145, 1734.0102541474607, 1826.5461392778038, 1796.4632178376514, 1988.69779802202], [28.811375342680673, 25.5920100996887, 23.03297831971527, 18.476757878078818, 10.806451121382247, 1.4725949289661189, -23.06249399155707, 30.244269150834096, 28.83364623224675, 29.816772370224747, 25.186811224403424, 24.670674641017197, 22.737447691405844, 24.095302955897235, 20.277184766340817, 18.28794013884519, 10.985672322526948, 11.319704146391457, 13.191288191454811, 0.6007401828768056, 0.7638298003328996]]}}