{"resp_b": 0.1, "restrained_fit": true, "exclude_hydrogens": true, "convergence_tolerance": 1e-06, "max_iter": 500, "resp_a": 0.0005, "charge_constraints": {"charge_sum_constraints": [], "charge_equivalence_constraints": [], "molecules": [{"qcmol": {"schema_name": "qcschema_molecule", "schema_version": 2, "validated": true, "symbols": ["C", "C", "C", "C", "C", "C", "O", "H", "H", "H", "H", "H", "H", "H", "H", "H", "H", "H", "H", "H", "H"], "geometry": [[0.0, -0.0, 0.0], [2.89088080499577, 1.2378858684173003e-16, 1.0160621415614222e-15], [4.0873658567657785, 2.639318493425558, 2.1094237467877974e-15], [3.64750792077493, 4.2975173717426385, -2.3422921441517266], [4.822265195216322, 3.3193500872421304, -4.821212781159413], [3.0151390826916917, 1.8494359320073273, -6.504493112780916], [4.341818284633469, 1.1404497479058409, -8.691992696228471], [-0.730561105418327, -1.9136127678928438, 0.11870189501513062], [-0.7334385506413273, 1.0476152443750781, 1.6064972279741527], [-0.7750403745801521, 0.8493807903166939, -1.6979859464352718], [3.5865218559444636, -1.0915448049623981, -1.5938776258425962], [3.542290597279522, -0.9887943345456177, 1.6792030651154846], [3.399247124304943, 3.661169858619881, 1.6472739864092616], [6.1156423853846285, 2.434259656658388, 0.2657213107084114], [4.4565872520059, 6.1378578705609055, -1.928825366012941], [1.636554651901223, 4.634605669409435, -2.605399626448885], [6.455078298108894, 2.138772988594363, -4.427249946822006], [5.512371101865327, 4.8997327109410875, -5.931689812075081], [1.4045002706970753, 3.036318447703584, -6.988912504920407], [2.2867887820511927, 0.18966130203734893, -5.539033339370034], [3.2570763915402465, 0.2310776283520417, -9.78557181379606]], "name": "C6H14O", "identifiers": {"molecule_hash": "cdea43ce3ddc61fc5da03d020979c9fe08d4f39a", "molecular_formula": "C6H14O"}, "molecular_charge": 0.0, "molecular_multiplicity": 1, "connectivity": [[0, 1, 1.0], [0, 7, 1.0], [0, 8, 1.0], [0, 9, 1.0], [1, 2, 1.0], [1, 10, 1.0], [1, 11, 1.0], [2, 3, 1.0], [2, 12, 1.0], [2, 13, 1.0], [3, 4, 1.0], [3, 14, 1.0], [3, 15, 1.0], [4, 5, 1.0], [4, 16, 1.0], [4, 17, 1.0], [5, 6, 1.0], [5, 18, 1.0], [5, 19, 1.0], [6, 20, 1.0]], "fix_com": true, "fix_orientation": true, "provenance": {"creator": "QCElemental", "version": "v0.22.0", "routine": "qcelemental.molparse.from_schema"}, "id": "55719"}, "charge": 0, "optimize_geometry": false, "conformers": [], "conformer_generation_options": {"n_conformer_pool": 4000, "n_max_conformers": 0, "rms_tolerance": 0.05, "energy_window": 15, "keep_original_conformer": true}, "stage_1_unrestrained_charges": null, "stage_1_restrained_charges": null, "stage_2_unrestrained_charges": null, "stage_2_restrained_charges": null, "keep_original_orientation": false, "reorientations": [], "translations": [], "rotations": []}], "unconstrained_atoms": [{"index": 0, "molecule": {"qcmol": {"schema_name": "qcschema_molecule", "schema_version": 2, "validated": true, "symbols": ["C", "C", "C", "C", "C", "C", "O", "H", "H", "H", "H", "H", "H", "H", "H", "H", "H", "H", "H", "H", "H"], "geometry": [[0.0, -0.0, 0.0], [2.89088080499577, 1.2378858684173003e-16, 1.0160621415614222e-15], [4.0873658567657785, 2.639318493425558, 2.1094237467877974e-15], [3.64750792077493, 4.2975173717426385, -2.3422921441517266], [4.822265195216322, 3.3193500872421304, -4.821212781159413], [3.0151390826916917, 1.8494359320073273, -6.504493112780916], [4.341818284633469, 1.1404497479058409, -8.691992696228471], [-0.730561105418327, -1.9136127678928438, 0.11870189501513062], [-0.7334385506413273, 1.0476152443750781, 1.6064972279741527], [-0.7750403745801521, 0.8493807903166939, -1.6979859464352718], [3.5865218559444636, -1.0915448049623981, -1.5938776258425962], [3.542290597279522, -0.9887943345456177, 1.6792030651154846], [3.399247124304943, 3.661169858619881, 1.6472739864092616], [6.1156423853846285, 2.434259656658388, 0.2657213107084114], [4.4565872520059, 6.1378578705609055, -1.928825366012941], [1.636554651901223, 4.634605669409435, -2.605399626448885], [6.455078298108894, 2.138772988594363, -4.427249946822006], [5.512371101865327, 4.8997327109410875, -5.931689812075081], [1.4045002706970753, 3.036318447703584, -6.988912504920407], [2.2867887820511927, 0.18966130203734893, -5.539033339370034], [3.2570763915402465, 0.2310776283520417, -9.78557181379606]], "name": "C6H14O", "identifiers": {"molecule_hash": "cdea43ce3ddc61fc5da03d020979c9fe08d4f39a", "molecular_formula": "C6H14O"}, "molecular_charge": 0.0, "molecular_multiplicity": 1, "connectivity": [[0, 1, 1.0], [0, 7, 1.0], [0, 8, 1.0], [0, 9, 1.0], [1, 2, 1.0], [1, 10, 1.0], [1, 11, 1.0], [2, 3, 1.0], [2, 12, 1.0], [2, 13, 1.0], [3, 4, 1.0], [3, 14, 1.0], [3, 15, 1.0], [4, 5, 1.0], [4, 16, 1.0], [4, 17, 1.0], [5, 6, 1.0], [5, 18, 1.0], [5, 19, 1.0], [6, 20, 1.0]], "fix_com": true, "fix_orientation": true, "provenance": {"creator": "QCElemental", "version": "v0.22.0", "routine": "qcelemental.molparse.from_schema"}, "id": "55719"}, "charge": 0, "optimize_geometry": false, "conformers": [], "conformer_generation_options": {"n_conformer_pool": 4000, "n_max_conformers": 0, "rms_tolerance": 0.05, "energy_window": 15, "keep_original_conformer": true}, "stage_1_unrestrained_charges": null, "stage_1_restrained_charges": null, "stage_2_unrestrained_charges": null, "stage_2_restrained_charges": null, "keep_original_orientation": false, "reorientations": [], "translations": [], "rotations": []}}, {"index": 1, "molecule": {"qcmol": {"schema_name": "qcschema_molecule", "schema_version": 2, "validated": true, "symbols": ["C", "C", "C", "C", "C", "C", "O", "H", "H", "H", "H", "H", "H", "H", "H", "H", "H", "H", "H", "H", "H"], "geometry": [[0.0, -0.0, 0.0], [2.89088080499577, 1.2378858684173003e-16, 1.0160621415614222e-15], [4.0873658567657785, 2.639318493425558, 2.1094237467877974e-15], [3.64750792077493, 4.2975173717426385, -2.3422921441517266], [4.822265195216322, 3.3193500872421304, -4.821212781159413], [3.0151390826916917, 1.8494359320073273, -6.504493112780916], [4.341818284633469, 1.1404497479058409, -8.691992696228471], [-0.730561105418327, -1.9136127678928438, 0.11870189501513062], [-0.7334385506413273, 1.0476152443750781, 1.6064972279741527], [-0.7750403745801521, 0.8493807903166939, -1.6979859464352718], [3.5865218559444636, -1.0915448049623981, -1.5938776258425962], [3.542290597279522, -0.9887943345456177, 1.6792030651154846], [3.399247124304943, 3.661169858619881, 1.6472739864092616], [6.1156423853846285, 2.434259656658388, 0.2657213107084114], [4.4565872520059, 6.1378578705609055, -1.928825366012941], [1.636554651901223, 4.634605669409435, -2.605399626448885], [6.455078298108894, 2.138772988594363, -4.427249946822006], [5.512371101865327, 4.8997327109410875, -5.931689812075081], [1.4045002706970753, 3.036318447703584, -6.988912504920407], [2.2867887820511927, 0.18966130203734893, -5.539033339370034], [3.2570763915402465, 0.2310776283520417, -9.78557181379606]], "name": "C6H14O", "identifiers": {"molecule_hash": "cdea43ce3ddc61fc5da03d020979c9fe08d4f39a", "molecular_formula": "C6H14O"}, "molecular_charge": 0.0, "molecular_multiplicity": 1, "connectivity": [[0, 1, 1.0], [0, 7, 1.0], [0, 8, 1.0], [0, 9, 1.0], [1, 2, 1.0], [1, 10, 1.0], [1, 11, 1.0], [2, 3, 1.0], [2, 12, 1.0], [2, 13, 1.0], [3, 4, 1.0], [3, 14, 1.0], [3, 15, 1.0], [4, 5, 1.0], [4, 16, 1.0], [4, 17, 1.0], [5, 6, 1.0], [5, 18, 1.0], [5, 19, 1.0], [6, 20, 1.0]], "fix_com": true, "fix_orientation": true, "provenance": {"creator": "QCElemental", "version": "v0.22.0", "routine": "qcelemental.molparse.from_schema"}, "id": "55719"}, "charge": 0, "optimize_geometry": false, "conformers": [], "conformer_generation_options": {"n_conformer_pool": 4000, "n_max_conformers": 0, "rms_tolerance": 0.05, "energy_window": 15, "keep_original_conformer": true}, "stage_1_unrestrained_charges": null, "stage_1_restrained_charges": null, "stage_2_unrestrained_charges": null, "stage_2_restrained_charges": null, "keep_original_orientation": false, "reorientations": [], "translations": [], "rotations": []}}, {"index": 2, "molecule": {"qcmol": {"schema_name": "qcschema_molecule", "schema_version": 2, "validated": true, "symbols": ["C", "C", "C", "C", "C", "C", "O", "H", "H", "H", "H", "H", "H", "H", "H", "H", "H", "H", "H", "H", "H"], "geometry": [[0.0, -0.0, 0.0], [2.89088080499577, 1.2378858684173003e-16, 1.0160621415614222e-15], [4.0873658567657785, 2.639318493425558, 2.1094237467877974e-15], [3.64750792077493, 4.2975173717426385, -2.3422921441517266], [4.822265195216322, 3.3193500872421304, -4.821212781159413], [3.0151390826916917, 1.8494359320073273, -6.504493112780916], [4.341818284633469, 1.1404497479058409, -8.691992696228471], [-0.730561105418327, -1.9136127678928438, 0.11870189501513062], [-0.7334385506413273, 1.0476152443750781, 1.6064972279741527], [-0.7750403745801521, 0.8493807903166939, -1.6979859464352718], [3.5865218559444636, -1.0915448049623981, -1.5938776258425962], [3.542290597279522, -0.9887943345456177, 1.6792030651154846], [3.399247124304943, 3.661169858619881, 1.6472739864092616], [6.1156423853846285, 2.434259656658388, 0.2657213107084114], [4.4565872520059, 6.1378578705609055, -1.928825366012941], [1.636554651901223, 4.634605669409435, -2.605399626448885], [6.455078298108894, 2.138772988594363, -4.427249946822006], [5.512371101865327, 4.8997327109410875, -5.931689812075081], [1.4045002706970753, 3.036318447703584, -6.988912504920407], [2.2867887820511927, 0.18966130203734893, -5.539033339370034], [3.2570763915402465, 0.2310776283520417, -9.78557181379606]], "name": "C6H14O", "identifiers": {"molecule_hash": "cdea43ce3ddc61fc5da03d020979c9fe08d4f39a", "molecular_formula": "C6H14O"}, "molecular_charge": 0.0, "molecular_multiplicity": 1, "connectivity": [[0, 1, 1.0], [0, 7, 1.0], [0, 8, 1.0], [0, 9, 1.0], [1, 2, 1.0], [1, 10, 1.0], [1, 11, 1.0], [2, 3, 1.0], [2, 12, 1.0], [2, 13, 1.0], [3, 4, 1.0], [3, 14, 1.0], [3, 15, 1.0], [4, 5, 1.0], [4, 16, 1.0], [4, 17, 1.0], [5, 6, 1.0], [5, 18, 1.0], [5, 19, 1.0], [6, 20, 1.0]], "fix_com": true, "fix_orientation": true, "provenance": {"creator": "QCElemental", "version": "v0.22.0", "routine": "qcelemental.molparse.from_schema"}, "id": "55719"}, "charge": 0, "optimize_geometry": false, "conformers": [], "conformer_generation_options": {"n_conformer_pool": 4000, "n_max_conformers": 0, "rms_tolerance": 0.05, "energy_window": 15, "keep_original_conformer": true}, "stage_1_unrestrained_charges": null, "stage_1_restrained_charges": null, "stage_2_unrestrained_charges": null, "stage_2_restrained_charges": null, "keep_original_orientation": false, "reorientations": [], "translations": [], "rotations": []}}, {"index": 3, "molecule": {"qcmol": {"schema_name": "qcschema_molecule", "schema_version": 2, "validated": true, "symbols": ["C", "C", "C", "C", "C", "C", "O", "H", "H", "H", "H", "H", "H", "H", "H", "H", "H", "H", "H", "H", "H"], "geometry": [[0.0, -0.0, 0.0], [2.89088080499577, 1.2378858684173003e-16, 1.0160621415614222e-15], [4.0873658567657785, 2.639318493425558, 2.1094237467877974e-15], [3.64750792077493, 4.2975173717426385, -2.3422921441517266], [4.822265195216322, 3.3193500872421304, -4.821212781159413], [3.0151390826916917, 1.8494359320073273, -6.504493112780916], [4.341818284633469, 1.1404497479058409, -8.691992696228471], [-0.730561105418327, -1.9136127678928438, 0.11870189501513062], [-0.7334385506413273, 1.0476152443750781, 1.6064972279741527], [-0.7750403745801521, 0.8493807903166939, -1.6979859464352718], [3.5865218559444636, -1.0915448049623981, -1.5938776258425962], [3.542290597279522, -0.9887943345456177, 1.6792030651154846], [3.399247124304943, 3.661169858619881, 1.6472739864092616], [6.1156423853846285, 2.434259656658388, 0.2657213107084114], [4.4565872520059, 6.1378578705609055, -1.928825366012941], [1.636554651901223, 4.634605669409435, -2.605399626448885], [6.455078298108894, 2.138772988594363, -4.427249946822006], [5.512371101865327, 4.8997327109410875, -5.931689812075081], [1.4045002706970753, 3.036318447703584, -6.988912504920407], [2.2867887820511927, 0.18966130203734893, -5.539033339370034], [3.2570763915402465, 0.2310776283520417, -9.78557181379606]], "name": "C6H14O", "identifiers": {"molecule_hash": "cdea43ce3ddc61fc5da03d020979c9fe08d4f39a", "molecular_formula": "C6H14O"}, "molecular_charge": 0.0, "molecular_multiplicity": 1, "connectivity": [[0, 1, 1.0], [0, 7, 1.0], [0, 8, 1.0], [0, 9, 1.0], [1, 2, 1.0], [1, 10, 1.0], [1, 11, 1.0], [2, 3, 1.0], [2, 12, 1.0], [2, 13, 1.0], [3, 4, 1.0], [3, 14, 1.0], [3, 15, 1.0], [4, 5, 1.0], [4, 16, 1.0], [4, 17, 1.0], [5, 6, 1.0], [5, 18, 1.0], [5, 19, 1.0], [6, 20, 1.0]], "fix_com": true, "fix_orientation": true, "provenance": {"creator": "QCElemental", "version": "v0.22.0", "routine": "qcelemental.molparse.from_schema"}, "id": "55719"}, "charge": 0, "optimize_geometry": false, "conformers": [], "conformer_generation_options": {"n_conformer_pool": 4000, "n_max_conformers": 0, "rms_tolerance": 0.05, "energy_window": 15, "keep_original_conformer": true}, "stage_1_unrestrained_charges": null, "stage_1_restrained_charges": null, "stage_2_unrestrained_charges": null, "stage_2_restrained_charges": null, "keep_original_orientation": false, "reorientations": [], "translations": [], "rotations": []}}, {"index": 4, "molecule": {"qcmol": {"schema_name": "qcschema_molecule", "schema_version": 2, "validated": true, "symbols": ["C", "C", "C", "C", "C", "C", "O", "H", "H", "H", "H", "H", "H", "H", "H", "H", "H", "H", "H", "H", "H"], "geometry": [[0.0, -0.0, 0.0], [2.89088080499577, 1.2378858684173003e-16, 1.0160621415614222e-15], [4.0873658567657785, 2.639318493425558, 2.1094237467877974e-15], [3.64750792077493, 4.2975173717426385, -2.3422921441517266], [4.822265195216322, 3.3193500872421304, -4.821212781159413], [3.0151390826916917, 1.8494359320073273, -6.504493112780916], [4.341818284633469, 1.1404497479058409, -8.691992696228471], [-0.730561105418327, -1.9136127678928438, 0.11870189501513062], [-0.7334385506413273, 1.0476152443750781, 1.6064972279741527], [-0.7750403745801521, 0.8493807903166939, -1.6979859464352718], [3.5865218559444636, -1.0915448049623981, -1.5938776258425962], [3.542290597279522, -0.9887943345456177, 1.6792030651154846], [3.399247124304943, 3.661169858619881, 1.6472739864092616], [6.1156423853846285, 2.434259656658388, 0.2657213107084114], [4.4565872520059, 6.1378578705609055, -1.928825366012941], [1.636554651901223, 4.634605669409435, -2.605399626448885], [6.455078298108894, 2.138772988594363, -4.427249946822006], [5.512371101865327, 4.8997327109410875, -5.931689812075081], [1.4045002706970753, 3.036318447703584, -6.988912504920407], [2.2867887820511927, 0.18966130203734893, -5.539033339370034], [3.2570763915402465, 0.2310776283520417, -9.78557181379606]], "name": "C6H14O", "identifiers": {"molecule_hash": "cdea43ce3ddc61fc5da03d020979c9fe08d4f39a", "molecular_formula": "C6H14O"}, "molecular_charge": 0.0, "molecular_multiplicity": 1, "connectivity": [[0, 1, 1.0], [0, 7, 1.0], [0, 8, 1.0], [0, 9, 1.0], [1, 2, 1.0], [1, 10, 1.0], [1, 11, 1.0], [2, 3, 1.0], [2, 12, 1.0], [2, 13, 1.0], [3, 4, 1.0], [3, 14, 1.0], [3, 15, 1.0], [4, 5, 1.0], [4, 16, 1.0], [4, 17, 1.0], [5, 6, 1.0], [5, 18, 1.0], [5, 19, 1.0], [6, 20, 1.0]], "fix_com": true, "fix_orientation": true, "provenance": {"creator": "QCElemental", "version": "v0.22.0", "routine": "qcelemental.molparse.from_schema"}, "id": "55719"}, "charge": 0, "optimize_geometry": false, "conformers": [], "conformer_generation_options": {"n_conformer_pool": 4000, "n_max_conformers": 0, "rms_tolerance": 0.05, "energy_window": 15, "keep_original_conformer": true}, "stage_1_unrestrained_charges": null, "stage_1_restrained_charges": null, "stage_2_unrestrained_charges": null, "stage_2_restrained_charges": null, "keep_original_orientation": false, "reorientations": [], "translations": [], "rotations": []}}, {"index": 5, "molecule": {"qcmol": {"schema_name": "qcschema_molecule", "schema_version": 2, "validated": true, "symbols": ["C", "C", "C", "C", "C", "C", "O", "H", "H", "H", "H", "H", "H", "H", "H", "H", "H", "H", "H", "H", "H"], "geometry": [[0.0, -0.0, 0.0], [2.89088080499577, 1.2378858684173003e-16, 1.0160621415614222e-15], [4.0873658567657785, 2.639318493425558, 2.1094237467877974e-15], [3.64750792077493, 4.2975173717426385, -2.3422921441517266], [4.822265195216322, 3.3193500872421304, -4.821212781159413], [3.0151390826916917, 1.8494359320073273, -6.504493112780916], [4.341818284633469, 1.1404497479058409, -8.691992696228471], [-0.730561105418327, -1.9136127678928438, 0.11870189501513062], [-0.7334385506413273, 1.0476152443750781, 1.6064972279741527], [-0.7750403745801521, 0.8493807903166939, -1.6979859464352718], [3.5865218559444636, -1.0915448049623981, -1.5938776258425962], [3.542290597279522, -0.9887943345456177, 1.6792030651154846], [3.399247124304943, 3.661169858619881, 1.6472739864092616], [6.1156423853846285, 2.434259656658388, 0.2657213107084114], [4.4565872520059, 6.1378578705609055, -1.928825366012941], [1.636554651901223, 4.634605669409435, -2.605399626448885], [6.455078298108894, 2.138772988594363, -4.427249946822006], [5.512371101865327, 4.8997327109410875, -5.931689812075081], [1.4045002706970753, 3.036318447703584, -6.988912504920407], [2.2867887820511927, 0.18966130203734893, -5.539033339370034], [3.2570763915402465, 0.2310776283520417, -9.78557181379606]], "name": "C6H14O", "identifiers": {"molecule_hash": "cdea43ce3ddc61fc5da03d020979c9fe08d4f39a", "molecular_formula": "C6H14O"}, "molecular_charge": 0.0, "molecular_multiplicity": 1, "connectivity": [[0, 1, 1.0], [0, 7, 1.0], [0, 8, 1.0], [0, 9, 1.0], [1, 2, 1.0], [1, 10, 1.0], [1, 11, 1.0], [2, 3, 1.0], [2, 12, 1.0], [2, 13, 1.0], [3, 4, 1.0], [3, 14, 1.0], [3, 15, 1.0], [4, 5, 1.0], [4, 16, 1.0], [4, 17, 1.0], [5, 6, 1.0], [5, 18, 1.0], [5, 19, 1.0], [6, 20, 1.0]], "fix_com": true, "fix_orientation": true, "provenance": {"creator": "QCElemental", "version": "v0.22.0", "routine": "qcelemental.molparse.from_schema"}, "id": "55719"}, "charge": 0, "optimize_geometry": false, "conformers": [], "conformer_generation_options": {"n_conformer_pool": 4000, "n_max_conformers": 0, "rms_tolerance": 0.05, "energy_window": 15, "keep_original_conformer": true}, "stage_1_unrestrained_charges": null, "stage_1_restrained_charges": null, "stage_2_unrestrained_charges": null, "stage_2_restrained_charges": null, "keep_original_orientation": false, "reorientations": [], "translations": [], "rotations": []}}]}, "surface_constraints": {"matrix": [[4619.276711290407, 4480.4960746568295, 4314.62349998969, 4124.792582528383, 3979.4363687033792, 3833.5644422125783, 3711.486981867413, 4648.127659944198, 4635.755493315181, 4654.146621178832, 4468.732708122804, 4468.8385683482, 4341.736262048596, 4277.46498681115, 4080.7476625834174, 4107.334573783465, 3978.8172545404864, 3953.7725531633228, 3831.5187849626254, 3793.7923382425115, 3764.4368421660297], [4480.4960746568295, 4582.814078551408, 4469.8959815752005, 4304.9175065596055, 4136.5063711550365, 3958.9560089794795, 3830.483045804929, 4446.801435712839, 4435.236060063545, 4449.418985912534, 4645.370798715284, 4642.097579752902, 4467.600447597868, 4476.601027274031, 4301.137087907426, 4281.859505327968, 4138.475645163761, 4114.562790867195, 3927.703854160254, 3930.7545943302566, 3845.873873269095], [4314.62349998969, 4469.8959815752005, 4583.712883896359, 4469.1939620249905, 4302.717634268498, 4122.130519403244, 3999.5834213643366, 4253.842339540462, 4250.372804777385, 4297.162254198302, 4466.222028361848, 4462.074648080647, 4652.817006388479, 4655.8253392535, 4475.041262948596, 4469.676963943901, 4307.5503784879065, 4278.448142627103, 4077.7105634762006, 4098.415053063494, 4003.5017248032127], [4124.792582528383, 4304.9175065596055, 4469.1939620249905, 4576.5727244868285, 4461.525132899146, 4307.712019781817, 4177.05482891166, 4082.704484155061, 4024.0777062717125, 4111.134104549699, 4298.894397483893, 4289.941070639426, 4471.702774962106, 4473.027851198008, 4650.696549438264, 4643.040869858872, 4453.095203940678, 4462.90194468222, 4293.747220658367, 4276.972293942215, 4154.69484694711], [3979.4363687033792, 4136.5063711550365, 4302.717634268498, 4461.525132899146, 4572.105188024084, 4468.438579978873, 4363.883312816766, 3954.4908348430918, 3867.3607656086133, 3979.532557193678, 4100.097595069084, 4135.516153597163, 4284.1978348528455, 4293.851362141525, 4468.366369797489, 4459.0331259035265, 4633.694003879965, 4642.553261596253, 4454.761714182407, 4447.030719022659, 4327.891053543162], [3833.5644422125783, 3958.9560089794795, 4122.130519403244, 4307.712019781817, 4468.438579978873, 4595.407023108615, 4546.902499166478, 3816.8415827893705, 3704.1286245770484, 3867.8424874915468, 3914.6242778151995, 3945.3360785361738, 4078.3580749846024, 4120.02098397073, 4288.148842467072, 4319.516121863155, 4461.354040535858, 4472.0301131217175, 4647.149892909019, 4639.892371493142, 4517.423315485911], [3711.486981867413, 3830.483045804929, 3999.5834213643366, 4177.05482891166, 4363.883312816766, 4546.902499166478, 4740.206089952394, 3690.318272281684, 3589.7128049120747, 3750.4929126624006, 3794.4992407827003, 3801.1226864915857, 3972.020832975222, 3994.2879263004725, 4126.522702777327, 4196.25462986856, 4367.839285550932, 4337.877443501215, 4520.274859285235, 4524.751544727911, 4753.105987714994], [4648.127659944198, 4446.801435712839, 4253.842339540462, 4082.704484155061, 3954.4908348430918, 3816.8415827893705, 3690.318272281684, 4863.280240237723, 4594.077630678258, 4620.9600903317205, 4419.747526997353, 4425.11513060228, 4267.487929229314, 4195.043680778604, 4053.374606541514, 4051.0063943949453, 3937.4770622938086, 3951.068702509486, 3823.3730456034423, 3777.683052154597, 3751.7333875680197], [4635.755493315181, 4435.236060063545, 4250.372804777385, 4024.0777062717125, 3867.3607656086133, 3704.1286245770484, 3589.7128049120747, 4594.077630678258, 4841.747642073067, 4605.262691406347, 4392.231970737496, 4421.723331897888, 4316.648059662137, 4192.709334805029, 3958.6021630531172, 4012.5916783170483, 3884.3138445484446, 3832.676281295383, 3700.5298622176942, 3647.9883463007145, 3649.0948093552424], [4654.146621178832, 4449.418985912534, 4297.162254198302, 4111.134104549699, 3979.532557193678, 3867.8424874915468, 3750.4929126624006, 4620.9600903317205, 4605.262691406347, 4874.239602518006, 4423.023055974499, 4390.55823144303, 4318.661200621991, 4272.183491110477, 4045.2081004312913, 4107.20191827672, 3976.8966561663888, 3937.4003855454584, 3882.271529474413, 3831.375975256133, 3818.8193364463973], [4468.732708122804, 4645.370798715284, 4466.222028361848, 4298.894397483893, 4100.097595069084, 3914.6242778151995, 3794.4992407827003, 4419.747526997353, 4392.231970737496, 4423.023055974499, 4890.993402312104, 4637.775252154492, 4427.054309804268, 4456.43235861112, 4310.9733322043985, 4282.853932946, 4101.1365425531985, 4063.0118406665692, 3873.1703399780986, 3883.370031488252, 3808.2032009562718], [4468.8385683482, 4642.097579752902, 4462.074648080647, 4289.941070639426, 4135.516153597163, 3945.3360785361738, 3801.1226864915857, 4425.11513060228, 4421.723331897888, 4390.55823144303, 4637.775252154492, 4882.933129117886, 4411.452341491933, 4468.502776299093, 4297.301688915871, 4239.204005717271, 4139.256192483425, 4133.718822651679, 3909.6817116495436, 3926.9630950115197, 3797.7140310071104], [4341.736262048596, 4467.600447597868, 4652.817006388479, 4471.702774962106, 4284.1978348528455, 4078.3580749846024, 3972.020832975222, 4267.487929229314, 4316.648059662137, 4318.661200621991, 4427.054309804268, 4411.452341491933, 4903.962146063398, 4657.807673722763, 4439.447183440618, 4472.857728510727, 4310.629480644675, 4243.832143001204, 4008.878553331418, 4049.176826680001, 3981.3927947357006], [4277.46498681115, 4476.601027274031, 4655.8253392535, 4473.027851198008, 4293.851362141525, 4120.02098397073, 3994.2879263004725, 4195.043680778604, 4192.709334805029, 4272.183491110477, 4456.43235861112, 4468.502776299093, 4657.807673722763, 4907.149916195002, 4467.671906888948, 4439.002911635791, 4287.4385849854925, 4265.339816644441, 4066.6108969251322, 4113.665141051161, 4002.8261098590965], [4080.7476625834174, 4301.137087907426, 4475.041262948596, 4650.696549438264, 4468.366369797489, 4288.148842467072, 4126.522702777327, 4053.374606541514, 3958.6021630531172, 4045.2081004312913, 4310.9733322043985, 4297.301688915871, 4439.447183440618, 4467.671906888948, 4902.810831892002, 4652.162999147061, 4408.41275232862, 4486.356338649594, 4278.961996135795, 4261.005149104881, 4087.803141073214], [4107.334573783465, 4281.859505327968, 4469.676963943901, 4643.040869858872, 4459.0331259035265, 4319.516121863155, 4196.25462986856, 4051.0063943949453, 4012.5916783170483, 4107.20191827672, 4282.853932946, 4239.204005717271, 4472.857728510727, 4439.002911635791, 4652.162999147061, 4888.04319489337, 4432.311579893517, 4410.095199725052, 4325.23955240296, 4273.137354397324, 4179.267973852308], [3978.8172545404864, 4138.475645163761, 4307.5503784879065, 4453.095203940678, 4633.694003879965, 4461.354040535858, 4367.839285550932, 3937.4770622938086, 3884.3138445484446, 3976.8966561663888, 4101.1365425531985, 4139.256192483425, 4310.629480644675, 4287.4385849854925, 4408.41275232862, 4432.311579893517, 4874.397948145881, 4639.866080422128, 4429.823319853021, 4391.622930167179, 4337.07298140584], [3953.7725531633228, 4114.562790867195, 4278.448142627103, 4462.90194468222, 4642.553261596253, 4472.0301131217175, 4337.877443501215, 3951.068702509486, 3832.676281295383, 3937.4003855454584, 4063.0118406665692, 4133.718822651679, 4243.832143001204, 4265.339816644441, 4486.356338649594, 4410.095199725052, 4639.866080422128, 4888.589952881824, 4424.316370677778, 4455.36662329727, 4280.698636605973], [3831.5187849626254, 3927.703854160254, 4077.7105634762006, 4293.747220658367, 4454.761714182407, 4647.149892909019, 4520.274859285235, 3823.3730456034423, 3700.5298622176942, 3882.271529474413, 3873.1703399780986, 3909.6817116495436, 4008.878553331418, 4066.6108969251322, 4278.961996135795, 4325.23955240296, 4429.823319853021, 4424.316370677778, 4882.953505924567, 4623.152580873233, 4510.884227910053], [3793.7923382425115, 3930.7545943302566, 4098.415053063494, 4276.972293942215, 4447.030719022659, 4639.892371493142, 4524.751544727911, 3777.683052154597, 3647.9883463007145, 3831.375975256133, 3883.370031488252, 3926.9630950115197, 4049.176826680001, 4113.665141051161, 4261.005149104881, 4273.137354397324, 4391.622930167179, 4455.36662329727, 4623.152580873233, 4865.196813129384, 4439.662221496621], [3764.4368421660297, 3845.873873269095, 4003.5017248032127, 4154.69484694711, 4327.891053543162, 4517.423315485911, 4753.105987714994, 3751.7333875680197, 3649.0948093552424, 3818.8193364463973, 3808.2032009562718, 3797.7140310071104, 3981.3927947357006, 4002.8261098590965, 4087.803141073214, 4179.267973852308, 4337.07298140584, 4280.698636605973, 4510.884227910053, 4439.662221496621, 4926.304913448748], [70.72753671350506, 62.278644446876505, 56.139534927086224, 45.62509002266175, 27.999504422763607, 7.5479269686335275, -45.72264123767541, 74.50791557494831, 71.0317914994964, 73.45324003112813, 61.324979354930306, 59.90114427224892, 55.60195444276787, 58.55204485149588, 49.51693102212141, 45.62655882762039, 28.227240304222377, 28.514085577294107, 33.67998053342306, 4.386337101091271, 7.945700091590079]]}}