{"resp_b": 0.1, "restrained_fit": true, "exclude_hydrogens": true, "convergence_tolerance": 1e-06, "max_iter": 500, "resp_a": 0.0005, "charge_constraints": {"charge_sum_constraints": [], "charge_equivalence_constraints": [], "molecules": [{"qcmol": {"schema_name": "qcschema_molecule", "schema_version": 2, "validated": true, "symbols": ["C", "C", "C", "C", "C", "C", "O", "H", "H", "H", "H", "H", "H", "H", "H", "H", "H", "H", "H", "H", "H"], "geometry": [[0.0, -0.0, 0.0], [2.89088080499577, 1.2378858684173003e-16, 1.0160621415614222e-15], [4.0873658567657785, 2.639318493425558, 2.1094237467877974e-15], [3.64750792077493, 4.2975173717426385, -2.3422921441517266], [4.822265195216322, 3.3193500872421304, -4.821212781159413], [3.0151390826916917, 1.8494359320073273, -6.504493112780916], [4.341818284633469, 1.1404497479058409, -8.691992696228471], [-0.730561105418327, -1.9136127678928438, 0.11870189501513062], [-0.7334385506413273, 1.0476152443750781, 1.6064972279741527], [-0.7750403745801521, 0.8493807903166939, -1.6979859464352718], [3.5865218559444636, -1.0915448049623981, -1.5938776258425962], [3.542290597279522, -0.9887943345456177, 1.6792030651154846], [3.399247124304943, 3.661169858619881, 1.6472739864092616], [6.1156423853846285, 2.434259656658388, 0.2657213107084114], [4.4565872520059, 6.1378578705609055, -1.928825366012941], [1.636554651901223, 4.634605669409435, -2.605399626448885], [6.455078298108894, 2.138772988594363, -4.427249946822006], [5.512371101865327, 4.8997327109410875, -5.931689812075081], [1.4045002706970753, 3.036318447703584, -6.988912504920407], [2.2867887820511927, 0.18966130203734893, -5.539033339370034], [3.2570763915402465, 0.2310776283520417, -9.78557181379606]], "name": "C6H14O", "identifiers": {"molecule_hash": "cdea43ce3ddc61fc5da03d020979c9fe08d4f39a", "molecular_formula": "C6H14O"}, "molecular_charge": 0.0, "molecular_multiplicity": 1, "connectivity": [[0, 1, 1.0], [0, 7, 1.0], [0, 8, 1.0], [0, 9, 1.0], [1, 2, 1.0], [1, 10, 1.0], [1, 11, 1.0], [2, 3, 1.0], [2, 12, 1.0], [2, 13, 1.0], [3, 4, 1.0], [3, 14, 1.0], [3, 15, 1.0], [4, 5, 1.0], [4, 16, 1.0], [4, 17, 1.0], [5, 6, 1.0], [5, 18, 1.0], [5, 19, 1.0], [6, 20, 1.0]], "fix_com": true, "fix_orientation": true, "provenance": {"creator": "QCElemental", "version": "v0.22.0", "routine": "qcelemental.molparse.from_schema"}, "id": "55719"}, "charge": 0, "optimize_geometry": false, "conformers": [], "conformer_generation_options": {"n_conformer_pool": 4000, "n_max_conformers": 0, "rms_tolerance": 0.05, "energy_window": 15, "keep_original_conformer": true}, "stage_1_unrestrained_charges": null, "stage_1_restrained_charges": null, "stage_2_unrestrained_charges": null, "stage_2_restrained_charges": null, "keep_original_orientation": false, "reorientations": [], "translations": [], "rotations": []}], "unconstrained_atoms": [{"index": 0, "molecule": {"qcmol": {"schema_name": "qcschema_molecule", "schema_version": 2, "validated": true, "symbols": ["C", "C", "C", "C", "C", "C", "O", "H", "H", "H", "H", "H", "H", "H", "H", "H", "H", "H", "H", "H", "H"], "geometry": [[0.0, -0.0, 0.0], [2.89088080499577, 1.2378858684173003e-16, 1.0160621415614222e-15], [4.0873658567657785, 2.639318493425558, 2.1094237467877974e-15], [3.64750792077493, 4.2975173717426385, -2.3422921441517266], [4.822265195216322, 3.3193500872421304, -4.821212781159413], [3.0151390826916917, 1.8494359320073273, -6.504493112780916], [4.341818284633469, 1.1404497479058409, -8.691992696228471], [-0.730561105418327, -1.9136127678928438, 0.11870189501513062], [-0.7334385506413273, 1.0476152443750781, 1.6064972279741527], [-0.7750403745801521, 0.8493807903166939, -1.6979859464352718], [3.5865218559444636, -1.0915448049623981, -1.5938776258425962], [3.542290597279522, -0.9887943345456177, 1.6792030651154846], [3.399247124304943, 3.661169858619881, 1.6472739864092616], [6.1156423853846285, 2.434259656658388, 0.2657213107084114], [4.4565872520059, 6.1378578705609055, -1.928825366012941], [1.636554651901223, 4.634605669409435, -2.605399626448885], [6.455078298108894, 2.138772988594363, -4.427249946822006], [5.512371101865327, 4.8997327109410875, -5.931689812075081], [1.4045002706970753, 3.036318447703584, -6.988912504920407], [2.2867887820511927, 0.18966130203734893, -5.539033339370034], [3.2570763915402465, 0.2310776283520417, -9.78557181379606]], "name": "C6H14O", "identifiers": {"molecule_hash": "cdea43ce3ddc61fc5da03d020979c9fe08d4f39a", "molecular_formula": "C6H14O"}, "molecular_charge": 0.0, "molecular_multiplicity": 1, "connectivity": [[0, 1, 1.0], [0, 7, 1.0], [0, 8, 1.0], [0, 9, 1.0], [1, 2, 1.0], [1, 10, 1.0], [1, 11, 1.0], [2, 3, 1.0], [2, 12, 1.0], [2, 13, 1.0], [3, 4, 1.0], [3, 14, 1.0], [3, 15, 1.0], [4, 5, 1.0], [4, 16, 1.0], [4, 17, 1.0], [5, 6, 1.0], [5, 18, 1.0], [5, 19, 1.0], [6, 20, 1.0]], "fix_com": true, "fix_orientation": true, "provenance": {"creator": "QCElemental", "version": "v0.22.0", "routine": "qcelemental.molparse.from_schema"}, "id": "55719"}, "charge": 0, "optimize_geometry": false, "conformers": [], "conformer_generation_options": {"n_conformer_pool": 4000, "n_max_conformers": 0, "rms_tolerance": 0.05, "energy_window": 15, "keep_original_conformer": true}, "stage_1_unrestrained_charges": null, "stage_1_restrained_charges": null, "stage_2_unrestrained_charges": null, "stage_2_restrained_charges": null, "keep_original_orientation": false, "reorientations": [], "translations": [], "rotations": []}}, {"index": 1, "molecule": {"qcmol": {"schema_name": "qcschema_molecule", "schema_version": 2, "validated": true, "symbols": ["C", "C", "C", "C", "C", "C", "O", "H", "H", "H", "H", "H", "H", "H", "H", "H", "H", "H", "H", "H", "H"], "geometry": [[0.0, -0.0, 0.0], [2.89088080499577, 1.2378858684173003e-16, 1.0160621415614222e-15], [4.0873658567657785, 2.639318493425558, 2.1094237467877974e-15], [3.64750792077493, 4.2975173717426385, -2.3422921441517266], [4.822265195216322, 3.3193500872421304, -4.821212781159413], [3.0151390826916917, 1.8494359320073273, -6.504493112780916], [4.341818284633469, 1.1404497479058409, -8.691992696228471], [-0.730561105418327, -1.9136127678928438, 0.11870189501513062], [-0.7334385506413273, 1.0476152443750781, 1.6064972279741527], [-0.7750403745801521, 0.8493807903166939, -1.6979859464352718], [3.5865218559444636, -1.0915448049623981, -1.5938776258425962], [3.542290597279522, -0.9887943345456177, 1.6792030651154846], [3.399247124304943, 3.661169858619881, 1.6472739864092616], [6.1156423853846285, 2.434259656658388, 0.2657213107084114], [4.4565872520059, 6.1378578705609055, -1.928825366012941], [1.636554651901223, 4.634605669409435, -2.605399626448885], [6.455078298108894, 2.138772988594363, -4.427249946822006], [5.512371101865327, 4.8997327109410875, -5.931689812075081], [1.4045002706970753, 3.036318447703584, -6.988912504920407], [2.2867887820511927, 0.18966130203734893, -5.539033339370034], [3.2570763915402465, 0.2310776283520417, -9.78557181379606]], "name": "C6H14O", "identifiers": {"molecule_hash": "cdea43ce3ddc61fc5da03d020979c9fe08d4f39a", "molecular_formula": "C6H14O"}, "molecular_charge": 0.0, "molecular_multiplicity": 1, "connectivity": [[0, 1, 1.0], [0, 7, 1.0], [0, 8, 1.0], [0, 9, 1.0], [1, 2, 1.0], [1, 10, 1.0], [1, 11, 1.0], [2, 3, 1.0], [2, 12, 1.0], [2, 13, 1.0], [3, 4, 1.0], [3, 14, 1.0], [3, 15, 1.0], [4, 5, 1.0], [4, 16, 1.0], [4, 17, 1.0], [5, 6, 1.0], [5, 18, 1.0], [5, 19, 1.0], [6, 20, 1.0]], "fix_com": true, "fix_orientation": true, "provenance": {"creator": "QCElemental", "version": "v0.22.0", "routine": "qcelemental.molparse.from_schema"}, "id": "55719"}, "charge": 0, "optimize_geometry": false, "conformers": [], "conformer_generation_options": {"n_conformer_pool": 4000, "n_max_conformers": 0, "rms_tolerance": 0.05, "energy_window": 15, "keep_original_conformer": true}, "stage_1_unrestrained_charges": null, "stage_1_restrained_charges": null, "stage_2_unrestrained_charges": null, "stage_2_restrained_charges": null, "keep_original_orientation": false, "reorientations": [], "translations": [], "rotations": []}}, {"index": 2, "molecule": {"qcmol": {"schema_name": "qcschema_molecule", "schema_version": 2, "validated": true, "symbols": ["C", "C", "C", "C", "C", "C", "O", "H", "H", "H", "H", "H", "H", "H", "H", "H", "H", "H", "H", "H", "H"], "geometry": [[0.0, -0.0, 0.0], [2.89088080499577, 1.2378858684173003e-16, 1.0160621415614222e-15], [4.0873658567657785, 2.639318493425558, 2.1094237467877974e-15], [3.64750792077493, 4.2975173717426385, -2.3422921441517266], [4.822265195216322, 3.3193500872421304, -4.821212781159413], [3.0151390826916917, 1.8494359320073273, -6.504493112780916], [4.341818284633469, 1.1404497479058409, -8.691992696228471], [-0.730561105418327, -1.9136127678928438, 0.11870189501513062], [-0.7334385506413273, 1.0476152443750781, 1.6064972279741527], [-0.7750403745801521, 0.8493807903166939, -1.6979859464352718], [3.5865218559444636, -1.0915448049623981, -1.5938776258425962], [3.542290597279522, -0.9887943345456177, 1.6792030651154846], [3.399247124304943, 3.661169858619881, 1.6472739864092616], [6.1156423853846285, 2.434259656658388, 0.2657213107084114], [4.4565872520059, 6.1378578705609055, -1.928825366012941], [1.636554651901223, 4.634605669409435, -2.605399626448885], [6.455078298108894, 2.138772988594363, -4.427249946822006], [5.512371101865327, 4.8997327109410875, -5.931689812075081], [1.4045002706970753, 3.036318447703584, -6.988912504920407], [2.2867887820511927, 0.18966130203734893, -5.539033339370034], [3.2570763915402465, 0.2310776283520417, -9.78557181379606]], "name": "C6H14O", "identifiers": {"molecule_hash": "cdea43ce3ddc61fc5da03d020979c9fe08d4f39a", "molecular_formula": "C6H14O"}, "molecular_charge": 0.0, "molecular_multiplicity": 1, "connectivity": [[0, 1, 1.0], [0, 7, 1.0], [0, 8, 1.0], [0, 9, 1.0], [1, 2, 1.0], [1, 10, 1.0], [1, 11, 1.0], [2, 3, 1.0], [2, 12, 1.0], [2, 13, 1.0], [3, 4, 1.0], [3, 14, 1.0], [3, 15, 1.0], [4, 5, 1.0], [4, 16, 1.0], [4, 17, 1.0], [5, 6, 1.0], [5, 18, 1.0], [5, 19, 1.0], [6, 20, 1.0]], "fix_com": true, "fix_orientation": true, "provenance": {"creator": "QCElemental", "version": "v0.22.0", "routine": "qcelemental.molparse.from_schema"}, "id": "55719"}, "charge": 0, "optimize_geometry": false, "conformers": [], "conformer_generation_options": {"n_conformer_pool": 4000, "n_max_conformers": 0, "rms_tolerance": 0.05, "energy_window": 15, "keep_original_conformer": true}, "stage_1_unrestrained_charges": null, "stage_1_restrained_charges": null, "stage_2_unrestrained_charges": null, "stage_2_restrained_charges": null, "keep_original_orientation": false, "reorientations": [], "translations": [], "rotations": []}}, {"index": 3, "molecule": {"qcmol": {"schema_name": "qcschema_molecule", "schema_version": 2, "validated": true, "symbols": ["C", "C", "C", "C", "C", "C", "O", "H", "H", "H", "H", "H", "H", "H", "H", "H", "H", "H", "H", "H", "H"], "geometry": [[0.0, -0.0, 0.0], [2.89088080499577, 1.2378858684173003e-16, 1.0160621415614222e-15], [4.0873658567657785, 2.639318493425558, 2.1094237467877974e-15], [3.64750792077493, 4.2975173717426385, -2.3422921441517266], [4.822265195216322, 3.3193500872421304, -4.821212781159413], [3.0151390826916917, 1.8494359320073273, -6.504493112780916], [4.341818284633469, 1.1404497479058409, -8.691992696228471], [-0.730561105418327, -1.9136127678928438, 0.11870189501513062], [-0.7334385506413273, 1.0476152443750781, 1.6064972279741527], [-0.7750403745801521, 0.8493807903166939, -1.6979859464352718], [3.5865218559444636, -1.0915448049623981, -1.5938776258425962], [3.542290597279522, -0.9887943345456177, 1.6792030651154846], [3.399247124304943, 3.661169858619881, 1.6472739864092616], [6.1156423853846285, 2.434259656658388, 0.2657213107084114], [4.4565872520059, 6.1378578705609055, -1.928825366012941], [1.636554651901223, 4.634605669409435, -2.605399626448885], [6.455078298108894, 2.138772988594363, -4.427249946822006], [5.512371101865327, 4.8997327109410875, -5.931689812075081], [1.4045002706970753, 3.036318447703584, -6.988912504920407], [2.2867887820511927, 0.18966130203734893, -5.539033339370034], [3.2570763915402465, 0.2310776283520417, -9.78557181379606]], "name": "C6H14O", "identifiers": {"molecule_hash": "cdea43ce3ddc61fc5da03d020979c9fe08d4f39a", "molecular_formula": "C6H14O"}, "molecular_charge": 0.0, "molecular_multiplicity": 1, "connectivity": [[0, 1, 1.0], [0, 7, 1.0], [0, 8, 1.0], [0, 9, 1.0], [1, 2, 1.0], [1, 10, 1.0], [1, 11, 1.0], [2, 3, 1.0], [2, 12, 1.0], [2, 13, 1.0], [3, 4, 1.0], [3, 14, 1.0], [3, 15, 1.0], [4, 5, 1.0], [4, 16, 1.0], [4, 17, 1.0], [5, 6, 1.0], [5, 18, 1.0], [5, 19, 1.0], [6, 20, 1.0]], "fix_com": true, "fix_orientation": true, "provenance": {"creator": "QCElemental", "version": "v0.22.0", "routine": "qcelemental.molparse.from_schema"}, "id": "55719"}, "charge": 0, "optimize_geometry": false, "conformers": [], "conformer_generation_options": {"n_conformer_pool": 4000, "n_max_conformers": 0, "rms_tolerance": 0.05, "energy_window": 15, "keep_original_conformer": true}, "stage_1_unrestrained_charges": null, "stage_1_restrained_charges": null, "stage_2_unrestrained_charges": null, "stage_2_restrained_charges": null, "keep_original_orientation": false, "reorientations": [], "translations": [], "rotations": []}}, {"index": 4, "molecule": {"qcmol": {"schema_name": "qcschema_molecule", "schema_version": 2, "validated": true, "symbols": ["C", "C", "C", "C", "C", "C", "O", "H", "H", "H", "H", "H", "H", "H", "H", "H", "H", "H", "H", "H", "H"], "geometry": [[0.0, -0.0, 0.0], [2.89088080499577, 1.2378858684173003e-16, 1.0160621415614222e-15], [4.0873658567657785, 2.639318493425558, 2.1094237467877974e-15], [3.64750792077493, 4.2975173717426385, -2.3422921441517266], [4.822265195216322, 3.3193500872421304, -4.821212781159413], [3.0151390826916917, 1.8494359320073273, -6.504493112780916], [4.341818284633469, 1.1404497479058409, -8.691992696228471], [-0.730561105418327, -1.9136127678928438, 0.11870189501513062], [-0.7334385506413273, 1.0476152443750781, 1.6064972279741527], [-0.7750403745801521, 0.8493807903166939, -1.6979859464352718], [3.5865218559444636, -1.0915448049623981, -1.5938776258425962], [3.542290597279522, -0.9887943345456177, 1.6792030651154846], [3.399247124304943, 3.661169858619881, 1.6472739864092616], [6.1156423853846285, 2.434259656658388, 0.2657213107084114], [4.4565872520059, 6.1378578705609055, -1.928825366012941], [1.636554651901223, 4.634605669409435, -2.605399626448885], [6.455078298108894, 2.138772988594363, -4.427249946822006], [5.512371101865327, 4.8997327109410875, -5.931689812075081], [1.4045002706970753, 3.036318447703584, -6.988912504920407], [2.2867887820511927, 0.18966130203734893, -5.539033339370034], [3.2570763915402465, 0.2310776283520417, -9.78557181379606]], "name": "C6H14O", "identifiers": {"molecule_hash": "cdea43ce3ddc61fc5da03d020979c9fe08d4f39a", "molecular_formula": "C6H14O"}, "molecular_charge": 0.0, "molecular_multiplicity": 1, "connectivity": [[0, 1, 1.0], [0, 7, 1.0], [0, 8, 1.0], [0, 9, 1.0], [1, 2, 1.0], [1, 10, 1.0], [1, 11, 1.0], [2, 3, 1.0], [2, 12, 1.0], [2, 13, 1.0], [3, 4, 1.0], [3, 14, 1.0], [3, 15, 1.0], [4, 5, 1.0], [4, 16, 1.0], [4, 17, 1.0], [5, 6, 1.0], [5, 18, 1.0], [5, 19, 1.0], [6, 20, 1.0]], "fix_com": true, "fix_orientation": true, "provenance": {"creator": "QCElemental", "version": "v0.22.0", "routine": "qcelemental.molparse.from_schema"}, "id": "55719"}, "charge": 0, "optimize_geometry": false, "conformers": [], "conformer_generation_options": {"n_conformer_pool": 4000, "n_max_conformers": 0, "rms_tolerance": 0.05, "energy_window": 15, "keep_original_conformer": true}, "stage_1_unrestrained_charges": null, "stage_1_restrained_charges": null, "stage_2_unrestrained_charges": null, "stage_2_restrained_charges": null, "keep_original_orientation": false, "reorientations": [], "translations": [], "rotations": []}}, {"index": 5, "molecule": {"qcmol": {"schema_name": "qcschema_molecule", "schema_version": 2, "validated": true, "symbols": ["C", "C", "C", "C", "C", "C", "O", "H", "H", "H", "H", "H", "H", "H", "H", "H", "H", "H", "H", "H", "H"], "geometry": [[0.0, -0.0, 0.0], [2.89088080499577, 1.2378858684173003e-16, 1.0160621415614222e-15], [4.0873658567657785, 2.639318493425558, 2.1094237467877974e-15], [3.64750792077493, 4.2975173717426385, -2.3422921441517266], [4.822265195216322, 3.3193500872421304, -4.821212781159413], [3.0151390826916917, 1.8494359320073273, -6.504493112780916], [4.341818284633469, 1.1404497479058409, -8.691992696228471], [-0.730561105418327, -1.9136127678928438, 0.11870189501513062], [-0.7334385506413273, 1.0476152443750781, 1.6064972279741527], [-0.7750403745801521, 0.8493807903166939, -1.6979859464352718], [3.5865218559444636, -1.0915448049623981, -1.5938776258425962], [3.542290597279522, -0.9887943345456177, 1.6792030651154846], [3.399247124304943, 3.661169858619881, 1.6472739864092616], [6.1156423853846285, 2.434259656658388, 0.2657213107084114], [4.4565872520059, 6.1378578705609055, -1.928825366012941], [1.636554651901223, 4.634605669409435, -2.605399626448885], [6.455078298108894, 2.138772988594363, -4.427249946822006], [5.512371101865327, 4.8997327109410875, -5.931689812075081], [1.4045002706970753, 3.036318447703584, -6.988912504920407], [2.2867887820511927, 0.18966130203734893, -5.539033339370034], [3.2570763915402465, 0.2310776283520417, -9.78557181379606]], "name": "C6H14O", "identifiers": {"molecule_hash": "cdea43ce3ddc61fc5da03d020979c9fe08d4f39a", "molecular_formula": "C6H14O"}, "molecular_charge": 0.0, "molecular_multiplicity": 1, "connectivity": [[0, 1, 1.0], [0, 7, 1.0], [0, 8, 1.0], [0, 9, 1.0], [1, 2, 1.0], [1, 10, 1.0], [1, 11, 1.0], [2, 3, 1.0], [2, 12, 1.0], [2, 13, 1.0], [3, 4, 1.0], [3, 14, 1.0], [3, 15, 1.0], [4, 5, 1.0], [4, 16, 1.0], [4, 17, 1.0], [5, 6, 1.0], [5, 18, 1.0], [5, 19, 1.0], [6, 20, 1.0]], "fix_com": true, "fix_orientation": true, "provenance": {"creator": "QCElemental", "version": "v0.22.0", "routine": "qcelemental.molparse.from_schema"}, "id": "55719"}, "charge": 0, "optimize_geometry": false, "conformers": [], "conformer_generation_options": {"n_conformer_pool": 4000, "n_max_conformers": 0, "rms_tolerance": 0.05, "energy_window": 15, "keep_original_conformer": true}, "stage_1_unrestrained_charges": null, "stage_1_restrained_charges": null, "stage_2_unrestrained_charges": null, "stage_2_restrained_charges": null, "keep_original_orientation": false, "reorientations": [], "translations": [], "rotations": []}}]}, "surface_constraints": {"matrix": [[499294854785688.56, 484499443460499.2, 466665333996286.5, 445481156348143.2, 429715852858262.4, 411773118852372.25, 397673430823910.06, 502311081119037.25, 500788080816360.06, 503215954892459.1, 483291478482730.5, 483335200919377.3, 469862521540225.75, 462714431259088.4, 441843233039431.25, 441780694900099.5, 431589496196409.0, 426576504560322.1, 411143564240266.5, 407557406071149.9, 397950261484419.25], [484499443460499.2, 495659664691319.94, 483494828503317.06, 465868963869797.4, 447732138006921.56, 427267333732392.9, 413553277475218.1, 480811644934123.6, 479420941362420.2, 481372252706914.3, 502396695975239.75, 502104640311268.6, 483017094456320.5, 484140942429620.0, 465620028720720.9, 463099149273487.4, 448437123651448.4, 445771926790208.5, 423431304556433.75, 424090781354438.5, 410009206515545.25], [466665333996286.5, 483494828503317.06, 495800246682397.7, 483666587947823.3, 465636605131085.3, 445462907146122.25, 432870537711269.5, 460150051582960.25, 459495286874741.25, 464902246567296.94, 483095735648599.75, 482687939207202.3, 503012112256141.75, 503482078527129.25, 484311437704295.1, 483829138246106.44, 466358184764494.8, 463136771237985.4, 439877216985139.56, 443113130809962.0, 428360233866232.75], [445481156348143.2, 465868963869797.4, 483666587947823.3, 495379136990602.3, 482936904858381.94, 466177345039283.94, 452798809648007.25, 440647495215817.75, 434079298893797.56, 444104478678928.7, 465562889855729.6, 464488364586923.1, 483833546310781.6, 484059882079828.75, 503301703513910.0, 502580012686544.56, 481832781523507.9, 483265029962789.25, 464418147194777.06, 462750701266796.4, 447048979404938.06], [429715852858262.4, 447732138006921.56, 465636605131085.3, 482936904858381.94, 494787557295553.8, 483463366990584.94, 472733138683324.94, 427207632881737.6, 416390709142869.3, 429916805108572.75, 444803257188776.6, 447327004833480.2, 463136187543689.56, 464842077475898.06, 483618596811718.25, 482788818050431.25, 501242582516597.9, 502469390127532.06, 481912848634683.4, 480965589579755.7, 467111164298666.44], [411773118852372.25, 427267333732392.9, 445462907146122.25, 466177345039283.94, 483463366990584.94, 496870077962306.94, 491825401303592.6, 409047324054603.06, 396904750650392.0, 415715857056473.25, 423381191830096.4, 425842918713991.94, 440222337342234.7, 445518559350711.75, 464546083682907.9, 467441048764207.6, 482715194299926.75, 483931238216299.56, 502334247998530.0, 501385766669151.94, 489280880795400.75], [397673430823910.06, 413553277475218.1, 432870537711269.5, 452798809648007.25, 472733138683324.94, 491825401303592.6, 512112023145342.44, 393137582828671.5, 383861131904138.5, 402319681188514.4, 410790495707234.5, 410726762379860.25, 428952317112753.8, 433361878698758.75, 448433378578043.9, 454455841364140.6, 473295528193128.4, 470053279137690.25, 488977695687887.44, 488973062940964.3, 514533113618577.75], [502311081119037.25, 480811644934123.6, 460150051582960.25, 440647495215817.75, 427207632881737.6, 409047324054603.06, 393137582828671.5, 525202306126035.4, 496404305446843.7, 499456899993611.9, 477886473012077.2, 478571283488274.9, 462341863441856.1, 453739719769614.5, 439245818008355.6, 434085362619678.75, 428307397007384.1, 426840444136119.1, 409828385211371.8, 404723979118125.75, 394049238890175.9], [500788080816360.06, 479420941362420.2, 459495286874741.25, 434079298893797.56, 416390709142869.3, 396904750650392.0, 383861131904138.5, 496404305446843.7, 522405219935603.94, 497658663597877.7, 474946280994309.56, 478159943115300.9, 466774465906880.5, 453743987443777.0, 428559683570251.25, 431019874683479.44, 420588149053467.44, 411017318783454.44, 395792286676311.7, 391352427747052.1, 384760762761197.56], [503215954892459.1, 481372252706914.3, 464902246567296.94, 444104478678928.7, 429916805108572.75, 415715857056473.25, 402319681188514.4, 499456899993611.9, 497658663597877.7, 527079391846516.1, 478691021081944.2, 475143293748855.4, 467496426334491.44, 462084778457736.7, 437739767644147.56, 442103592830309.3, 431352272577541.75, 425208190047303.7, 416696931255186.06, 411863540448515.06, 404249387308298.5], [483291478482730.5, 502396695975239.75, 483095735648599.75, 465562889855729.6, 444803257188776.6, 423381191830096.4, 410790495707234.5, 477886473012077.2, 474946280994309.56, 478691021081944.2, 528638306558255.94, 501745573734613.25, 478843505448416.25, 481566265713204.8, 466330243050341.6, 463927341039741.06, 444880794705452.2, 442294540218788.0, 418492853824292.94, 419534950510251.7, 407065486924843.3], [483335200919377.3, 502104640311268.6, 482687939207202.3, 464488364586923.1, 447327004833480.2, 425842918713991.94, 410726762379860.25, 478571283488274.9, 478159943115300.9, 475143293748855.4, 501745573734613.25, 527892641652252.25, 476547465282245.2, 483644355778546.5, 465373552889549.9, 459354433907941.1, 447782434128368.2, 447286627201063.8, 421601533485055.06, 423701559170433.4, 405162851348485.06], [469862521540225.75, 483017094456320.5, 503012112256141.75, 483833546310781.6, 463136187543689.56, 440222337342234.7, 428952317112753.8, 462341863441856.1, 466774465906880.5, 467496426334491.44, 478843505448416.25, 476547465282245.2, 529500648432556.44, 503661951228854.2, 481204983746240.44, 483729725580798.0, 466581787466379.75, 458244506887109.2, 431869721058368.06, 437713602777307.56, 424266682805546.9], [462714431259088.4, 484140942429620.0, 503482078527129.25, 484059882079828.75, 464842077475898.06, 445518559350711.75, 433361878698758.75, 453739719769614.5, 453743987443777.0, 462084778457736.7, 481566265713204.8, 483644355778546.5, 503661951228854.2, 530129284307259.9, 482702969543216.6, 481303854943213.7, 463950661142971.8, 462267851789538.4, 438345768058628.94, 445125765696543.94, 429048504507800.06], [441843233039431.25, 465620028720720.9, 484311437704295.1, 503301703513910.0, 483618596811718.25, 464546083682907.9, 448433378578043.9, 439245818008355.6, 428559683570251.25, 437739767644147.56, 466330243050341.6, 465373552889549.9, 481204983746240.44, 482702969543216.6, 530276606145618.2, 503536297055730.94, 476969038078966.06, 485373487934292.5, 463481663421800.25, 461247503959748.25, 440914444802907.1], [441780694900099.5, 463099149273487.4, 483829138246106.44, 502580012686544.56, 482788818050431.25, 467441048764207.6, 454455841364140.6, 434085362619678.75, 431019874683479.44, 442103592830309.3, 463927341039741.06, 459354433907941.1, 483729725580798.0, 481303854943213.7, 503536297055730.94, 528777539019835.6, 479459022553576.4, 478174797907347.4, 467949719477093.7, 462376613619944.25, 449321527344779.3], [431589496196409.0, 448437123651448.4, 466358184764494.8, 481832781523507.9, 501242582516597.9, 482715194299926.75, 473295528193128.4, 428307397007384.1, 420588149053467.44, 431352272577541.75, 444880794705452.2, 447782434128368.2, 466581787466379.75, 463950661142971.8, 476969038078966.06, 479459022553576.4, 526778351724757.25, 502007109142110.6, 479136421136866.8, 475282695096243.2, 467828239871369.8], [426576504560322.1, 445771926790208.5, 463136771237985.4, 483265029962789.25, 502469390127532.06, 483931238216299.56, 470053279137690.25, 426840444136119.1, 411017318783454.44, 425208190047303.7, 442294540218788.0, 447286627201063.8, 458244506887109.2, 462267851789538.4, 485373487934292.5, 478174797907347.4, 502007109142110.6, 528980061099784.5, 479033911886424.8, 481661487350471.06, 462321968421361.2], [411143564240266.5, 423431304556433.75, 439877216985139.56, 464418147194777.06, 481912848634683.4, 502334247998530.0, 488977695687887.44, 409828385211371.8, 395792286676311.7, 416696931255186.06, 418492853824292.94, 421601533485055.06, 431869721058368.06, 438345768058628.94, 463481663421800.25, 467949719477093.7, 479136421136866.8, 479033911886424.8, 527374059677055.6, 499665856251499.2, 488800453364997.8], [407557406071149.9, 424090781354438.5, 443113130809962.0, 462750701266796.4, 480965589579755.7, 501385766669151.94, 488973062940964.3, 404723979118125.75, 391352427747052.1, 411863540448515.06, 419534950510251.7, 423701559170433.4, 437713602777307.56, 445125765696543.94, 461247503959748.25, 462376613619944.25, 475282695096243.2, 481661487350471.06, 499665856251499.2, 525161608740106.9, 481821436167385.4], [397950261484419.25, 410009206515545.25, 428360233866232.75, 447048979404938.06, 467111164298666.44, 489280880795400.75, 514533113618577.75, 394049238890175.9, 384760762761197.56, 404249387308298.5, 407065486924843.3, 405162851348485.06, 424266682805546.9, 429048504507800.06, 440914444802907.1, 449321527344779.3, 467828239871369.8, 462321968421361.2, 488800453364997.8, 481821436167385.4, 533764547783118.44], [4157419542015.39, 3216394478093.196, 2786077285437.293, 2409376221997.9023, 1626909919781.3933, 950671374222.2491, -3329687245840.151, 4670133874534.865, 4106117497201.252, 4419625776615.123, 3049991493874.7046, 2875936214523.5483, 2593943118437.647, 2785732485867.5747, 2532752050431.585, 2456091235936.54, 1523435800600.336, 1646803193160.6763, 3364011382775.459, 1134975638894.4377, 1691747814685.0242]]}}