{"resp_b": 0.1, "restrained_fit": true, "exclude_hydrogens": true, "convergence_tolerance": 1e-06, "max_iter": 500, "resp_a": 0.0005, "charge_constraints": {"charge_sum_constraints": [], "charge_equivalence_constraints": [], "molecules": [{"qcmol": {"schema_name": "qcschema_molecule", "schema_version": 2, "validated": true, "symbols": ["C", "C", "C", "C", "C", "C", "O", "H", "H", "H", "H", "H", "H", "H", "H", "H", "H", "H", "H", "H", "H"], "geometry": [[0.0, -0.0, 0.0], [2.89088080499577, 1.2378858684173003e-16, 1.0160621415614222e-15], [4.0873658567657785, 2.639318493425558, 2.1094237467877974e-15], [3.64750792077493, 4.2975173717426385, -2.3422921441517266], [4.822265195216322, 3.3193500872421304, -4.821212781159413], [3.0151390826916917, 1.8494359320073273, -6.504493112780916], [4.341818284633469, 1.1404497479058409, -8.691992696228471], [-0.730561105418327, -1.9136127678928438, 0.11870189501513062], [-0.7334385506413273, 1.0476152443750781, 1.6064972279741527], [-0.7750403745801521, 0.8493807903166939, -1.6979859464352718], [3.5865218559444636, -1.0915448049623981, -1.5938776258425962], [3.542290597279522, -0.9887943345456177, 1.6792030651154846], [3.399247124304943, 3.661169858619881, 1.6472739864092616], [6.1156423853846285, 2.434259656658388, 0.2657213107084114], [4.4565872520059, 6.1378578705609055, -1.928825366012941], [1.636554651901223, 4.634605669409435, -2.605399626448885], [6.455078298108894, 2.138772988594363, -4.427249946822006], [5.512371101865327, 4.8997327109410875, -5.931689812075081], [1.4045002706970753, 3.036318447703584, -6.988912504920407], [2.2867887820511927, 0.18966130203734893, -5.539033339370034], [3.2570763915402465, 0.2310776283520417, -9.78557181379606]], "name": "C6H14O", "identifiers": {"molecule_hash": "cdea43ce3ddc61fc5da03d020979c9fe08d4f39a", "molecular_formula": "C6H14O"}, "molecular_charge": 0.0, "molecular_multiplicity": 1, "connectivity": [[0, 1, 1.0], [0, 7, 1.0], [0, 8, 1.0], [0, 9, 1.0], [1, 2, 1.0], [1, 10, 1.0], [1, 11, 1.0], [2, 3, 1.0], [2, 12, 1.0], [2, 13, 1.0], [3, 4, 1.0], [3, 14, 1.0], [3, 15, 1.0], [4, 5, 1.0], [4, 16, 1.0], [4, 17, 1.0], [5, 6, 1.0], [5, 18, 1.0], [5, 19, 1.0], [6, 20, 1.0]], "fix_com": true, "fix_orientation": true, "provenance": {"creator": "QCElemental", "version": "v0.22.0", "routine": "qcelemental.molparse.from_schema"}, "id": "55719"}, "charge": 0, "optimize_geometry": false, "conformers": [], "conformer_generation_options": {"n_conformer_pool": 4000, "n_max_conformers": 0, "rms_tolerance": 0.05, "energy_window": 15, "keep_original_conformer": true}, "stage_1_unrestrained_charges": null, "stage_1_restrained_charges": null, "stage_2_unrestrained_charges": null, "stage_2_restrained_charges": null, "keep_original_orientation": false, "reorientations": [], "translations": [], "rotations": []}], "unconstrained_atoms": [{"index": 0, "molecule": {"qcmol": {"schema_name": "qcschema_molecule", "schema_version": 2, "validated": true, "symbols": ["C", "C", "C", "C", "C", "C", "O", "H", "H", "H", "H", "H", "H", "H", "H", "H", "H", "H", "H", "H", "H"], "geometry": [[0.0, -0.0, 0.0], [2.89088080499577, 1.2378858684173003e-16, 1.0160621415614222e-15], [4.0873658567657785, 2.639318493425558, 2.1094237467877974e-15], [3.64750792077493, 4.2975173717426385, -2.3422921441517266], [4.822265195216322, 3.3193500872421304, -4.821212781159413], [3.0151390826916917, 1.8494359320073273, -6.504493112780916], [4.341818284633469, 1.1404497479058409, -8.691992696228471], [-0.730561105418327, -1.9136127678928438, 0.11870189501513062], [-0.7334385506413273, 1.0476152443750781, 1.6064972279741527], [-0.7750403745801521, 0.8493807903166939, -1.6979859464352718], [3.5865218559444636, -1.0915448049623981, -1.5938776258425962], [3.542290597279522, -0.9887943345456177, 1.6792030651154846], [3.399247124304943, 3.661169858619881, 1.6472739864092616], [6.1156423853846285, 2.434259656658388, 0.2657213107084114], [4.4565872520059, 6.1378578705609055, -1.928825366012941], [1.636554651901223, 4.634605669409435, -2.605399626448885], [6.455078298108894, 2.138772988594363, -4.427249946822006], [5.512371101865327, 4.8997327109410875, -5.931689812075081], [1.4045002706970753, 3.036318447703584, -6.988912504920407], [2.2867887820511927, 0.18966130203734893, -5.539033339370034], [3.2570763915402465, 0.2310776283520417, -9.78557181379606]], "name": "C6H14O", "identifiers": {"molecule_hash": "cdea43ce3ddc61fc5da03d020979c9fe08d4f39a", "molecular_formula": "C6H14O"}, "molecular_charge": 0.0, "molecular_multiplicity": 1, "connectivity": [[0, 1, 1.0], [0, 7, 1.0], [0, 8, 1.0], [0, 9, 1.0], [1, 2, 1.0], [1, 10, 1.0], [1, 11, 1.0], [2, 3, 1.0], [2, 12, 1.0], [2, 13, 1.0], [3, 4, 1.0], [3, 14, 1.0], [3, 15, 1.0], [4, 5, 1.0], [4, 16, 1.0], [4, 17, 1.0], [5, 6, 1.0], [5, 18, 1.0], [5, 19, 1.0], [6, 20, 1.0]], "fix_com": true, "fix_orientation": true, "provenance": {"creator": "QCElemental", "version": "v0.22.0", "routine": "qcelemental.molparse.from_schema"}, "id": "55719"}, "charge": 0, "optimize_geometry": false, "conformers": [], "conformer_generation_options": {"n_conformer_pool": 4000, "n_max_conformers": 0, "rms_tolerance": 0.05, "energy_window": 15, "keep_original_conformer": true}, "stage_1_unrestrained_charges": null, "stage_1_restrained_charges": null, "stage_2_unrestrained_charges": null, "stage_2_restrained_charges": null, "keep_original_orientation": false, "reorientations": [], "translations": [], "rotations": []}}, {"index": 1, "molecule": {"qcmol": {"schema_name": "qcschema_molecule", "schema_version": 2, "validated": true, "symbols": ["C", "C", "C", "C", "C", "C", "O", "H", "H", "H", "H", "H", "H", "H", "H", "H", "H", "H", "H", "H", "H"], "geometry": [[0.0, -0.0, 0.0], [2.89088080499577, 1.2378858684173003e-16, 1.0160621415614222e-15], [4.0873658567657785, 2.639318493425558, 2.1094237467877974e-15], [3.64750792077493, 4.2975173717426385, -2.3422921441517266], [4.822265195216322, 3.3193500872421304, -4.821212781159413], [3.0151390826916917, 1.8494359320073273, -6.504493112780916], [4.341818284633469, 1.1404497479058409, -8.691992696228471], [-0.730561105418327, -1.9136127678928438, 0.11870189501513062], [-0.7334385506413273, 1.0476152443750781, 1.6064972279741527], [-0.7750403745801521, 0.8493807903166939, -1.6979859464352718], [3.5865218559444636, -1.0915448049623981, -1.5938776258425962], [3.542290597279522, -0.9887943345456177, 1.6792030651154846], [3.399247124304943, 3.661169858619881, 1.6472739864092616], [6.1156423853846285, 2.434259656658388, 0.2657213107084114], [4.4565872520059, 6.1378578705609055, -1.928825366012941], [1.636554651901223, 4.634605669409435, -2.605399626448885], [6.455078298108894, 2.138772988594363, -4.427249946822006], [5.512371101865327, 4.8997327109410875, -5.931689812075081], [1.4045002706970753, 3.036318447703584, -6.988912504920407], [2.2867887820511927, 0.18966130203734893, -5.539033339370034], [3.2570763915402465, 0.2310776283520417, -9.78557181379606]], "name": "C6H14O", "identifiers": {"molecule_hash": "cdea43ce3ddc61fc5da03d020979c9fe08d4f39a", "molecular_formula": "C6H14O"}, "molecular_charge": 0.0, "molecular_multiplicity": 1, "connectivity": [[0, 1, 1.0], [0, 7, 1.0], [0, 8, 1.0], [0, 9, 1.0], [1, 2, 1.0], [1, 10, 1.0], [1, 11, 1.0], [2, 3, 1.0], [2, 12, 1.0], [2, 13, 1.0], [3, 4, 1.0], [3, 14, 1.0], [3, 15, 1.0], [4, 5, 1.0], [4, 16, 1.0], [4, 17, 1.0], [5, 6, 1.0], [5, 18, 1.0], [5, 19, 1.0], [6, 20, 1.0]], "fix_com": true, "fix_orientation": true, "provenance": {"creator": "QCElemental", "version": "v0.22.0", "routine": "qcelemental.molparse.from_schema"}, "id": "55719"}, "charge": 0, "optimize_geometry": false, "conformers": [], "conformer_generation_options": {"n_conformer_pool": 4000, "n_max_conformers": 0, "rms_tolerance": 0.05, "energy_window": 15, "keep_original_conformer": true}, "stage_1_unrestrained_charges": null, "stage_1_restrained_charges": null, "stage_2_unrestrained_charges": null, "stage_2_restrained_charges": null, "keep_original_orientation": false, "reorientations": [], "translations": [], "rotations": []}}, {"index": 2, "molecule": {"qcmol": {"schema_name": "qcschema_molecule", "schema_version": 2, "validated": true, "symbols": ["C", "C", "C", "C", "C", "C", "O", "H", "H", "H", "H", "H", "H", "H", "H", "H", "H", "H", "H", "H", "H"], "geometry": [[0.0, -0.0, 0.0], [2.89088080499577, 1.2378858684173003e-16, 1.0160621415614222e-15], [4.0873658567657785, 2.639318493425558, 2.1094237467877974e-15], [3.64750792077493, 4.2975173717426385, -2.3422921441517266], [4.822265195216322, 3.3193500872421304, -4.821212781159413], [3.0151390826916917, 1.8494359320073273, -6.504493112780916], [4.341818284633469, 1.1404497479058409, -8.691992696228471], [-0.730561105418327, -1.9136127678928438, 0.11870189501513062], [-0.7334385506413273, 1.0476152443750781, 1.6064972279741527], [-0.7750403745801521, 0.8493807903166939, -1.6979859464352718], [3.5865218559444636, -1.0915448049623981, -1.5938776258425962], [3.542290597279522, -0.9887943345456177, 1.6792030651154846], [3.399247124304943, 3.661169858619881, 1.6472739864092616], [6.1156423853846285, 2.434259656658388, 0.2657213107084114], [4.4565872520059, 6.1378578705609055, -1.928825366012941], [1.636554651901223, 4.634605669409435, -2.605399626448885], [6.455078298108894, 2.138772988594363, -4.427249946822006], [5.512371101865327, 4.8997327109410875, -5.931689812075081], [1.4045002706970753, 3.036318447703584, -6.988912504920407], [2.2867887820511927, 0.18966130203734893, -5.539033339370034], [3.2570763915402465, 0.2310776283520417, -9.78557181379606]], "name": "C6H14O", "identifiers": {"molecule_hash": "cdea43ce3ddc61fc5da03d020979c9fe08d4f39a", "molecular_formula": "C6H14O"}, "molecular_charge": 0.0, "molecular_multiplicity": 1, "connectivity": [[0, 1, 1.0], [0, 7, 1.0], [0, 8, 1.0], [0, 9, 1.0], [1, 2, 1.0], [1, 10, 1.0], [1, 11, 1.0], [2, 3, 1.0], [2, 12, 1.0], [2, 13, 1.0], [3, 4, 1.0], [3, 14, 1.0], [3, 15, 1.0], [4, 5, 1.0], [4, 16, 1.0], [4, 17, 1.0], [5, 6, 1.0], [5, 18, 1.0], [5, 19, 1.0], [6, 20, 1.0]], "fix_com": true, "fix_orientation": true, "provenance": {"creator": "QCElemental", "version": "v0.22.0", "routine": "qcelemental.molparse.from_schema"}, "id": "55719"}, "charge": 0, "optimize_geometry": false, "conformers": [], "conformer_generation_options": {"n_conformer_pool": 4000, "n_max_conformers": 0, "rms_tolerance": 0.05, "energy_window": 15, "keep_original_conformer": true}, "stage_1_unrestrained_charges": null, "stage_1_restrained_charges": null, "stage_2_unrestrained_charges": null, "stage_2_restrained_charges": null, "keep_original_orientation": false, "reorientations": [], "translations": [], "rotations": []}}, {"index": 3, "molecule": {"qcmol": {"schema_name": "qcschema_molecule", "schema_version": 2, "validated": true, "symbols": ["C", "C", "C", "C", "C", "C", "O", "H", "H", "H", "H", "H", "H", "H", "H", "H", "H", "H", "H", "H", "H"], "geometry": [[0.0, -0.0, 0.0], [2.89088080499577, 1.2378858684173003e-16, 1.0160621415614222e-15], [4.0873658567657785, 2.639318493425558, 2.1094237467877974e-15], [3.64750792077493, 4.2975173717426385, -2.3422921441517266], [4.822265195216322, 3.3193500872421304, -4.821212781159413], [3.0151390826916917, 1.8494359320073273, -6.504493112780916], [4.341818284633469, 1.1404497479058409, -8.691992696228471], [-0.730561105418327, -1.9136127678928438, 0.11870189501513062], [-0.7334385506413273, 1.0476152443750781, 1.6064972279741527], [-0.7750403745801521, 0.8493807903166939, -1.6979859464352718], [3.5865218559444636, -1.0915448049623981, -1.5938776258425962], [3.542290597279522, -0.9887943345456177, 1.6792030651154846], [3.399247124304943, 3.661169858619881, 1.6472739864092616], [6.1156423853846285, 2.434259656658388, 0.2657213107084114], [4.4565872520059, 6.1378578705609055, -1.928825366012941], [1.636554651901223, 4.634605669409435, -2.605399626448885], [6.455078298108894, 2.138772988594363, -4.427249946822006], [5.512371101865327, 4.8997327109410875, -5.931689812075081], [1.4045002706970753, 3.036318447703584, -6.988912504920407], [2.2867887820511927, 0.18966130203734893, -5.539033339370034], [3.2570763915402465, 0.2310776283520417, -9.78557181379606]], "name": "C6H14O", "identifiers": {"molecule_hash": "cdea43ce3ddc61fc5da03d020979c9fe08d4f39a", "molecular_formula": "C6H14O"}, "molecular_charge": 0.0, "molecular_multiplicity": 1, "connectivity": [[0, 1, 1.0], [0, 7, 1.0], [0, 8, 1.0], [0, 9, 1.0], [1, 2, 1.0], [1, 10, 1.0], [1, 11, 1.0], [2, 3, 1.0], [2, 12, 1.0], [2, 13, 1.0], [3, 4, 1.0], [3, 14, 1.0], [3, 15, 1.0], [4, 5, 1.0], [4, 16, 1.0], [4, 17, 1.0], [5, 6, 1.0], [5, 18, 1.0], [5, 19, 1.0], [6, 20, 1.0]], "fix_com": true, "fix_orientation": true, "provenance": {"creator": "QCElemental", "version": "v0.22.0", "routine": "qcelemental.molparse.from_schema"}, "id": "55719"}, "charge": 0, "optimize_geometry": false, "conformers": [], "conformer_generation_options": {"n_conformer_pool": 4000, "n_max_conformers": 0, "rms_tolerance": 0.05, "energy_window": 15, "keep_original_conformer": true}, "stage_1_unrestrained_charges": null, "stage_1_restrained_charges": null, "stage_2_unrestrained_charges": null, "stage_2_restrained_charges": null, "keep_original_orientation": false, "reorientations": [], "translations": [], "rotations": []}}, {"index": 4, "molecule": {"qcmol": {"schema_name": "qcschema_molecule", "schema_version": 2, "validated": true, "symbols": ["C", "C", "C", "C", "C", "C", "O", "H", "H", "H", "H", "H", "H", "H", "H", "H", "H", "H", "H", "H", "H"], "geometry": [[0.0, -0.0, 0.0], [2.89088080499577, 1.2378858684173003e-16, 1.0160621415614222e-15], [4.0873658567657785, 2.639318493425558, 2.1094237467877974e-15], [3.64750792077493, 4.2975173717426385, -2.3422921441517266], [4.822265195216322, 3.3193500872421304, -4.821212781159413], [3.0151390826916917, 1.8494359320073273, -6.504493112780916], [4.341818284633469, 1.1404497479058409, -8.691992696228471], [-0.730561105418327, -1.9136127678928438, 0.11870189501513062], [-0.7334385506413273, 1.0476152443750781, 1.6064972279741527], [-0.7750403745801521, 0.8493807903166939, -1.6979859464352718], [3.5865218559444636, -1.0915448049623981, -1.5938776258425962], [3.542290597279522, -0.9887943345456177, 1.6792030651154846], [3.399247124304943, 3.661169858619881, 1.6472739864092616], [6.1156423853846285, 2.434259656658388, 0.2657213107084114], [4.4565872520059, 6.1378578705609055, -1.928825366012941], [1.636554651901223, 4.634605669409435, -2.605399626448885], [6.455078298108894, 2.138772988594363, -4.427249946822006], [5.512371101865327, 4.8997327109410875, -5.931689812075081], [1.4045002706970753, 3.036318447703584, -6.988912504920407], [2.2867887820511927, 0.18966130203734893, -5.539033339370034], [3.2570763915402465, 0.2310776283520417, -9.78557181379606]], "name": "C6H14O", "identifiers": {"molecule_hash": "cdea43ce3ddc61fc5da03d020979c9fe08d4f39a", "molecular_formula": "C6H14O"}, "molecular_charge": 0.0, "molecular_multiplicity": 1, "connectivity": [[0, 1, 1.0], [0, 7, 1.0], [0, 8, 1.0], [0, 9, 1.0], [1, 2, 1.0], [1, 10, 1.0], [1, 11, 1.0], [2, 3, 1.0], [2, 12, 1.0], [2, 13, 1.0], [3, 4, 1.0], [3, 14, 1.0], [3, 15, 1.0], [4, 5, 1.0], [4, 16, 1.0], [4, 17, 1.0], [5, 6, 1.0], [5, 18, 1.0], [5, 19, 1.0], [6, 20, 1.0]], "fix_com": true, "fix_orientation": true, "provenance": {"creator": "QCElemental", "version": "v0.22.0", "routine": "qcelemental.molparse.from_schema"}, "id": "55719"}, "charge": 0, "optimize_geometry": false, "conformers": [], "conformer_generation_options": {"n_conformer_pool": 4000, "n_max_conformers": 0, "rms_tolerance": 0.05, "energy_window": 15, "keep_original_conformer": true}, "stage_1_unrestrained_charges": null, "stage_1_restrained_charges": null, "stage_2_unrestrained_charges": null, "stage_2_restrained_charges": null, "keep_original_orientation": false, "reorientations": [], "translations": [], "rotations": []}}, {"index": 5, "molecule": {"qcmol": {"schema_name": "qcschema_molecule", "schema_version": 2, "validated": true, "symbols": ["C", "C", "C", "C", "C", "C", "O", "H", "H", "H", "H", "H", "H", "H", "H", "H", "H", "H", "H", "H", "H"], "geometry": [[0.0, -0.0, 0.0], [2.89088080499577, 1.2378858684173003e-16, 1.0160621415614222e-15], [4.0873658567657785, 2.639318493425558, 2.1094237467877974e-15], [3.64750792077493, 4.2975173717426385, -2.3422921441517266], [4.822265195216322, 3.3193500872421304, -4.821212781159413], [3.0151390826916917, 1.8494359320073273, -6.504493112780916], [4.341818284633469, 1.1404497479058409, -8.691992696228471], [-0.730561105418327, -1.9136127678928438, 0.11870189501513062], [-0.7334385506413273, 1.0476152443750781, 1.6064972279741527], [-0.7750403745801521, 0.8493807903166939, -1.6979859464352718], [3.5865218559444636, -1.0915448049623981, -1.5938776258425962], [3.542290597279522, -0.9887943345456177, 1.6792030651154846], [3.399247124304943, 3.661169858619881, 1.6472739864092616], [6.1156423853846285, 2.434259656658388, 0.2657213107084114], [4.4565872520059, 6.1378578705609055, -1.928825366012941], [1.636554651901223, 4.634605669409435, -2.605399626448885], [6.455078298108894, 2.138772988594363, -4.427249946822006], [5.512371101865327, 4.8997327109410875, -5.931689812075081], [1.4045002706970753, 3.036318447703584, -6.988912504920407], [2.2867887820511927, 0.18966130203734893, -5.539033339370034], [3.2570763915402465, 0.2310776283520417, -9.78557181379606]], "name": "C6H14O", "identifiers": {"molecule_hash": "cdea43ce3ddc61fc5da03d020979c9fe08d4f39a", "molecular_formula": "C6H14O"}, "molecular_charge": 0.0, "molecular_multiplicity": 1, "connectivity": [[0, 1, 1.0], [0, 7, 1.0], [0, 8, 1.0], [0, 9, 1.0], [1, 2, 1.0], [1, 10, 1.0], [1, 11, 1.0], [2, 3, 1.0], [2, 12, 1.0], [2, 13, 1.0], [3, 4, 1.0], [3, 14, 1.0], [3, 15, 1.0], [4, 5, 1.0], [4, 16, 1.0], [4, 17, 1.0], [5, 6, 1.0], [5, 18, 1.0], [5, 19, 1.0], [6, 20, 1.0]], "fix_com": true, "fix_orientation": true, "provenance": {"creator": "QCElemental", "version": "v0.22.0", "routine": "qcelemental.molparse.from_schema"}, "id": "55719"}, "charge": 0, "optimize_geometry": false, "conformers": [], "conformer_generation_options": {"n_conformer_pool": 4000, "n_max_conformers": 0, "rms_tolerance": 0.05, "energy_window": 15, "keep_original_conformer": true}, "stage_1_unrestrained_charges": null, "stage_1_restrained_charges": null, "stage_2_unrestrained_charges": null, "stage_2_restrained_charges": null, "keep_original_orientation": false, "reorientations": [], "translations": [], "rotations": []}}]}, "surface_constraints": {"matrix": [[4595.818682164995, 4456.46059798025, 4288.36635986479, 4091.4733347466745, 3955.0097630685764, 3832.1843139442763, 3751.1947010605327, 4622.094386792759, 4615.517558476003, 4632.718048248068, 4444.343417223764, 4448.870907242801, 4319.6485017963905, 4251.792100910071, 4052.540838244987, 4055.942086447888, 3951.191271266861, 3922.6007414517644, 3818.834856469939, 3793.219976349857, 3811.676437432569], [4456.46059798025, 4553.5621043844985, 4438.1121872009635, 4274.048795940907, 4111.692224365546, 3952.928418615128, 3859.443023065364, 4420.0545215888915, 4414.632438450753, 4427.836773077955, 4615.110277420353, 4616.6466774512055, 4435.768399273878, 4443.481075927304, 4272.333135353115, 4245.383352855601, 4106.270662456101, 4088.4230738590777, 3911.3261219660053, 3927.154983520181, 3872.469616981112], [4288.36635986479, 4438.1121872009635, 4546.3949215160255, 4433.547932807654, 4268.32372711694, 4093.2325356927754, 3996.5543137436075, 4226.356933692257, 4227.710337476589, 4271.601643950127, 4434.1174030453985, 4434.16125409395, 4616.097854948125, 4616.174914775659, 4439.998709607784, 4435.45878714636, 4267.0844827045985, 4249.096680444492, 4036.876590362695, 4071.0823178994992, 3993.360099640153], [4091.4733347466745, 4274.048795940907, 4433.547932807654, 4538.720613322141, 4425.088981603569, 4274.801138203851, 4157.629385709635, 4043.8633228310723, 3991.4489634639435, 4079.309012703847, 4271.320286835935, 4265.31963913954, 4438.22755617216, 4436.057751613687, 4612.789207963637, 4605.308975631421, 4417.338280927039, 4426.083016722354, 4258.743523265234, 4244.960113932593, 4133.171025586801], [3955.0097630685764, 4111.692224365546, 4268.32372711694, 4425.088981603569, 4533.904029645579, 4433.0430889065265, 4333.786535823408, 3931.1318809481204, 3833.7965789400514, 3961.8409075268164, 4087.5666602111564, 4108.600134249688, 4244.99055666056, 4260.721723853271, 4432.344626611691, 4422.785659921817, 4595.453547177075, 4604.325109829875, 4419.989489262895, 4415.186840751235, 4293.333097338001], [3832.1843139442763, 3952.928418615128, 4093.2325356927754, 4274.801138203851, 4433.0430889065265, 4560.573654586001, 4516.98805784762, 3817.9027495704854, 3689.955905813448, 3879.255447687523, 3923.036978403487, 3940.5820122470586, 4037.4990117338157, 4088.6099923200804, 4249.105834391472, 4293.540299416864, 4427.050298139559, 4435.83180215812, 4611.7482592126835, 4607.14083699779, 4485.934299047309], [3751.1947010605327, 3859.443023065364, 3996.5543137436075, 4157.629385709635, 4333.786535823408, 4516.98805784762, 4707.5232467641845, 3722.539163031845, 3615.9361027526124, 3816.85869688575, 3838.0512511431093, 3833.2317075768437, 3947.7705782957373, 3998.9579740589074, 4108.462732960383, 4171.39900373349, 4335.554866968886, 4305.497888572118, 4489.794209741739, 4496.65813043611, 4715.767653685986], [4622.094386792759, 4420.0545215888915, 4226.356933692257, 4043.8633228310723, 3931.1318809481204, 3817.9027495704854, 3722.539163031845, 4832.959194500593, 4572.999206119282, 4597.754340865444, 4390.474730098431, 4402.609363734062, 4249.904213127403, 4166.345979423577, 4021.721039028824, 3982.8734749930736, 3916.5551274288587, 3920.2771715707986, 3823.9798396133415, 3776.2164875073095, 3796.014447939054], [4615.517558476003, 4414.632438450753, 4227.710337476589, 3991.4489634639435, 3833.7965789400514, 3689.955905813448, 3615.9361027526124, 4572.999206119282, 4823.857051429326, 4586.507257516161, 4371.032785741818, 4404.585164423882, 4297.603791737027, 4173.987501036099, 3935.48223771641, 3962.80134467975, 3841.532799174213, 3793.347947758698, 3672.069039911999, 3634.7392296449743, 3681.862874712197], [4632.718048248068, 4427.836773077955, 4271.601643950127, 4079.309012703847, 3961.8409075268164, 3879.255447687523, 3816.85869688575, 4597.754340865444, 4586.507257516161, 4855.518879952208, 4403.032306323133, 4372.265021757258, 4295.5756077974065, 4246.835256040432, 4013.990909060427, 4058.741121503685, 3959.4918436859984, 3908.1448907718423, 3875.104537031123, 3845.3278854011182, 3897.054163642417], [4444.343417223764, 4615.110277420353, 4434.1174030453985, 4271.320286835935, 4087.5666602111564, 3923.036978403487, 3838.0512511431093, 4390.474730098431, 4371.032785741818, 4403.032306323133, 4858.085074966859, 4613.300678448614, 4397.957265209859, 4416.724743916351, 4279.9986052792265, 4250.659371846653, 4087.676264325511, 4047.1800512709874, 3870.580632572408, 3897.479322292604, 3842.582822336952], [4448.870907242801, 4616.6466774512055, 4434.16125409395, 4265.31963913954, 4108.600134249688, 3940.5820122470586, 3833.2317075768437, 4402.609363734062, 4404.585164423882, 4372.265021757258, 4613.300678448614, 4860.287957827696, 4375.377572839965, 4444.5580233411965, 4279.032745520231, 4213.280017683588, 4094.022024237482, 4107.10902561219, 3896.8270609228975, 3922.8482673371454, 3829.6499679641397], [4319.6485017963905, 4435.768399273878, 4616.097854948125, 4438.22755617216, 4244.99055666056, 4037.4990117338157, 3947.7705782957373, 4249.904213127403, 4297.603791737027, 4295.5756077974065, 4397.957265209859, 4375.377572839965, 4866.515614049238, 4620.772622320025, 4411.259853826769, 4441.561890069338, 4256.0893872082115, 4219.812757347778, 3957.5153814875302, 4009.9480226518635, 3946.429937182522], [4251.792100910071, 4443.481075927304, 4616.174914775659, 4436.057751613687, 4260.721723853271, 4088.6099923200804, 3998.9579740589074, 4166.345979423577, 4173.987501036099, 4246.835256040432, 4416.724743916351, 4444.5580233411965, 4620.772622320025, 4862.929214385032, 4424.914673966897, 4409.266212848076, 4254.737902168154, 4235.811156078378, 4012.523446915014, 4083.835680266457, 3995.933132391781], [4052.540838244987, 4272.333135353115, 4439.998709607784, 4612.789207963637, 4432.344626611691, 4249.105834391472, 4108.462732960383, 4021.721039028824, 3935.48223771641, 4013.990909060427, 4279.9986052792265, 4279.032745520231, 4411.259853826769, 4424.914673966897, 4863.653001504796, 4615.579438843385, 4378.912121071106, 4449.757383560793, 4239.507598125768, 4210.49035547633, 4080.9171809970776], [4055.942086447888, 4245.383352855601, 4435.45878714636, 4605.308975631421, 4422.785659921817, 4293.540299416864, 4171.39900373349, 3982.8734749930736, 3962.80134467975, 4058.741121503685, 4250.659371846653, 4213.280017683588, 4441.561890069338, 4409.266212848076, 4615.579438843385, 4849.796205612562, 4396.870799974788, 4366.650867320859, 4302.862666776046, 4257.679514181188, 4145.067646786185], [3951.191271266861, 4106.270662456101, 4267.0844827045985, 4417.338280927039, 4595.453547177075, 4427.050298139559, 4335.554866968886, 3916.5551274288587, 3841.532799174213, 3959.4918436859984, 4087.676264325511, 4094.022024237482, 4256.0893872082115, 4254.737902168154, 4378.912121071106, 4396.870799974788, 4834.3881633315395, 4603.016811439333, 4394.221112107025, 4365.495436098239, 4296.545218627258], [3922.6007414517644, 4088.4230738590777, 4249.096680444492, 4426.083016722354, 4604.325109829875, 4435.83180215812, 4305.497888572118, 3920.2771715707986, 3793.347947758698, 3908.1448907718423, 4047.1800512709874, 4107.10902561219, 4219.812757347778, 4235.811156078378, 4449.757383560793, 4366.650867320859, 4603.016811439333, 4850.403705357227, 4392.861922214083, 4419.643405112752, 4245.072356880015], [3818.834856469939, 3911.3261219660053, 4036.876590362695, 4258.743523265234, 4419.989489262895, 4611.7482592126835, 4489.794209741739, 3823.9798396133415, 3672.069039911999, 3875.104537031123, 3870.580632572408, 3896.8270609228975, 3957.5153814875302, 4012.523446915014, 4239.507598125768, 4302.862666776046, 4394.221112107025, 4392.861922214083, 4846.937659447871, 4590.832917299103, 4482.61371650762], [3793.219976349857, 3927.154983520181, 4071.0823178994992, 4244.960113932593, 4415.186840751235, 4607.14083699779, 4496.65813043611, 3776.2164875073095, 3634.7392296449743, 3845.3278854011182, 3897.479322292604, 3922.8482673371454, 4009.9480226518635, 4083.835680266457, 4210.49035547633, 4257.679514181188, 4365.495436098239, 4419.643405112752, 4590.832917299103, 4834.403634124248, 4410.136913382898], [3811.676437432569, 3872.469616981112, 3993.360099640153, 4133.171025586801, 4293.333097338001, 4485.934299047309, 4715.767653685986, 3796.014447939054, 3681.862874712197, 3897.054163642417, 3842.582822336952, 3829.6499679641397, 3946.429937182522, 3995.933132391781, 4080.9171809970776, 4145.067646786185, 4296.545218627258, 4245.072356880015, 4482.61371650762, 4410.136913382898, 4878.87107369208], [40.73071967654727, 32.269511309720855, 28.33112155944523, 24.602595429241486, 14.738415412130625, 4.304056341207712, -27.679644739657512, 46.23279533249597, 41.429924651438405, 41.84017937016421, 29.733806368344005, 30.48785352917856, 28.779313736604113, 27.07150159232802, 28.749197240348806, 24.758841999426703, 14.849436962875174, 14.477886015499887, 22.150900984829256, 1.9471281005293741, 13.038864496814343]]}}