{"resp_b": 0.1, "restrained_fit": true, "exclude_hydrogens": true, "convergence_tolerance": 1e-06, "max_iter": 500, "resp_a": 0.0005, "charge_constraints": {"charge_sum_constraints": [], "charge_equivalence_constraints": [], "molecules": [{"qcmol": {"schema_name": "qcschema_molecule", "schema_version": 2, "validated": true, "symbols": ["C", "C", "C", "C", "C", "C", "O", "H", "H", "H", "H", "H", "H", "H", "H", "H", "H", "H", "H", "H", "H"], "geometry": [[0.0, -0.0, 0.0], [2.89088080499577, 1.2378858684173003e-16, 1.0160621415614222e-15], [4.0873658567657785, 2.639318493425558, 2.1094237467877974e-15], [3.64750792077493, 4.2975173717426385, -2.3422921441517266], [4.822265195216322, 3.3193500872421304, -4.821212781159413], [3.0151390826916917, 1.8494359320073273, -6.504493112780916], [4.341818284633469, 1.1404497479058409, -8.691992696228471], [-0.730561105418327, -1.9136127678928438, 0.11870189501513062], [-0.7334385506413273, 1.0476152443750781, 1.6064972279741527], [-0.7750403745801521, 0.8493807903166939, -1.6979859464352718], [3.5865218559444636, -1.0915448049623981, -1.5938776258425962], [3.542290597279522, -0.9887943345456177, 1.6792030651154846], [3.399247124304943, 3.661169858619881, 1.6472739864092616], [6.1156423853846285, 2.434259656658388, 0.2657213107084114], [4.4565872520059, 6.1378578705609055, -1.928825366012941], [1.636554651901223, 4.634605669409435, -2.605399626448885], [6.455078298108894, 2.138772988594363, -4.427249946822006], [5.512371101865327, 4.8997327109410875, -5.931689812075081], [1.4045002706970753, 3.036318447703584, -6.988912504920407], [2.2867887820511927, 0.18966130203734893, -5.539033339370034], [3.2570763915402465, 0.2310776283520417, -9.78557181379606]], "name": "C6H14O", "identifiers": {"molecule_hash": "cdea43ce3ddc61fc5da03d020979c9fe08d4f39a", "molecular_formula": "C6H14O"}, "molecular_charge": 0.0, "molecular_multiplicity": 1, "connectivity": [[0, 1, 1.0], [0, 7, 1.0], [0, 8, 1.0], [0, 9, 1.0], [1, 2, 1.0], [1, 10, 1.0], [1, 11, 1.0], [2, 3, 1.0], [2, 12, 1.0], [2, 13, 1.0], [3, 4, 1.0], [3, 14, 1.0], [3, 15, 1.0], [4, 5, 1.0], [4, 16, 1.0], [4, 17, 1.0], [5, 6, 1.0], [5, 18, 1.0], [5, 19, 1.0], [6, 20, 1.0]], "fix_com": true, "fix_orientation": true, "provenance": {"creator": "QCElemental", "version": "v0.22.0", "routine": "qcelemental.molparse.from_schema"}, "id": "55719"}, "charge": 0, "optimize_geometry": false, "conformers": [], "conformer_generation_options": {"n_conformer_pool": 4000, "n_max_conformers": 0, "rms_tolerance": 0.05, "energy_window": 15, "keep_original_conformer": true}, "stage_1_unrestrained_charges": null, "stage_1_restrained_charges": null, "stage_2_unrestrained_charges": null, "stage_2_restrained_charges": null, "keep_original_orientation": false, "reorientations": [], "translations": [], "rotations": []}], "unconstrained_atoms": [{"index": 0, "molecule": {"qcmol": {"schema_name": "qcschema_molecule", "schema_version": 2, "validated": true, "symbols": ["C", "C", "C", "C", "C", "C", "O", "H", "H", "H", "H", "H", "H", "H", "H", "H", "H", "H", "H", "H", "H"], "geometry": [[0.0, -0.0, 0.0], [2.89088080499577, 1.2378858684173003e-16, 1.0160621415614222e-15], [4.0873658567657785, 2.639318493425558, 2.1094237467877974e-15], [3.64750792077493, 4.2975173717426385, -2.3422921441517266], [4.822265195216322, 3.3193500872421304, -4.821212781159413], [3.0151390826916917, 1.8494359320073273, -6.504493112780916], [4.341818284633469, 1.1404497479058409, -8.691992696228471], [-0.730561105418327, -1.9136127678928438, 0.11870189501513062], [-0.7334385506413273, 1.0476152443750781, 1.6064972279741527], [-0.7750403745801521, 0.8493807903166939, -1.6979859464352718], [3.5865218559444636, -1.0915448049623981, -1.5938776258425962], [3.542290597279522, -0.9887943345456177, 1.6792030651154846], [3.399247124304943, 3.661169858619881, 1.6472739864092616], [6.1156423853846285, 2.434259656658388, 0.2657213107084114], [4.4565872520059, 6.1378578705609055, -1.928825366012941], [1.636554651901223, 4.634605669409435, -2.605399626448885], [6.455078298108894, 2.138772988594363, -4.427249946822006], [5.512371101865327, 4.8997327109410875, -5.931689812075081], [1.4045002706970753, 3.036318447703584, -6.988912504920407], [2.2867887820511927, 0.18966130203734893, -5.539033339370034], [3.2570763915402465, 0.2310776283520417, -9.78557181379606]], "name": "C6H14O", "identifiers": {"molecule_hash": "cdea43ce3ddc61fc5da03d020979c9fe08d4f39a", "molecular_formula": "C6H14O"}, "molecular_charge": 0.0, "molecular_multiplicity": 1, "connectivity": [[0, 1, 1.0], [0, 7, 1.0], [0, 8, 1.0], [0, 9, 1.0], [1, 2, 1.0], [1, 10, 1.0], [1, 11, 1.0], [2, 3, 1.0], [2, 12, 1.0], [2, 13, 1.0], [3, 4, 1.0], [3, 14, 1.0], [3, 15, 1.0], [4, 5, 1.0], [4, 16, 1.0], [4, 17, 1.0], [5, 6, 1.0], [5, 18, 1.0], [5, 19, 1.0], [6, 20, 1.0]], "fix_com": true, "fix_orientation": true, "provenance": {"creator": "QCElemental", "version": "v0.22.0", "routine": "qcelemental.molparse.from_schema"}, "id": "55719"}, "charge": 0, "optimize_geometry": false, "conformers": [], "conformer_generation_options": {"n_conformer_pool": 4000, "n_max_conformers": 0, "rms_tolerance": 0.05, "energy_window": 15, "keep_original_conformer": true}, "stage_1_unrestrained_charges": null, "stage_1_restrained_charges": null, "stage_2_unrestrained_charges": null, "stage_2_restrained_charges": null, "keep_original_orientation": false, "reorientations": [], "translations": [], "rotations": []}}, {"index": 1, "molecule": {"qcmol": {"schema_name": "qcschema_molecule", "schema_version": 2, "validated": true, "symbols": ["C", "C", "C", "C", "C", "C", "O", "H", "H", "H", "H", "H", "H", "H", "H", "H", "H", "H", "H", "H", "H"], "geometry": [[0.0, -0.0, 0.0], [2.89088080499577, 1.2378858684173003e-16, 1.0160621415614222e-15], [4.0873658567657785, 2.639318493425558, 2.1094237467877974e-15], [3.64750792077493, 4.2975173717426385, -2.3422921441517266], [4.822265195216322, 3.3193500872421304, -4.821212781159413], [3.0151390826916917, 1.8494359320073273, -6.504493112780916], [4.341818284633469, 1.1404497479058409, -8.691992696228471], [-0.730561105418327, -1.9136127678928438, 0.11870189501513062], [-0.7334385506413273, 1.0476152443750781, 1.6064972279741527], [-0.7750403745801521, 0.8493807903166939, -1.6979859464352718], [3.5865218559444636, -1.0915448049623981, -1.5938776258425962], [3.542290597279522, -0.9887943345456177, 1.6792030651154846], [3.399247124304943, 3.661169858619881, 1.6472739864092616], [6.1156423853846285, 2.434259656658388, 0.2657213107084114], [4.4565872520059, 6.1378578705609055, -1.928825366012941], [1.636554651901223, 4.634605669409435, -2.605399626448885], [6.455078298108894, 2.138772988594363, -4.427249946822006], [5.512371101865327, 4.8997327109410875, -5.931689812075081], [1.4045002706970753, 3.036318447703584, -6.988912504920407], [2.2867887820511927, 0.18966130203734893, -5.539033339370034], [3.2570763915402465, 0.2310776283520417, -9.78557181379606]], "name": "C6H14O", "identifiers": {"molecule_hash": "cdea43ce3ddc61fc5da03d020979c9fe08d4f39a", "molecular_formula": "C6H14O"}, "molecular_charge": 0.0, "molecular_multiplicity": 1, "connectivity": [[0, 1, 1.0], [0, 7, 1.0], [0, 8, 1.0], [0, 9, 1.0], [1, 2, 1.0], [1, 10, 1.0], [1, 11, 1.0], [2, 3, 1.0], [2, 12, 1.0], [2, 13, 1.0], [3, 4, 1.0], [3, 14, 1.0], [3, 15, 1.0], [4, 5, 1.0], [4, 16, 1.0], [4, 17, 1.0], [5, 6, 1.0], [5, 18, 1.0], [5, 19, 1.0], [6, 20, 1.0]], "fix_com": true, "fix_orientation": true, "provenance": {"creator": "QCElemental", "version": "v0.22.0", "routine": "qcelemental.molparse.from_schema"}, "id": "55719"}, "charge": 0, "optimize_geometry": false, "conformers": [], "conformer_generation_options": {"n_conformer_pool": 4000, "n_max_conformers": 0, "rms_tolerance": 0.05, "energy_window": 15, "keep_original_conformer": true}, "stage_1_unrestrained_charges": null, "stage_1_restrained_charges": null, "stage_2_unrestrained_charges": null, "stage_2_restrained_charges": null, "keep_original_orientation": false, "reorientations": [], "translations": [], "rotations": []}}, {"index": 2, "molecule": {"qcmol": {"schema_name": "qcschema_molecule", "schema_version": 2, "validated": true, "symbols": ["C", "C", "C", "C", "C", "C", "O", "H", "H", "H", "H", "H", "H", "H", "H", "H", "H", "H", "H", "H", "H"], "geometry": [[0.0, -0.0, 0.0], [2.89088080499577, 1.2378858684173003e-16, 1.0160621415614222e-15], [4.0873658567657785, 2.639318493425558, 2.1094237467877974e-15], [3.64750792077493, 4.2975173717426385, -2.3422921441517266], [4.822265195216322, 3.3193500872421304, -4.821212781159413], [3.0151390826916917, 1.8494359320073273, -6.504493112780916], [4.341818284633469, 1.1404497479058409, -8.691992696228471], [-0.730561105418327, -1.9136127678928438, 0.11870189501513062], [-0.7334385506413273, 1.0476152443750781, 1.6064972279741527], [-0.7750403745801521, 0.8493807903166939, -1.6979859464352718], [3.5865218559444636, -1.0915448049623981, -1.5938776258425962], [3.542290597279522, -0.9887943345456177, 1.6792030651154846], [3.399247124304943, 3.661169858619881, 1.6472739864092616], [6.1156423853846285, 2.434259656658388, 0.2657213107084114], [4.4565872520059, 6.1378578705609055, -1.928825366012941], [1.636554651901223, 4.634605669409435, -2.605399626448885], [6.455078298108894, 2.138772988594363, -4.427249946822006], [5.512371101865327, 4.8997327109410875, -5.931689812075081], [1.4045002706970753, 3.036318447703584, -6.988912504920407], [2.2867887820511927, 0.18966130203734893, -5.539033339370034], [3.2570763915402465, 0.2310776283520417, -9.78557181379606]], "name": "C6H14O", "identifiers": {"molecule_hash": "cdea43ce3ddc61fc5da03d020979c9fe08d4f39a", "molecular_formula": "C6H14O"}, "molecular_charge": 0.0, "molecular_multiplicity": 1, "connectivity": [[0, 1, 1.0], [0, 7, 1.0], [0, 8, 1.0], [0, 9, 1.0], [1, 2, 1.0], [1, 10, 1.0], [1, 11, 1.0], [2, 3, 1.0], [2, 12, 1.0], [2, 13, 1.0], [3, 4, 1.0], [3, 14, 1.0], [3, 15, 1.0], [4, 5, 1.0], [4, 16, 1.0], [4, 17, 1.0], [5, 6, 1.0], [5, 18, 1.0], [5, 19, 1.0], [6, 20, 1.0]], "fix_com": true, "fix_orientation": true, "provenance": {"creator": "QCElemental", "version": "v0.22.0", "routine": "qcelemental.molparse.from_schema"}, "id": "55719"}, "charge": 0, "optimize_geometry": false, "conformers": [], "conformer_generation_options": {"n_conformer_pool": 4000, "n_max_conformers": 0, "rms_tolerance": 0.05, "energy_window": 15, "keep_original_conformer": true}, "stage_1_unrestrained_charges": null, "stage_1_restrained_charges": null, "stage_2_unrestrained_charges": null, "stage_2_restrained_charges": null, "keep_original_orientation": false, "reorientations": [], "translations": [], "rotations": []}}, {"index": 3, "molecule": {"qcmol": {"schema_name": "qcschema_molecule", "schema_version": 2, "validated": true, "symbols": ["C", "C", "C", "C", "C", "C", "O", "H", "H", "H", "H", "H", "H", "H", "H", "H", "H", "H", "H", "H", "H"], "geometry": [[0.0, -0.0, 0.0], [2.89088080499577, 1.2378858684173003e-16, 1.0160621415614222e-15], [4.0873658567657785, 2.639318493425558, 2.1094237467877974e-15], [3.64750792077493, 4.2975173717426385, -2.3422921441517266], [4.822265195216322, 3.3193500872421304, -4.821212781159413], [3.0151390826916917, 1.8494359320073273, -6.504493112780916], [4.341818284633469, 1.1404497479058409, -8.691992696228471], [-0.730561105418327, -1.9136127678928438, 0.11870189501513062], [-0.7334385506413273, 1.0476152443750781, 1.6064972279741527], [-0.7750403745801521, 0.8493807903166939, -1.6979859464352718], [3.5865218559444636, -1.0915448049623981, -1.5938776258425962], [3.542290597279522, -0.9887943345456177, 1.6792030651154846], [3.399247124304943, 3.661169858619881, 1.6472739864092616], [6.1156423853846285, 2.434259656658388, 0.2657213107084114], [4.4565872520059, 6.1378578705609055, -1.928825366012941], [1.636554651901223, 4.634605669409435, -2.605399626448885], [6.455078298108894, 2.138772988594363, -4.427249946822006], [5.512371101865327, 4.8997327109410875, -5.931689812075081], [1.4045002706970753, 3.036318447703584, -6.988912504920407], [2.2867887820511927, 0.18966130203734893, -5.539033339370034], [3.2570763915402465, 0.2310776283520417, -9.78557181379606]], "name": "C6H14O", "identifiers": {"molecule_hash": "cdea43ce3ddc61fc5da03d020979c9fe08d4f39a", "molecular_formula": "C6H14O"}, "molecular_charge": 0.0, "molecular_multiplicity": 1, "connectivity": [[0, 1, 1.0], [0, 7, 1.0], [0, 8, 1.0], [0, 9, 1.0], [1, 2, 1.0], [1, 10, 1.0], [1, 11, 1.0], [2, 3, 1.0], [2, 12, 1.0], [2, 13, 1.0], [3, 4, 1.0], [3, 14, 1.0], [3, 15, 1.0], [4, 5, 1.0], [4, 16, 1.0], [4, 17, 1.0], [5, 6, 1.0], [5, 18, 1.0], [5, 19, 1.0], [6, 20, 1.0]], "fix_com": true, "fix_orientation": true, "provenance": {"creator": "QCElemental", "version": "v0.22.0", "routine": "qcelemental.molparse.from_schema"}, "id": "55719"}, "charge": 0, "optimize_geometry": false, "conformers": [], "conformer_generation_options": {"n_conformer_pool": 4000, "n_max_conformers": 0, "rms_tolerance": 0.05, "energy_window": 15, "keep_original_conformer": true}, "stage_1_unrestrained_charges": null, "stage_1_restrained_charges": null, "stage_2_unrestrained_charges": null, "stage_2_restrained_charges": null, "keep_original_orientation": false, "reorientations": [], "translations": [], "rotations": []}}, {"index": 4, "molecule": {"qcmol": {"schema_name": "qcschema_molecule", "schema_version": 2, "validated": true, "symbols": ["C", "C", "C", "C", "C", "C", "O", "H", "H", "H", "H", "H", "H", "H", "H", "H", "H", "H", "H", "H", "H"], "geometry": [[0.0, -0.0, 0.0], [2.89088080499577, 1.2378858684173003e-16, 1.0160621415614222e-15], [4.0873658567657785, 2.639318493425558, 2.1094237467877974e-15], [3.64750792077493, 4.2975173717426385, -2.3422921441517266], [4.822265195216322, 3.3193500872421304, -4.821212781159413], [3.0151390826916917, 1.8494359320073273, -6.504493112780916], [4.341818284633469, 1.1404497479058409, -8.691992696228471], [-0.730561105418327, -1.9136127678928438, 0.11870189501513062], [-0.7334385506413273, 1.0476152443750781, 1.6064972279741527], [-0.7750403745801521, 0.8493807903166939, -1.6979859464352718], [3.5865218559444636, -1.0915448049623981, -1.5938776258425962], [3.542290597279522, -0.9887943345456177, 1.6792030651154846], [3.399247124304943, 3.661169858619881, 1.6472739864092616], [6.1156423853846285, 2.434259656658388, 0.2657213107084114], [4.4565872520059, 6.1378578705609055, -1.928825366012941], [1.636554651901223, 4.634605669409435, -2.605399626448885], [6.455078298108894, 2.138772988594363, -4.427249946822006], [5.512371101865327, 4.8997327109410875, -5.931689812075081], [1.4045002706970753, 3.036318447703584, -6.988912504920407], [2.2867887820511927, 0.18966130203734893, -5.539033339370034], [3.2570763915402465, 0.2310776283520417, -9.78557181379606]], "name": "C6H14O", "identifiers": {"molecule_hash": "cdea43ce3ddc61fc5da03d020979c9fe08d4f39a", "molecular_formula": "C6H14O"}, "molecular_charge": 0.0, "molecular_multiplicity": 1, "connectivity": [[0, 1, 1.0], [0, 7, 1.0], [0, 8, 1.0], [0, 9, 1.0], [1, 2, 1.0], [1, 10, 1.0], [1, 11, 1.0], [2, 3, 1.0], [2, 12, 1.0], [2, 13, 1.0], [3, 4, 1.0], [3, 14, 1.0], [3, 15, 1.0], [4, 5, 1.0], [4, 16, 1.0], [4, 17, 1.0], [5, 6, 1.0], [5, 18, 1.0], [5, 19, 1.0], [6, 20, 1.0]], "fix_com": true, "fix_orientation": true, "provenance": {"creator": "QCElemental", "version": "v0.22.0", "routine": "qcelemental.molparse.from_schema"}, "id": "55719"}, "charge": 0, "optimize_geometry": false, "conformers": [], "conformer_generation_options": {"n_conformer_pool": 4000, "n_max_conformers": 0, "rms_tolerance": 0.05, "energy_window": 15, "keep_original_conformer": true}, "stage_1_unrestrained_charges": null, "stage_1_restrained_charges": null, "stage_2_unrestrained_charges": null, "stage_2_restrained_charges": null, "keep_original_orientation": false, "reorientations": [], "translations": [], "rotations": []}}, {"index": 5, "molecule": {"qcmol": {"schema_name": "qcschema_molecule", "schema_version": 2, "validated": true, "symbols": ["C", "C", "C", "C", "C", "C", "O", "H", "H", "H", "H", "H", "H", "H", "H", "H", "H", "H", "H", "H", "H"], "geometry": [[0.0, -0.0, 0.0], [2.89088080499577, 1.2378858684173003e-16, 1.0160621415614222e-15], [4.0873658567657785, 2.639318493425558, 2.1094237467877974e-15], [3.64750792077493, 4.2975173717426385, -2.3422921441517266], [4.822265195216322, 3.3193500872421304, -4.821212781159413], [3.0151390826916917, 1.8494359320073273, -6.504493112780916], [4.341818284633469, 1.1404497479058409, -8.691992696228471], [-0.730561105418327, -1.9136127678928438, 0.11870189501513062], [-0.7334385506413273, 1.0476152443750781, 1.6064972279741527], [-0.7750403745801521, 0.8493807903166939, -1.6979859464352718], [3.5865218559444636, -1.0915448049623981, -1.5938776258425962], [3.542290597279522, -0.9887943345456177, 1.6792030651154846], [3.399247124304943, 3.661169858619881, 1.6472739864092616], [6.1156423853846285, 2.434259656658388, 0.2657213107084114], [4.4565872520059, 6.1378578705609055, -1.928825366012941], [1.636554651901223, 4.634605669409435, -2.605399626448885], [6.455078298108894, 2.138772988594363, -4.427249946822006], [5.512371101865327, 4.8997327109410875, -5.931689812075081], [1.4045002706970753, 3.036318447703584, -6.988912504920407], [2.2867887820511927, 0.18966130203734893, -5.539033339370034], [3.2570763915402465, 0.2310776283520417, -9.78557181379606]], "name": "C6H14O", "identifiers": {"molecule_hash": "cdea43ce3ddc61fc5da03d020979c9fe08d4f39a", "molecular_formula": "C6H14O"}, "molecular_charge": 0.0, "molecular_multiplicity": 1, "connectivity": [[0, 1, 1.0], [0, 7, 1.0], [0, 8, 1.0], [0, 9, 1.0], [1, 2, 1.0], [1, 10, 1.0], [1, 11, 1.0], [2, 3, 1.0], [2, 12, 1.0], [2, 13, 1.0], [3, 4, 1.0], [3, 14, 1.0], [3, 15, 1.0], [4, 5, 1.0], [4, 16, 1.0], [4, 17, 1.0], [5, 6, 1.0], [5, 18, 1.0], [5, 19, 1.0], [6, 20, 1.0]], "fix_com": true, "fix_orientation": true, "provenance": {"creator": "QCElemental", "version": "v0.22.0", "routine": "qcelemental.molparse.from_schema"}, "id": "55719"}, "charge": 0, "optimize_geometry": false, "conformers": [], "conformer_generation_options": {"n_conformer_pool": 4000, "n_max_conformers": 0, "rms_tolerance": 0.05, "energy_window": 15, "keep_original_conformer": true}, "stage_1_unrestrained_charges": null, "stage_1_restrained_charges": null, "stage_2_unrestrained_charges": null, "stage_2_restrained_charges": null, "keep_original_orientation": false, "reorientations": [], "translations": [], "rotations": []}}]}, "surface_constraints": {"matrix": [[207734357934901.7, 201131524439815.25, 193043287836195.8, 183553229994493.8, 176880756741837.1, 170639633334892.7, 166304394456046.03, 208464089332926.56, 208262087988361.5, 209043176662856.12, 200264130095138.12, 200538008159174.1, 194462725389152.78, 190996232833601.53, 181563368998283.25, 181658346423036.97, 176593031495786.97, 175290257543537.84, 169794515426660.1, 168756010131654.4, 168769895899179.0], [201131524439815.25, 206080084317604.66, 200478827122713.94, 192514708097995.22, 184557929024032.78, 176562158763801.8, 171575429470437.94, 198912812461743.9, 198765585927626.12, 199337611610244.5, 208717985249244.88, 208871305012548.72, 200309637146988.62, 200352133084225.56, 192226667562495.47, 190903562972136.25, 184146412301115.28, 183386280119172.62, 174402801112419.25, 175252278677070.4, 171816567522918.9], [193043287836195.8, 200478827122713.94, 205890881557309.34, 200389118797132.56, 192184119813415.66, 183303385511240.62, 178081605165547.28, 189704379381720.28, 189839935727323.47, 191882774952164.16, 199984963638785.34, 200032437411303.88, 209232180553664.75, 208808877470738.28, 200467931705875.06, 200221048994398.38, 191940550499875.34, 191133403006268.1, 180422884441890.1, 182111642741694.53, 177514175832877.88], [183553229994493.8, 192514708097995.22, 200389118797132.56, 205530583980928.56, 199748779522707.1, 191917912476908.06, 185640124527518.44, 180982883664352.72, 178580584386741.06, 182635717561363.1, 192114948181468.56, 191892199313682.44, 200623445305027.12, 200118397218275.47, 208846421457429.3, 208444093614492.16, 199164274788259.1, 199625301737716.12, 190857010212437.94, 190304649105279.9, 183993916273803.7], [176880756741837.1, 184557929024032.78, 192184119813415.66, 199748779522707.1, 204823418213302.97, 199313380398857.7, 193739053238252.84, 175454784891626.28, 170990475465272.9, 176872932037273.56, 183201794196249.66, 184274736879189.75, 191058520941761.66, 191500633896469.53, 199867649405481.75, 199367079600491.84, 207540548523906.1, 208027627312014.53, 198373206238314.66, 198241238788127.34, 191203931788724.1], [170639633334892.7, 176562158763801.8, 183303385511240.62, 191917912476908.06, 199313380398857.7, 204945714229384.9, 201988543140918.78, 169693564896300.12, 163836582577712.53, 172516286180310.53, 175011528173873.3, 175858536036474.72, 180683671445218.06, 182822910554556.56, 190516592074283.38, 192562579761248.06, 198800551836138.53, 199296751027542.12, 207060729450355.16, 206932391325318.97, 199707531398415.03], [166304394456046.03, 171575429470437.94, 178081605165547.28, 185640124527518.44, 193739053238252.84, 201988543140918.78, 210372732884264.0, 164739672859202.3, 159885487680753.12, 169013504148537.53, 170468330654755.44, 170221743602399.22, 175836874719412.9, 177917924129134.3, 183179223872507.97, 186120134290175.03, 193602871295678.1, 192238028173077.72, 200354688385024.3, 200784436075497.4, 209662474787448.16], [208464089332926.56, 198912812461743.9, 189704379381720.28, 180982883664352.72, 175454784891626.28, 169693564896300.12, 164739672859202.3, 217941529875035.1, 205703633464718.47, 206878619495654.97, 197231662550534.0, 197880810191933.7, 190752076847092.56, 186607184465353.97, 179788549393014.44, 177948747131300.16, 174670175752020.3, 174873075473280.16, 169744155722140.78, 167686277367035.0, 167800382852599.3], [208262087988361.5, 198765585927626.12, 189839935727323.47, 178580584386741.06, 170990475465272.9, 163836582577712.53, 159885487680753.12, 205703633464718.47, 217693482020835.03, 206456543972190.4, 196407019563947.88, 198074546948791.06, 193045371537275.78, 187006276197676.66, 175818972954893.9, 177025465507234.7, 171260103089902.66, 169053827331511.16, 162796030470966.0, 161219952321189.72, 162623470215108.4], [209043176662856.12, 199337611610244.5, 191882774952164.16, 182635717561363.1, 176872932037273.56, 172516286180310.53, 169013504148537.53, 206878619495654.97, 206456543972190.4, 219134321275310.94, 197926929945120.12, 196469453906139.88, 192977220699169.3, 190411931158671.9, 179453151975799.12, 181441263759921.7, 176667873762449.97, 174296138415170.12, 172102225377703.8, 170882295478129.47, 172356355611489.72], [200264130095138.12, 208717985249244.88, 199984963638785.34, 192114948181468.56, 183201794196249.66, 175011528173873.3, 170468330654755.44, 197231662550534.0, 196407019563947.88, 197926929945120.12, 219896466384388.25, 208430780781828.06, 198220891043882.94, 198796630973793.47, 192308866521587.16, 190871873682702.28, 183044085678377.5, 181233480797347.8, 172364459218503.8, 173726888530767.06, 170325051311335.6], [200538008159174.1, 208871305012548.72, 200032437411303.88, 191892199313682.44, 184274736879189.75, 175858536036474.72, 170221743602399.22, 197880810191933.7, 198074546948791.06, 196469453906139.88, 208430780781828.06, 220203087246746.16, 197175278723764.94, 200135413251795.9, 192304499543096.53, 189194339011572.72, 183445655952512.47, 184170887816723.88, 173621195551722.94, 174921159746131.22, 169715225839997.2], [194462725389152.78, 200309637146988.62, 209232180553664.75, 200623445305027.12, 191058520941761.66, 180683671445218.06, 175836874719412.9, 190752076847092.56, 193045371537275.78, 192977220699169.3, 198220891043882.94, 197175278723764.94, 221129030291077.6, 209065323763771.2, 199144755190676.84, 200528495250009.22, 191370285326647.8, 189720316749606.78, 176698872724246.38, 179255944368329.75, 175368860609561.7], [190996232833601.53, 200352133084225.56, 208808877470738.28, 200118397218275.47, 191500633896469.53, 182822910554556.56, 177917924129134.3, 186607184465353.97, 187006276197676.66, 190411931158671.9, 198796630973793.47, 200135413251795.9, 209065323763771.2, 220024806138637.6, 199351035255725.03, 198617328763715.94, 191058385274124.03, 190164643689695.78, 179094056325248.5, 182435721524818.75, 177375537974573.03], [181563368998283.25, 192226667562495.47, 200467931705875.06, 208846421457429.3, 199867649405481.75, 190516592074283.38, 183179223872507.97, 179788549393014.44, 175818972954893.9, 179453151975799.12, 192308866521587.16, 192304499543096.53, 199144755190676.84, 199351035255725.03, 220482531293385.2, 208762577688072.8, 197108542588733.44, 200530650144554.62, 189753967790559.1, 188517167242723.34, 181460126039578.56], [181658346423036.97, 190903562972136.25, 200221048994398.38, 208444093614492.16, 199367079600491.84, 192562579761248.06, 186120134290175.03, 177948747131300.16, 177025465507234.7, 181441263759921.7, 190871873682702.28, 189194339011572.72, 200528495250009.22, 198617328763715.94, 208762577688072.8, 219724166747965.34, 197941667481625.06, 196530968792521.38, 192671294749129.66, 190646971667961.7, 184381742308475.8], [176593031495786.97, 184146412301115.28, 191940550499875.34, 199164274788259.1, 207540548523906.1, 198800551836138.53, 193602871295678.1, 174670175752020.3, 171260103089902.66, 176667873762449.97, 183044085678377.5, 183445655952512.47, 191370285326647.8, 191058385274124.03, 197108542588733.44, 197941667481625.06, 218648862191929.53, 207736357550499.62, 196941302190007.25, 195675349903684.88, 191159399041843.25], [175290257543537.84, 183386280119172.62, 191133403006268.1, 199625301737716.12, 208027627312014.53, 199296751027542.12, 192238028173077.72, 174873075473280.16, 169053827331511.16, 174296138415170.12, 181233480797347.8, 184170887816723.88, 189720316749606.78, 190164643689695.78, 200530650144554.62, 196530968792521.38, 207736357550499.62, 219547539374834.1, 196969364697086.03, 198312780560987.03, 188838622474474.5], [169794515426660.1, 174402801112419.25, 180422884441890.1, 190857010212437.94, 198373206238314.66, 207060729450355.16, 200354688385024.3, 169744155722140.78, 162796030470966.0, 172102225377703.8, 172364459218503.8, 173621195551722.94, 176698872724246.38, 179094056325248.5, 189753967790559.1, 192671294749129.66, 196941302190007.25, 196969364697086.03, 217850257737965.78, 205872617385689.3, 199281315627478.06], [168756010131654.4, 175252278677070.4, 182111642741694.53, 190304649105279.9, 198241238788127.34, 206932391325318.97, 200784436075497.4, 167686277367035.0, 161219952321189.72, 170882295478129.47, 173726888530767.06, 174921159746131.22, 179255944368329.75, 182435721524818.75, 188517167242723.34, 190646971667961.7, 195675349903684.88, 198312780560987.03, 205872617385689.3, 217412671907905.6, 195996522364338.7], [168769895899179.0, 171816567522918.9, 177514175832877.88, 183993916273803.7, 191203931788724.1, 199707531398415.03, 209662474787448.16, 167800382852599.3, 162623470215108.4, 172356355611489.72, 170325051311335.6, 169715225839997.2, 175368860609561.7, 177375537974573.03, 181460126039578.56, 184381742308475.8, 191159399041843.25, 188838622474474.5, 199281315627478.06, 195996522364338.7, 216273076948870.56], [2157318632655.393, 1630433074631.3806, 1407135468269.4702, 1222598649345.5586, 661622887927.1318, -6984867412.946135, -1983473685982.6445, 2501740901090.3916, 2183854638617.9275, 2213009697913.6655, 1443332647633.7615, 1523715337599.039, 1432735900572.7373, 1305684647385.9695, 1505223571655.9878, 1194840767150.7087, 659498602847.9324, 715429591824.2266, 1102029851120.198, -153549084884.80014, 278183280085.21405]]}}