{"resp_b": 0.1, "restrained_fit": true, "exclude_hydrogens": true, "convergence_tolerance": 1e-06, "max_iter": 500, "resp_a": 0.0005, "charge_constraints": {"charge_sum_constraints": [], "charge_equivalence_constraints": [], "molecules": [{"qcmol": {"schema_name": "qcschema_molecule", "schema_version": 2, "validated": true, "symbols": ["C", "C", "C", "C", "C", "C", "O", "H", "H", "H", "H", "H", "H", "H", "H", "H", "H", "H", "H", "H", "H"], "geometry": [[0.0, -0.0, 0.0], [2.89088080499577, 1.2378858684173003e-16, 1.0160621415614222e-15], [4.0873658567657785, 2.639318493425558, 2.1094237467877974e-15], [3.64750792077493, 4.2975173717426385, -2.3422921441517266], [4.822265195216322, 3.3193500872421304, -4.821212781159413], [3.0151390826916917, 1.8494359320073273, -6.504493112780916], [4.341818284633469, 1.1404497479058409, -8.691992696228471], [-0.730561105418327, -1.9136127678928438, 0.11870189501513062], [-0.7334385506413273, 1.0476152443750781, 1.6064972279741527], [-0.7750403745801521, 0.8493807903166939, -1.6979859464352718], [3.5865218559444636, -1.0915448049623981, -1.5938776258425962], [3.542290597279522, -0.9887943345456177, 1.6792030651154846], [3.399247124304943, 3.661169858619881, 1.6472739864092616], [6.1156423853846285, 2.434259656658388, 0.2657213107084114], [4.4565872520059, 6.1378578705609055, -1.928825366012941], [1.636554651901223, 4.634605669409435, -2.605399626448885], [6.455078298108894, 2.138772988594363, -4.427249946822006], [5.512371101865327, 4.8997327109410875, -5.931689812075081], [1.4045002706970753, 3.036318447703584, -6.988912504920407], [2.2867887820511927, 0.18966130203734893, -5.539033339370034], [3.2570763915402465, 0.2310776283520417, -9.78557181379606]], "name": "C6H14O", "identifiers": {"molecule_hash": "cdea43ce3ddc61fc5da03d020979c9fe08d4f39a", "molecular_formula": "C6H14O"}, "molecular_charge": 0.0, "molecular_multiplicity": 1, "connectivity": [[0, 1, 1.0], [0, 7, 1.0], [0, 8, 1.0], [0, 9, 1.0], [1, 2, 1.0], [1, 10, 1.0], [1, 11, 1.0], [2, 3, 1.0], [2, 12, 1.0], [2, 13, 1.0], [3, 4, 1.0], [3, 14, 1.0], [3, 15, 1.0], [4, 5, 1.0], [4, 16, 1.0], [4, 17, 1.0], [5, 6, 1.0], [5, 18, 1.0], [5, 19, 1.0], [6, 20, 1.0]], "fix_com": true, "fix_orientation": true, "provenance": {"creator": "QCElemental", "version": "v0.22.0", "routine": "qcelemental.molparse.from_schema"}, "id": "55719"}, "charge": 0, "optimize_geometry": false, "conformers": [], "conformer_generation_options": {"n_conformer_pool": 4000, "n_max_conformers": 0, "rms_tolerance": 0.05, "energy_window": 15, "keep_original_conformer": true}, "stage_1_unrestrained_charges": null, "stage_1_restrained_charges": null, "stage_2_unrestrained_charges": null, "stage_2_restrained_charges": null, "keep_original_orientation": false, "reorientations": [], "translations": [], "rotations": []}], "unconstrained_atoms": [{"index": 0, "molecule": {"qcmol": {"schema_name": "qcschema_molecule", "schema_version": 2, "validated": true, "symbols": ["C", "C", "C", "C", "C", "C", "O", "H", "H", "H", "H", "H", "H", "H", "H", "H", "H", "H", "H", "H", "H"], "geometry": [[0.0, -0.0, 0.0], [2.89088080499577, 1.2378858684173003e-16, 1.0160621415614222e-15], [4.0873658567657785, 2.639318493425558, 2.1094237467877974e-15], [3.64750792077493, 4.2975173717426385, -2.3422921441517266], [4.822265195216322, 3.3193500872421304, -4.821212781159413], [3.0151390826916917, 1.8494359320073273, -6.504493112780916], [4.341818284633469, 1.1404497479058409, -8.691992696228471], [-0.730561105418327, -1.9136127678928438, 0.11870189501513062], [-0.7334385506413273, 1.0476152443750781, 1.6064972279741527], [-0.7750403745801521, 0.8493807903166939, -1.6979859464352718], [3.5865218559444636, -1.0915448049623981, -1.5938776258425962], [3.542290597279522, -0.9887943345456177, 1.6792030651154846], [3.399247124304943, 3.661169858619881, 1.6472739864092616], [6.1156423853846285, 2.434259656658388, 0.2657213107084114], [4.4565872520059, 6.1378578705609055, -1.928825366012941], [1.636554651901223, 4.634605669409435, -2.605399626448885], [6.455078298108894, 2.138772988594363, -4.427249946822006], [5.512371101865327, 4.8997327109410875, -5.931689812075081], [1.4045002706970753, 3.036318447703584, -6.988912504920407], [2.2867887820511927, 0.18966130203734893, -5.539033339370034], [3.2570763915402465, 0.2310776283520417, -9.78557181379606]], "name": "C6H14O", "identifiers": {"molecule_hash": "cdea43ce3ddc61fc5da03d020979c9fe08d4f39a", "molecular_formula": "C6H14O"}, "molecular_charge": 0.0, "molecular_multiplicity": 1, "connectivity": [[0, 1, 1.0], [0, 7, 1.0], [0, 8, 1.0], [0, 9, 1.0], [1, 2, 1.0], [1, 10, 1.0], [1, 11, 1.0], [2, 3, 1.0], [2, 12, 1.0], [2, 13, 1.0], [3, 4, 1.0], [3, 14, 1.0], [3, 15, 1.0], [4, 5, 1.0], [4, 16, 1.0], [4, 17, 1.0], [5, 6, 1.0], [5, 18, 1.0], [5, 19, 1.0], [6, 20, 1.0]], "fix_com": true, "fix_orientation": true, "provenance": {"creator": "QCElemental", "version": "v0.22.0", "routine": "qcelemental.molparse.from_schema"}, "id": "55719"}, "charge": 0, "optimize_geometry": false, "conformers": [], "conformer_generation_options": {"n_conformer_pool": 4000, "n_max_conformers": 0, "rms_tolerance": 0.05, "energy_window": 15, "keep_original_conformer": true}, "stage_1_unrestrained_charges": null, "stage_1_restrained_charges": null, "stage_2_unrestrained_charges": null, "stage_2_restrained_charges": null, "keep_original_orientation": false, "reorientations": [], "translations": [], "rotations": []}}, {"index": 1, "molecule": {"qcmol": {"schema_name": "qcschema_molecule", "schema_version": 2, "validated": true, "symbols": ["C", "C", "C", "C", "C", "C", "O", "H", "H", "H", "H", "H", "H", "H", "H", "H", "H", "H", "H", "H", "H"], "geometry": [[0.0, -0.0, 0.0], [2.89088080499577, 1.2378858684173003e-16, 1.0160621415614222e-15], [4.0873658567657785, 2.639318493425558, 2.1094237467877974e-15], [3.64750792077493, 4.2975173717426385, -2.3422921441517266], [4.822265195216322, 3.3193500872421304, -4.821212781159413], [3.0151390826916917, 1.8494359320073273, -6.504493112780916], [4.341818284633469, 1.1404497479058409, -8.691992696228471], [-0.730561105418327, -1.9136127678928438, 0.11870189501513062], [-0.7334385506413273, 1.0476152443750781, 1.6064972279741527], [-0.7750403745801521, 0.8493807903166939, -1.6979859464352718], [3.5865218559444636, -1.0915448049623981, -1.5938776258425962], [3.542290597279522, -0.9887943345456177, 1.6792030651154846], [3.399247124304943, 3.661169858619881, 1.6472739864092616], [6.1156423853846285, 2.434259656658388, 0.2657213107084114], [4.4565872520059, 6.1378578705609055, -1.928825366012941], [1.636554651901223, 4.634605669409435, -2.605399626448885], [6.455078298108894, 2.138772988594363, -4.427249946822006], [5.512371101865327, 4.8997327109410875, -5.931689812075081], [1.4045002706970753, 3.036318447703584, -6.988912504920407], [2.2867887820511927, 0.18966130203734893, -5.539033339370034], [3.2570763915402465, 0.2310776283520417, -9.78557181379606]], "name": "C6H14O", "identifiers": {"molecule_hash": "cdea43ce3ddc61fc5da03d020979c9fe08d4f39a", "molecular_formula": "C6H14O"}, "molecular_charge": 0.0, "molecular_multiplicity": 1, "connectivity": [[0, 1, 1.0], [0, 7, 1.0], [0, 8, 1.0], [0, 9, 1.0], [1, 2, 1.0], [1, 10, 1.0], [1, 11, 1.0], [2, 3, 1.0], [2, 12, 1.0], [2, 13, 1.0], [3, 4, 1.0], [3, 14, 1.0], [3, 15, 1.0], [4, 5, 1.0], [4, 16, 1.0], [4, 17, 1.0], [5, 6, 1.0], [5, 18, 1.0], [5, 19, 1.0], [6, 20, 1.0]], "fix_com": true, "fix_orientation": true, "provenance": {"creator": "QCElemental", "version": "v0.22.0", "routine": "qcelemental.molparse.from_schema"}, "id": "55719"}, "charge": 0, "optimize_geometry": false, "conformers": [], "conformer_generation_options": {"n_conformer_pool": 4000, "n_max_conformers": 0, "rms_tolerance": 0.05, "energy_window": 15, "keep_original_conformer": true}, "stage_1_unrestrained_charges": null, "stage_1_restrained_charges": null, "stage_2_unrestrained_charges": null, "stage_2_restrained_charges": null, "keep_original_orientation": false, "reorientations": [], "translations": [], "rotations": []}}, {"index": 2, "molecule": {"qcmol": {"schema_name": "qcschema_molecule", "schema_version": 2, "validated": true, "symbols": ["C", "C", "C", "C", "C", "C", "O", "H", "H", "H", "H", "H", "H", "H", "H", "H", "H", "H", "H", "H", "H"], "geometry": [[0.0, -0.0, 0.0], [2.89088080499577, 1.2378858684173003e-16, 1.0160621415614222e-15], [4.0873658567657785, 2.639318493425558, 2.1094237467877974e-15], [3.64750792077493, 4.2975173717426385, -2.3422921441517266], [4.822265195216322, 3.3193500872421304, -4.821212781159413], [3.0151390826916917, 1.8494359320073273, -6.504493112780916], [4.341818284633469, 1.1404497479058409, -8.691992696228471], [-0.730561105418327, -1.9136127678928438, 0.11870189501513062], [-0.7334385506413273, 1.0476152443750781, 1.6064972279741527], [-0.7750403745801521, 0.8493807903166939, -1.6979859464352718], [3.5865218559444636, -1.0915448049623981, -1.5938776258425962], [3.542290597279522, -0.9887943345456177, 1.6792030651154846], [3.399247124304943, 3.661169858619881, 1.6472739864092616], [6.1156423853846285, 2.434259656658388, 0.2657213107084114], [4.4565872520059, 6.1378578705609055, -1.928825366012941], [1.636554651901223, 4.634605669409435, -2.605399626448885], [6.455078298108894, 2.138772988594363, -4.427249946822006], [5.512371101865327, 4.8997327109410875, -5.931689812075081], [1.4045002706970753, 3.036318447703584, -6.988912504920407], [2.2867887820511927, 0.18966130203734893, -5.539033339370034], [3.2570763915402465, 0.2310776283520417, -9.78557181379606]], "name": "C6H14O", "identifiers": {"molecule_hash": "cdea43ce3ddc61fc5da03d020979c9fe08d4f39a", "molecular_formula": "C6H14O"}, "molecular_charge": 0.0, "molecular_multiplicity": 1, "connectivity": [[0, 1, 1.0], [0, 7, 1.0], [0, 8, 1.0], [0, 9, 1.0], [1, 2, 1.0], [1, 10, 1.0], [1, 11, 1.0], [2, 3, 1.0], [2, 12, 1.0], [2, 13, 1.0], [3, 4, 1.0], [3, 14, 1.0], [3, 15, 1.0], [4, 5, 1.0], [4, 16, 1.0], [4, 17, 1.0], [5, 6, 1.0], [5, 18, 1.0], [5, 19, 1.0], [6, 20, 1.0]], "fix_com": true, "fix_orientation": true, "provenance": {"creator": "QCElemental", "version": "v0.22.0", "routine": "qcelemental.molparse.from_schema"}, "id": "55719"}, "charge": 0, "optimize_geometry": false, "conformers": [], "conformer_generation_options": {"n_conformer_pool": 4000, "n_max_conformers": 0, "rms_tolerance": 0.05, "energy_window": 15, "keep_original_conformer": true}, "stage_1_unrestrained_charges": null, "stage_1_restrained_charges": null, "stage_2_unrestrained_charges": null, "stage_2_restrained_charges": null, "keep_original_orientation": false, "reorientations": [], "translations": [], "rotations": []}}, {"index": 3, "molecule": {"qcmol": {"schema_name": "qcschema_molecule", "schema_version": 2, "validated": true, "symbols": ["C", "C", "C", "C", "C", "C", "O", "H", "H", "H", "H", "H", "H", "H", "H", "H", "H", "H", "H", "H", "H"], "geometry": [[0.0, -0.0, 0.0], [2.89088080499577, 1.2378858684173003e-16, 1.0160621415614222e-15], [4.0873658567657785, 2.639318493425558, 2.1094237467877974e-15], [3.64750792077493, 4.2975173717426385, -2.3422921441517266], [4.822265195216322, 3.3193500872421304, -4.821212781159413], [3.0151390826916917, 1.8494359320073273, -6.504493112780916], [4.341818284633469, 1.1404497479058409, -8.691992696228471], [-0.730561105418327, -1.9136127678928438, 0.11870189501513062], [-0.7334385506413273, 1.0476152443750781, 1.6064972279741527], [-0.7750403745801521, 0.8493807903166939, -1.6979859464352718], [3.5865218559444636, -1.0915448049623981, -1.5938776258425962], [3.542290597279522, -0.9887943345456177, 1.6792030651154846], [3.399247124304943, 3.661169858619881, 1.6472739864092616], [6.1156423853846285, 2.434259656658388, 0.2657213107084114], [4.4565872520059, 6.1378578705609055, -1.928825366012941], [1.636554651901223, 4.634605669409435, -2.605399626448885], [6.455078298108894, 2.138772988594363, -4.427249946822006], [5.512371101865327, 4.8997327109410875, -5.931689812075081], [1.4045002706970753, 3.036318447703584, -6.988912504920407], [2.2867887820511927, 0.18966130203734893, -5.539033339370034], [3.2570763915402465, 0.2310776283520417, -9.78557181379606]], "name": "C6H14O", "identifiers": {"molecule_hash": "cdea43ce3ddc61fc5da03d020979c9fe08d4f39a", "molecular_formula": "C6H14O"}, "molecular_charge": 0.0, "molecular_multiplicity": 1, "connectivity": [[0, 1, 1.0], [0, 7, 1.0], [0, 8, 1.0], [0, 9, 1.0], [1, 2, 1.0], [1, 10, 1.0], [1, 11, 1.0], [2, 3, 1.0], [2, 12, 1.0], [2, 13, 1.0], [3, 4, 1.0], [3, 14, 1.0], [3, 15, 1.0], [4, 5, 1.0], [4, 16, 1.0], [4, 17, 1.0], [5, 6, 1.0], [5, 18, 1.0], [5, 19, 1.0], [6, 20, 1.0]], "fix_com": true, "fix_orientation": true, "provenance": {"creator": "QCElemental", "version": "v0.22.0", "routine": "qcelemental.molparse.from_schema"}, "id": "55719"}, "charge": 0, "optimize_geometry": false, "conformers": [], "conformer_generation_options": {"n_conformer_pool": 4000, "n_max_conformers": 0, "rms_tolerance": 0.05, "energy_window": 15, "keep_original_conformer": true}, "stage_1_unrestrained_charges": null, "stage_1_restrained_charges": null, "stage_2_unrestrained_charges": null, "stage_2_restrained_charges": null, "keep_original_orientation": false, "reorientations": [], "translations": [], "rotations": []}}, {"index": 4, "molecule": {"qcmol": {"schema_name": "qcschema_molecule", "schema_version": 2, "validated": true, "symbols": ["C", "C", "C", "C", "C", "C", "O", "H", "H", "H", "H", "H", "H", "H", "H", "H", "H", "H", "H", "H", "H"], "geometry": [[0.0, -0.0, 0.0], [2.89088080499577, 1.2378858684173003e-16, 1.0160621415614222e-15], [4.0873658567657785, 2.639318493425558, 2.1094237467877974e-15], [3.64750792077493, 4.2975173717426385, -2.3422921441517266], [4.822265195216322, 3.3193500872421304, -4.821212781159413], [3.0151390826916917, 1.8494359320073273, -6.504493112780916], [4.341818284633469, 1.1404497479058409, -8.691992696228471], [-0.730561105418327, -1.9136127678928438, 0.11870189501513062], [-0.7334385506413273, 1.0476152443750781, 1.6064972279741527], [-0.7750403745801521, 0.8493807903166939, -1.6979859464352718], [3.5865218559444636, -1.0915448049623981, -1.5938776258425962], [3.542290597279522, -0.9887943345456177, 1.6792030651154846], [3.399247124304943, 3.661169858619881, 1.6472739864092616], [6.1156423853846285, 2.434259656658388, 0.2657213107084114], [4.4565872520059, 6.1378578705609055, -1.928825366012941], [1.636554651901223, 4.634605669409435, -2.605399626448885], [6.455078298108894, 2.138772988594363, -4.427249946822006], [5.512371101865327, 4.8997327109410875, -5.931689812075081], [1.4045002706970753, 3.036318447703584, -6.988912504920407], [2.2867887820511927, 0.18966130203734893, -5.539033339370034], [3.2570763915402465, 0.2310776283520417, -9.78557181379606]], "name": "C6H14O", "identifiers": {"molecule_hash": "cdea43ce3ddc61fc5da03d020979c9fe08d4f39a", "molecular_formula": "C6H14O"}, "molecular_charge": 0.0, "molecular_multiplicity": 1, "connectivity": [[0, 1, 1.0], [0, 7, 1.0], [0, 8, 1.0], [0, 9, 1.0], [1, 2, 1.0], [1, 10, 1.0], [1, 11, 1.0], [2, 3, 1.0], [2, 12, 1.0], [2, 13, 1.0], [3, 4, 1.0], [3, 14, 1.0], [3, 15, 1.0], [4, 5, 1.0], [4, 16, 1.0], [4, 17, 1.0], [5, 6, 1.0], [5, 18, 1.0], [5, 19, 1.0], [6, 20, 1.0]], "fix_com": true, "fix_orientation": true, "provenance": {"creator": "QCElemental", "version": "v0.22.0", "routine": "qcelemental.molparse.from_schema"}, "id": "55719"}, "charge": 0, "optimize_geometry": false, "conformers": [], "conformer_generation_options": {"n_conformer_pool": 4000, "n_max_conformers": 0, "rms_tolerance": 0.05, "energy_window": 15, "keep_original_conformer": true}, "stage_1_unrestrained_charges": null, "stage_1_restrained_charges": null, "stage_2_unrestrained_charges": null, "stage_2_restrained_charges": null, "keep_original_orientation": false, "reorientations": [], "translations": [], "rotations": []}}, {"index": 5, "molecule": {"qcmol": {"schema_name": "qcschema_molecule", "schema_version": 2, "validated": true, "symbols": ["C", "C", "C", "C", "C", "C", "O", "H", "H", "H", "H", "H", "H", "H", "H", "H", "H", "H", "H", "H", "H"], "geometry": [[0.0, -0.0, 0.0], [2.89088080499577, 1.2378858684173003e-16, 1.0160621415614222e-15], [4.0873658567657785, 2.639318493425558, 2.1094237467877974e-15], [3.64750792077493, 4.2975173717426385, -2.3422921441517266], [4.822265195216322, 3.3193500872421304, -4.821212781159413], [3.0151390826916917, 1.8494359320073273, -6.504493112780916], [4.341818284633469, 1.1404497479058409, -8.691992696228471], [-0.730561105418327, -1.9136127678928438, 0.11870189501513062], [-0.7334385506413273, 1.0476152443750781, 1.6064972279741527], [-0.7750403745801521, 0.8493807903166939, -1.6979859464352718], [3.5865218559444636, -1.0915448049623981, -1.5938776258425962], [3.542290597279522, -0.9887943345456177, 1.6792030651154846], [3.399247124304943, 3.661169858619881, 1.6472739864092616], [6.1156423853846285, 2.434259656658388, 0.2657213107084114], [4.4565872520059, 6.1378578705609055, -1.928825366012941], [1.636554651901223, 4.634605669409435, -2.605399626448885], [6.455078298108894, 2.138772988594363, -4.427249946822006], [5.512371101865327, 4.8997327109410875, -5.931689812075081], [1.4045002706970753, 3.036318447703584, -6.988912504920407], [2.2867887820511927, 0.18966130203734893, -5.539033339370034], [3.2570763915402465, 0.2310776283520417, -9.78557181379606]], "name": "C6H14O", "identifiers": {"molecule_hash": "cdea43ce3ddc61fc5da03d020979c9fe08d4f39a", "molecular_formula": "C6H14O"}, "molecular_charge": 0.0, "molecular_multiplicity": 1, "connectivity": [[0, 1, 1.0], [0, 7, 1.0], [0, 8, 1.0], [0, 9, 1.0], [1, 2, 1.0], [1, 10, 1.0], [1, 11, 1.0], [2, 3, 1.0], [2, 12, 1.0], [2, 13, 1.0], [3, 4, 1.0], [3, 14, 1.0], [3, 15, 1.0], [4, 5, 1.0], [4, 16, 1.0], [4, 17, 1.0], [5, 6, 1.0], [5, 18, 1.0], [5, 19, 1.0], [6, 20, 1.0]], "fix_com": true, "fix_orientation": true, "provenance": {"creator": "QCElemental", "version": "v0.22.0", "routine": "qcelemental.molparse.from_schema"}, "id": "55719"}, "charge": 0, "optimize_geometry": false, "conformers": [], "conformer_generation_options": {"n_conformer_pool": 4000, "n_max_conformers": 0, "rms_tolerance": 0.05, "energy_window": 15, "keep_original_conformer": true}, "stage_1_unrestrained_charges": null, "stage_1_restrained_charges": null, "stage_2_unrestrained_charges": null, "stage_2_restrained_charges": null, "keep_original_orientation": false, "reorientations": [], "translations": [], "rotations": []}}]}, "surface_constraints": {"matrix": [[207729162697387.06, 201126499643265.5, 193038468388146.97, 183548631121831.8, 176876315763340.5, 170635350298341.5, 166300202014930.38, 208458875115272.66, 208256874729052.84, 209037947715777.84, 200259127418437.12, 200532996866904.94, 194457877218670.72, 190991473680888.3, 181558819361530.88, 181653788758645.0, 176588578156340.7, 175285865924895.56, 169790249436203.1, 168751796754157.78, 168765615249970.38], [201126499643265.5, 206074940270082.44, 200473825241289.25, 192509904935280.9, 184553310010775.12, 176557744175832.22, 171571120806641.5, 198907842179885.5, 198760615858284.94, 199332631065599.72, 208712775200787.72, 208866090281455.75, 200304638694600.34, 200347135736464.94, 192221878641773.78, 190898802265682.78, 184141785191746.66, 183381692015341.06, 174398444057851.1, 175247914022765.2, 171812227489699.2], [193038468388146.97, 200473825241289.25, 205885745947525.6, 200384118855411.78, 192179322708397.84, 183298817712975.78, 178077144127276.53, 189699647990987.1, 189835188257141.84, 191877982636721.97, 199979973036862.75, 200027446215227.56, 209226960351242.34, 208803671116568.16, 200462928803805.84, 200216051346185.9, 191935742364437.84, 191128638652088.44, 180418392888146.56, 182107127466169.53, 177509701816020.78], [183548631121831.8, 192509904935280.9, 200384118855411.78, 205525453370496.8, 199743791162775.16, 191913119039129.9, 185635470758070.94, 180978346237664.75, 178576106509967.72, 182631131498197.5, 192110170436737.25, 191887409961353.6, 200618437568098.47, 200113406142463.22, 208841207766958.7, 208438887587464.9, 199159298501292.12, 199620315549270.78, 190852246388707.47, 190299908902387.97, 183989275091934.1], [176876315763340.5, 184553310010775.12, 192179322708397.84, 199743791162775.16, 204818299146937.75, 199308398468128.12, 193734209140838.88, 175450385711722.0, 170986177214862.2, 176868478024886.78, 183197221472717.56, 184270112865585.84, 191053763114846.56, 191495853995910.25, 199862658995569.94, 199362098370901.88, 207535357977776.03, 208022427528019.78, 198368248852136.03, 198236284586632.75, 191199134239862.72], [170635350298341.5, 176557744175832.22, 183298817712975.78, 191913119039129.9, 199308398468128.12, 204940591120565.9, 201983489761187.84, 169689308090080.03, 163832467906300.44, 172511941722063.84, 175007169961623.8, 175854122337212.84, 180679181362748.44, 182818362126768.75, 190511818049115.56, 192557776935838.75, 198795578961191.03, 199291769149073.2, 207055554798993.0, 206927220014431.16, 199702533035941.94], [166300202014930.38, 171571120806641.5, 178077144127276.53, 185635470758070.94, 193734209140838.88, 201983489761187.84, 210367464385822.72, 164735523787993.12, 159881457061499.28, 169009225970466.84, 170464063693719.66, 170217459863417.72, 175832485056174.5, 177913462802073.94, 183174610851410.88, 186115475533511.88, 193598036240329.4, 192233227681354.06, 200349676396001.7, 200779413634475.0, 209657221217974.78], [208458875115272.66, 198907842179885.5, 189699647990987.1, 180978346237664.75, 175450385711722.0, 169689308090080.03, 164735523787993.12, 217936078245117.84, 205698483879688.62, 206873443681734.66, 197226725186549.6, 197875869310608.8, 190747334844309.78, 186602541140359.03, 179784037968458.0, 177944269924206.28, 174665780889873.8, 174868705578669.25, 169739886387189.44, 167682096628832.06, 167796128923485.06], [208256874729052.84, 198760615858284.94, 189835188257141.84, 178576106509967.72, 170986177214862.2, 163832467906300.44, 159881457061499.28, 205698483879688.62, 217688028245644.9, 206451374258518.84, 196402107953214.9, 198069597593094.0, 193040546259728.2, 187001606954709.03, 175814567207343.38, 177021022003928.25, 171255777043436.84, 169049585775076.2, 162791939968781.4, 161215922988515.88, 162619345693123.56], [209037947715777.84, 199332631065599.72, 191877982636721.97, 182631131498197.5, 176868478024886.78, 172511941722063.84, 169009225970466.84, 206873443681734.66, 206451374258518.84, 219128839352977.12, 197921996121710.28, 196464533889611.06, 192972408748693.06, 190407190052978.9, 179448639471048.4, 181436703478856.38, 176663402526857.97, 174291760250317.03, 172097886394659.88, 170878017331270.88, 172351967257444.8], [200259127418437.12, 208712775200787.72, 199979973036862.75, 192110170436737.25, 183197221472717.56, 175007169961623.8, 170464063693719.66, 197226725186549.6, 196402107953214.9, 197921996121710.28, 219890978204644.0, 208425576560164.12, 198215928091758.6, 198791672218828.97, 192304088520488.44, 190867145900490.6, 183039499726633.53, 181228951633597.56, 172360178790043.97, 173722577657683.1, 170320763608677.66], [200532996866904.94, 208866090281455.75, 200027446215227.56, 191887409961353.6, 184270112865585.84, 175854122337212.84, 170217459863417.72, 197875869310608.8, 198069597593094.0, 196464533889611.06, 208425576560164.12, 220197588578311.9, 197170367802060.47, 200130412568094.9, 192299721578207.22, 189189612837251.72, 183441033391845.22, 184166265135526.03, 173616838871466.9, 174916779576863.12, 169710931403330.78], [194457877218670.72, 200304638694600.34, 209226960351242.34, 200618437568098.47, 191053763114846.56, 180679181362748.44, 175832485056174.5, 190747334844309.78, 193040546259728.2, 192972408748693.06, 198215928091758.6, 197170367802060.47, 221123512720902.9, 209060109572154.47, 199139786966181.78, 200523472642640.22, 191365496568452.5, 189715612672851.34, 176694479216025.12, 179251518360736.8, 175364451902120.4], [190991473680888.3, 200347135736464.94, 208803671116568.16, 200113406142463.22, 191495853995910.25, 182818362126768.75, 177913462802073.94, 186602541140359.03, 187001606954709.03, 190407190052978.9, 198791672218828.97, 200130412568094.9, 209060109572154.47, 220019322689211.53, 199346051378377.06, 198612385661549.53, 191053596431713.34, 190159899287663.22, 179089613492425.56, 182431211905509.25, 177371066752346.34], [181558819361530.88, 192221878641773.78, 200462928803805.84, 208841207766958.7, 199862658995569.94, 190511818049115.56, 183174610851410.88, 179784037968458.0, 175814567207343.38, 179448639471048.4, 192304088520488.44, 192299721578207.22, 199139786966181.78, 199346051378377.06, 220477027433163.56, 208757362274888.56, 197103630985927.9, 200525644436812.25, 189749210499864.72, 188512455403365.0, 181455519328269.22], [181653788758645.0, 190898802265682.78, 200216051346185.9, 208438887587464.9, 199362098370901.88, 192557776935838.75, 186115475533511.88, 177944269924206.28, 177021022003928.25, 181436703478856.38, 190867145900490.6, 189189612837251.72, 200523472642640.22, 198612385661549.53, 208757362274888.56, 219718677227066.94, 197936720514407.62, 196526048953295.16, 192666497932929.44, 190642230119470.94, 184377096398332.5], [176588578156340.7, 184141785191746.66, 191935742364437.84, 199159298501292.12, 207535357977776.03, 198795578961191.03, 193598036240329.4, 174665780889873.8, 171255777043436.84, 176663402526857.97, 183039499726633.53, 183441033391845.22, 191365496568452.5, 191053596431713.34, 197103630985927.9, 197936720514407.62, 218643390041317.7, 207731161394015.75, 196936381078558.75, 195670444089096.88, 191154608233305.03], [175285865924895.56, 183381692015341.06, 191128638652088.44, 199620315549270.78, 208022427528019.78, 199291769149073.2, 192233227681354.06, 174868705578669.25, 169049585775076.2, 174291760250317.03, 181228951633597.56, 184166265135526.03, 189715612672851.34, 190159899287663.22, 200525644436812.25, 196526048953295.16, 207731161394015.75, 219542051549180.16, 196964435702428.22, 198307825355842.25, 188833890320486.3], [169790249436203.1, 174398444057851.1, 180418392888146.56, 190852246388707.47, 198368248852136.03, 207055554798993.0, 200349676396001.7, 169739886387189.44, 162791939968781.4, 172097886394659.88, 172360178790043.97, 173616838871466.9, 176694479216025.12, 179089613492425.56, 189749210499864.72, 192666497932929.44, 196936381078558.75, 196964435702428.22, 217844815032644.94, 205867474154074.9, 199276328921170.38], [168751796754157.78, 175247914022765.2, 182107127466169.53, 190299908902387.97, 198236284586632.75, 206927220014431.16, 200779413634475.0, 167682096628832.06, 161215922988515.88, 170878017331270.88, 173722577657683.1, 174916779576863.12, 179251518360736.8, 182431211905509.25, 188512455403365.0, 190642230119470.94, 195670444089096.88, 198307825355842.25, 205867474154074.9, 217407240264497.94, 195991629338507.22], [168765615249970.38, 171812227489699.2, 177509701816020.78, 183989275091934.1, 191199134239862.72, 199702533035941.94, 209657221217974.78, 167796128923485.06, 162619345693123.56, 172351967257444.8, 170320763608677.66, 169710931403330.78, 175364451902120.4, 177371066752346.34, 181455519328269.22, 184377096398332.5, 191154608233305.03, 188833890320486.3, 199276328921170.38, 195991629338507.22, 216267654876889.28], [1774307354307.686, 1396532848286.1545, 1212724071314.0417, 1032522245693.5917, 553629279804.5586, 10308501939.74349, -1642482007216.2412, 2018437985914.74, 1803901568674.7812, 1817379635788.5732, 1274770602449.9163, 1323246005549.7722, 1230765702838.0884, 1156838520557.6462, 1240056573669.8508, 1027423791541.3444, 563868942710.3757, 567620281121.423, 888571566668.1714, -56956808250.48006, 334489541915.4039]]}}