{"resp_b": 0.1, "restrained_fit": true, "exclude_hydrogens": true, "convergence_tolerance": 1e-06, "max_iter": 500, "resp_a": 0.0005, "charge_constraints": {"charge_sum_constraints": [], "charge_equivalence_constraints": [], "molecules": [{"qcmol": {"schema_name": "qcschema_molecule", "schema_version": 2, "validated": true, "symbols": ["C", "C", "C", "C", "C", "C", "O", "H", "H", "H", "H", "H", "H", "H", "H", "H", "H", "H", "H", "H", "H"], "geometry": [[0.0, -0.0, 0.0], [2.89088080499577, 1.2378858684173003e-16, 1.0160621415614222e-15], [4.0873658567657785, 2.639318493425558, 2.1094237467877974e-15], [3.64750792077493, 4.2975173717426385, -2.3422921441517266], [4.822265195216322, 3.3193500872421304, -4.821212781159413], [3.0151390826916917, 1.8494359320073273, -6.504493112780916], [4.341818284633469, 1.1404497479058409, -8.691992696228471], [-0.730561105418327, -1.9136127678928438, 0.11870189501513062], [-0.7334385506413273, 1.0476152443750781, 1.6064972279741527], [-0.7750403745801521, 0.8493807903166939, -1.6979859464352718], [3.5865218559444636, -1.0915448049623981, -1.5938776258425962], [3.542290597279522, -0.9887943345456177, 1.6792030651154846], [3.399247124304943, 3.661169858619881, 1.6472739864092616], [6.1156423853846285, 2.434259656658388, 0.2657213107084114], [4.4565872520059, 6.1378578705609055, -1.928825366012941], [1.636554651901223, 4.634605669409435, -2.605399626448885], [6.455078298108894, 2.138772988594363, -4.427249946822006], [5.512371101865327, 4.8997327109410875, -5.931689812075081], [1.4045002706970753, 3.036318447703584, -6.988912504920407], [2.2867887820511927, 0.18966130203734893, -5.539033339370034], [3.2570763915402465, 0.2310776283520417, -9.78557181379606]], "name": "C6H14O", "identifiers": {"molecule_hash": "cdea43ce3ddc61fc5da03d020979c9fe08d4f39a", "molecular_formula": "C6H14O"}, "molecular_charge": 0.0, "molecular_multiplicity": 1, "connectivity": [[0, 1, 1.0], [0, 7, 1.0], [0, 8, 1.0], [0, 9, 1.0], [1, 2, 1.0], [1, 10, 1.0], [1, 11, 1.0], [2, 3, 1.0], [2, 12, 1.0], [2, 13, 1.0], [3, 4, 1.0], [3, 14, 1.0], [3, 15, 1.0], [4, 5, 1.0], [4, 16, 1.0], [4, 17, 1.0], [5, 6, 1.0], [5, 18, 1.0], [5, 19, 1.0], [6, 20, 1.0]], "fix_com": true, "fix_orientation": true, "provenance": {"creator": "QCElemental", "version": "v0.22.0", "routine": "qcelemental.molparse.from_schema"}, "id": "55719"}, "charge": 0, "optimize_geometry": false, "conformers": [], "conformer_generation_options": {"n_conformer_pool": 4000, "n_max_conformers": 0, "rms_tolerance": 0.05, "energy_window": 15, "keep_original_conformer": true}, "stage_1_unrestrained_charges": null, "stage_1_restrained_charges": null, "stage_2_unrestrained_charges": null, "stage_2_restrained_charges": null, "keep_original_orientation": false, "reorientations": [], "translations": [], "rotations": []}], "unconstrained_atoms": [{"index": 0, "molecule": {"qcmol": {"schema_name": "qcschema_molecule", "schema_version": 2, "validated": true, "symbols": ["C", "C", "C", "C", "C", "C", "O", "H", "H", "H", "H", "H", "H", "H", "H", "H", "H", "H", "H", "H", "H"], "geometry": [[0.0, -0.0, 0.0], [2.89088080499577, 1.2378858684173003e-16, 1.0160621415614222e-15], [4.0873658567657785, 2.639318493425558, 2.1094237467877974e-15], [3.64750792077493, 4.2975173717426385, -2.3422921441517266], [4.822265195216322, 3.3193500872421304, -4.821212781159413], [3.0151390826916917, 1.8494359320073273, -6.504493112780916], [4.341818284633469, 1.1404497479058409, -8.691992696228471], [-0.730561105418327, -1.9136127678928438, 0.11870189501513062], [-0.7334385506413273, 1.0476152443750781, 1.6064972279741527], [-0.7750403745801521, 0.8493807903166939, -1.6979859464352718], [3.5865218559444636, -1.0915448049623981, -1.5938776258425962], [3.542290597279522, -0.9887943345456177, 1.6792030651154846], [3.399247124304943, 3.661169858619881, 1.6472739864092616], [6.1156423853846285, 2.434259656658388, 0.2657213107084114], [4.4565872520059, 6.1378578705609055, -1.928825366012941], [1.636554651901223, 4.634605669409435, -2.605399626448885], [6.455078298108894, 2.138772988594363, -4.427249946822006], [5.512371101865327, 4.8997327109410875, -5.931689812075081], [1.4045002706970753, 3.036318447703584, -6.988912504920407], [2.2867887820511927, 0.18966130203734893, -5.539033339370034], [3.2570763915402465, 0.2310776283520417, -9.78557181379606]], "name": "C6H14O", "identifiers": {"molecule_hash": "cdea43ce3ddc61fc5da03d020979c9fe08d4f39a", "molecular_formula": "C6H14O"}, "molecular_charge": 0.0, "molecular_multiplicity": 1, "connectivity": [[0, 1, 1.0], [0, 7, 1.0], [0, 8, 1.0], [0, 9, 1.0], [1, 2, 1.0], [1, 10, 1.0], [1, 11, 1.0], [2, 3, 1.0], [2, 12, 1.0], [2, 13, 1.0], [3, 4, 1.0], [3, 14, 1.0], [3, 15, 1.0], [4, 5, 1.0], [4, 16, 1.0], [4, 17, 1.0], [5, 6, 1.0], [5, 18, 1.0], [5, 19, 1.0], [6, 20, 1.0]], "fix_com": true, "fix_orientation": true, "provenance": {"creator": "QCElemental", "version": "v0.22.0", "routine": "qcelemental.molparse.from_schema"}, "id": "55719"}, "charge": 0, "optimize_geometry": false, "conformers": [], "conformer_generation_options": {"n_conformer_pool": 4000, "n_max_conformers": 0, "rms_tolerance": 0.05, "energy_window": 15, "keep_original_conformer": true}, "stage_1_unrestrained_charges": null, "stage_1_restrained_charges": null, "stage_2_unrestrained_charges": null, "stage_2_restrained_charges": null, "keep_original_orientation": false, "reorientations": [], "translations": [], "rotations": []}}, {"index": 1, "molecule": {"qcmol": {"schema_name": "qcschema_molecule", "schema_version": 2, "validated": true, "symbols": ["C", "C", "C", "C", "C", "C", "O", "H", "H", "H", "H", "H", "H", "H", "H", "H", "H", "H", "H", "H", "H"], "geometry": [[0.0, -0.0, 0.0], [2.89088080499577, 1.2378858684173003e-16, 1.0160621415614222e-15], [4.0873658567657785, 2.639318493425558, 2.1094237467877974e-15], [3.64750792077493, 4.2975173717426385, -2.3422921441517266], [4.822265195216322, 3.3193500872421304, -4.821212781159413], [3.0151390826916917, 1.8494359320073273, -6.504493112780916], [4.341818284633469, 1.1404497479058409, -8.691992696228471], [-0.730561105418327, -1.9136127678928438, 0.11870189501513062], [-0.7334385506413273, 1.0476152443750781, 1.6064972279741527], [-0.7750403745801521, 0.8493807903166939, -1.6979859464352718], [3.5865218559444636, -1.0915448049623981, -1.5938776258425962], [3.542290597279522, -0.9887943345456177, 1.6792030651154846], [3.399247124304943, 3.661169858619881, 1.6472739864092616], [6.1156423853846285, 2.434259656658388, 0.2657213107084114], [4.4565872520059, 6.1378578705609055, -1.928825366012941], [1.636554651901223, 4.634605669409435, -2.605399626448885], [6.455078298108894, 2.138772988594363, -4.427249946822006], [5.512371101865327, 4.8997327109410875, -5.931689812075081], [1.4045002706970753, 3.036318447703584, -6.988912504920407], [2.2867887820511927, 0.18966130203734893, -5.539033339370034], [3.2570763915402465, 0.2310776283520417, -9.78557181379606]], "name": "C6H14O", "identifiers": {"molecule_hash": "cdea43ce3ddc61fc5da03d020979c9fe08d4f39a", "molecular_formula": "C6H14O"}, "molecular_charge": 0.0, "molecular_multiplicity": 1, "connectivity": [[0, 1, 1.0], [0, 7, 1.0], [0, 8, 1.0], [0, 9, 1.0], [1, 2, 1.0], [1, 10, 1.0], [1, 11, 1.0], [2, 3, 1.0], [2, 12, 1.0], [2, 13, 1.0], [3, 4, 1.0], [3, 14, 1.0], [3, 15, 1.0], [4, 5, 1.0], [4, 16, 1.0], [4, 17, 1.0], [5, 6, 1.0], [5, 18, 1.0], [5, 19, 1.0], [6, 20, 1.0]], "fix_com": true, "fix_orientation": true, "provenance": {"creator": "QCElemental", "version": "v0.22.0", "routine": "qcelemental.molparse.from_schema"}, "id": "55719"}, "charge": 0, "optimize_geometry": false, "conformers": [], "conformer_generation_options": {"n_conformer_pool": 4000, "n_max_conformers": 0, "rms_tolerance": 0.05, "energy_window": 15, "keep_original_conformer": true}, "stage_1_unrestrained_charges": null, "stage_1_restrained_charges": null, "stage_2_unrestrained_charges": null, "stage_2_restrained_charges": null, "keep_original_orientation": false, "reorientations": [], "translations": [], "rotations": []}}, {"index": 2, "molecule": {"qcmol": {"schema_name": "qcschema_molecule", "schema_version": 2, "validated": true, "symbols": ["C", "C", "C", "C", "C", "C", "O", "H", "H", "H", "H", "H", "H", "H", "H", "H", "H", "H", "H", "H", "H"], "geometry": [[0.0, -0.0, 0.0], [2.89088080499577, 1.2378858684173003e-16, 1.0160621415614222e-15], [4.0873658567657785, 2.639318493425558, 2.1094237467877974e-15], [3.64750792077493, 4.2975173717426385, -2.3422921441517266], [4.822265195216322, 3.3193500872421304, -4.821212781159413], [3.0151390826916917, 1.8494359320073273, -6.504493112780916], [4.341818284633469, 1.1404497479058409, -8.691992696228471], [-0.730561105418327, -1.9136127678928438, 0.11870189501513062], [-0.7334385506413273, 1.0476152443750781, 1.6064972279741527], [-0.7750403745801521, 0.8493807903166939, -1.6979859464352718], [3.5865218559444636, -1.0915448049623981, -1.5938776258425962], [3.542290597279522, -0.9887943345456177, 1.6792030651154846], [3.399247124304943, 3.661169858619881, 1.6472739864092616], [6.1156423853846285, 2.434259656658388, 0.2657213107084114], [4.4565872520059, 6.1378578705609055, -1.928825366012941], [1.636554651901223, 4.634605669409435, -2.605399626448885], [6.455078298108894, 2.138772988594363, -4.427249946822006], [5.512371101865327, 4.8997327109410875, -5.931689812075081], [1.4045002706970753, 3.036318447703584, -6.988912504920407], [2.2867887820511927, 0.18966130203734893, -5.539033339370034], [3.2570763915402465, 0.2310776283520417, -9.78557181379606]], "name": "C6H14O", "identifiers": {"molecule_hash": "cdea43ce3ddc61fc5da03d020979c9fe08d4f39a", "molecular_formula": "C6H14O"}, "molecular_charge": 0.0, "molecular_multiplicity": 1, "connectivity": [[0, 1, 1.0], [0, 7, 1.0], [0, 8, 1.0], [0, 9, 1.0], [1, 2, 1.0], [1, 10, 1.0], [1, 11, 1.0], [2, 3, 1.0], [2, 12, 1.0], [2, 13, 1.0], [3, 4, 1.0], [3, 14, 1.0], [3, 15, 1.0], [4, 5, 1.0], [4, 16, 1.0], [4, 17, 1.0], [5, 6, 1.0], [5, 18, 1.0], [5, 19, 1.0], [6, 20, 1.0]], "fix_com": true, "fix_orientation": true, "provenance": {"creator": "QCElemental", "version": "v0.22.0", "routine": "qcelemental.molparse.from_schema"}, "id": "55719"}, "charge": 0, "optimize_geometry": false, "conformers": [], "conformer_generation_options": {"n_conformer_pool": 4000, "n_max_conformers": 0, "rms_tolerance": 0.05, "energy_window": 15, "keep_original_conformer": true}, "stage_1_unrestrained_charges": null, "stage_1_restrained_charges": null, "stage_2_unrestrained_charges": null, "stage_2_restrained_charges": null, "keep_original_orientation": false, "reorientations": [], "translations": [], "rotations": []}}, {"index": 3, "molecule": {"qcmol": {"schema_name": "qcschema_molecule", "schema_version": 2, "validated": true, "symbols": ["C", "C", "C", "C", "C", "C", "O", "H", "H", "H", "H", "H", "H", "H", "H", "H", "H", "H", "H", "H", "H"], "geometry": [[0.0, -0.0, 0.0], [2.89088080499577, 1.2378858684173003e-16, 1.0160621415614222e-15], [4.0873658567657785, 2.639318493425558, 2.1094237467877974e-15], [3.64750792077493, 4.2975173717426385, -2.3422921441517266], [4.822265195216322, 3.3193500872421304, -4.821212781159413], [3.0151390826916917, 1.8494359320073273, -6.504493112780916], [4.341818284633469, 1.1404497479058409, -8.691992696228471], [-0.730561105418327, -1.9136127678928438, 0.11870189501513062], [-0.7334385506413273, 1.0476152443750781, 1.6064972279741527], [-0.7750403745801521, 0.8493807903166939, -1.6979859464352718], [3.5865218559444636, -1.0915448049623981, -1.5938776258425962], [3.542290597279522, -0.9887943345456177, 1.6792030651154846], [3.399247124304943, 3.661169858619881, 1.6472739864092616], [6.1156423853846285, 2.434259656658388, 0.2657213107084114], [4.4565872520059, 6.1378578705609055, -1.928825366012941], [1.636554651901223, 4.634605669409435, -2.605399626448885], [6.455078298108894, 2.138772988594363, -4.427249946822006], [5.512371101865327, 4.8997327109410875, -5.931689812075081], [1.4045002706970753, 3.036318447703584, -6.988912504920407], [2.2867887820511927, 0.18966130203734893, -5.539033339370034], [3.2570763915402465, 0.2310776283520417, -9.78557181379606]], "name": "C6H14O", "identifiers": {"molecule_hash": "cdea43ce3ddc61fc5da03d020979c9fe08d4f39a", "molecular_formula": "C6H14O"}, "molecular_charge": 0.0, "molecular_multiplicity": 1, "connectivity": [[0, 1, 1.0], [0, 7, 1.0], [0, 8, 1.0], [0, 9, 1.0], [1, 2, 1.0], [1, 10, 1.0], [1, 11, 1.0], [2, 3, 1.0], [2, 12, 1.0], [2, 13, 1.0], [3, 4, 1.0], [3, 14, 1.0], [3, 15, 1.0], [4, 5, 1.0], [4, 16, 1.0], [4, 17, 1.0], [5, 6, 1.0], [5, 18, 1.0], [5, 19, 1.0], [6, 20, 1.0]], "fix_com": true, "fix_orientation": true, "provenance": {"creator": "QCElemental", "version": "v0.22.0", "routine": "qcelemental.molparse.from_schema"}, "id": "55719"}, "charge": 0, "optimize_geometry": false, "conformers": [], "conformer_generation_options": {"n_conformer_pool": 4000, "n_max_conformers": 0, "rms_tolerance": 0.05, "energy_window": 15, "keep_original_conformer": true}, "stage_1_unrestrained_charges": null, "stage_1_restrained_charges": null, "stage_2_unrestrained_charges": null, "stage_2_restrained_charges": null, "keep_original_orientation": false, "reorientations": [], "translations": [], "rotations": []}}, {"index": 4, "molecule": {"qcmol": {"schema_name": "qcschema_molecule", "schema_version": 2, "validated": true, "symbols": ["C", "C", "C", "C", "C", "C", "O", "H", "H", "H", "H", "H", "H", "H", "H", "H", "H", "H", "H", "H", "H"], "geometry": [[0.0, -0.0, 0.0], [2.89088080499577, 1.2378858684173003e-16, 1.0160621415614222e-15], [4.0873658567657785, 2.639318493425558, 2.1094237467877974e-15], [3.64750792077493, 4.2975173717426385, -2.3422921441517266], [4.822265195216322, 3.3193500872421304, -4.821212781159413], [3.0151390826916917, 1.8494359320073273, -6.504493112780916], [4.341818284633469, 1.1404497479058409, -8.691992696228471], [-0.730561105418327, -1.9136127678928438, 0.11870189501513062], [-0.7334385506413273, 1.0476152443750781, 1.6064972279741527], [-0.7750403745801521, 0.8493807903166939, -1.6979859464352718], [3.5865218559444636, -1.0915448049623981, -1.5938776258425962], [3.542290597279522, -0.9887943345456177, 1.6792030651154846], [3.399247124304943, 3.661169858619881, 1.6472739864092616], [6.1156423853846285, 2.434259656658388, 0.2657213107084114], [4.4565872520059, 6.1378578705609055, -1.928825366012941], [1.636554651901223, 4.634605669409435, -2.605399626448885], [6.455078298108894, 2.138772988594363, -4.427249946822006], [5.512371101865327, 4.8997327109410875, -5.931689812075081], [1.4045002706970753, 3.036318447703584, -6.988912504920407], [2.2867887820511927, 0.18966130203734893, -5.539033339370034], [3.2570763915402465, 0.2310776283520417, -9.78557181379606]], "name": "C6H14O", "identifiers": {"molecule_hash": "cdea43ce3ddc61fc5da03d020979c9fe08d4f39a", "molecular_formula": "C6H14O"}, "molecular_charge": 0.0, "molecular_multiplicity": 1, "connectivity": [[0, 1, 1.0], [0, 7, 1.0], [0, 8, 1.0], [0, 9, 1.0], [1, 2, 1.0], [1, 10, 1.0], [1, 11, 1.0], [2, 3, 1.0], [2, 12, 1.0], [2, 13, 1.0], [3, 4, 1.0], [3, 14, 1.0], [3, 15, 1.0], [4, 5, 1.0], [4, 16, 1.0], [4, 17, 1.0], [5, 6, 1.0], [5, 18, 1.0], [5, 19, 1.0], [6, 20, 1.0]], "fix_com": true, "fix_orientation": true, "provenance": {"creator": "QCElemental", "version": "v0.22.0", "routine": "qcelemental.molparse.from_schema"}, "id": "55719"}, "charge": 0, "optimize_geometry": false, "conformers": [], "conformer_generation_options": {"n_conformer_pool": 4000, "n_max_conformers": 0, "rms_tolerance": 0.05, "energy_window": 15, "keep_original_conformer": true}, "stage_1_unrestrained_charges": null, "stage_1_restrained_charges": null, "stage_2_unrestrained_charges": null, "stage_2_restrained_charges": null, "keep_original_orientation": false, "reorientations": [], "translations": [], "rotations": []}}, {"index": 5, "molecule": {"qcmol": {"schema_name": "qcschema_molecule", "schema_version": 2, "validated": true, "symbols": ["C", "C", "C", "C", "C", "C", "O", "H", "H", "H", "H", "H", "H", "H", "H", "H", "H", "H", "H", "H", "H"], "geometry": [[0.0, -0.0, 0.0], [2.89088080499577, 1.2378858684173003e-16, 1.0160621415614222e-15], [4.0873658567657785, 2.639318493425558, 2.1094237467877974e-15], [3.64750792077493, 4.2975173717426385, -2.3422921441517266], [4.822265195216322, 3.3193500872421304, -4.821212781159413], [3.0151390826916917, 1.8494359320073273, -6.504493112780916], [4.341818284633469, 1.1404497479058409, -8.691992696228471], [-0.730561105418327, -1.9136127678928438, 0.11870189501513062], [-0.7334385506413273, 1.0476152443750781, 1.6064972279741527], [-0.7750403745801521, 0.8493807903166939, -1.6979859464352718], [3.5865218559444636, -1.0915448049623981, -1.5938776258425962], [3.542290597279522, -0.9887943345456177, 1.6792030651154846], [3.399247124304943, 3.661169858619881, 1.6472739864092616], [6.1156423853846285, 2.434259656658388, 0.2657213107084114], [4.4565872520059, 6.1378578705609055, -1.928825366012941], [1.636554651901223, 4.634605669409435, -2.605399626448885], [6.455078298108894, 2.138772988594363, -4.427249946822006], [5.512371101865327, 4.8997327109410875, -5.931689812075081], [1.4045002706970753, 3.036318447703584, -6.988912504920407], [2.2867887820511927, 0.18966130203734893, -5.539033339370034], [3.2570763915402465, 0.2310776283520417, -9.78557181379606]], "name": "C6H14O", "identifiers": {"molecule_hash": "cdea43ce3ddc61fc5da03d020979c9fe08d4f39a", "molecular_formula": "C6H14O"}, "molecular_charge": 0.0, "molecular_multiplicity": 1, "connectivity": [[0, 1, 1.0], [0, 7, 1.0], [0, 8, 1.0], [0, 9, 1.0], [1, 2, 1.0], [1, 10, 1.0], [1, 11, 1.0], [2, 3, 1.0], [2, 12, 1.0], [2, 13, 1.0], [3, 4, 1.0], [3, 14, 1.0], [3, 15, 1.0], [4, 5, 1.0], [4, 16, 1.0], [4, 17, 1.0], [5, 6, 1.0], [5, 18, 1.0], [5, 19, 1.0], [6, 20, 1.0]], "fix_com": true, "fix_orientation": true, "provenance": {"creator": "QCElemental", "version": "v0.22.0", "routine": "qcelemental.molparse.from_schema"}, "id": "55719"}, "charge": 0, "optimize_geometry": false, "conformers": [], "conformer_generation_options": {"n_conformer_pool": 4000, "n_max_conformers": 0, "rms_tolerance": 0.05, "energy_window": 15, "keep_original_conformer": true}, "stage_1_unrestrained_charges": null, "stage_1_restrained_charges": null, "stage_2_unrestrained_charges": null, "stage_2_restrained_charges": null, "keep_original_orientation": false, "reorientations": [], "translations": [], "rotations": []}}]}, "surface_constraints": {"matrix": [[504029127116610.9, 488745579439469.7, 470310492143975.6, 448716960628055.7, 433750707432946.2, 420280117853393.75, 411397832701954.1, 506910808812437.0, 506189501815402.94, 508075929054440.9, 487416669799894.44, 487913202034712.75, 473741196616582.44, 466299430831440.44, 444447241661642.75, 444820231693530.4, 433331931544057.75, 430196405368146.44, 418815994715338.1, 416006843765435.9, 418030876851906.4], [488745579439469.7, 499394839560603.8, 486733312070411.8, 468740292231135.0, 450934422001149.4, 433522441571401.1, 423269758757736.1, 484752873944979.1, 484158212430751.75, 485606371015988.4, 506144907257069.06, 506313390203731.6, 486476268923266.0, 487322109318806.75, 468552162743881.1, 465596514516571.75, 450339842134048.6, 448382561301639.8, 428959813206274.9, 430695787433862.4, 424698390185905.5], [470310492143975.6, 486733312070411.8, 498608817078125.5, 486232753555215.5, 468112415146519.0, 448909882341221.44, 438307107200116.56, 463509858921983.7, 463658166700296.2, 468471954369694.94, 486295204439257.9, 486299992393262.56, 506253228494974.25, 506261661154667.0, 486940213393401.1, 486442318690786.8, 467976514664960.94, 466003801699457.5, 442729232700327.7, 446480567067124.7, 437956833456192.3], [448716960628055.7, 468740292231135.0, 486232753555215.5, 497767168785644.5, 485305041426595.1, 468822774331879.2, 455972470507875.8, 443495513991666.94, 437747084708085.9, 447382914532572.4, 468441036834301.5, 467783008447585.0, 486745980679004.75, 486507987594446.3, 505890359441078.44, 505069999282870.56, 484455013917528.06, 485414054977768.2, 467061743502765.44, 465549961098663.06, 453290166162227.06], [433750707432946.2, 450934422001149.4, 468112415146519.0, 485305041426595.1, 497238915098853.2, 486177353211693.0, 475291748347713.94, 431131933034660.3, 420457036735924.6, 434499894442254.75, 448288497411411.9, 450595456970128.3, 465553367136746.8, 467278785942536.6, 486100771021603.6, 485052434387329.3, 503989127449088.06, 504962078477302.1, 484745750880156.06, 484219023242123.7, 470855166085597.7], [420280117853393.75, 433522441571401.1, 448909882341221.44, 468822774331879.2, 486177353211693.0, 500163761808974.2, 495383660091879.9, 418713746155210.7, 404681722522661.1, 425442464559204.44, 430244123322250.6, 432168528448612.06, 442797470084400.75, 448403036240533.0, 466004782430017.1, 470877923017692.56, 485520118750246.94, 486483192015819.6, 505776145679604.75, 505270825473040.9, 491977949735842.9], [411397832701954.1, 423269758757736.1, 438307107200116.56, 455972470507875.8, 475291748347713.94, 495383660091879.9, 516279885127736.25, 408255048685241.75, 396563840326864.06, 418599244467252.2, 420923607173015.8, 420395237129132.3, 432956898251428.4, 438570865111396.94, 450580394329196.6, 457482635021891.4, 475485682630910.06, 472189226143138.94, 492401276600138.06, 493154030719869.2, 517184056656038.4], [506910808812437.0, 484752873944979.1, 463509858921983.7, 443495513991666.94, 431131933034660.3, 418713746155210.7, 408255048685241.75, 530036619824799.94, 501526452268773.8, 504241396392377.3, 481508779550653.94, 482839652827963.0, 466092275680704.94, 456928492053368.1, 441067224485670.25, 436806723464488.94, 429533250243705.25, 429941536729491.9, 419380136929492.06, 414141951523679.06, 416313098498725.0], [506189501815402.94, 484158212430751.75, 463658166700296.2, 437747084708085.9, 420457036735924.6, 404681722522661.1, 396563840326864.06, 501526452268773.8, 529038323072172.25, 503007907191776.6, 479376639629589.0, 483056330111077.4, 471323326748826.44, 457766416802568.56, 431609205391961.56, 434605300257442.8, 421305481852206.3, 416020995997918.8, 402719983050880.1, 398626048278027.2, 403794048402549.56], [508075929054440.9, 485606371015988.4, 468471954369694.94, 447382914532572.4, 434499894442254.75, 425442464559204.44, 418599244467252.2, 504241396392377.3, 503007907191776.6, 532510794641857.3, 482886004411911.44, 479511707766300.44, 471101217547384.56, 465755903914655.25, 440219445160966.1, 445127235897681.8, 434242298826796.06, 428610981130744.75, 424987158179620.25, 421721604981958.25, 427394286499258.7], [487416669799894.44, 506144907257069.06, 486295204439257.9, 468441036834301.5, 448288497411411.9, 430244123322250.6, 420923607173015.8, 481508779550653.94, 479376639629589.0, 482886004411911.44, 532792265010034.75, 505946429092488.06, 482329586349183.06, 484387626241792.44, 469392868273952.8, 466175091892302.6, 448300509174656.1, 443859376706653.56, 424491104706634.8, 427441118036651.2, 421420577105990.1], [487913202034712.75, 506313390203731.6, 486299992393262.56, 467783008447585.0, 450595456970128.3, 432168528448612.06, 420395237129132.3, 482839652827963.0, 483056330111077.4, 479511707766300.44, 505946429092488.06, 533033823566889.6, 479853052287653.0, 487440206313195.75, 469286932327154.5, 462075763216193.8, 448996692479630.8, 450432084069160.4, 427369821986458.0, 430223597352174.56, 420002414379547.4], [473741196616582.44, 486476268923266.0, 506253228494974.25, 486745980679004.75, 465553367136746.8, 442797470084400.75, 432956898251428.4, 466092275680704.94, 471323326748826.44, 471101217547384.56, 482329586349183.06, 479853052287653.0, 533716854785859.56, 506765903151335.9, 483788401448559.5, 487111725863599.6, 466770601461425.4, 462792054450862.2, 434025528988595.5, 439775866208823.3, 432809894832174.1], [466299430831440.44, 487322109318806.75, 506261661154667.0, 486507987594446.3, 467278785942536.6, 448403036240533.0, 438570865111396.94, 456928492053368.1, 457766416802568.56, 465755903914655.25, 484387626241792.44, 487440206313195.75, 506765903151335.9, 533323503584282.1, 485285868688988.5, 483569659529718.8, 466622547083816.1, 464546910218297.8, 440058510937378.44, 447879345342391.94, 438239198540513.06], [444447241661642.75, 468552162743881.1, 486940213393401.1, 505890359441078.44, 486100771021603.6, 466004782430017.1, 450580394329196.6, 441067224485670.25, 431609205391961.56, 440219445160966.1, 469392868273952.8, 469286932327154.5, 483788401448559.5, 485285868688988.5, 533402900167219.8, 506196370618898.0, 480240686935988.25, 488010478958301.7, 464952183621598.0, 461769631274076.6, 447559565859319.6], [444820231693530.4, 465596514516571.75, 486442318690786.8, 505069999282870.56, 485052434387329.3, 470877923017692.56, 457482635021891.4, 436806723464488.94, 434605300257442.8, 445127235897681.8, 466175091892302.6, 462075763216193.8, 487111725863599.6, 483569659529718.8, 506196370618898.0, 531883219845744.06, 482210394197775.44, 478895985306676.4, 471900384732492.3, 466944847680395.75, 454594957601205.25], [433331931544057.75, 450339842134048.6, 467976514664960.94, 484455013917528.06, 503989127449088.06, 485520118750246.94, 475485682630910.06, 429533250243705.25, 421305481852206.3, 434242298826796.06, 448300509174656.1, 448996692479630.8, 466770601461425.4, 466622547083816.1, 480240686935988.25, 482210394197775.44, 530193388544834.2, 504818587608336.94, 481919685020344.25, 478769330345722.06, 471207403487370.4], [430196405368146.44, 448382561301639.8, 466003801699457.5, 485414054977768.2, 504962078477302.1, 486483192015819.6, 472189226143138.94, 429941536729491.9, 416020995997918.8, 428610981130744.75, 443859376706653.56, 450432084069160.4, 462792054450862.2, 464546910218297.8, 488010478958301.7, 478895985306676.4, 504818587608336.94, 531949826978994.3, 481770626314514.9, 484707846876486.9, 465562255543888.4], [418815994715338.1, 428959813206274.9, 442729232700327.7, 467061743502765.44, 484745750880156.06, 505776145679604.75, 492401276600138.06, 419380136929492.06, 402719983050880.1, 424987158179620.25, 424491104706634.8, 427369821986458.0, 434025528988595.5, 440058510937378.44, 464952183621598.0, 471900384732492.3, 481919685020344.25, 481770626314514.9, 531569668980662.7, 503482313291505.44, 491613756395275.25], [416006843765435.9, 430695787433862.4, 446480567067124.7, 465549961098663.06, 484219023242123.7, 505270825473040.9, 493154030719869.2, 414141951523679.06, 398626048278027.2, 421721604981958.25, 427441118036651.2, 430223597352174.56, 439775866208823.3, 447879345342391.94, 461769631274076.6, 466944847680395.75, 478769330345722.06, 484707846876486.9, 503482313291505.44, 530195002807793.0, 483665154751466.7], [418030876851906.4, 424698390185905.5, 437956833456192.3, 453290166162227.06, 470855166085597.7, 491977949735842.9, 517184056656038.4, 416313098498725.0, 403794048402549.56, 427394286499258.7, 421420577105990.1, 420002414379547.4, 432809894832174.1, 438239198540513.06, 447559565859319.6, 454594957601205.25, 471207403487370.4, 465562255543888.4, 491613756395275.25, 483665154751466.7, 535071806925342.4], [5355760787264.702, 4072088905359.422, 3544899867202.118, 3126701970780.392, 1855304260377.589, 434833325474.117, -3797662865615.6616, 6202845050084.086, 5430048991985.555, 5509332420169.872, 3641840574672.316, 3796974946011.2856, 3613392416476.712, 3298429821478.1377, 3755292478070.417, 3096085857877.807, 1836419228440.384, 1910344155817.4854, 2924478387399.6104, -18851379204.960114, 1306926770838.6582]]}}