{"resp_b": 0.1, "restrained_fit": true, "exclude_hydrogens": true, "convergence_tolerance": 1e-06, "max_iter": 500, "resp_a": 0.0005, "charge_constraints": {"charge_sum_constraints": [], "charge_equivalence_constraints": [], "molecules": [{"qcmol": {"schema_name": "qcschema_molecule", "schema_version": 2, "validated": true, "symbols": ["C", "C", "C", "C", "O", "N", "O", "O", "H", "H", "H", "H", "H", "H", "H", "H", "H"], "geometry": [[0.0, 0.0, 0.0], [2.887473887837557, 4.3245167116182064e-16, 1.9476696232620592e-16], [3.986324852559898, 2.675219221140305, -4.3021142204224816e-15], [6.855037372660031, 2.7500657501241736, -0.05573468466726067], [7.97475716531926, 1.4958986020070995, 2.090639122647704], [8.099891609870573, 2.7853738634107827, 4.242735338432746], [7.3879901938074175, 4.913430763196492, 4.25807789593282], [8.945961117806426, 1.6199635466501954, 5.939531565720917], [-0.7447169481050921, 0.9579638691555401, -1.6557594881277646], [-0.734538242615483, -1.9141178631330422, -0.0014129840033897806], [-0.7407009056061857, 0.9527189487806087, 1.6598747793138162], [3.572388864009047, -1.025644558956932, 1.639172292910003], [3.57244520474254, -1.0170922604431012, -1.6500366444620402], [3.3079273172462056, 3.7289028296214606, 1.621678283757199], [3.3387614586031527, 3.6902478683534454, -1.666755738818606], [7.6006644759571405, 1.6540522475039432, -1.6071834873334865], [7.579004664386018, 4.649775247314809, -0.16010276342758945]], "name": "C4H9NO3", "identifiers": {"molecule_hash": "035837e31dfb2892a7047ff9281f76da2a23b8d9", "molecular_formula": "C4H9NO3"}, "molecular_charge": 0.0, "molecular_multiplicity": 1, "connectivity": [[0, 1, 1.0], [0, 8, 1.0], [0, 9, 1.0], [0, 10, 1.0], [1, 2, 1.0], [1, 11, 1.0], [1, 12, 1.0], [2, 3, 1.0], [2, 13, 1.0], [2, 14, 1.0], [3, 4, 1.0], [3, 15, 1.0], [3, 16, 1.0], [4, 5, 1.0], [5, 6, 2.0], [5, 7, 1.0]], "fix_com": true, "fix_orientation": true, "provenance": {"creator": "QCElemental", "version": "v0.22.0", "routine": "qcelemental.molparse.from_schema"}, "id": "247397"}, "charge": 0, "optimize_geometry": false, "conformers": [], "conformer_generation_options": {"n_conformer_pool": 4000, "n_max_conformers": 0, "rms_tolerance": 0.05, "energy_window": 15, "keep_original_conformer": true}, "stage_1_unrestrained_charges": null, "stage_1_restrained_charges": null, "stage_2_unrestrained_charges": null, "stage_2_restrained_charges": null, "keep_original_orientation": false, "reorientations": [], "translations": [], "rotations": []}], "unconstrained_atoms": [{"index": 0, "molecule": {"qcmol": {"schema_name": "qcschema_molecule", "schema_version": 2, "validated": true, "symbols": ["C", "C", "C", "C", "O", "N", "O", "O", "H", "H", "H", "H", "H", "H", "H", "H", "H"], "geometry": [[0.0, 0.0, 0.0], [2.887473887837557, 4.3245167116182064e-16, 1.9476696232620592e-16], [3.986324852559898, 2.675219221140305, -4.3021142204224816e-15], [6.855037372660031, 2.7500657501241736, -0.05573468466726067], [7.97475716531926, 1.4958986020070995, 2.090639122647704], [8.099891609870573, 2.7853738634107827, 4.242735338432746], [7.3879901938074175, 4.913430763196492, 4.25807789593282], [8.945961117806426, 1.6199635466501954, 5.939531565720917], [-0.7447169481050921, 0.9579638691555401, -1.6557594881277646], [-0.734538242615483, -1.9141178631330422, -0.0014129840033897806], [-0.7407009056061857, 0.9527189487806087, 1.6598747793138162], [3.572388864009047, -1.025644558956932, 1.639172292910003], [3.57244520474254, -1.0170922604431012, -1.6500366444620402], [3.3079273172462056, 3.7289028296214606, 1.621678283757199], [3.3387614586031527, 3.6902478683534454, -1.666755738818606], [7.6006644759571405, 1.6540522475039432, -1.6071834873334865], [7.579004664386018, 4.649775247314809, -0.16010276342758945]], "name": "C4H9NO3", "identifiers": {"molecule_hash": "035837e31dfb2892a7047ff9281f76da2a23b8d9", "molecular_formula": "C4H9NO3"}, "molecular_charge": 0.0, "molecular_multiplicity": 1, "connectivity": [[0, 1, 1.0], [0, 8, 1.0], [0, 9, 1.0], [0, 10, 1.0], [1, 2, 1.0], [1, 11, 1.0], [1, 12, 1.0], [2, 3, 1.0], [2, 13, 1.0], [2, 14, 1.0], [3, 4, 1.0], [3, 15, 1.0], [3, 16, 1.0], [4, 5, 1.0], [5, 6, 2.0], [5, 7, 1.0]], "fix_com": true, "fix_orientation": true, "provenance": {"creator": "QCElemental", "version": "v0.22.0", "routine": "qcelemental.molparse.from_schema"}, "id": "247397"}, "charge": 0, "optimize_geometry": false, "conformers": [], "conformer_generation_options": {"n_conformer_pool": 4000, "n_max_conformers": 0, "rms_tolerance": 0.05, "energy_window": 15, "keep_original_conformer": true}, "stage_1_unrestrained_charges": null, "stage_1_restrained_charges": null, "stage_2_unrestrained_charges": null, "stage_2_restrained_charges": null, "keep_original_orientation": false, "reorientations": [], "translations": [], "rotations": []}}, {"index": 1, "molecule": {"qcmol": {"schema_name": "qcschema_molecule", "schema_version": 2, "validated": true, "symbols": ["C", "C", "C", "C", "O", "N", "O", "O", "H", "H", "H", "H", "H", "H", "H", "H", "H"], "geometry": [[0.0, 0.0, 0.0], [2.887473887837557, 4.3245167116182064e-16, 1.9476696232620592e-16], [3.986324852559898, 2.675219221140305, -4.3021142204224816e-15], [6.855037372660031, 2.7500657501241736, -0.05573468466726067], [7.97475716531926, 1.4958986020070995, 2.090639122647704], [8.099891609870573, 2.7853738634107827, 4.242735338432746], [7.3879901938074175, 4.913430763196492, 4.25807789593282], [8.945961117806426, 1.6199635466501954, 5.939531565720917], [-0.7447169481050921, 0.9579638691555401, -1.6557594881277646], [-0.734538242615483, -1.9141178631330422, -0.0014129840033897806], [-0.7407009056061857, 0.9527189487806087, 1.6598747793138162], [3.572388864009047, -1.025644558956932, 1.639172292910003], [3.57244520474254, -1.0170922604431012, -1.6500366444620402], [3.3079273172462056, 3.7289028296214606, 1.621678283757199], [3.3387614586031527, 3.6902478683534454, -1.666755738818606], [7.6006644759571405, 1.6540522475039432, -1.6071834873334865], [7.579004664386018, 4.649775247314809, -0.16010276342758945]], "name": "C4H9NO3", "identifiers": {"molecule_hash": "035837e31dfb2892a7047ff9281f76da2a23b8d9", "molecular_formula": "C4H9NO3"}, "molecular_charge": 0.0, "molecular_multiplicity": 1, "connectivity": [[0, 1, 1.0], [0, 8, 1.0], [0, 9, 1.0], [0, 10, 1.0], [1, 2, 1.0], [1, 11, 1.0], [1, 12, 1.0], [2, 3, 1.0], [2, 13, 1.0], [2, 14, 1.0], [3, 4, 1.0], [3, 15, 1.0], [3, 16, 1.0], [4, 5, 1.0], [5, 6, 2.0], [5, 7, 1.0]], "fix_com": true, "fix_orientation": true, "provenance": {"creator": "QCElemental", "version": "v0.22.0", "routine": "qcelemental.molparse.from_schema"}, "id": "247397"}, "charge": 0, "optimize_geometry": false, "conformers": [], "conformer_generation_options": {"n_conformer_pool": 4000, "n_max_conformers": 0, "rms_tolerance": 0.05, "energy_window": 15, "keep_original_conformer": true}, "stage_1_unrestrained_charges": null, "stage_1_restrained_charges": null, "stage_2_unrestrained_charges": null, "stage_2_restrained_charges": null, "keep_original_orientation": false, "reorientations": [], "translations": [], "rotations": []}}, {"index": 2, "molecule": {"qcmol": {"schema_name": "qcschema_molecule", "schema_version": 2, "validated": true, "symbols": ["C", "C", "C", "C", "O", "N", "O", "O", "H", "H", "H", "H", "H", "H", "H", "H", "H"], "geometry": [[0.0, 0.0, 0.0], [2.887473887837557, 4.3245167116182064e-16, 1.9476696232620592e-16], [3.986324852559898, 2.675219221140305, -4.3021142204224816e-15], [6.855037372660031, 2.7500657501241736, -0.05573468466726067], [7.97475716531926, 1.4958986020070995, 2.090639122647704], [8.099891609870573, 2.7853738634107827, 4.242735338432746], [7.3879901938074175, 4.913430763196492, 4.25807789593282], [8.945961117806426, 1.6199635466501954, 5.939531565720917], [-0.7447169481050921, 0.9579638691555401, -1.6557594881277646], [-0.734538242615483, -1.9141178631330422, -0.0014129840033897806], [-0.7407009056061857, 0.9527189487806087, 1.6598747793138162], [3.572388864009047, -1.025644558956932, 1.639172292910003], [3.57244520474254, -1.0170922604431012, -1.6500366444620402], [3.3079273172462056, 3.7289028296214606, 1.621678283757199], [3.3387614586031527, 3.6902478683534454, -1.666755738818606], [7.6006644759571405, 1.6540522475039432, -1.6071834873334865], [7.579004664386018, 4.649775247314809, -0.16010276342758945]], "name": "C4H9NO3", "identifiers": {"molecule_hash": "035837e31dfb2892a7047ff9281f76da2a23b8d9", "molecular_formula": "C4H9NO3"}, "molecular_charge": 0.0, "molecular_multiplicity": 1, "connectivity": [[0, 1, 1.0], [0, 8, 1.0], [0, 9, 1.0], [0, 10, 1.0], [1, 2, 1.0], [1, 11, 1.0], [1, 12, 1.0], [2, 3, 1.0], [2, 13, 1.0], [2, 14, 1.0], [3, 4, 1.0], [3, 15, 1.0], [3, 16, 1.0], [4, 5, 1.0], [5, 6, 2.0], [5, 7, 1.0]], "fix_com": true, "fix_orientation": true, "provenance": {"creator": "QCElemental", "version": "v0.22.0", "routine": "qcelemental.molparse.from_schema"}, "id": "247397"}, "charge": 0, "optimize_geometry": false, "conformers": [], "conformer_generation_options": {"n_conformer_pool": 4000, "n_max_conformers": 0, "rms_tolerance": 0.05, "energy_window": 15, "keep_original_conformer": true}, "stage_1_unrestrained_charges": null, "stage_1_restrained_charges": null, "stage_2_unrestrained_charges": null, "stage_2_restrained_charges": null, "keep_original_orientation": false, "reorientations": [], "translations": [], "rotations": []}}, {"index": 3, "molecule": {"qcmol": {"schema_name": "qcschema_molecule", "schema_version": 2, "validated": true, "symbols": ["C", "C", "C", "C", "O", "N", "O", "O", "H", "H", "H", "H", "H", "H", "H", "H", "H"], "geometry": [[0.0, 0.0, 0.0], [2.887473887837557, 4.3245167116182064e-16, 1.9476696232620592e-16], [3.986324852559898, 2.675219221140305, -4.3021142204224816e-15], [6.855037372660031, 2.7500657501241736, -0.05573468466726067], [7.97475716531926, 1.4958986020070995, 2.090639122647704], [8.099891609870573, 2.7853738634107827, 4.242735338432746], [7.3879901938074175, 4.913430763196492, 4.25807789593282], [8.945961117806426, 1.6199635466501954, 5.939531565720917], [-0.7447169481050921, 0.9579638691555401, -1.6557594881277646], [-0.734538242615483, -1.9141178631330422, -0.0014129840033897806], [-0.7407009056061857, 0.9527189487806087, 1.6598747793138162], [3.572388864009047, -1.025644558956932, 1.639172292910003], [3.57244520474254, -1.0170922604431012, -1.6500366444620402], [3.3079273172462056, 3.7289028296214606, 1.621678283757199], [3.3387614586031527, 3.6902478683534454, -1.666755738818606], [7.6006644759571405, 1.6540522475039432, -1.6071834873334865], [7.579004664386018, 4.649775247314809, -0.16010276342758945]], "name": "C4H9NO3", "identifiers": {"molecule_hash": "035837e31dfb2892a7047ff9281f76da2a23b8d9", "molecular_formula": "C4H9NO3"}, "molecular_charge": 0.0, "molecular_multiplicity": 1, "connectivity": [[0, 1, 1.0], [0, 8, 1.0], [0, 9, 1.0], [0, 10, 1.0], [1, 2, 1.0], [1, 11, 1.0], [1, 12, 1.0], [2, 3, 1.0], [2, 13, 1.0], [2, 14, 1.0], [3, 4, 1.0], [3, 15, 1.0], [3, 16, 1.0], [4, 5, 1.0], [5, 6, 2.0], [5, 7, 1.0]], "fix_com": true, "fix_orientation": true, "provenance": {"creator": "QCElemental", "version": "v0.22.0", "routine": "qcelemental.molparse.from_schema"}, "id": "247397"}, "charge": 0, "optimize_geometry": false, "conformers": [], "conformer_generation_options": {"n_conformer_pool": 4000, "n_max_conformers": 0, "rms_tolerance": 0.05, "energy_window": 15, "keep_original_conformer": true}, "stage_1_unrestrained_charges": null, "stage_1_restrained_charges": null, "stage_2_unrestrained_charges": null, "stage_2_restrained_charges": null, "keep_original_orientation": false, "reorientations": [], "translations": [], "rotations": []}}]}, "surface_constraints": {"matrix": [[1000271148386086.8, 967605045546893.5, 931810191864843.0, 912924633921239.8, 888459891842690.8, 848292212487717.1, 822077652355346.4, 833211093699518.8, 1008526673103438.1, 1006761735495914.5, 1006217026782829.9, 964885906959130.5, 962926106215055.4, 936410182047490.1, 906387690803174.0, 912176021269756.5, 913471672844413.0], [967605045546893.5, 988138906406185.4, 964563022440315.4, 932647896058033.4, 909618500662551.0, 865627896971603.8, 843879064849861.6, 842024801971094.4, 962144907887680.0, 960410218526590.1, 959296681889971.8, 1001347774237307.0, 999507698079115.2, 962829875515570.6, 964577206193148.5, 927162098611760.8, 927570920483635.4], [931810191864843.0, 964563022440315.4, 990287549461903.9, 969151161024922.9, 948464243396491.9, 910630961470824.2, 893401915123967.1, 885011786663084.6, 921960295747364.8, 919817678550618.6, 925251302163075.2, 963436555654180.6, 962525455770787.1, 1004000594582282.2, 1005111348097084.5, 966395965984413.9, 965979741908952.1], [912924633921239.8, 932647896058033.4, 969151161024922.9, 997128468280058.9, 985622303141753.6, 953709525926644.8, 936108427770577.5, 930272013485342.8, 901245871570014.6, 902915261348512.0, 915868665417868.0, 930580343441831.0, 913251877922280.8, 968948687233936.1, 969396572028953.9, 1010273625134016.5, 1009560478048753.0], [888459891842690.8, 909618500662551.0, 948464243396491.9, 985622303141753.6, 1022242715421286.8, 997855350533160.0, 975716311726101.9, 979987837074994.8, 876014643711284.1, 883160707799770.1, 886584941610632.1, 906665569478095.8, 891349423180419.1, 936186229859331.6, 955403287176351.5, 985894519447556.5, 983771486866779.1], [848292212487717.1, 865627896971603.8, 910630961470824.2, 953709525926644.8, 997855350533160.0, 1018980485225860.4, 1012283115945012.4, 1015447461104419.8, 841726718642930.5, 839820659185321.8, 846858856665867.8, 858758464367271.2, 844292605446994.6, 904964962407010.8, 912392175840034.5, 948671535010805.5, 955309780051975.2], [822077652355346.4, 843879064849861.6, 893401915123967.1, 936108427770577.5, 975716311726101.9, 1012283115945012.4, 1045380518818057.8, 985105403936247.9, 816316295598243.9, 811815612616788.5, 818236974263665.1, 840703183183707.1, 819548951550591.8, 890322187774642.6, 897187370537969.8, 933209154572202.8, 938136590492971.1], [833211093699518.8, 842024801971094.4, 885011786663084.6, 930272013485342.8, 979987837074994.8, 1015447461104419.8, 985105403936247.9, 1051114805841534.2, 830290543313578.2, 825108547661728.8, 834440451627619.5, 828738195401053.5, 821978778265409.8, 882107640591012.5, 880713481029301.0, 920825851875308.1, 934475867345391.0], [1008526673103438.1, 962144907887680.0, 921960295747364.8, 901245871570014.6, 876014643711284.1, 841726718642930.5, 816316295598243.9, 830290543313578.2, 1057682972898600.8, 1000339240078282.0, 1000062488678367.1, 955968114487195.6, 953702711395068.8, 931956811752772.5, 889498846873971.2, 896502508501656.1, 904435778353247.5], [1006761735495914.5, 960410218526590.1, 919817678550618.6, 902915261348512.0, 883160707799770.1, 839820659185321.8, 811815612616788.5, 825108547661728.8, 1000339240078282.0, 1053667928044839.8, 998743997012002.9, 947526783333015.2, 959272313676900.1, 922074262633541.4, 891724538975999.4, 907594016580741.6, 896363165434995.5], [1006217026782829.9, 959296681889971.8, 925251302163075.2, 915868665417868.0, 886584941610632.1, 846858856665867.8, 818236974263665.1, 834440451627619.5, 1000062488678367.1, 998743997012002.9, 1052831464890568.4, 956968874291391.1, 941664422544570.4, 930952877883449.8, 892179432186995.0, 917094164959703.2, 925035683101935.8], [964885906959130.5, 1001347774237307.0, 963436555654180.6, 930580343441831.0, 906665569478095.8, 858758464367271.2, 840703183183707.1, 828738195401053.5, 955968114487195.6, 947526783333015.2, 956968874291391.1, 1054386753254122.4, 997797110545745.0, 947223162972791.6, 966658063383707.5, 923329293662858.1, 927319710849222.5], [962926106215055.4, 999507698079115.2, 962525455770787.1, 913251877922280.8, 891349423180419.1, 844292605446994.6, 819548951550591.8, 821978778265409.8, 953702711395068.8, 959272313676900.1, 941664422544570.4, 997797110545745.0, 1050045742434087.6, 957001818804906.8, 969627289650710.1, 903423086663721.6, 900089737680446.2], [936410182047490.1, 962829875515570.6, 1004000594582282.2, 968948687233936.1, 936186229859331.6, 904964962407010.8, 890322187774642.6, 882107640591012.5, 931956811752772.5, 922074262633541.4, 930952877883449.8, 947223162972791.6, 957001818804906.8, 1056686240334871.0, 1004305619913406.8, 963647767750242.8, 965195802222368.9], [906387690803174.0, 964577206193148.5, 1005111348097084.5, 969396572028953.9, 955403287176351.5, 912392175840034.5, 897187370537969.8, 880713481029301.0, 889498846873971.2, 891724538975999.4, 892179432186995.0, 966658063383707.5, 969627289650710.1, 1004305619913406.8, 1057899738532938.5, 959368873351149.8, 956611182128215.0], [912176021269756.5, 927162098611760.8, 966395965984413.9, 1010273625134016.5, 985894519447556.5, 948671535010805.5, 933209154572202.8, 920825851875308.1, 896502508501656.1, 907594016580741.6, 917094164959703.2, 923329293662858.1, 903423086663721.6, 963647767750242.8, 959368873351149.8, 1061130897585382.5, 1008067885551011.0], [913471672844413.0, 927570920483635.4, 965979741908952.1, 1009560478048753.0, 983771486866779.1, 955309780051975.2, 938136590492971.1, 934475867345391.0, 904435778353247.5, 896363165434995.5, 925035683101935.8, 927319710849222.5, 900089737680446.2, 965195802222368.9, 956611182128215.0, 1008067885551011.0, 1060009512104187.4], [30340009574929.543, 32218412605511.45, 28664868728222.58, 21288452284905.996, 439683457126.4419, -15704098368625.332, -20764518117450.793, -24759344604252.453, 28956910804962.527, 29048506443883.195, 31589090103555.95, 33908412081529.168, 33893671481981.21, 31952947739131.758, 28069863274605.31, 26728508553471.49, 25152190937366.49]]}}