{"resp_b": 0.1, "restrained_fit": true, "exclude_hydrogens": true, "convergence_tolerance": 1e-06, "max_iter": 500, "resp_a": 0.0005, "charge_constraints": {"charge_sum_constraints": [], "charge_equivalence_constraints": [], "molecules": [{"qcmol": {"schema_name": "qcschema_molecule", "schema_version": 2, "validated": true, "symbols": ["C", "C", "C", "C", "O", "N", "O", "O", "H", "H", "H", "H", "H", "H", "H", "H", "H"], "geometry": [[0.0, 0.0, 0.0], [2.887473887837557, 4.3245167116182064e-16, 1.9476696232620592e-16], [3.986324852559898, 2.675219221140305, -4.3021142204224816e-15], [6.855037372660031, 2.7500657501241736, -0.05573468466726067], [7.97475716531926, 1.4958986020070995, 2.090639122647704], [8.099891609870573, 2.7853738634107827, 4.242735338432746], [7.3879901938074175, 4.913430763196492, 4.25807789593282], [8.945961117806426, 1.6199635466501954, 5.939531565720917], [-0.7447169481050921, 0.9579638691555401, -1.6557594881277646], [-0.734538242615483, -1.9141178631330422, -0.0014129840033897806], [-0.7407009056061857, 0.9527189487806087, 1.6598747793138162], [3.572388864009047, -1.025644558956932, 1.639172292910003], [3.57244520474254, -1.0170922604431012, -1.6500366444620402], [3.3079273172462056, 3.7289028296214606, 1.621678283757199], [3.3387614586031527, 3.6902478683534454, -1.666755738818606], [7.6006644759571405, 1.6540522475039432, -1.6071834873334865], [7.579004664386018, 4.649775247314809, -0.16010276342758945]], "name": "C4H9NO3", "identifiers": {"molecule_hash": "035837e31dfb2892a7047ff9281f76da2a23b8d9", "molecular_formula": "C4H9NO3"}, "molecular_charge": 0.0, "molecular_multiplicity": 1, "connectivity": [[0, 1, 1.0], [0, 8, 1.0], [0, 9, 1.0], [0, 10, 1.0], [1, 2, 1.0], [1, 11, 1.0], [1, 12, 1.0], [2, 3, 1.0], [2, 13, 1.0], [2, 14, 1.0], [3, 4, 1.0], [3, 15, 1.0], [3, 16, 1.0], [4, 5, 1.0], [5, 6, 2.0], [5, 7, 1.0]], "fix_com": true, "fix_orientation": true, "provenance": {"creator": "QCElemental", "version": "v0.22.0", "routine": "qcelemental.molparse.from_schema"}, "id": "247397"}, "charge": 0, "optimize_geometry": false, "conformers": [], "conformer_generation_options": {"n_conformer_pool": 4000, "n_max_conformers": 0, "rms_tolerance": 0.05, "energy_window": 15, "keep_original_conformer": true}, "stage_1_unrestrained_charges": null, "stage_1_restrained_charges": null, "stage_2_unrestrained_charges": null, "stage_2_restrained_charges": null, "keep_original_orientation": false, "reorientations": [], "translations": [], "rotations": []}], "unconstrained_atoms": [{"index": 0, "molecule": {"qcmol": {"schema_name": "qcschema_molecule", "schema_version": 2, "validated": true, "symbols": ["C", "C", "C", "C", "O", "N", "O", "O", "H", "H", "H", "H", "H", "H", "H", "H", "H"], "geometry": [[0.0, 0.0, 0.0], [2.887473887837557, 4.3245167116182064e-16, 1.9476696232620592e-16], [3.986324852559898, 2.675219221140305, -4.3021142204224816e-15], [6.855037372660031, 2.7500657501241736, -0.05573468466726067], [7.97475716531926, 1.4958986020070995, 2.090639122647704], [8.099891609870573, 2.7853738634107827, 4.242735338432746], [7.3879901938074175, 4.913430763196492, 4.25807789593282], [8.945961117806426, 1.6199635466501954, 5.939531565720917], [-0.7447169481050921, 0.9579638691555401, -1.6557594881277646], [-0.734538242615483, -1.9141178631330422, -0.0014129840033897806], [-0.7407009056061857, 0.9527189487806087, 1.6598747793138162], [3.572388864009047, -1.025644558956932, 1.639172292910003], [3.57244520474254, -1.0170922604431012, -1.6500366444620402], [3.3079273172462056, 3.7289028296214606, 1.621678283757199], [3.3387614586031527, 3.6902478683534454, -1.666755738818606], [7.6006644759571405, 1.6540522475039432, -1.6071834873334865], [7.579004664386018, 4.649775247314809, -0.16010276342758945]], "name": "C4H9NO3", "identifiers": {"molecule_hash": "035837e31dfb2892a7047ff9281f76da2a23b8d9", "molecular_formula": "C4H9NO3"}, "molecular_charge": 0.0, "molecular_multiplicity": 1, "connectivity": [[0, 1, 1.0], [0, 8, 1.0], [0, 9, 1.0], [0, 10, 1.0], [1, 2, 1.0], [1, 11, 1.0], [1, 12, 1.0], [2, 3, 1.0], [2, 13, 1.0], [2, 14, 1.0], [3, 4, 1.0], [3, 15, 1.0], [3, 16, 1.0], [4, 5, 1.0], [5, 6, 2.0], [5, 7, 1.0]], "fix_com": true, "fix_orientation": true, "provenance": {"creator": "QCElemental", "version": "v0.22.0", "routine": "qcelemental.molparse.from_schema"}, "id": "247397"}, "charge": 0, "optimize_geometry": false, "conformers": [], "conformer_generation_options": {"n_conformer_pool": 4000, "n_max_conformers": 0, "rms_tolerance": 0.05, "energy_window": 15, "keep_original_conformer": true}, "stage_1_unrestrained_charges": null, "stage_1_restrained_charges": null, "stage_2_unrestrained_charges": null, "stage_2_restrained_charges": null, "keep_original_orientation": false, "reorientations": [], "translations": [], "rotations": []}}, {"index": 1, "molecule": {"qcmol": {"schema_name": "qcschema_molecule", "schema_version": 2, "validated": true, "symbols": ["C", "C", "C", "C", "O", "N", "O", "O", "H", "H", "H", "H", "H", "H", "H", "H", "H"], "geometry": [[0.0, 0.0, 0.0], [2.887473887837557, 4.3245167116182064e-16, 1.9476696232620592e-16], [3.986324852559898, 2.675219221140305, -4.3021142204224816e-15], [6.855037372660031, 2.7500657501241736, -0.05573468466726067], [7.97475716531926, 1.4958986020070995, 2.090639122647704], [8.099891609870573, 2.7853738634107827, 4.242735338432746], [7.3879901938074175, 4.913430763196492, 4.25807789593282], [8.945961117806426, 1.6199635466501954, 5.939531565720917], [-0.7447169481050921, 0.9579638691555401, -1.6557594881277646], [-0.734538242615483, -1.9141178631330422, -0.0014129840033897806], [-0.7407009056061857, 0.9527189487806087, 1.6598747793138162], [3.572388864009047, -1.025644558956932, 1.639172292910003], [3.57244520474254, -1.0170922604431012, -1.6500366444620402], [3.3079273172462056, 3.7289028296214606, 1.621678283757199], [3.3387614586031527, 3.6902478683534454, -1.666755738818606], [7.6006644759571405, 1.6540522475039432, -1.6071834873334865], [7.579004664386018, 4.649775247314809, -0.16010276342758945]], "name": "C4H9NO3", "identifiers": {"molecule_hash": "035837e31dfb2892a7047ff9281f76da2a23b8d9", "molecular_formula": "C4H9NO3"}, "molecular_charge": 0.0, "molecular_multiplicity": 1, "connectivity": [[0, 1, 1.0], [0, 8, 1.0], [0, 9, 1.0], [0, 10, 1.0], [1, 2, 1.0], [1, 11, 1.0], [1, 12, 1.0], [2, 3, 1.0], [2, 13, 1.0], [2, 14, 1.0], [3, 4, 1.0], [3, 15, 1.0], [3, 16, 1.0], [4, 5, 1.0], [5, 6, 2.0], [5, 7, 1.0]], "fix_com": true, "fix_orientation": true, "provenance": {"creator": "QCElemental", "version": "v0.22.0", "routine": "qcelemental.molparse.from_schema"}, "id": "247397"}, "charge": 0, "optimize_geometry": false, "conformers": [], "conformer_generation_options": {"n_conformer_pool": 4000, "n_max_conformers": 0, "rms_tolerance": 0.05, "energy_window": 15, "keep_original_conformer": true}, "stage_1_unrestrained_charges": null, "stage_1_restrained_charges": null, "stage_2_unrestrained_charges": null, "stage_2_restrained_charges": null, "keep_original_orientation": false, "reorientations": [], "translations": [], "rotations": []}}, {"index": 2, "molecule": {"qcmol": {"schema_name": "qcschema_molecule", "schema_version": 2, "validated": true, "symbols": ["C", "C", "C", "C", "O", "N", "O", "O", "H", "H", "H", "H", "H", "H", "H", "H", "H"], "geometry": [[0.0, 0.0, 0.0], [2.887473887837557, 4.3245167116182064e-16, 1.9476696232620592e-16], [3.986324852559898, 2.675219221140305, -4.3021142204224816e-15], [6.855037372660031, 2.7500657501241736, -0.05573468466726067], [7.97475716531926, 1.4958986020070995, 2.090639122647704], [8.099891609870573, 2.7853738634107827, 4.242735338432746], [7.3879901938074175, 4.913430763196492, 4.25807789593282], [8.945961117806426, 1.6199635466501954, 5.939531565720917], [-0.7447169481050921, 0.9579638691555401, -1.6557594881277646], [-0.734538242615483, -1.9141178631330422, -0.0014129840033897806], [-0.7407009056061857, 0.9527189487806087, 1.6598747793138162], [3.572388864009047, -1.025644558956932, 1.639172292910003], [3.57244520474254, -1.0170922604431012, -1.6500366444620402], [3.3079273172462056, 3.7289028296214606, 1.621678283757199], [3.3387614586031527, 3.6902478683534454, -1.666755738818606], [7.6006644759571405, 1.6540522475039432, -1.6071834873334865], [7.579004664386018, 4.649775247314809, -0.16010276342758945]], "name": "C4H9NO3", "identifiers": {"molecule_hash": "035837e31dfb2892a7047ff9281f76da2a23b8d9", "molecular_formula": "C4H9NO3"}, "molecular_charge": 0.0, "molecular_multiplicity": 1, "connectivity": [[0, 1, 1.0], [0, 8, 1.0], [0, 9, 1.0], [0, 10, 1.0], [1, 2, 1.0], [1, 11, 1.0], [1, 12, 1.0], [2, 3, 1.0], [2, 13, 1.0], [2, 14, 1.0], [3, 4, 1.0], [3, 15, 1.0], [3, 16, 1.0], [4, 5, 1.0], [5, 6, 2.0], [5, 7, 1.0]], "fix_com": true, "fix_orientation": true, "provenance": {"creator": "QCElemental", "version": "v0.22.0", "routine": "qcelemental.molparse.from_schema"}, "id": "247397"}, "charge": 0, "optimize_geometry": false, "conformers": [], "conformer_generation_options": {"n_conformer_pool": 4000, "n_max_conformers": 0, "rms_tolerance": 0.05, "energy_window": 15, "keep_original_conformer": true}, "stage_1_unrestrained_charges": null, "stage_1_restrained_charges": null, "stage_2_unrestrained_charges": null, "stage_2_restrained_charges": null, "keep_original_orientation": false, "reorientations": [], "translations": [], "rotations": []}}, {"index": 3, "molecule": {"qcmol": {"schema_name": "qcschema_molecule", "schema_version": 2, "validated": true, "symbols": ["C", "C", "C", "C", "O", "N", "O", "O", "H", "H", "H", "H", "H", "H", "H", "H", "H"], "geometry": [[0.0, 0.0, 0.0], [2.887473887837557, 4.3245167116182064e-16, 1.9476696232620592e-16], [3.986324852559898, 2.675219221140305, -4.3021142204224816e-15], [6.855037372660031, 2.7500657501241736, -0.05573468466726067], [7.97475716531926, 1.4958986020070995, 2.090639122647704], [8.099891609870573, 2.7853738634107827, 4.242735338432746], [7.3879901938074175, 4.913430763196492, 4.25807789593282], [8.945961117806426, 1.6199635466501954, 5.939531565720917], [-0.7447169481050921, 0.9579638691555401, -1.6557594881277646], [-0.734538242615483, -1.9141178631330422, -0.0014129840033897806], [-0.7407009056061857, 0.9527189487806087, 1.6598747793138162], [3.572388864009047, -1.025644558956932, 1.639172292910003], [3.57244520474254, -1.0170922604431012, -1.6500366444620402], [3.3079273172462056, 3.7289028296214606, 1.621678283757199], [3.3387614586031527, 3.6902478683534454, -1.666755738818606], [7.6006644759571405, 1.6540522475039432, -1.6071834873334865], [7.579004664386018, 4.649775247314809, -0.16010276342758945]], "name": "C4H9NO3", "identifiers": {"molecule_hash": "035837e31dfb2892a7047ff9281f76da2a23b8d9", "molecular_formula": "C4H9NO3"}, "molecular_charge": 0.0, "molecular_multiplicity": 1, "connectivity": [[0, 1, 1.0], [0, 8, 1.0], [0, 9, 1.0], [0, 10, 1.0], [1, 2, 1.0], [1, 11, 1.0], [1, 12, 1.0], [2, 3, 1.0], [2, 13, 1.0], [2, 14, 1.0], [3, 4, 1.0], [3, 15, 1.0], [3, 16, 1.0], [4, 5, 1.0], [5, 6, 2.0], [5, 7, 1.0]], "fix_com": true, "fix_orientation": true, "provenance": {"creator": "QCElemental", "version": "v0.22.0", "routine": "qcelemental.molparse.from_schema"}, "id": "247397"}, "charge": 0, "optimize_geometry": false, "conformers": [], "conformer_generation_options": {"n_conformer_pool": 4000, "n_max_conformers": 0, "rms_tolerance": 0.05, "energy_window": 15, "keep_original_conformer": true}, "stage_1_unrestrained_charges": null, "stage_1_restrained_charges": null, "stage_2_unrestrained_charges": null, "stage_2_restrained_charges": null, "keep_original_orientation": false, "reorientations": [], "translations": [], "rotations": []}}]}, "surface_constraints": {"matrix": [[405326275018487.56, 391148869317379.3, 374355433405259.44, 364611895175796.94, 353485059115462.25, 334707558087127.7, 323015462855998.9, 327583692049286.1, 408211414971788.6, 407038368690579.1, 406989474858371.3, 389587995153977.0, 389030674808095.4, 376034834480833.75, 362955745268863.2, 363596771723286.94, 363898868698331.6], [391148869317379.3, 400429967403516.3, 388866506029451.4, 373383700050916.44, 362780147975711.8, 342252270368822.7, 332299553691928.94, 331564164804299.7, 388152377425824.56, 387103720556718.5, 386725963242760.06, 405646723271091.5, 405289427910567.9, 387828494299276.3, 388238045591984.4, 370306512640381.9, 370269286907942.3], [374355433405259.44, 388866506029451.4, 399154293113926.2, 388303437862091.0, 378643855419247.94, 360476166649415.94, 352289195451721.25, 348859355543771.1, 369590461893301.7, 368443543899326.5, 370893165060210.0, 387921155005318.44, 387961945631979.44, 404793711420609.3, 404932292264032.44, 386311583853375.94, 385884240921006.9], [364611895175796.94, 373383700050916.44, 388303437862091.0, 398812737944813.75, 393223224673826.06, 377276080816068.6, 368843818604734.7, 366482096151396.06, 359167084262617.1, 359603725670910.5, 365266013739733.06, 372178443325900.94, 365110653053248.5, 387986629857491.5, 387942382884455.1, 403558234334469.4, 402912142118569.2], [353485059115462.25, 362780147975711.8, 378643855419247.94, 393223224673826.06, 409035594010270.94, 395801521034694.2, 385115642191785.56, 387099801562119.25, 347696170289087.6, 350558674559541.2, 352264039839383.8, 361258873536743.7, 355023642008260.7, 373119374747765.94, 381149081543408.44, 392369504935389.1, 391100598653947.56], [334707558087127.7, 342252270368822.7, 360476166649415.94, 377276080816068.6, 395801521034694.2, 402945356987752.5, 399134816681966.5, 400576835829307.6, 331542116746290.4, 330540668984406.3, 333737630829159.25, 339147902847808.4, 333419202807063.06, 358028758923345.25, 360767470796328.3, 374306194105288.44, 376870990207292.4], [323015462855998.9, 332299553691928.94, 352289195451721.25, 368843818604734.7, 385115642191785.56, 399134816681966.5, 413086173115043.9, 386412824219706.7, 320254012184858.44, 318269978231948.3, 321005336833461.06, 330717140098626.3, 322307194152790.5, 351015699624374.06, 353401589950143.6, 366889216184073.75, 368764956602345.6], [327583692049286.1, 331564164804299.7, 348859355543771.1, 366482096151396.06, 387099801562119.25, 400576835829307.6, 386412824219706.7, 415642063637087.44, 325985738426459.3, 323493801571722.9, 327802827342533.25, 325850070629833.94, 323334731604768.0, 347695962289357.3, 346602410402393.6, 361754853028121.7, 367322388177264.1], [408211414971788.6, 388152377425824.56, 369590461893301.7, 359167084262617.1, 347696170289087.6, 331542116746290.4, 320254012184858.44, 325985738426459.3, 428714639844670.25, 403561089211249.44, 403620864157219.1, 385157968202095.6, 384448074472964.56, 373566801755132.94, 355297677475641.44, 356505721479403.94, 359665988699913.44], [407038368690579.1, 387103720556718.5, 368443543899326.5, 359603725670910.5, 350558674559541.2, 330540668984406.3, 318269978231948.3, 323493801571722.9, 403561089211249.44, 426087477987957.06, 402647509510292.25, 381230132304850.9, 386554898316676.25, 369141581913632.8, 356054085444445.4, 360882958332608.8, 355916851309404.2], [406989474858371.3, 386725963242760.06, 370893165060210.0, 365266013739733.06, 352264039839383.8, 333737630829159.25, 321005336833461.06, 327802827342533.25, 403620864157219.1, 402647509510292.25, 426238281427957.0, 385412996265930.06, 379028663827547.2, 373034633159916.94, 356373244124117.56, 365098157431336.8, 368106987402253.8], [389587995153977.0, 405646723271091.5, 387921155005318.44, 372178443325900.94, 361258873536743.7, 339147902847808.4, 330717140098626.3, 325850070629833.94, 385157968202095.6, 381230132304850.9, 385412996265930.06, 427941269401153.4, 403920473952209.44, 380744686355963.7, 388623597593520.2, 368384249773270.8, 369889810876801.6], [389030674808095.4, 405289427910567.9, 387961945631979.44, 365110653053248.5, 355023642008260.7, 333419202807063.06, 322307194152790.5, 323334731604768.0, 384448074472964.56, 386554898316676.25, 379028663827547.2, 403920473952209.44, 427008817488497.44, 385325574642130.9, 390342007561246.7, 360258901793192.5, 358670423429424.2], [376034834480833.75, 387828494299276.3, 404793711420609.3, 387986629857491.5, 373119374747765.94, 358028758923345.25, 351015699624374.06, 347695962289357.3, 373566801755132.94, 369141581913632.8, 373034633159916.94, 380744686355963.7, 385325574642130.9, 427115399353013.8, 404292534064310.3, 384952611272703.2, 385390952274001.8], [362955745268863.2, 388238045591984.4, 404932292264032.44, 387942382884455.1, 381149081543408.44, 360767470796328.3, 353401589950143.6, 346602410402393.6, 355297677475641.44, 356054085444445.4, 356373244124117.56, 388623597593520.2, 390342007561246.7, 404292534064310.3, 426834007963872.56, 382901617865955.3, 381494974456918.4], [363596771723286.94, 370306512640381.9, 386311583853375.94, 403558234334469.4, 392369504935389.1, 374306194105288.44, 366889216184073.75, 361754853028121.7, 356505721479403.94, 360882958332608.8, 365098157431336.8, 368384249773270.8, 360258901793192.5, 384952611272703.2, 382901617865955.3, 424280223205799.6, 401449513462538.3], [363898868698331.6, 370269286907942.3, 385884240921006.9, 402912142118569.2, 391100598653947.56, 376870990207292.4, 368764956602345.6, 367322388177264.1, 359665988699913.44, 355916851309404.2, 368106987402253.8, 369889810876801.6, 358670423429424.2, 385390952274001.8, 381494974456918.4, 401449513462538.3, 423114201854440.4], [11701519607199.37, 12417622097877.594, 11026192583433.586, 8249720293557.843, 947534937413.0305, -4684537387219.85, -6655968098382.121, -7956134615451.568, 11237011863829.152, 11272619288954.633, 11959572517195.85, 13014416167383.215, 13039728815894.752, 12045138542694.662, 10879709358549.984, 10039790347115.182, 9433499978844.303]]}}