{"resp_b": 0.1, "restrained_fit": true, "exclude_hydrogens": true, "convergence_tolerance": 1e-06, "max_iter": 500, "resp_a": 0.0005, "charge_constraints": {"charge_sum_constraints": [], "charge_equivalence_constraints": [], "molecules": [{"qcmol": {"schema_name": "qcschema_molecule", "schema_version": 2, "validated": true, "symbols": ["C", "C", "C", "C", "O", "N", "O", "O", "H", "H", "H", "H", "H", "H", "H", "H", "H"], "geometry": [[0.0, 0.0, 0.0], [2.887473887837557, 4.3245167116182064e-16, 1.9476696232620592e-16], [3.986324852559898, 2.675219221140305, -4.3021142204224816e-15], [6.855037372660031, 2.7500657501241736, -0.05573468466726067], [7.97475716531926, 1.4958986020070995, 2.090639122647704], [8.099891609870573, 2.7853738634107827, 4.242735338432746], [7.3879901938074175, 4.913430763196492, 4.25807789593282], [8.945961117806426, 1.6199635466501954, 5.939531565720917], [-0.7447169481050921, 0.9579638691555401, -1.6557594881277646], [-0.734538242615483, -1.9141178631330422, -0.0014129840033897806], [-0.7407009056061857, 0.9527189487806087, 1.6598747793138162], [3.572388864009047, -1.025644558956932, 1.639172292910003], [3.57244520474254, -1.0170922604431012, -1.6500366444620402], [3.3079273172462056, 3.7289028296214606, 1.621678283757199], [3.3387614586031527, 3.6902478683534454, -1.666755738818606], [7.6006644759571405, 1.6540522475039432, -1.6071834873334865], [7.579004664386018, 4.649775247314809, -0.16010276342758945]], "name": "C4H9NO3", "identifiers": {"molecule_hash": "035837e31dfb2892a7047ff9281f76da2a23b8d9", "molecular_formula": "C4H9NO3"}, "molecular_charge": 0.0, "molecular_multiplicity": 1, "connectivity": [[0, 1, 1.0], [0, 8, 1.0], [0, 9, 1.0], [0, 10, 1.0], [1, 2, 1.0], [1, 11, 1.0], [1, 12, 1.0], [2, 3, 1.0], [2, 13, 1.0], [2, 14, 1.0], [3, 4, 1.0], [3, 15, 1.0], [3, 16, 1.0], [4, 5, 1.0], [5, 6, 2.0], [5, 7, 1.0]], "fix_com": true, "fix_orientation": true, "provenance": {"creator": "QCElemental", "version": "v0.22.0", "routine": "qcelemental.molparse.from_schema"}, "id": "247397"}, "charge": 0, "optimize_geometry": false, "conformers": [], "conformer_generation_options": {"n_conformer_pool": 4000, "n_max_conformers": 0, "rms_tolerance": 0.05, "energy_window": 15, "keep_original_conformer": true}, "stage_1_unrestrained_charges": null, "stage_1_restrained_charges": null, "stage_2_unrestrained_charges": null, "stage_2_restrained_charges": null, "keep_original_orientation": false, "reorientations": [], "translations": [], "rotations": []}], "unconstrained_atoms": [{"index": 0, "molecule": {"qcmol": {"schema_name": "qcschema_molecule", "schema_version": 2, "validated": true, "symbols": ["C", "C", "C", "C", "O", "N", "O", "O", "H", "H", "H", "H", "H", "H", "H", "H", "H"], "geometry": [[0.0, 0.0, 0.0], [2.887473887837557, 4.3245167116182064e-16, 1.9476696232620592e-16], [3.986324852559898, 2.675219221140305, -4.3021142204224816e-15], [6.855037372660031, 2.7500657501241736, -0.05573468466726067], [7.97475716531926, 1.4958986020070995, 2.090639122647704], [8.099891609870573, 2.7853738634107827, 4.242735338432746], [7.3879901938074175, 4.913430763196492, 4.25807789593282], [8.945961117806426, 1.6199635466501954, 5.939531565720917], [-0.7447169481050921, 0.9579638691555401, -1.6557594881277646], [-0.734538242615483, -1.9141178631330422, -0.0014129840033897806], [-0.7407009056061857, 0.9527189487806087, 1.6598747793138162], [3.572388864009047, -1.025644558956932, 1.639172292910003], [3.57244520474254, -1.0170922604431012, -1.6500366444620402], [3.3079273172462056, 3.7289028296214606, 1.621678283757199], [3.3387614586031527, 3.6902478683534454, -1.666755738818606], [7.6006644759571405, 1.6540522475039432, -1.6071834873334865], [7.579004664386018, 4.649775247314809, -0.16010276342758945]], "name": "C4H9NO3", "identifiers": {"molecule_hash": "035837e31dfb2892a7047ff9281f76da2a23b8d9", "molecular_formula": "C4H9NO3"}, "molecular_charge": 0.0, "molecular_multiplicity": 1, "connectivity": [[0, 1, 1.0], [0, 8, 1.0], [0, 9, 1.0], [0, 10, 1.0], [1, 2, 1.0], [1, 11, 1.0], [1, 12, 1.0], [2, 3, 1.0], [2, 13, 1.0], [2, 14, 1.0], [3, 4, 1.0], [3, 15, 1.0], [3, 16, 1.0], [4, 5, 1.0], [5, 6, 2.0], [5, 7, 1.0]], "fix_com": true, "fix_orientation": true, "provenance": {"creator": "QCElemental", "version": "v0.22.0", "routine": "qcelemental.molparse.from_schema"}, "id": "247397"}, "charge": 0, "optimize_geometry": false, "conformers": [], "conformer_generation_options": {"n_conformer_pool": 4000, "n_max_conformers": 0, "rms_tolerance": 0.05, "energy_window": 15, "keep_original_conformer": true}, "stage_1_unrestrained_charges": null, "stage_1_restrained_charges": null, "stage_2_unrestrained_charges": null, "stage_2_restrained_charges": null, "keep_original_orientation": false, "reorientations": [], "translations": [], "rotations": []}}, {"index": 1, "molecule": {"qcmol": {"schema_name": "qcschema_molecule", "schema_version": 2, "validated": true, "symbols": ["C", "C", "C", "C", "O", "N", "O", "O", "H", "H", "H", "H", "H", "H", "H", "H", "H"], "geometry": [[0.0, 0.0, 0.0], [2.887473887837557, 4.3245167116182064e-16, 1.9476696232620592e-16], [3.986324852559898, 2.675219221140305, -4.3021142204224816e-15], [6.855037372660031, 2.7500657501241736, -0.05573468466726067], [7.97475716531926, 1.4958986020070995, 2.090639122647704], [8.099891609870573, 2.7853738634107827, 4.242735338432746], [7.3879901938074175, 4.913430763196492, 4.25807789593282], [8.945961117806426, 1.6199635466501954, 5.939531565720917], [-0.7447169481050921, 0.9579638691555401, -1.6557594881277646], [-0.734538242615483, -1.9141178631330422, -0.0014129840033897806], [-0.7407009056061857, 0.9527189487806087, 1.6598747793138162], [3.572388864009047, -1.025644558956932, 1.639172292910003], [3.57244520474254, -1.0170922604431012, -1.6500366444620402], [3.3079273172462056, 3.7289028296214606, 1.621678283757199], [3.3387614586031527, 3.6902478683534454, -1.666755738818606], [7.6006644759571405, 1.6540522475039432, -1.6071834873334865], [7.579004664386018, 4.649775247314809, -0.16010276342758945]], "name": "C4H9NO3", "identifiers": {"molecule_hash": "035837e31dfb2892a7047ff9281f76da2a23b8d9", "molecular_formula": "C4H9NO3"}, "molecular_charge": 0.0, "molecular_multiplicity": 1, "connectivity": [[0, 1, 1.0], [0, 8, 1.0], [0, 9, 1.0], [0, 10, 1.0], [1, 2, 1.0], [1, 11, 1.0], [1, 12, 1.0], [2, 3, 1.0], [2, 13, 1.0], [2, 14, 1.0], [3, 4, 1.0], [3, 15, 1.0], [3, 16, 1.0], [4, 5, 1.0], [5, 6, 2.0], [5, 7, 1.0]], "fix_com": true, "fix_orientation": true, "provenance": {"creator": "QCElemental", "version": "v0.22.0", "routine": "qcelemental.molparse.from_schema"}, "id": "247397"}, "charge": 0, "optimize_geometry": false, "conformers": [], "conformer_generation_options": {"n_conformer_pool": 4000, "n_max_conformers": 0, "rms_tolerance": 0.05, "energy_window": 15, "keep_original_conformer": true}, "stage_1_unrestrained_charges": null, "stage_1_restrained_charges": null, "stage_2_unrestrained_charges": null, "stage_2_restrained_charges": null, "keep_original_orientation": false, "reorientations": [], "translations": [], "rotations": []}}, {"index": 2, "molecule": {"qcmol": {"schema_name": "qcschema_molecule", "schema_version": 2, "validated": true, "symbols": ["C", "C", "C", "C", "O", "N", "O", "O", "H", "H", "H", "H", "H", "H", "H", "H", "H"], "geometry": [[0.0, 0.0, 0.0], [2.887473887837557, 4.3245167116182064e-16, 1.9476696232620592e-16], [3.986324852559898, 2.675219221140305, -4.3021142204224816e-15], [6.855037372660031, 2.7500657501241736, -0.05573468466726067], [7.97475716531926, 1.4958986020070995, 2.090639122647704], [8.099891609870573, 2.7853738634107827, 4.242735338432746], [7.3879901938074175, 4.913430763196492, 4.25807789593282], [8.945961117806426, 1.6199635466501954, 5.939531565720917], [-0.7447169481050921, 0.9579638691555401, -1.6557594881277646], [-0.734538242615483, -1.9141178631330422, -0.0014129840033897806], [-0.7407009056061857, 0.9527189487806087, 1.6598747793138162], [3.572388864009047, -1.025644558956932, 1.639172292910003], [3.57244520474254, -1.0170922604431012, -1.6500366444620402], [3.3079273172462056, 3.7289028296214606, 1.621678283757199], [3.3387614586031527, 3.6902478683534454, -1.666755738818606], [7.6006644759571405, 1.6540522475039432, -1.6071834873334865], [7.579004664386018, 4.649775247314809, -0.16010276342758945]], "name": "C4H9NO3", "identifiers": {"molecule_hash": "035837e31dfb2892a7047ff9281f76da2a23b8d9", "molecular_formula": "C4H9NO3"}, "molecular_charge": 0.0, "molecular_multiplicity": 1, "connectivity": [[0, 1, 1.0], [0, 8, 1.0], [0, 9, 1.0], [0, 10, 1.0], [1, 2, 1.0], [1, 11, 1.0], [1, 12, 1.0], [2, 3, 1.0], [2, 13, 1.0], [2, 14, 1.0], [3, 4, 1.0], [3, 15, 1.0], [3, 16, 1.0], [4, 5, 1.0], [5, 6, 2.0], [5, 7, 1.0]], "fix_com": true, "fix_orientation": true, "provenance": {"creator": "QCElemental", "version": "v0.22.0", "routine": "qcelemental.molparse.from_schema"}, "id": "247397"}, "charge": 0, "optimize_geometry": false, "conformers": [], "conformer_generation_options": {"n_conformer_pool": 4000, "n_max_conformers": 0, "rms_tolerance": 0.05, "energy_window": 15, "keep_original_conformer": true}, "stage_1_unrestrained_charges": null, "stage_1_restrained_charges": null, "stage_2_unrestrained_charges": null, "stage_2_restrained_charges": null, "keep_original_orientation": false, "reorientations": [], "translations": [], "rotations": []}}, {"index": 3, "molecule": {"qcmol": {"schema_name": "qcschema_molecule", "schema_version": 2, "validated": true, "symbols": ["C", "C", "C", "C", "O", "N", "O", "O", "H", "H", "H", "H", "H", "H", "H", "H", "H"], "geometry": [[0.0, 0.0, 0.0], [2.887473887837557, 4.3245167116182064e-16, 1.9476696232620592e-16], [3.986324852559898, 2.675219221140305, -4.3021142204224816e-15], [6.855037372660031, 2.7500657501241736, -0.05573468466726067], [7.97475716531926, 1.4958986020070995, 2.090639122647704], [8.099891609870573, 2.7853738634107827, 4.242735338432746], [7.3879901938074175, 4.913430763196492, 4.25807789593282], [8.945961117806426, 1.6199635466501954, 5.939531565720917], [-0.7447169481050921, 0.9579638691555401, -1.6557594881277646], [-0.734538242615483, -1.9141178631330422, -0.0014129840033897806], [-0.7407009056061857, 0.9527189487806087, 1.6598747793138162], [3.572388864009047, -1.025644558956932, 1.639172292910003], [3.57244520474254, -1.0170922604431012, -1.6500366444620402], [3.3079273172462056, 3.7289028296214606, 1.621678283757199], [3.3387614586031527, 3.6902478683534454, -1.666755738818606], [7.6006644759571405, 1.6540522475039432, -1.6071834873334865], [7.579004664386018, 4.649775247314809, -0.16010276342758945]], "name": "C4H9NO3", "identifiers": {"molecule_hash": "035837e31dfb2892a7047ff9281f76da2a23b8d9", "molecular_formula": "C4H9NO3"}, "molecular_charge": 0.0, "molecular_multiplicity": 1, "connectivity": [[0, 1, 1.0], [0, 8, 1.0], [0, 9, 1.0], [0, 10, 1.0], [1, 2, 1.0], [1, 11, 1.0], [1, 12, 1.0], [2, 3, 1.0], [2, 13, 1.0], [2, 14, 1.0], [3, 4, 1.0], [3, 15, 1.0], [3, 16, 1.0], [4, 5, 1.0], [5, 6, 2.0], [5, 7, 1.0]], "fix_com": true, "fix_orientation": true, "provenance": {"creator": "QCElemental", "version": "v0.22.0", "routine": "qcelemental.molparse.from_schema"}, "id": "247397"}, "charge": 0, "optimize_geometry": false, "conformers": [], "conformer_generation_options": {"n_conformer_pool": 4000, "n_max_conformers": 0, "rms_tolerance": 0.05, "energy_window": 15, "keep_original_conformer": true}, "stage_1_unrestrained_charges": null, "stage_1_restrained_charges": null, "stage_2_unrestrained_charges": null, "stage_2_restrained_charges": null, "keep_original_orientation": false, "reorientations": [], "translations": [], "rotations": []}}]}, "surface_constraints": {"matrix": [[987286077559485.6, 956474254349838.1, 921127137244205.2, 897772965184909.9, 869090569950588.5, 829511988825465.1, 805343156030305.9, 812048555416361.9, 994167669311722.0, 993166185259713.9, 993180199440135.0, 954640723840625.6, 951895536802654.8, 925966806936180.4, 899438982634448.5, 896526042521644.8, 898083019557157.4], [956474254349838.1, 977681047932438.6, 953997823160884.0, 922348128788262.2, 899734286811163.4, 857186137046684.8, 835282423460349.4, 833585044951563.5, 949996355167092.0, 949060429258594.8, 948505067450861.8, 991410806437471.1, 988838972676230.4, 952468851940811.0, 953526628203952.8, 916881220224063.4, 916773164025949.5], [921127137244205.2, 953997823160884.0, 978875360411684.0, 957889396361494.9, 937414255368875.5, 901260034751758.4, 884054500461419.9, 876040618659738.9, 910170784242077.5, 908671463095194.8, 915356803233414.5, 953502112044287.6, 951784048779802.4, 992565853408382.0, 992805906933270.5, 955167563252950.4, 954458709660577.8], [897772965184909.9, 922348128788262.2, 957889396361494.9, 985036009938137.4, 972942693265995.4, 943092321721507.5, 925887712922921.9, 920360276290229.0, 884925590603999.6, 887848395975108.4, 897597311110595.2, 920635517673067.0, 907036297297548.9, 957952597744543.9, 957604678429195.4, 997918957097475.1, 996925203941492.1], [869090569950588.5, 899734286811163.4, 937414255368875.5, 972942693265995.4, 1007401908912808.1, 986372686901174.6, 965583277393769.0, 969654877481093.6, 853349030605347.2, 864163060636004.1, 862536321309827.1, 900685824177826.8, 885954851081564.1, 926012004551730.5, 943782336971187.6, 973356999394810.0, 970986977184481.8], [829511988825465.1, 857186137046684.8, 901260034751758.4, 943092321721507.5, 986372686901174.6, 1005120969166876.2, 998882339118451.4, 1001890291815870.5, 816460730580152.9, 821811964357812.2, 825334207339818.2, 856941325703889.2, 838030217662465.8, 895502951213052.8, 903182326514554.0, 938339082142082.1, 944038104481828.4], [805343156030305.9, 835282423460349.4, 884054500461419.9, 925887712922921.9, 965583277393769.0, 998882339118451.4, 1030124915687309.9, 973864700800494.8, 792985678043984.0, 795486039865189.0, 800969034587182.9, 838097040749547.5, 811895061304892.0, 880611144176959.0, 888094035164421.5, 923132696732584.0, 927010059485705.6], [812048555416361.9, 833585044951563.5, 876040618659738.9, 920360276290229.0, 969654877481093.6, 1001890291815870.5, 973864700800494.8, 1035438314951389.5, 801476193031753.9, 805153836881682.9, 809304556429801.5, 828561875889771.4, 815667762040446.4, 872879488080009.6, 872204685254553.2, 911116266630240.4, 923952641401348.5], [994167669311722.0, 949996355167092.0, 910170784242077.5, 884925590603999.6, 853349030605347.2, 816460730580152.9, 792985678043984.0, 801476193031753.9, 1040858532611900.2, 985761165761180.6, 985920706327215.1, 944779023441021.6, 942106428644986.2, 916915387455471.4, 885020603593950.2, 882203896153842.8, 887146669324101.5], [993166185259713.9, 949060429258594.8, 908671463095194.8, 887848395975108.4, 864163060636004.1, 821811964357812.2, 795486039865189.0, 805153836881682.9, 985761165761180.6, 1038676659232511.6, 985100904994193.1, 937590708871584.9, 948022273931388.8, 911165020084625.1, 883672162753903.5, 892069920419902.6, 881274840782841.2], [993180199440135.0, 948505067450861.8, 915356803233414.5, 897597311110595.2, 862536321309827.1, 825334207339818.2, 800969034587182.9, 809304556429801.5, 985920706327215.1, 985100904994193.1, 1039086166609007.9, 946997143020750.0, 930975716141793.6, 924678261600643.0, 886118178837874.2, 895535913980937.2, 907216925062533.0], [954640723840625.6, 991410806437471.1, 953502112044287.6, 920635517673067.0, 900685824177826.8, 856941325703889.2, 838097040749547.5, 828561875889771.4, 944779023441021.6, 937590708871584.9, 946997143020750.0, 1043940160923679.9, 988139210020902.6, 941092599194100.0, 953114008564853.9, 910453448469598.8, 916923860240418.8], [951895536802654.8, 988838972676230.4, 951784048779802.4, 907036297297548.9, 885954851081564.1, 838030217662465.8, 811895061304892.0, 815667762040446.4, 942106428644986.2, 948022273931388.8, 930975716141793.6, 988139210020902.6, 1038363229744236.8, 943257411081772.8, 958208220442937.5, 900661241539871.8, 892941958319233.8], [925966806936180.4, 952468851940811.0, 992565853408382.0, 957952597744543.9, 926012004551730.5, 895502951213052.8, 880611144176959.0, 872879488080009.6, 916915387455471.4, 911165020084625.1, 924678261600643.0, 941092599194100.0, 943257411081772.8, 1044174037851329.4, 992392352867748.8, 952544935425199.2, 953910016503295.9], [899438982634448.5, 953526628203952.8, 992805906933270.5, 957604678429195.4, 943782336971187.6, 903182326514554.0, 888094035164421.5, 872204685254553.2, 885020603593950.2, 883672162753903.5, 886118178837874.2, 953114008564853.9, 958208220442937.5, 992392352867748.8, 1043745327598134.4, 948032287873786.9, 944932271476364.1], [896526042521644.8, 916881220224063.4, 955167563252950.4, 997918957097475.1, 973356999394810.0, 938339082142082.1, 923132696732584.0, 911116266630240.4, 882203896153842.8, 892069920419902.6, 895535913980937.2, 910453448469598.8, 900661241539871.8, 952544935425199.2, 948032287873786.9, 1047374840825931.8, 995468549532215.4], [898083019557157.4, 916773164025949.5, 954458709660577.8, 996925203941492.1, 970986977184481.8, 944038104481828.4, 927010059485705.6, 923952641401348.5, 887146669324101.5, 881274840782841.2, 907216925062533.0, 916923860240418.8, 892941958319233.8, 953910016503295.9, 944932271476364.1, 995468549532215.4, 1045608532070334.0], [30572705107592.785, 30214103143078.297, 26497638000657.76, 19987289435570.105, 1867119731964.824, -13371670163507.512, -19043743746092.266, -22091101312487.89, 30448624356788.113, 29578895657125.004, 31951794771035.465, 30261533009541.65, 31932554806152.285, 28856414850846.605, 25983208480781.508, 24760039716569.33, 23081927253308.08]]}}