{"resp_b": 0.1, "restrained_fit": true, "exclude_hydrogens": true, "convergence_tolerance": 1e-06, "max_iter": 500, "resp_a": 0.0005, "charge_constraints": {"charge_sum_constraints": [], "charge_equivalence_constraints": [], "molecules": [{"qcmol": {"schema_name": "qcschema_molecule", "schema_version": 2, "validated": true, "symbols": ["C", "C", "C", "C", "O", "N", "O", "O", "H", "H", "H", "H", "H", "H", "H", "H", "H"], "geometry": [[0.0, 0.0, 0.0], [2.887473887837557, 4.3245167116182064e-16, 1.9476696232620592e-16], [3.986324852559898, 2.675219221140305, -4.3021142204224816e-15], [6.855037372660031, 2.7500657501241736, -0.05573468466726067], [7.97475716531926, 1.4958986020070995, 2.090639122647704], [8.099891609870573, 2.7853738634107827, 4.242735338432746], [7.3879901938074175, 4.913430763196492, 4.25807789593282], [8.945961117806426, 1.6199635466501954, 5.939531565720917], [-0.7447169481050921, 0.9579638691555401, -1.6557594881277646], [-0.734538242615483, -1.9141178631330422, -0.0014129840033897806], [-0.7407009056061857, 0.9527189487806087, 1.6598747793138162], [3.572388864009047, -1.025644558956932, 1.639172292910003], [3.57244520474254, -1.0170922604431012, -1.6500366444620402], [3.3079273172462056, 3.7289028296214606, 1.621678283757199], [3.3387614586031527, 3.6902478683534454, -1.666755738818606], [7.6006644759571405, 1.6540522475039432, -1.6071834873334865], [7.579004664386018, 4.649775247314809, -0.16010276342758945]], "name": "C4H9NO3", "identifiers": {"molecule_hash": "035837e31dfb2892a7047ff9281f76da2a23b8d9", "molecular_formula": "C4H9NO3"}, "molecular_charge": 0.0, "molecular_multiplicity": 1, "connectivity": [[0, 1, 1.0], [0, 8, 1.0], [0, 9, 1.0], [0, 10, 1.0], [1, 2, 1.0], [1, 11, 1.0], [1, 12, 1.0], [2, 3, 1.0], [2, 13, 1.0], [2, 14, 1.0], [3, 4, 1.0], [3, 15, 1.0], [3, 16, 1.0], [4, 5, 1.0], [5, 6, 2.0], [5, 7, 1.0]], "fix_com": true, "fix_orientation": true, "provenance": {"creator": "QCElemental", "version": "v0.22.0", "routine": "qcelemental.molparse.from_schema"}, "id": "247397"}, "charge": 0, "optimize_geometry": false, "conformers": [], "conformer_generation_options": {"n_conformer_pool": 4000, "n_max_conformers": 0, "rms_tolerance": 0.05, "energy_window": 15, "keep_original_conformer": true}, "stage_1_unrestrained_charges": null, "stage_1_restrained_charges": null, "stage_2_unrestrained_charges": null, "stage_2_restrained_charges": null, "keep_original_orientation": false, "reorientations": [], "translations": [], "rotations": []}], "unconstrained_atoms": [{"index": 0, "molecule": {"qcmol": {"schema_name": "qcschema_molecule", "schema_version": 2, "validated": true, "symbols": ["C", "C", "C", "C", "O", "N", "O", "O", "H", "H", "H", "H", "H", "H", "H", "H", "H"], "geometry": [[0.0, 0.0, 0.0], [2.887473887837557, 4.3245167116182064e-16, 1.9476696232620592e-16], [3.986324852559898, 2.675219221140305, -4.3021142204224816e-15], [6.855037372660031, 2.7500657501241736, -0.05573468466726067], [7.97475716531926, 1.4958986020070995, 2.090639122647704], [8.099891609870573, 2.7853738634107827, 4.242735338432746], [7.3879901938074175, 4.913430763196492, 4.25807789593282], [8.945961117806426, 1.6199635466501954, 5.939531565720917], [-0.7447169481050921, 0.9579638691555401, -1.6557594881277646], [-0.734538242615483, -1.9141178631330422, -0.0014129840033897806], [-0.7407009056061857, 0.9527189487806087, 1.6598747793138162], [3.572388864009047, -1.025644558956932, 1.639172292910003], [3.57244520474254, -1.0170922604431012, -1.6500366444620402], [3.3079273172462056, 3.7289028296214606, 1.621678283757199], [3.3387614586031527, 3.6902478683534454, -1.666755738818606], [7.6006644759571405, 1.6540522475039432, -1.6071834873334865], [7.579004664386018, 4.649775247314809, -0.16010276342758945]], "name": "C4H9NO3", "identifiers": {"molecule_hash": "035837e31dfb2892a7047ff9281f76da2a23b8d9", "molecular_formula": "C4H9NO3"}, "molecular_charge": 0.0, "molecular_multiplicity": 1, "connectivity": [[0, 1, 1.0], [0, 8, 1.0], [0, 9, 1.0], [0, 10, 1.0], [1, 2, 1.0], [1, 11, 1.0], [1, 12, 1.0], [2, 3, 1.0], [2, 13, 1.0], [2, 14, 1.0], [3, 4, 1.0], [3, 15, 1.0], [3, 16, 1.0], [4, 5, 1.0], [5, 6, 2.0], [5, 7, 1.0]], "fix_com": true, "fix_orientation": true, "provenance": {"creator": "QCElemental", "version": "v0.22.0", "routine": "qcelemental.molparse.from_schema"}, "id": "247397"}, "charge": 0, "optimize_geometry": false, "conformers": [], "conformer_generation_options": {"n_conformer_pool": 4000, "n_max_conformers": 0, "rms_tolerance": 0.05, "energy_window": 15, "keep_original_conformer": true}, "stage_1_unrestrained_charges": null, "stage_1_restrained_charges": null, "stage_2_unrestrained_charges": null, "stage_2_restrained_charges": null, "keep_original_orientation": false, "reorientations": [], "translations": [], "rotations": []}}, {"index": 1, "molecule": {"qcmol": {"schema_name": "qcschema_molecule", "schema_version": 2, "validated": true, "symbols": ["C", "C", "C", "C", "O", "N", "O", "O", "H", "H", "H", "H", "H", "H", "H", "H", "H"], "geometry": [[0.0, 0.0, 0.0], [2.887473887837557, 4.3245167116182064e-16, 1.9476696232620592e-16], [3.986324852559898, 2.675219221140305, -4.3021142204224816e-15], [6.855037372660031, 2.7500657501241736, -0.05573468466726067], [7.97475716531926, 1.4958986020070995, 2.090639122647704], [8.099891609870573, 2.7853738634107827, 4.242735338432746], [7.3879901938074175, 4.913430763196492, 4.25807789593282], [8.945961117806426, 1.6199635466501954, 5.939531565720917], [-0.7447169481050921, 0.9579638691555401, -1.6557594881277646], [-0.734538242615483, -1.9141178631330422, -0.0014129840033897806], [-0.7407009056061857, 0.9527189487806087, 1.6598747793138162], [3.572388864009047, -1.025644558956932, 1.639172292910003], [3.57244520474254, -1.0170922604431012, -1.6500366444620402], [3.3079273172462056, 3.7289028296214606, 1.621678283757199], [3.3387614586031527, 3.6902478683534454, -1.666755738818606], [7.6006644759571405, 1.6540522475039432, -1.6071834873334865], [7.579004664386018, 4.649775247314809, -0.16010276342758945]], "name": "C4H9NO3", "identifiers": {"molecule_hash": "035837e31dfb2892a7047ff9281f76da2a23b8d9", "molecular_formula": "C4H9NO3"}, "molecular_charge": 0.0, "molecular_multiplicity": 1, "connectivity": [[0, 1, 1.0], [0, 8, 1.0], [0, 9, 1.0], [0, 10, 1.0], [1, 2, 1.0], [1, 11, 1.0], [1, 12, 1.0], [2, 3, 1.0], [2, 13, 1.0], [2, 14, 1.0], [3, 4, 1.0], [3, 15, 1.0], [3, 16, 1.0], [4, 5, 1.0], [5, 6, 2.0], [5, 7, 1.0]], "fix_com": true, "fix_orientation": true, "provenance": {"creator": "QCElemental", "version": "v0.22.0", "routine": "qcelemental.molparse.from_schema"}, "id": "247397"}, "charge": 0, "optimize_geometry": false, "conformers": [], "conformer_generation_options": {"n_conformer_pool": 4000, "n_max_conformers": 0, "rms_tolerance": 0.05, "energy_window": 15, "keep_original_conformer": true}, "stage_1_unrestrained_charges": null, "stage_1_restrained_charges": null, "stage_2_unrestrained_charges": null, "stage_2_restrained_charges": null, "keep_original_orientation": false, "reorientations": [], "translations": [], "rotations": []}}, {"index": 2, "molecule": {"qcmol": {"schema_name": "qcschema_molecule", "schema_version": 2, "validated": true, "symbols": ["C", "C", "C", "C", "O", "N", "O", "O", "H", "H", "H", "H", "H", "H", "H", "H", "H"], "geometry": [[0.0, 0.0, 0.0], [2.887473887837557, 4.3245167116182064e-16, 1.9476696232620592e-16], [3.986324852559898, 2.675219221140305, -4.3021142204224816e-15], [6.855037372660031, 2.7500657501241736, -0.05573468466726067], [7.97475716531926, 1.4958986020070995, 2.090639122647704], [8.099891609870573, 2.7853738634107827, 4.242735338432746], [7.3879901938074175, 4.913430763196492, 4.25807789593282], [8.945961117806426, 1.6199635466501954, 5.939531565720917], [-0.7447169481050921, 0.9579638691555401, -1.6557594881277646], [-0.734538242615483, -1.9141178631330422, -0.0014129840033897806], [-0.7407009056061857, 0.9527189487806087, 1.6598747793138162], [3.572388864009047, -1.025644558956932, 1.639172292910003], [3.57244520474254, -1.0170922604431012, -1.6500366444620402], [3.3079273172462056, 3.7289028296214606, 1.621678283757199], [3.3387614586031527, 3.6902478683534454, -1.666755738818606], [7.6006644759571405, 1.6540522475039432, -1.6071834873334865], [7.579004664386018, 4.649775247314809, -0.16010276342758945]], "name": "C4H9NO3", "identifiers": {"molecule_hash": "035837e31dfb2892a7047ff9281f76da2a23b8d9", "molecular_formula": "C4H9NO3"}, "molecular_charge": 0.0, "molecular_multiplicity": 1, "connectivity": [[0, 1, 1.0], [0, 8, 1.0], [0, 9, 1.0], [0, 10, 1.0], [1, 2, 1.0], [1, 11, 1.0], [1, 12, 1.0], [2, 3, 1.0], [2, 13, 1.0], [2, 14, 1.0], [3, 4, 1.0], [3, 15, 1.0], [3, 16, 1.0], [4, 5, 1.0], [5, 6, 2.0], [5, 7, 1.0]], "fix_com": true, "fix_orientation": true, "provenance": {"creator": "QCElemental", "version": "v0.22.0", "routine": "qcelemental.molparse.from_schema"}, "id": "247397"}, "charge": 0, "optimize_geometry": false, "conformers": [], "conformer_generation_options": {"n_conformer_pool": 4000, "n_max_conformers": 0, "rms_tolerance": 0.05, "energy_window": 15, "keep_original_conformer": true}, "stage_1_unrestrained_charges": null, "stage_1_restrained_charges": null, "stage_2_unrestrained_charges": null, "stage_2_restrained_charges": null, "keep_original_orientation": false, "reorientations": [], "translations": [], "rotations": []}}, {"index": 3, "molecule": {"qcmol": {"schema_name": "qcschema_molecule", "schema_version": 2, "validated": true, "symbols": ["C", "C", "C", "C", "O", "N", "O", "O", "H", "H", "H", "H", "H", "H", "H", "H", "H"], "geometry": [[0.0, 0.0, 0.0], [2.887473887837557, 4.3245167116182064e-16, 1.9476696232620592e-16], [3.986324852559898, 2.675219221140305, -4.3021142204224816e-15], [6.855037372660031, 2.7500657501241736, -0.05573468466726067], [7.97475716531926, 1.4958986020070995, 2.090639122647704], [8.099891609870573, 2.7853738634107827, 4.242735338432746], [7.3879901938074175, 4.913430763196492, 4.25807789593282], [8.945961117806426, 1.6199635466501954, 5.939531565720917], [-0.7447169481050921, 0.9579638691555401, -1.6557594881277646], [-0.734538242615483, -1.9141178631330422, -0.0014129840033897806], [-0.7407009056061857, 0.9527189487806087, 1.6598747793138162], [3.572388864009047, -1.025644558956932, 1.639172292910003], [3.57244520474254, -1.0170922604431012, -1.6500366444620402], [3.3079273172462056, 3.7289028296214606, 1.621678283757199], [3.3387614586031527, 3.6902478683534454, -1.666755738818606], [7.6006644759571405, 1.6540522475039432, -1.6071834873334865], [7.579004664386018, 4.649775247314809, -0.16010276342758945]], "name": "C4H9NO3", "identifiers": {"molecule_hash": "035837e31dfb2892a7047ff9281f76da2a23b8d9", "molecular_formula": "C4H9NO3"}, "molecular_charge": 0.0, "molecular_multiplicity": 1, "connectivity": [[0, 1, 1.0], [0, 8, 1.0], [0, 9, 1.0], [0, 10, 1.0], [1, 2, 1.0], [1, 11, 1.0], [1, 12, 1.0], [2, 3, 1.0], [2, 13, 1.0], [2, 14, 1.0], [3, 4, 1.0], [3, 15, 1.0], [3, 16, 1.0], [4, 5, 1.0], [5, 6, 2.0], [5, 7, 1.0]], "fix_com": true, "fix_orientation": true, "provenance": {"creator": "QCElemental", "version": "v0.22.0", "routine": "qcelemental.molparse.from_schema"}, "id": "247397"}, "charge": 0, "optimize_geometry": false, "conformers": [], "conformer_generation_options": {"n_conformer_pool": 4000, "n_max_conformers": 0, "rms_tolerance": 0.05, "energy_window": 15, "keep_original_conformer": true}, "stage_1_unrestrained_charges": null, "stage_1_restrained_charges": null, "stage_2_unrestrained_charges": null, "stage_2_restrained_charges": null, "keep_original_orientation": false, "reorientations": [], "translations": [], "rotations": []}}]}, "surface_constraints": {"matrix": [[404125771463795.4, 390127373220295.5, 373581043216703.0, 363682133448661.7, 352574144867488.06, 333985044209984.7, 322611478523856.0, 327138083627347.0, 406922438791316.94, 405745438849975.4, 405890245599218.94, 388610587784874.4, 387918345355759.94, 375545602773709.06, 362133526984758.56, 362821197813891.0, 362759387828368.6], [390127373220295.5, 399088698197037.06, 387702614912477.2, 372682563762792.06, 362394840281027.0, 342117928736255.5, 332425615642525.25, 331780756676574.25, 387085516627374.3, 386016044105530.7, 385832527970471.7, 404333216305007.25, 403801679101796.5, 386691051405313.5, 386859332245563.06, 369723710571238.9, 369558465088984.94], [373581043216703.0, 387702614912477.2, 397805594165514.2, 387434519655115.6, 378139419491737.1, 360342723268565.8, 352455970073221.9, 349117424541782.9, 368731098159066.06, 367613175882437.0, 370280860390112.25, 386831663502088.94, 386669311395817.06, 403437332820938.0, 403343175629776.7, 385509497964198.44, 385065050527280.4], [363682133448661.7, 372682563762792.06, 387434519655115.6, 398159929621720.8, 392854309503815.9, 377283265119079.56, 369138158752739.7, 366870666955626.4, 358113652167233.7, 358569481085356.9, 364224989587922.4, 371733700753007.75, 364554874927784.8, 387103410556652.75, 386973628944346.8, 402950989545888.0, 402275243785925.9], [352574144867488.06, 362394840281027.0, 378139419491737.1, 392854309503815.9, 408456685267186.5, 395585977369129.9, 385205248401019.56, 387277666290934.06, 346917554946937.25, 348980806499000.75, 351317724187629.7, 361248474154154.6, 354911966622025.2, 372761351392407.2, 380590411797561.8, 392043650597008.44, 390774715007193.5], [333985044209984.7, 342117928736255.5, 360342723268565.8, 377283265119079.56, 395585977369129.9, 402763232628997.44, 399081587425315.4, 400614657618781.44, 330862006855528.7, 329137419100862.5, 333079706137890.44, 339560045538819.9, 333269479338120.25, 358123579907548.8, 360642774207524.7, 374409600369018.0, 376972853826765.6], [322611478523856.0, 332425615642525.25, 352455970073221.9, 369138158752739.7, 385205248401019.56, 399081587425315.4, 412681026103438.1, 386751052241405.9, 319800219370670.2, 317306443800395.75, 320659012331422.25, 331386958982650.9, 322359343395529.4, 351454749489726.3, 353602677201135.44, 367290548303035.56, 369193150826668.94], [327138083627347.0, 331780756676574.25, 349117424541782.9, 366870666955626.4, 387277666290934.06, 400614657618781.44, 386751052241405.9, 415404943691473.1, 325584283659150.06, 322264700774974.44, 327529489886998.06, 326664142227431.9, 323449885626960.56, 348181587903029.8, 346891435818228.25, 362266851530630.7, 367774617983025.75], [406922438791316.94, 387085516627374.3, 368731098159066.06, 358113652167233.7, 346917554946937.25, 330862006855528.7, 319800219370670.2, 325584283659150.06, 427357011346707.5, 402190473489861.75, 402461390636807.25, 384065074893129.25, 383348019470129.75, 372983037394055.2, 354400142892887.7, 355664065397209.4, 358186402560840.3], [405745438849975.4, 386016044105530.7, 367613175882437.0, 358569481085356.9, 348980806499000.75, 329137419100862.5, 317306443800395.75, 322264700774974.44, 402190473489861.75, 424720549498063.7, 401476718962209.4, 380176228757987.44, 385372064651950.06, 368737012606742.0, 355086201143661.25, 360144115097656.2, 354876371438862.6], [405890245599218.94, 385832527970471.7, 370280860390112.25, 364224989587922.4, 351317724187629.7, 333079706137890.44, 320659012331422.25, 327529489886998.06, 402461390636807.25, 401476718962209.4, 425236468397034.4, 384560363540302.9, 377947748978449.56, 372813125618882.75, 355789580971687.1, 364079007389958.9, 366779180035409.06], [388610587784874.4, 404333216305007.25, 386831663502088.94, 371733700753007.75, 361248474154154.6, 339560045538819.9, 331386958982650.9, 326664142227431.9, 384065074893129.25, 380176228757987.44, 384560363540302.9, 426703864987643.8, 402531849405434.1, 379458240575096.8, 387342236744975.3, 368065836754318.5, 369459656818430.94], [387918345355759.94, 403801679101796.5, 386669311395817.06, 364554874927784.8, 354911966622025.2, 333269479338120.25, 322359343395529.4, 323449885626960.56, 383348019470129.75, 385372064651950.06, 377947748978449.56, 402531849405434.1, 425383876621099.8, 383922832586176.3, 388769216756486.3, 359777849886914.06, 358197711176583.94], [375545602773709.06, 386691051405313.5, 403437332820938.0, 387103410556652.75, 372761351392407.2, 358123579907548.8, 351454749489726.3, 348181587903029.8, 372983037394055.2, 368737012606742.0, 372813125618882.75, 379458240575096.8, 383922832586176.3, 425763518010919.2, 402756848613582.6, 384062105084089.9, 384562793757000.5], [362133526984758.56, 386859332245563.06, 403343175629776.7, 386973628944346.8, 380590411797561.8, 360642774207524.7, 353602677201135.44, 346891435818228.25, 354400142892887.7, 355086201143661.25, 355789580971687.1, 387342236744975.3, 388769216756486.3, 402756848613582.6, 424949872907580.8, 381951498556720.2, 380575504285865.4], [362821197813891.0, 369723710571238.9, 385509497964198.44, 402950989545888.0, 392043650597008.44, 374409600369018.0, 367290548303035.56, 362266851530630.7, 355664065397209.4, 360144115097656.2, 364079007389958.9, 368065836754318.5, 359777849886914.06, 384062105084089.9, 381951498556720.2, 423756126569398.6, 400903470178077.94], [362759387828368.6, 369558465088984.94, 385065050527280.4, 402275243785925.9, 390774715007193.5, 376972853826765.6, 369193150826668.94, 367774617983025.75, 358186402560840.3, 354876371438862.6, 366779180035409.06, 369459656818430.94, 358197711176583.94, 384562793757000.5, 380575504285865.4, 400903470178077.94, 422555632795563.44], [10082276755877.625, 10517757235318.986, 9248266899268.56, 6960910845995.788, 754335526519.9076, -4066668285762.3755, -5818153349999.517, -6932852170765.42, 9629256274289.924, 9885293226393.883, 10306437730547.531, 10982629577779.61, 11032245813534.64, 10033009051562.305, 9055135824698.713, 8548701425473.873, 7997317688921.838]]}}