{"resp_b": 0.1, "restrained_fit": true, "exclude_hydrogens": true, "convergence_tolerance": 1e-06, "max_iter": 500, "resp_a": 0.0005, "charge_constraints": {"charge_sum_constraints": [], "charge_equivalence_constraints": [], "molecules": [{"qcmol": {"schema_name": "qcschema_molecule", "schema_version": 2, "validated": true, "symbols": ["C", "C", "C", "C", "O", "N", "O", "O", "H", "H", "H", "H", "H", "H", "H", "H", "H"], "geometry": [[0.0, 0.0, 0.0], [2.887473887837557, 4.3245167116182064e-16, 1.9476696232620592e-16], [3.986324852559898, 2.675219221140305, -4.3021142204224816e-15], [6.855037372660031, 2.7500657501241736, -0.05573468466726067], [7.97475716531926, 1.4958986020070995, 2.090639122647704], [8.099891609870573, 2.7853738634107827, 4.242735338432746], [7.3879901938074175, 4.913430763196492, 4.25807789593282], [8.945961117806426, 1.6199635466501954, 5.939531565720917], [-0.7447169481050921, 0.9579638691555401, -1.6557594881277646], [-0.734538242615483, -1.9141178631330422, -0.0014129840033897806], [-0.7407009056061857, 0.9527189487806087, 1.6598747793138162], [3.572388864009047, -1.025644558956932, 1.639172292910003], [3.57244520474254, -1.0170922604431012, -1.6500366444620402], [3.3079273172462056, 3.7289028296214606, 1.621678283757199], [3.3387614586031527, 3.6902478683534454, -1.666755738818606], [7.6006644759571405, 1.6540522475039432, -1.6071834873334865], [7.579004664386018, 4.649775247314809, -0.16010276342758945]], "name": "C4H9NO3", "identifiers": {"molecule_hash": "035837e31dfb2892a7047ff9281f76da2a23b8d9", "molecular_formula": "C4H9NO3"}, "molecular_charge": 0.0, "molecular_multiplicity": 1, "connectivity": [[0, 1, 1.0], [0, 8, 1.0], [0, 9, 1.0], [0, 10, 1.0], [1, 2, 1.0], [1, 11, 1.0], [1, 12, 1.0], [2, 3, 1.0], [2, 13, 1.0], [2, 14, 1.0], [3, 4, 1.0], [3, 15, 1.0], [3, 16, 1.0], [4, 5, 1.0], [5, 6, 2.0], [5, 7, 1.0]], "fix_com": true, "fix_orientation": true, "provenance": {"creator": "QCElemental", "version": "v0.22.0", "routine": "qcelemental.molparse.from_schema"}, "id": "247397"}, "charge": 0, "optimize_geometry": false, "conformers": [], "conformer_generation_options": {"n_conformer_pool": 4000, "n_max_conformers": 0, "rms_tolerance": 0.05, "energy_window": 15, "keep_original_conformer": true}, "stage_1_unrestrained_charges": null, "stage_1_restrained_charges": null, "stage_2_unrestrained_charges": null, "stage_2_restrained_charges": null, "keep_original_orientation": false, "reorientations": [], "translations": [], "rotations": []}], "unconstrained_atoms": [{"index": 0, "molecule": {"qcmol": {"schema_name": "qcschema_molecule", "schema_version": 2, "validated": true, "symbols": ["C", "C", "C", "C", "O", "N", "O", "O", "H", "H", "H", "H", "H", "H", "H", "H", "H"], "geometry": [[0.0, 0.0, 0.0], [2.887473887837557, 4.3245167116182064e-16, 1.9476696232620592e-16], [3.986324852559898, 2.675219221140305, -4.3021142204224816e-15], [6.855037372660031, 2.7500657501241736, -0.05573468466726067], [7.97475716531926, 1.4958986020070995, 2.090639122647704], [8.099891609870573, 2.7853738634107827, 4.242735338432746], [7.3879901938074175, 4.913430763196492, 4.25807789593282], [8.945961117806426, 1.6199635466501954, 5.939531565720917], [-0.7447169481050921, 0.9579638691555401, -1.6557594881277646], [-0.734538242615483, -1.9141178631330422, -0.0014129840033897806], [-0.7407009056061857, 0.9527189487806087, 1.6598747793138162], [3.572388864009047, -1.025644558956932, 1.639172292910003], [3.57244520474254, -1.0170922604431012, -1.6500366444620402], [3.3079273172462056, 3.7289028296214606, 1.621678283757199], [3.3387614586031527, 3.6902478683534454, -1.666755738818606], [7.6006644759571405, 1.6540522475039432, -1.6071834873334865], [7.579004664386018, 4.649775247314809, -0.16010276342758945]], "name": "C4H9NO3", "identifiers": {"molecule_hash": "035837e31dfb2892a7047ff9281f76da2a23b8d9", "molecular_formula": "C4H9NO3"}, "molecular_charge": 0.0, "molecular_multiplicity": 1, "connectivity": [[0, 1, 1.0], [0, 8, 1.0], [0, 9, 1.0], [0, 10, 1.0], [1, 2, 1.0], [1, 11, 1.0], [1, 12, 1.0], [2, 3, 1.0], [2, 13, 1.0], [2, 14, 1.0], [3, 4, 1.0], [3, 15, 1.0], [3, 16, 1.0], [4, 5, 1.0], [5, 6, 2.0], [5, 7, 1.0]], "fix_com": true, "fix_orientation": true, "provenance": {"creator": "QCElemental", "version": "v0.22.0", "routine": "qcelemental.molparse.from_schema"}, "id": "247397"}, "charge": 0, "optimize_geometry": false, "conformers": [], "conformer_generation_options": {"n_conformer_pool": 4000, "n_max_conformers": 0, "rms_tolerance": 0.05, "energy_window": 15, "keep_original_conformer": true}, "stage_1_unrestrained_charges": null, "stage_1_restrained_charges": null, "stage_2_unrestrained_charges": null, "stage_2_restrained_charges": null, "keep_original_orientation": false, "reorientations": [], "translations": [], "rotations": []}}, {"index": 1, "molecule": {"qcmol": {"schema_name": "qcschema_molecule", "schema_version": 2, "validated": true, "symbols": ["C", "C", "C", "C", "O", "N", "O", "O", "H", "H", "H", "H", "H", "H", "H", "H", "H"], "geometry": [[0.0, 0.0, 0.0], [2.887473887837557, 4.3245167116182064e-16, 1.9476696232620592e-16], [3.986324852559898, 2.675219221140305, -4.3021142204224816e-15], [6.855037372660031, 2.7500657501241736, -0.05573468466726067], [7.97475716531926, 1.4958986020070995, 2.090639122647704], [8.099891609870573, 2.7853738634107827, 4.242735338432746], [7.3879901938074175, 4.913430763196492, 4.25807789593282], [8.945961117806426, 1.6199635466501954, 5.939531565720917], [-0.7447169481050921, 0.9579638691555401, -1.6557594881277646], [-0.734538242615483, -1.9141178631330422, -0.0014129840033897806], [-0.7407009056061857, 0.9527189487806087, 1.6598747793138162], [3.572388864009047, -1.025644558956932, 1.639172292910003], [3.57244520474254, -1.0170922604431012, -1.6500366444620402], [3.3079273172462056, 3.7289028296214606, 1.621678283757199], [3.3387614586031527, 3.6902478683534454, -1.666755738818606], [7.6006644759571405, 1.6540522475039432, -1.6071834873334865], [7.579004664386018, 4.649775247314809, -0.16010276342758945]], "name": "C4H9NO3", "identifiers": {"molecule_hash": "035837e31dfb2892a7047ff9281f76da2a23b8d9", "molecular_formula": "C4H9NO3"}, "molecular_charge": 0.0, "molecular_multiplicity": 1, "connectivity": [[0, 1, 1.0], [0, 8, 1.0], [0, 9, 1.0], [0, 10, 1.0], [1, 2, 1.0], [1, 11, 1.0], [1, 12, 1.0], [2, 3, 1.0], [2, 13, 1.0], [2, 14, 1.0], [3, 4, 1.0], [3, 15, 1.0], [3, 16, 1.0], [4, 5, 1.0], [5, 6, 2.0], [5, 7, 1.0]], "fix_com": true, "fix_orientation": true, "provenance": {"creator": "QCElemental", "version": "v0.22.0", "routine": "qcelemental.molparse.from_schema"}, "id": "247397"}, "charge": 0, "optimize_geometry": false, "conformers": [], "conformer_generation_options": {"n_conformer_pool": 4000, "n_max_conformers": 0, "rms_tolerance": 0.05, "energy_window": 15, "keep_original_conformer": true}, "stage_1_unrestrained_charges": null, "stage_1_restrained_charges": null, "stage_2_unrestrained_charges": null, "stage_2_restrained_charges": null, "keep_original_orientation": false, "reorientations": [], "translations": [], "rotations": []}}, {"index": 2, "molecule": {"qcmol": {"schema_name": "qcschema_molecule", "schema_version": 2, "validated": true, "symbols": ["C", "C", "C", "C", "O", "N", "O", "O", "H", "H", "H", "H", "H", "H", "H", "H", "H"], "geometry": [[0.0, 0.0, 0.0], [2.887473887837557, 4.3245167116182064e-16, 1.9476696232620592e-16], [3.986324852559898, 2.675219221140305, -4.3021142204224816e-15], [6.855037372660031, 2.7500657501241736, -0.05573468466726067], [7.97475716531926, 1.4958986020070995, 2.090639122647704], [8.099891609870573, 2.7853738634107827, 4.242735338432746], [7.3879901938074175, 4.913430763196492, 4.25807789593282], [8.945961117806426, 1.6199635466501954, 5.939531565720917], [-0.7447169481050921, 0.9579638691555401, -1.6557594881277646], [-0.734538242615483, -1.9141178631330422, -0.0014129840033897806], [-0.7407009056061857, 0.9527189487806087, 1.6598747793138162], [3.572388864009047, -1.025644558956932, 1.639172292910003], [3.57244520474254, -1.0170922604431012, -1.6500366444620402], [3.3079273172462056, 3.7289028296214606, 1.621678283757199], [3.3387614586031527, 3.6902478683534454, -1.666755738818606], [7.6006644759571405, 1.6540522475039432, -1.6071834873334865], [7.579004664386018, 4.649775247314809, -0.16010276342758945]], "name": "C4H9NO3", "identifiers": {"molecule_hash": "035837e31dfb2892a7047ff9281f76da2a23b8d9", "molecular_formula": "C4H9NO3"}, "molecular_charge": 0.0, "molecular_multiplicity": 1, "connectivity": [[0, 1, 1.0], [0, 8, 1.0], [0, 9, 1.0], [0, 10, 1.0], [1, 2, 1.0], [1, 11, 1.0], [1, 12, 1.0], [2, 3, 1.0], [2, 13, 1.0], [2, 14, 1.0], [3, 4, 1.0], [3, 15, 1.0], [3, 16, 1.0], [4, 5, 1.0], [5, 6, 2.0], [5, 7, 1.0]], "fix_com": true, "fix_orientation": true, "provenance": {"creator": "QCElemental", "version": "v0.22.0", "routine": "qcelemental.molparse.from_schema"}, "id": "247397"}, "charge": 0, "optimize_geometry": false, "conformers": [], "conformer_generation_options": {"n_conformer_pool": 4000, "n_max_conformers": 0, "rms_tolerance": 0.05, "energy_window": 15, "keep_original_conformer": true}, "stage_1_unrestrained_charges": null, "stage_1_restrained_charges": null, "stage_2_unrestrained_charges": null, "stage_2_restrained_charges": null, "keep_original_orientation": false, "reorientations": [], "translations": [], "rotations": []}}, {"index": 3, "molecule": {"qcmol": {"schema_name": "qcschema_molecule", "schema_version": 2, "validated": true, "symbols": ["C", "C", "C", "C", "O", "N", "O", "O", "H", "H", "H", "H", "H", "H", "H", "H", "H"], "geometry": [[0.0, 0.0, 0.0], [2.887473887837557, 4.3245167116182064e-16, 1.9476696232620592e-16], [3.986324852559898, 2.675219221140305, -4.3021142204224816e-15], [6.855037372660031, 2.7500657501241736, -0.05573468466726067], [7.97475716531926, 1.4958986020070995, 2.090639122647704], [8.099891609870573, 2.7853738634107827, 4.242735338432746], [7.3879901938074175, 4.913430763196492, 4.25807789593282], [8.945961117806426, 1.6199635466501954, 5.939531565720917], [-0.7447169481050921, 0.9579638691555401, -1.6557594881277646], [-0.734538242615483, -1.9141178631330422, -0.0014129840033897806], [-0.7407009056061857, 0.9527189487806087, 1.6598747793138162], [3.572388864009047, -1.025644558956932, 1.639172292910003], [3.57244520474254, -1.0170922604431012, -1.6500366444620402], [3.3079273172462056, 3.7289028296214606, 1.621678283757199], [3.3387614586031527, 3.6902478683534454, -1.666755738818606], [7.6006644759571405, 1.6540522475039432, -1.6071834873334865], [7.579004664386018, 4.649775247314809, -0.16010276342758945]], "name": "C4H9NO3", "identifiers": {"molecule_hash": "035837e31dfb2892a7047ff9281f76da2a23b8d9", "molecular_formula": "C4H9NO3"}, "molecular_charge": 0.0, "molecular_multiplicity": 1, "connectivity": [[0, 1, 1.0], [0, 8, 1.0], [0, 9, 1.0], [0, 10, 1.0], [1, 2, 1.0], [1, 11, 1.0], [1, 12, 1.0], [2, 3, 1.0], [2, 13, 1.0], [2, 14, 1.0], [3, 4, 1.0], [3, 15, 1.0], [3, 16, 1.0], [4, 5, 1.0], [5, 6, 2.0], [5, 7, 1.0]], "fix_com": true, "fix_orientation": true, "provenance": {"creator": "QCElemental", "version": "v0.22.0", "routine": "qcelemental.molparse.from_schema"}, "id": "247397"}, "charge": 0, "optimize_geometry": false, "conformers": [], "conformer_generation_options": {"n_conformer_pool": 4000, "n_max_conformers": 0, "rms_tolerance": 0.05, "energy_window": 15, "keep_original_conformer": true}, "stage_1_unrestrained_charges": null, "stage_1_restrained_charges": null, "stage_2_unrestrained_charges": null, "stage_2_restrained_charges": null, "keep_original_orientation": false, "reorientations": [], "translations": [], "rotations": []}}]}, "surface_constraints": {"matrix": [[999159254309118.0, 967082284998215.8, 931457402964151.1, 911527040662858.0, 886634711062749.4, 846897658107004.5, 821475457441643.2, 832375055914181.0, 1007747860394921.6, 1005146861792495.8, 1004938430532500.1, 964515402092096.2, 962437222869703.8, 936583263613730.1, 906211562321186.0, 911147074119565.5, 911411209045579.6], [967082284998215.8, 987370917026764.9, 963813509659372.1, 932017486805362.2, 909272174768705.9, 865924293646756.8, 844829151216023.9, 843069701174043.6, 961944870898369.2, 959424892878147.6, 958632435836033.2, 1000698147767266.4, 998792336145168.1, 961981125990611.9, 963809555465124.2, 926709419631403.9, 926682715959906.8], [931457402964151.1, 963813509659372.1, 988861131398995.1, 967790987980089.4, 947502776095654.2, 910726963915910.0, 894249445194028.6, 886010284848350.8, 921744117814527.6, 919119964043299.5, 924864164659377.4, 962872820631177.5, 961888000532023.8, 1002557968044845.1, 1003599173260041.6, 965100858101276.1, 964441578988516.1], [911527040662858.0, 932017486805362.2, 967790987980089.4, 995189365526261.6, 983887744670778.9, 953113098406593.9, 936287831691538.2, 930606373904426.1, 899958467079518.4, 901072676951104.5, 913862705869190.8, 930568704223709.5, 913225445631149.0, 967690375263897.4, 968081979225851.5, 1008391472543559.2, 1007312971627269.2], [886634711062749.4, 909272174768705.9, 947502776095654.2, 983887744670778.9, 1019569957453117.8, 996298387543966.4, 975016424106221.0, 979333708251372.8, 874846163687978.5, 879610296626120.0, 884310154937152.1, 907218807179279.2, 891889842709674.9, 935747769419029.2, 954601314227559.0, 984227468522647.1, 981819397072144.9], [846897658107004.5, 865924293646756.8, 910726963915910.0, 953113098406593.9, 996298387543966.4, 1017649531751791.5, 1011335423435803.2, 1014581708569180.8, 840753368277164.5, 836669173601781.6, 845229258914592.5, 860380877281414.6, 844769341606381.2, 905774766854600.2, 912882428048062.6, 948277608708285.9, 954572259557816.1], [821475457441643.2, 844829151216023.9, 894249445194028.6, 936287831691538.2, 975016424106221.0, 1011335423435803.2, 1043691331873781.0, 985028808753544.0, 815931305833800.2, 809773629924625.8, 817350434942008.8, 842946512134930.2, 820572923147272.1, 891967823945987.6, 898491151178895.1, 933709187150487.4, 938177548230732.0], [832375055914181.0, 843069701174043.6, 886010284848350.8, 930606373904426.1, 979333708251372.8, 1014581708569180.8, 985028808753544.0, 1049580835229054.6, 829861810459565.9, 822226932834609.1, 833674747898293.2, 831269863829152.5, 822958160895739.9, 883844886896265.0, 882154204499488.2, 921358422321896.5, 934697772018442.1], [1007747860394921.6, 961944870898369.2, 921744117814527.6, 899958467079518.4, 874846163687978.5, 840753368277164.5, 815931305833800.2, 829861810459565.9, 1057462719846762.6, 999028509527082.0, 999112406968128.8, 955778551618172.1, 953624263889898.8, 932241589971531.1, 889382071608100.0, 895824507737194.1, 901951922722688.4], [1005146861792495.8, 959424892878147.6, 919119964043299.5, 901072676951104.5, 879610296626120.0, 836669173601781.6, 809773629924625.8, 822226932834609.1, 999028509527082.0, 1051627146986404.6, 997052584174012.6, 946631597589420.1, 958248909915894.1, 922287056123943.0, 890975763957959.2, 906468624143327.2, 894310676843879.8], [1004938430532500.1, 958632435836033.2, 924864164659377.4, 913862705869190.8, 884310154937152.1, 845229258914592.5, 817350434942008.8, 833674747898293.2, 999112406968128.8, 997052584174012.6, 1051438144161761.2, 956454412793141.4, 940814604800732.5, 931315579776848.1, 892149551161488.4, 915105076584110.9, 922273945304298.4], [964515402092096.2, 1000698147767266.4, 962872820631177.5, 930568704223709.5, 907218807179279.2, 860380877281414.6, 842946512134930.2, 831269863829152.5, 955778551618172.1, 946631597589420.1, 956454412793141.4, 1053990610688516.2, 997340460210456.0, 946020417146862.6, 966111825166905.4, 923522791433953.8, 927102726234365.6], [962437222869703.8, 998792336145168.1, 961888000532023.8, 913225445631149.0, 891889842709674.9, 844769341606381.2, 820572923147272.1, 822958160895739.9, 953624263889898.8, 958248909915894.1, 940814604800732.5, 997340460210456.0, 1049491060579871.4, 955917240395646.8, 968963271083438.9, 903414133226972.5, 900015342465753.9], [936583263613730.1, 961981125990611.9, 1002557968044845.1, 967690375263897.4, 935747769419029.2, 905774766854600.2, 891967823945987.6, 883844886896265.0, 932241589971531.1, 922287056123943.0, 931315579776848.1, 946020417146862.6, 955917240395646.8, 1055275911760594.0, 1002914971089205.0, 962266710739667.8, 963782163211673.6], [906211562321186.0, 963809555465124.2, 1003599173260041.6, 968081979225851.5, 954601314227559.0, 912882428048062.6, 898491151178895.1, 882154204499488.2, 889382071608100.0, 890975763957959.2, 892149551161488.4, 966111825166905.4, 968963271083438.9, 1002914971089205.0, 1056360030991805.4, 957978684820769.5, 955075028334617.8], [911147074119565.5, 926709419631403.9, 965100858101276.1, 1008391472543559.2, 984227468522647.1, 948277608708285.9, 933709187150487.4, 921358422321896.5, 895824507737194.1, 906468624143327.2, 915105076584110.9, 923522791433953.8, 903414133226972.5, 962266710739667.8, 957978684820769.5, 1059433896487679.4, 1005969697827222.2], [911411209045579.6, 926682715959906.8, 964441578988516.1, 1007312971627269.2, 981819397072144.9, 954572259557816.1, 938177548230732.0, 934697772018442.1, 901951922722688.4, 894310676843879.8, 922273945304298.4, 927102726234365.6, 900015342465753.9, 963782163211673.6, 955075028334617.8, 1005969697827222.2, 1057518341170205.1], [22886484802630.07, 23742576943588.992, 20582806822662.273, 15180896369711.295, 739899777531.167, -10730910559482.756, -14727143215362.387, -17342495616465.762, 21881412874546.176, 22557823132031.918, 23576948015501.055, 24921971095847.36, 25095863941876.008, 22483687788057.035, 20132643766319.793, 18986918293282.215, 17702999131531.89]]}}