{"resp_b": 0.1, "restrained_fit": true, "exclude_hydrogens": true, "convergence_tolerance": 1e-06, "max_iter": 500, "resp_a": 0.0005, "charge_constraints": {"charge_sum_constraints": [], "charge_equivalence_constraints": [], "molecules": [{"qcmol": {"schema_name": "qcschema_molecule", "schema_version": 2, "validated": true, "symbols": ["C", "C", "C", "C", "O", "N", "O", "O", "H", "H", "H", "H", "H", "H", "H", "H", "H"], "geometry": [[0.0, 0.0, 0.0], [2.887473887837557, 4.3245167116182064e-16, 1.9476696232620592e-16], [3.986324852559898, 2.675219221140305, -4.3021142204224816e-15], [6.855037372660031, 2.7500657501241736, -0.05573468466726067], [7.97475716531926, 1.4958986020070995, 2.090639122647704], [8.099891609870573, 2.7853738634107827, 4.242735338432746], [7.3879901938074175, 4.913430763196492, 4.25807789593282], [8.945961117806426, 1.6199635466501954, 5.939531565720917], [-0.7447169481050921, 0.9579638691555401, -1.6557594881277646], [-0.734538242615483, -1.9141178631330422, -0.0014129840033897806], [-0.7407009056061857, 0.9527189487806087, 1.6598747793138162], [3.572388864009047, -1.025644558956932, 1.639172292910003], [3.57244520474254, -1.0170922604431012, -1.6500366444620402], [3.3079273172462056, 3.7289028296214606, 1.621678283757199], [3.3387614586031527, 3.6902478683534454, -1.666755738818606], [7.6006644759571405, 1.6540522475039432, -1.6071834873334865], [7.579004664386018, 4.649775247314809, -0.16010276342758945]], "name": "C4H9NO3", "identifiers": {"molecule_hash": "035837e31dfb2892a7047ff9281f76da2a23b8d9", "molecular_formula": "C4H9NO3"}, "molecular_charge": 0.0, "molecular_multiplicity": 1, "connectivity": [[0, 1, 1.0], [0, 8, 1.0], [0, 9, 1.0], [0, 10, 1.0], [1, 2, 1.0], [1, 11, 1.0], [1, 12, 1.0], [2, 3, 1.0], [2, 13, 1.0], [2, 14, 1.0], [3, 4, 1.0], [3, 15, 1.0], [3, 16, 1.0], [4, 5, 1.0], [5, 6, 2.0], [5, 7, 1.0]], "fix_com": true, "fix_orientation": true, "provenance": {"creator": "QCElemental", "version": "v0.22.0", "routine": "qcelemental.molparse.from_schema"}, "id": "247397"}, "charge": 0, "optimize_geometry": false, "conformers": [], "conformer_generation_options": {"n_conformer_pool": 4000, "n_max_conformers": 0, "rms_tolerance": 0.05, "energy_window": 15, "keep_original_conformer": true}, "stage_1_unrestrained_charges": null, "stage_1_restrained_charges": null, "stage_2_unrestrained_charges": null, "stage_2_restrained_charges": null, "keep_original_orientation": false, "reorientations": [], "translations": [], "rotations": []}], "unconstrained_atoms": [{"index": 0, "molecule": {"qcmol": {"schema_name": "qcschema_molecule", "schema_version": 2, "validated": true, "symbols": ["C", "C", "C", "C", "O", "N", "O", "O", "H", "H", "H", "H", "H", "H", "H", "H", "H"], "geometry": [[0.0, 0.0, 0.0], [2.887473887837557, 4.3245167116182064e-16, 1.9476696232620592e-16], [3.986324852559898, 2.675219221140305, -4.3021142204224816e-15], [6.855037372660031, 2.7500657501241736, -0.05573468466726067], [7.97475716531926, 1.4958986020070995, 2.090639122647704], [8.099891609870573, 2.7853738634107827, 4.242735338432746], [7.3879901938074175, 4.913430763196492, 4.25807789593282], [8.945961117806426, 1.6199635466501954, 5.939531565720917], [-0.7447169481050921, 0.9579638691555401, -1.6557594881277646], [-0.734538242615483, -1.9141178631330422, -0.0014129840033897806], [-0.7407009056061857, 0.9527189487806087, 1.6598747793138162], [3.572388864009047, -1.025644558956932, 1.639172292910003], [3.57244520474254, -1.0170922604431012, -1.6500366444620402], [3.3079273172462056, 3.7289028296214606, 1.621678283757199], [3.3387614586031527, 3.6902478683534454, -1.666755738818606], [7.6006644759571405, 1.6540522475039432, -1.6071834873334865], [7.579004664386018, 4.649775247314809, -0.16010276342758945]], "name": "C4H9NO3", "identifiers": {"molecule_hash": "035837e31dfb2892a7047ff9281f76da2a23b8d9", "molecular_formula": "C4H9NO3"}, "molecular_charge": 0.0, "molecular_multiplicity": 1, "connectivity": [[0, 1, 1.0], [0, 8, 1.0], [0, 9, 1.0], [0, 10, 1.0], [1, 2, 1.0], [1, 11, 1.0], [1, 12, 1.0], [2, 3, 1.0], [2, 13, 1.0], [2, 14, 1.0], [3, 4, 1.0], [3, 15, 1.0], [3, 16, 1.0], [4, 5, 1.0], [5, 6, 2.0], [5, 7, 1.0]], "fix_com": true, "fix_orientation": true, "provenance": {"creator": "QCElemental", "version": "v0.22.0", "routine": "qcelemental.molparse.from_schema"}, "id": "247397"}, "charge": 0, "optimize_geometry": false, "conformers": [], "conformer_generation_options": {"n_conformer_pool": 4000, "n_max_conformers": 0, "rms_tolerance": 0.05, "energy_window": 15, "keep_original_conformer": true}, "stage_1_unrestrained_charges": null, "stage_1_restrained_charges": null, "stage_2_unrestrained_charges": null, "stage_2_restrained_charges": null, "keep_original_orientation": false, "reorientations": [], "translations": [], "rotations": []}}, {"index": 1, "molecule": {"qcmol": {"schema_name": "qcschema_molecule", "schema_version": 2, "validated": true, "symbols": ["C", "C", "C", "C", "O", "N", "O", "O", "H", "H", "H", "H", "H", "H", "H", "H", "H"], "geometry": [[0.0, 0.0, 0.0], [2.887473887837557, 4.3245167116182064e-16, 1.9476696232620592e-16], [3.986324852559898, 2.675219221140305, -4.3021142204224816e-15], [6.855037372660031, 2.7500657501241736, -0.05573468466726067], [7.97475716531926, 1.4958986020070995, 2.090639122647704], [8.099891609870573, 2.7853738634107827, 4.242735338432746], [7.3879901938074175, 4.913430763196492, 4.25807789593282], [8.945961117806426, 1.6199635466501954, 5.939531565720917], [-0.7447169481050921, 0.9579638691555401, -1.6557594881277646], [-0.734538242615483, -1.9141178631330422, -0.0014129840033897806], [-0.7407009056061857, 0.9527189487806087, 1.6598747793138162], [3.572388864009047, -1.025644558956932, 1.639172292910003], [3.57244520474254, -1.0170922604431012, -1.6500366444620402], [3.3079273172462056, 3.7289028296214606, 1.621678283757199], [3.3387614586031527, 3.6902478683534454, -1.666755738818606], [7.6006644759571405, 1.6540522475039432, -1.6071834873334865], [7.579004664386018, 4.649775247314809, -0.16010276342758945]], "name": "C4H9NO3", "identifiers": {"molecule_hash": "035837e31dfb2892a7047ff9281f76da2a23b8d9", "molecular_formula": "C4H9NO3"}, "molecular_charge": 0.0, "molecular_multiplicity": 1, "connectivity": [[0, 1, 1.0], [0, 8, 1.0], [0, 9, 1.0], [0, 10, 1.0], [1, 2, 1.0], [1, 11, 1.0], [1, 12, 1.0], [2, 3, 1.0], [2, 13, 1.0], [2, 14, 1.0], [3, 4, 1.0], [3, 15, 1.0], [3, 16, 1.0], [4, 5, 1.0], [5, 6, 2.0], [5, 7, 1.0]], "fix_com": true, "fix_orientation": true, "provenance": {"creator": "QCElemental", "version": "v0.22.0", "routine": "qcelemental.molparse.from_schema"}, "id": "247397"}, "charge": 0, "optimize_geometry": false, "conformers": [], "conformer_generation_options": {"n_conformer_pool": 4000, "n_max_conformers": 0, "rms_tolerance": 0.05, "energy_window": 15, "keep_original_conformer": true}, "stage_1_unrestrained_charges": null, "stage_1_restrained_charges": null, "stage_2_unrestrained_charges": null, "stage_2_restrained_charges": null, "keep_original_orientation": false, "reorientations": [], "translations": [], "rotations": []}}, {"index": 2, "molecule": {"qcmol": {"schema_name": "qcschema_molecule", "schema_version": 2, "validated": true, "symbols": ["C", "C", "C", "C", "O", "N", "O", "O", "H", "H", "H", "H", "H", "H", "H", "H", "H"], "geometry": [[0.0, 0.0, 0.0], [2.887473887837557, 4.3245167116182064e-16, 1.9476696232620592e-16], [3.986324852559898, 2.675219221140305, -4.3021142204224816e-15], [6.855037372660031, 2.7500657501241736, -0.05573468466726067], [7.97475716531926, 1.4958986020070995, 2.090639122647704], [8.099891609870573, 2.7853738634107827, 4.242735338432746], [7.3879901938074175, 4.913430763196492, 4.25807789593282], [8.945961117806426, 1.6199635466501954, 5.939531565720917], [-0.7447169481050921, 0.9579638691555401, -1.6557594881277646], [-0.734538242615483, -1.9141178631330422, -0.0014129840033897806], [-0.7407009056061857, 0.9527189487806087, 1.6598747793138162], [3.572388864009047, -1.025644558956932, 1.639172292910003], [3.57244520474254, -1.0170922604431012, -1.6500366444620402], [3.3079273172462056, 3.7289028296214606, 1.621678283757199], [3.3387614586031527, 3.6902478683534454, -1.666755738818606], [7.6006644759571405, 1.6540522475039432, -1.6071834873334865], [7.579004664386018, 4.649775247314809, -0.16010276342758945]], "name": "C4H9NO3", "identifiers": {"molecule_hash": "035837e31dfb2892a7047ff9281f76da2a23b8d9", "molecular_formula": "C4H9NO3"}, "molecular_charge": 0.0, "molecular_multiplicity": 1, "connectivity": [[0, 1, 1.0], [0, 8, 1.0], [0, 9, 1.0], [0, 10, 1.0], [1, 2, 1.0], [1, 11, 1.0], [1, 12, 1.0], [2, 3, 1.0], [2, 13, 1.0], [2, 14, 1.0], [3, 4, 1.0], [3, 15, 1.0], [3, 16, 1.0], [4, 5, 1.0], [5, 6, 2.0], [5, 7, 1.0]], "fix_com": true, "fix_orientation": true, "provenance": {"creator": "QCElemental", "version": "v0.22.0", "routine": "qcelemental.molparse.from_schema"}, "id": "247397"}, "charge": 0, "optimize_geometry": false, "conformers": [], "conformer_generation_options": {"n_conformer_pool": 4000, "n_max_conformers": 0, "rms_tolerance": 0.05, "energy_window": 15, "keep_original_conformer": true}, "stage_1_unrestrained_charges": null, "stage_1_restrained_charges": null, "stage_2_unrestrained_charges": null, "stage_2_restrained_charges": null, "keep_original_orientation": false, "reorientations": [], "translations": [], "rotations": []}}, {"index": 3, "molecule": {"qcmol": {"schema_name": "qcschema_molecule", "schema_version": 2, "validated": true, "symbols": ["C", "C", "C", "C", "O", "N", "O", "O", "H", "H", "H", "H", "H", "H", "H", "H", "H"], "geometry": [[0.0, 0.0, 0.0], [2.887473887837557, 4.3245167116182064e-16, 1.9476696232620592e-16], [3.986324852559898, 2.675219221140305, -4.3021142204224816e-15], [6.855037372660031, 2.7500657501241736, -0.05573468466726067], [7.97475716531926, 1.4958986020070995, 2.090639122647704], [8.099891609870573, 2.7853738634107827, 4.242735338432746], [7.3879901938074175, 4.913430763196492, 4.25807789593282], [8.945961117806426, 1.6199635466501954, 5.939531565720917], [-0.7447169481050921, 0.9579638691555401, -1.6557594881277646], [-0.734538242615483, -1.9141178631330422, -0.0014129840033897806], [-0.7407009056061857, 0.9527189487806087, 1.6598747793138162], [3.572388864009047, -1.025644558956932, 1.639172292910003], [3.57244520474254, -1.0170922604431012, -1.6500366444620402], [3.3079273172462056, 3.7289028296214606, 1.621678283757199], [3.3387614586031527, 3.6902478683534454, -1.666755738818606], [7.6006644759571405, 1.6540522475039432, -1.6071834873334865], [7.579004664386018, 4.649775247314809, -0.16010276342758945]], "name": "C4H9NO3", "identifiers": {"molecule_hash": "035837e31dfb2892a7047ff9281f76da2a23b8d9", "molecular_formula": "C4H9NO3"}, "molecular_charge": 0.0, "molecular_multiplicity": 1, "connectivity": [[0, 1, 1.0], [0, 8, 1.0], [0, 9, 1.0], [0, 10, 1.0], [1, 2, 1.0], [1, 11, 1.0], [1, 12, 1.0], [2, 3, 1.0], [2, 13, 1.0], [2, 14, 1.0], [3, 4, 1.0], [3, 15, 1.0], [3, 16, 1.0], [4, 5, 1.0], [5, 6, 2.0], [5, 7, 1.0]], "fix_com": true, "fix_orientation": true, "provenance": {"creator": "QCElemental", "version": "v0.22.0", "routine": "qcelemental.molparse.from_schema"}, "id": "247397"}, "charge": 0, "optimize_geometry": false, "conformers": [], "conformer_generation_options": {"n_conformer_pool": 4000, "n_max_conformers": 0, "rms_tolerance": 0.05, "energy_window": 15, "keep_original_conformer": true}, "stage_1_unrestrained_charges": null, "stage_1_restrained_charges": null, "stage_2_unrestrained_charges": null, "stage_2_restrained_charges": null, "keep_original_orientation": false, "reorientations": [], "translations": [], "rotations": []}}]}, "surface_constraints": {"matrix": [[999185199763313.6, 967107406266913.4, 931481604515728.2, 911550736752197.0, 886657682986776.0, 846919577751106.4, 821496722436825.1, 832396582268893.2, 1007774022160658.1, 1005172964416664.1, 1004964522752179.5, 964540459508061.6, 962462222110481.1, 936607595407534.0, 906235107428884.6, 911170770700690.8, 911434958270935.8], [967107406266913.4, 987396573235051.6, 963838558308256.4, 932041714142399.9, 909295793493138.2, 865946771857320.1, 844851066745256.1, 843091587899289.1, 961969852891526.4, 959449815798141.4, 958657334962774.0, 1000724153053681.2, 998818287836086.6, 962006125382393.5, 963834605475251.8, 926733490736783.8, 926706839429245.0], [931481604515728.2, 963838558308256.4, 988886835651562.6, 967816147431440.5, 947527417025412.2, 910750623096451.0, 894272633656380.1, 886033320302446.8, 921768043472491.6, 919143875082652.5, 924888180998436.5, 962897848317047.1, 961912995884669.5, 1002584028080636.6, 1003625260218232.5, 965125944409157.2, 964466649826878.6], [911550736752197.0, 932041714142399.9, 967816147431440.5, 995215237184194.4, 983913324935769.8, 953137876910092.5, 936312144127970.0, 930630586580932.2, 899981860201586.6, 901096144718402.4, 913886420702731.0, 930592878035910.5, 913249196244334.0, 967715534619550.2, 968107143339719.4, 1008417681976075.5, 1007339159825459.6], [886657682986776.0, 909295793493138.2, 947527417025412.2, 983913324935769.8, 1019596466644524.2, 996324287139472.4, 975041775218713.0, 979359149368973.5, 874868817958313.5, 879633135610979.4, 884332980767638.9, 907242370950511.0, 891913039970478.8, 935772083819247.8, 954626187890378.1, 984253045329696.1, 981844926161898.6], [846919577751106.4, 865946771857320.1, 910750623096451.0, 953137876910092.5, 996324287139472.4, 1017675979101630.1, 1011361707120871.4, 1014608062678147.9, 840775092562825.1, 836690885602268.6, 845251060293824.0, 860403234319842.6, 844791288320494.8, 905798249230278.9, 912906191433384.2, 948302286178105.1, 954597065312587.9], [821496722436825.1, 844851066745256.1, 894272633656380.1, 936312144127970.0, 975041775218713.0, 1011361707120871.4, 1043718455257071.5, 985054396075268.2, 815952382875222.8, 809794654575223.0, 817371537569097.4, 842968419795881.0, 820594211971533.0, 891990880722761.9, 898514486965092.4, 933733480436540.2, 938201866287435.0], [832396582268893.2, 843091587899289.1, 886033320302446.8, 930630586580932.2, 979359149368973.5, 1014608062678147.9, 985054396075268.2, 1049608088134489.1, 829883236731196.0, 822248251923391.8, 833696218208473.8, 831291460338470.2, 822979551824710.5, 883867827868000.2, 882177194393805.8, 921382419119667.6, 934722106148249.1], [1007774022160658.1, 961969852891526.4, 921768043472491.6, 899981860201586.6, 874868817958313.5, 840775092562825.1, 815952382875222.8, 829883236731196.0, 1057490163116189.4, 999054448123820.9, 999138340167542.0, 955803411347296.4, 953649009614853.8, 932265754756435.0, 889405157200090.2, 895847831134506.4, 901975420602163.8], [1005172964416664.1, 959449815798141.4, 919143875082652.5, 901096144718402.4, 879633135610979.4, 836690885602268.6, 809794654575223.0, 822248251923391.8, 999054448123820.9, 1051654462141788.9, 997078470495164.9, 946656171894305.2, 958273794206181.0, 922311062198054.0, 890998937069421.1, 906492246766361.2, 894334026172926.9], [1004964522752179.5, 958657334962774.0, 924888180998436.5, 913886420702731.0, 884332980767638.9, 845251060293824.0, 817371537569097.4, 833696218208473.8, 999138340167542.0, 997078470495164.9, 1051465444273217.8, 956479242998513.9, 940839064563529.5, 931339773589754.1, 892172720697189.9, 915128825742766.4, 922297953054402.9], [964540459508061.6, 1000724153053681.2, 962897848317047.1, 930592878035910.5, 907242370950511.0, 860403234319842.6, 842968419795881.0, 831291460338470.2, 955803411347296.4, 946656171894305.2, 956479242998513.9, 1054018001760204.0, 997366378042736.8, 946045015868323.1, 966136945077931.6, 923546722881355.8, 927126860233981.6], [962462222110481.1, 998818287836086.6, 961912995884669.5, 913249196244334.0, 891913039970478.8, 844791288320494.8, 820594211971533.0, 822979551824710.5, 953649009614853.8, 958273794206181.0, 940839064563529.5, 997366378042736.8, 1049518328849624.0, 955942068017808.2, 968988448234887.6, 903437617655607.8, 900038775249506.4], [936607595407534.0, 962006125382393.5, 1002584028080636.6, 967715534619550.2, 935772083819247.8, 905798249230278.9, 891990880722761.9, 883867827868000.2, 932265754756435.0, 922311062198054.0, 931339773589754.1, 946045015868323.1, 955942068017808.2, 1055303342724994.2, 1002941037881359.1, 962291759215393.8, 963807206487015.8], [906235107428884.6, 963834605475251.8, 1003625260218232.5, 968107143339719.4, 954626187890378.1, 912906191433384.2, 898514486965092.4, 882177194393805.8, 889405157200090.2, 890998937069421.1, 892172720697189.9, 966136945077931.6, 968988448234887.6, 1002941037881359.1, 1056387489959895.8, 958003566391533.5, 955099830254060.5], [911170770700690.8, 926733490736783.8, 965125944409157.2, 1008417681976075.5, 984253045329696.1, 948302286178105.1, 933733480436540.2, 921382419119667.6, 895847831134506.4, 906492246766361.2, 915128825742766.4, 923546722881355.8, 903437617655607.8, 962291759215393.8, 958003566391533.5, 1059461425547633.8, 1005995848646758.5], [911434958270935.8, 926706839429245.0, 964466649826878.6, 1007339159825459.6, 981844926161898.6, 954597065312587.9, 938201866287435.0, 934722106148249.1, 901975420602163.8, 894334026172926.9, 922297953054402.9, 927126860233981.6, 900038775249506.4, 963807206487015.8, 955099830254060.5, 1005995848646758.5, 1057545836119623.5], [26075239545766.78, 27190482488965.023, 23994507113422.305, 18042233857645.812, 470719326849.7827, -13170928749191.56, -17620141952252.414, -20898170191415.34, 24737192908486.46, 25446373087317.01, 27169001501583.668, 28464855878963.336, 28563917928061.676, 26477980688248.176, 23314477303890.836, 22829718450148.23, 21441815967384.723]]}}