{"resp_b": 0.1, "restrained_fit": true, "exclude_hydrogens": true, "convergence_tolerance": 1e-06, "max_iter": 500, "resp_a": 0.0005, "charge_constraints": {"charge_sum_constraints": [], "charge_equivalence_constraints": [], "molecules": [{"qcmol": {"schema_name": "qcschema_molecule", "schema_version": 2, "validated": true, "symbols": ["C", "C", "C", "C", "O", "N", "O", "O", "H", "H", "H", "H", "H", "H", "H", "H", "H"], "geometry": [[0.0, 0.0, 0.0], [2.887473887837557, 4.3245167116182064e-16, 1.9476696232620592e-16], [3.986324852559898, 2.675219221140305, -4.3021142204224816e-15], [6.855037372660031, 2.7500657501241736, -0.05573468466726067], [7.97475716531926, 1.4958986020070995, 2.090639122647704], [8.099891609870573, 2.7853738634107827, 4.242735338432746], [7.3879901938074175, 4.913430763196492, 4.25807789593282], [8.945961117806426, 1.6199635466501954, 5.939531565720917], [-0.7447169481050921, 0.9579638691555401, -1.6557594881277646], [-0.734538242615483, -1.9141178631330422, -0.0014129840033897806], [-0.7407009056061857, 0.9527189487806087, 1.6598747793138162], [3.572388864009047, -1.025644558956932, 1.639172292910003], [3.57244520474254, -1.0170922604431012, -1.6500366444620402], [3.3079273172462056, 3.7289028296214606, 1.621678283757199], [3.3387614586031527, 3.6902478683534454, -1.666755738818606], [7.6006644759571405, 1.6540522475039432, -1.6071834873334865], [7.579004664386018, 4.649775247314809, -0.16010276342758945]], "name": "C4H9NO3", "identifiers": {"molecule_hash": "035837e31dfb2892a7047ff9281f76da2a23b8d9", "molecular_formula": "C4H9NO3"}, "molecular_charge": 0.0, "molecular_multiplicity": 1, "connectivity": [[0, 1, 1.0], [0, 8, 1.0], [0, 9, 1.0], [0, 10, 1.0], [1, 2, 1.0], [1, 11, 1.0], [1, 12, 1.0], [2, 3, 1.0], [2, 13, 1.0], [2, 14, 1.0], [3, 4, 1.0], [3, 15, 1.0], [3, 16, 1.0], [4, 5, 1.0], [5, 6, 2.0], [5, 7, 1.0]], "fix_com": true, "fix_orientation": true, "provenance": {"creator": "QCElemental", "version": "v0.22.0", "routine": "qcelemental.molparse.from_schema"}, "id": "247397"}, "charge": 0, "optimize_geometry": false, "conformers": [], "conformer_generation_options": {"n_conformer_pool": 4000, "n_max_conformers": 0, "rms_tolerance": 0.05, "energy_window": 15, "keep_original_conformer": true}, "stage_1_unrestrained_charges": null, "stage_1_restrained_charges": null, "stage_2_unrestrained_charges": null, "stage_2_restrained_charges": null, "keep_original_orientation": false, "reorientations": [], "translations": [], "rotations": []}], "unconstrained_atoms": [{"index": 0, "molecule": {"qcmol": {"schema_name": "qcschema_molecule", "schema_version": 2, "validated": true, "symbols": ["C", "C", "C", "C", "O", "N", "O", "O", "H", "H", "H", "H", "H", "H", "H", "H", "H"], "geometry": [[0.0, 0.0, 0.0], [2.887473887837557, 4.3245167116182064e-16, 1.9476696232620592e-16], [3.986324852559898, 2.675219221140305, -4.3021142204224816e-15], [6.855037372660031, 2.7500657501241736, -0.05573468466726067], [7.97475716531926, 1.4958986020070995, 2.090639122647704], [8.099891609870573, 2.7853738634107827, 4.242735338432746], [7.3879901938074175, 4.913430763196492, 4.25807789593282], [8.945961117806426, 1.6199635466501954, 5.939531565720917], [-0.7447169481050921, 0.9579638691555401, -1.6557594881277646], [-0.734538242615483, -1.9141178631330422, -0.0014129840033897806], [-0.7407009056061857, 0.9527189487806087, 1.6598747793138162], [3.572388864009047, -1.025644558956932, 1.639172292910003], [3.57244520474254, -1.0170922604431012, -1.6500366444620402], [3.3079273172462056, 3.7289028296214606, 1.621678283757199], [3.3387614586031527, 3.6902478683534454, -1.666755738818606], [7.6006644759571405, 1.6540522475039432, -1.6071834873334865], [7.579004664386018, 4.649775247314809, -0.16010276342758945]], "name": "C4H9NO3", "identifiers": {"molecule_hash": "035837e31dfb2892a7047ff9281f76da2a23b8d9", "molecular_formula": "C4H9NO3"}, "molecular_charge": 0.0, "molecular_multiplicity": 1, "connectivity": [[0, 1, 1.0], [0, 8, 1.0], [0, 9, 1.0], [0, 10, 1.0], [1, 2, 1.0], [1, 11, 1.0], [1, 12, 1.0], [2, 3, 1.0], [2, 13, 1.0], [2, 14, 1.0], [3, 4, 1.0], [3, 15, 1.0], [3, 16, 1.0], [4, 5, 1.0], [5, 6, 2.0], [5, 7, 1.0]], "fix_com": true, "fix_orientation": true, "provenance": {"creator": "QCElemental", "version": "v0.22.0", "routine": "qcelemental.molparse.from_schema"}, "id": "247397"}, "charge": 0, "optimize_geometry": false, "conformers": [], "conformer_generation_options": {"n_conformer_pool": 4000, "n_max_conformers": 0, "rms_tolerance": 0.05, "energy_window": 15, "keep_original_conformer": true}, "stage_1_unrestrained_charges": null, "stage_1_restrained_charges": null, "stage_2_unrestrained_charges": null, "stage_2_restrained_charges": null, "keep_original_orientation": false, "reorientations": [], "translations": [], "rotations": []}}, {"index": 1, "molecule": {"qcmol": {"schema_name": "qcschema_molecule", "schema_version": 2, "validated": true, "symbols": ["C", "C", "C", "C", "O", "N", "O", "O", "H", "H", "H", "H", "H", "H", "H", "H", "H"], "geometry": [[0.0, 0.0, 0.0], [2.887473887837557, 4.3245167116182064e-16, 1.9476696232620592e-16], [3.986324852559898, 2.675219221140305, -4.3021142204224816e-15], [6.855037372660031, 2.7500657501241736, -0.05573468466726067], [7.97475716531926, 1.4958986020070995, 2.090639122647704], [8.099891609870573, 2.7853738634107827, 4.242735338432746], [7.3879901938074175, 4.913430763196492, 4.25807789593282], [8.945961117806426, 1.6199635466501954, 5.939531565720917], [-0.7447169481050921, 0.9579638691555401, -1.6557594881277646], [-0.734538242615483, -1.9141178631330422, -0.0014129840033897806], [-0.7407009056061857, 0.9527189487806087, 1.6598747793138162], [3.572388864009047, -1.025644558956932, 1.639172292910003], [3.57244520474254, -1.0170922604431012, -1.6500366444620402], [3.3079273172462056, 3.7289028296214606, 1.621678283757199], [3.3387614586031527, 3.6902478683534454, -1.666755738818606], [7.6006644759571405, 1.6540522475039432, -1.6071834873334865], [7.579004664386018, 4.649775247314809, -0.16010276342758945]], "name": "C4H9NO3", "identifiers": {"molecule_hash": "035837e31dfb2892a7047ff9281f76da2a23b8d9", "molecular_formula": "C4H9NO3"}, "molecular_charge": 0.0, "molecular_multiplicity": 1, "connectivity": [[0, 1, 1.0], [0, 8, 1.0], [0, 9, 1.0], [0, 10, 1.0], [1, 2, 1.0], [1, 11, 1.0], [1, 12, 1.0], [2, 3, 1.0], [2, 13, 1.0], [2, 14, 1.0], [3, 4, 1.0], [3, 15, 1.0], [3, 16, 1.0], [4, 5, 1.0], [5, 6, 2.0], [5, 7, 1.0]], "fix_com": true, "fix_orientation": true, "provenance": {"creator": "QCElemental", "version": "v0.22.0", "routine": "qcelemental.molparse.from_schema"}, "id": "247397"}, "charge": 0, "optimize_geometry": false, "conformers": [], "conformer_generation_options": {"n_conformer_pool": 4000, "n_max_conformers": 0, "rms_tolerance": 0.05, "energy_window": 15, "keep_original_conformer": true}, "stage_1_unrestrained_charges": null, "stage_1_restrained_charges": null, "stage_2_unrestrained_charges": null, "stage_2_restrained_charges": null, "keep_original_orientation": false, "reorientations": [], "translations": [], "rotations": []}}, {"index": 2, "molecule": {"qcmol": {"schema_name": "qcschema_molecule", "schema_version": 2, "validated": true, "symbols": ["C", "C", "C", "C", "O", "N", "O", "O", "H", "H", "H", "H", "H", "H", "H", "H", "H"], "geometry": [[0.0, 0.0, 0.0], [2.887473887837557, 4.3245167116182064e-16, 1.9476696232620592e-16], [3.986324852559898, 2.675219221140305, -4.3021142204224816e-15], [6.855037372660031, 2.7500657501241736, -0.05573468466726067], [7.97475716531926, 1.4958986020070995, 2.090639122647704], [8.099891609870573, 2.7853738634107827, 4.242735338432746], [7.3879901938074175, 4.913430763196492, 4.25807789593282], [8.945961117806426, 1.6199635466501954, 5.939531565720917], [-0.7447169481050921, 0.9579638691555401, -1.6557594881277646], [-0.734538242615483, -1.9141178631330422, -0.0014129840033897806], [-0.7407009056061857, 0.9527189487806087, 1.6598747793138162], [3.572388864009047, -1.025644558956932, 1.639172292910003], [3.57244520474254, -1.0170922604431012, -1.6500366444620402], [3.3079273172462056, 3.7289028296214606, 1.621678283757199], [3.3387614586031527, 3.6902478683534454, -1.666755738818606], [7.6006644759571405, 1.6540522475039432, -1.6071834873334865], [7.579004664386018, 4.649775247314809, -0.16010276342758945]], "name": "C4H9NO3", "identifiers": {"molecule_hash": "035837e31dfb2892a7047ff9281f76da2a23b8d9", "molecular_formula": "C4H9NO3"}, "molecular_charge": 0.0, "molecular_multiplicity": 1, "connectivity": [[0, 1, 1.0], [0, 8, 1.0], [0, 9, 1.0], [0, 10, 1.0], [1, 2, 1.0], [1, 11, 1.0], [1, 12, 1.0], [2, 3, 1.0], [2, 13, 1.0], [2, 14, 1.0], [3, 4, 1.0], [3, 15, 1.0], [3, 16, 1.0], [4, 5, 1.0], [5, 6, 2.0], [5, 7, 1.0]], "fix_com": true, "fix_orientation": true, "provenance": {"creator": "QCElemental", "version": "v0.22.0", "routine": "qcelemental.molparse.from_schema"}, "id": "247397"}, "charge": 0, "optimize_geometry": false, "conformers": [], "conformer_generation_options": {"n_conformer_pool": 4000, "n_max_conformers": 0, "rms_tolerance": 0.05, "energy_window": 15, "keep_original_conformer": true}, "stage_1_unrestrained_charges": null, "stage_1_restrained_charges": null, "stage_2_unrestrained_charges": null, "stage_2_restrained_charges": null, "keep_original_orientation": false, "reorientations": [], "translations": [], "rotations": []}}, {"index": 3, "molecule": {"qcmol": {"schema_name": "qcschema_molecule", "schema_version": 2, "validated": true, "symbols": ["C", "C", "C", "C", "O", "N", "O", "O", "H", "H", "H", "H", "H", "H", "H", "H", "H"], "geometry": [[0.0, 0.0, 0.0], [2.887473887837557, 4.3245167116182064e-16, 1.9476696232620592e-16], [3.986324852559898, 2.675219221140305, -4.3021142204224816e-15], [6.855037372660031, 2.7500657501241736, -0.05573468466726067], [7.97475716531926, 1.4958986020070995, 2.090639122647704], [8.099891609870573, 2.7853738634107827, 4.242735338432746], [7.3879901938074175, 4.913430763196492, 4.25807789593282], [8.945961117806426, 1.6199635466501954, 5.939531565720917], [-0.7447169481050921, 0.9579638691555401, -1.6557594881277646], [-0.734538242615483, -1.9141178631330422, -0.0014129840033897806], [-0.7407009056061857, 0.9527189487806087, 1.6598747793138162], [3.572388864009047, -1.025644558956932, 1.639172292910003], [3.57244520474254, -1.0170922604431012, -1.6500366444620402], [3.3079273172462056, 3.7289028296214606, 1.621678283757199], [3.3387614586031527, 3.6902478683534454, -1.666755738818606], [7.6006644759571405, 1.6540522475039432, -1.6071834873334865], [7.579004664386018, 4.649775247314809, -0.16010276342758945]], "name": "C4H9NO3", "identifiers": {"molecule_hash": "035837e31dfb2892a7047ff9281f76da2a23b8d9", "molecular_formula": "C4H9NO3"}, "molecular_charge": 0.0, "molecular_multiplicity": 1, "connectivity": [[0, 1, 1.0], [0, 8, 1.0], [0, 9, 1.0], [0, 10, 1.0], [1, 2, 1.0], [1, 11, 1.0], [1, 12, 1.0], [2, 3, 1.0], [2, 13, 1.0], [2, 14, 1.0], [3, 4, 1.0], [3, 15, 1.0], [3, 16, 1.0], [4, 5, 1.0], [5, 6, 2.0], [5, 7, 1.0]], "fix_com": true, "fix_orientation": true, "provenance": {"creator": "QCElemental", "version": "v0.22.0", "routine": "qcelemental.molparse.from_schema"}, "id": "247397"}, "charge": 0, "optimize_geometry": false, "conformers": [], "conformer_generation_options": {"n_conformer_pool": 4000, "n_max_conformers": 0, "rms_tolerance": 0.05, "energy_window": 15, "keep_original_conformer": true}, "stage_1_unrestrained_charges": null, "stage_1_restrained_charges": null, "stage_2_unrestrained_charges": null, "stage_2_restrained_charges": null, "keep_original_orientation": false, "reorientations": [], "translations": [], "rotations": []}}]}, "surface_constraints": {"matrix": [[1872.1703113509739, 1807.3207299365918, 1730.667503206967, 1684.8093930674106, 1633.350016924219, 1547.2333778753748, 1494.543721063148, 1515.513867746529, 1885.126275188035, 1879.6736526623608, 1880.3444895196574, 1800.2939997550504, 1797.0870871042298, 1739.7685913671164, 1677.6352679653864, 1680.8209923754305, 1680.5346595498152], [1807.3207299365918, 1848.8353441475754, 1796.0876975504123, 1726.5051714660071, 1678.845771208794, 1584.9100854396008, 1540.0090628608125, 1537.0216668771743, 1793.2288964691525, 1788.274412976306, 1787.424246862515, 1873.1313167470028, 1870.6688957240951, 1791.401485074829, 1792.1810721323009, 1712.7978730381415, 1712.0323681598204], [1730.667503206967, 1796.0876975504123, 1842.8911978443512, 1794.845717789466, 1751.7848432391181, 1669.3390983300803, 1632.8025748999955, 1617.336306478487, 1708.199470250846, 1703.0205089203246, 1715.3789063083366, 1792.0528835325026, 1791.3007689855613, 1868.9810263285428, 1868.5448393322881, 1785.9277794667166, 1783.8688129933237], [1684.8093930674106, 1726.5051714660071, 1794.845717789466, 1844.532712704765, 1819.9536714965334, 1747.8185828890935, 1710.0852236743453, 1699.5807237043534, 1659.012660576749, 1661.124258739229, 1687.3242440076222, 1722.1094481006953, 1688.8524651368782, 1793.3118004330452, 1792.7105817797767, 1866.7279813947866, 1863.5974927134569], [1633.350016924219, 1678.845771208794, 1751.7848432391181, 1819.9536714965334, 1892.2338999511394, 1832.6085050391016, 1784.5182950889537, 1794.1190656575604, 1607.1451021159564, 1616.7033162289617, 1627.529487945521, 1673.5350595393752, 1644.180235396234, 1726.8702102968205, 1763.139429283091, 1816.19817895059, 1810.3196516115481], [1547.2333778753748, 1584.9100854396008, 1669.3390983300803, 1747.8185828890935, 1832.6085050391016, 1865.8581633640365, 1848.80241691886, 1855.9045804816776, 1532.7655177427994, 1524.7760196217203, 1543.0392884584714, 1573.0603132828178, 1543.9183201698759, 1659.0586547092723, 1670.729109352432, 1734.505919623724, 1746.3805654696941], [1494.543721063148, 1540.0090628608125, 1632.8025748999955, 1710.0852236743453, 1784.5182950889537, 1848.80241691886, 1911.8037581111437, 1791.6794510800542, 1481.5202268722912, 1469.9673530998973, 1485.4986520558418, 1535.1973156152544, 1493.3755708666854, 1628.1643333127897, 1638.1148132495443, 1701.5259230349548, 1710.3399966645256], [1515.513867746529, 1537.0216668771743, 1617.336306478487, 1699.5807237043534, 1794.1190656575604, 1855.9045804816776, 1791.6794510800542, 1924.4226891129556, 1508.3157221795395, 1492.9371822152202, 1517.3271385887049, 1513.3182131653584, 1498.427646313236, 1613.0009716810682, 1607.0240841054094, 1678.2528700148664, 1703.7684111492097], [1885.126275188035, 1793.2288964691525, 1708.199470250846, 1659.012660576749, 1607.1451021159564, 1532.7655177427994, 1481.5202268722912, 1508.3157221795395, 1979.7923534682222, 1863.204769656667, 1864.4598364411204, 1779.2362691625378, 1775.9143714547085, 1727.897181747773, 1641.8092824983964, 1647.6646126084659, 1659.3497193795695], [1879.6736526623608, 1788.274412976306, 1703.0205089203246, 1661.124258739229, 1616.7033162289617, 1524.7760196217203, 1469.9673530998973, 1492.9371822152202, 1863.204769656667, 1967.578563609485, 1859.8981973126608, 1761.2206203557025, 1785.2910878342047, 1708.2268516580687, 1644.9875423664605, 1668.4189783967888, 1644.0153911035031], [1880.3444895196574, 1787.424246862515, 1715.3789063083366, 1687.3242440076222, 1627.529487945521, 1543.0392884584714, 1485.4986520558418, 1517.3271385887049, 1864.4598364411204, 1859.8981973126608, 1969.9686234643946, 1781.5307629358833, 1750.8968987688113, 1727.1099297244473, 1648.2460092687666, 1686.6479611970017, 1699.1569156461837], [1800.2939997550504, 1873.1313167470028, 1792.0528835325026, 1722.1094481006953, 1673.5350595393752, 1573.0603132828178, 1535.1973156152544, 1513.3182131653584, 1779.2362691625378, 1761.2206203557025, 1781.5307629358833, 1976.7665356322784, 1864.78622182679, 1757.8944429594333, 1794.4181725792419, 1705.1175602192, 1711.5746790575101], [1797.0870871042298, 1870.6688957240951, 1791.3007689855613, 1688.8524651368782, 1644.180235396234, 1543.9183201698759, 1493.3755708666854, 1498.427646313236, 1775.9143714547085, 1785.2910878342047, 1750.8968987688113, 1864.78622182679, 1970.6514994905463, 1778.577337075218, 1801.0288819076206, 1666.7222338128481, 1659.4020227174558], [1739.7685913671164, 1791.401485074829, 1868.9810263285428, 1793.3118004330452, 1726.8702102968205, 1659.0586547092723, 1628.1643333127897, 1613.0009716810682, 1727.897181747773, 1708.2268516580687, 1727.1099297244473, 1757.8944429594333, 1778.577337075218, 1972.41026019422, 1865.828590675517, 1779.2225071479306, 1781.5420078600305], [1677.6352679653864, 1792.1810721323009, 1868.5448393322881, 1792.7105817797767, 1763.139429283091, 1670.729109352432, 1638.1148132495443, 1607.0240841054094, 1641.8092824983964, 1644.9875423664605, 1648.2460092687666, 1794.4181725792419, 1801.0288819076206, 1865.828590675517, 1968.6409552742207, 1769.4448461307693, 1763.070349685736], [1680.8209923754305, 1712.7978730381415, 1785.9277794667166, 1866.7279813947866, 1816.19817895059, 1734.505919623724, 1701.5259230349548, 1678.2528700148664, 1647.6646126084659, 1668.4189783967888, 1686.6479611970017, 1705.1175602192, 1666.7222338128481, 1779.2225071479306, 1769.4448461307693, 1963.1107493099362, 1857.242554328258], [1680.5346595498152, 1712.0323681598204, 1783.8688129933237, 1863.5974927134569, 1810.3196516115481, 1746.3805654696941, 1710.3399966645256, 1703.7684111492097, 1659.3497193795695, 1644.0153911035031, 1699.1569156461837, 1711.5746790575101, 1659.4020227174558, 1781.5420078600305, 1763.070349685736, 1857.242554328258, 1957.5492929001082], [53.36363884420101, 55.97879435915599, 50.10878698052704, 38.44341864492793, 3.476580809882825, -23.16318410270415, -32.17670483434519, -38.659150260895785, 50.57686108635225, 51.826590910921155, 55.13609793207353, 58.29697298667089, 58.35547142139018, 54.858979726978006, 48.77520347720445, 47.69985284606658, 44.92911992459608]]}}