{"resp_b": 0.1, "restrained_fit": true, "exclude_hydrogens": true, "convergence_tolerance": 1e-06, "max_iter": 500, "resp_a": 0.0005, "charge_constraints": {"charge_sum_constraints": [], "charge_equivalence_constraints": [], "molecules": [{"qcmol": {"schema_name": "qcschema_molecule", "schema_version": 2, "validated": true, "symbols": ["C", "C", "C", "C", "O", "N", "O", "O", "H", "H", "H", "H", "H", "H", "H", "H", "H"], "geometry": [[0.0, 0.0, 0.0], [2.887473887837557, 4.3245167116182064e-16, 1.9476696232620592e-16], [3.986324852559898, 2.675219221140305, -4.3021142204224816e-15], [6.855037372660031, 2.7500657501241736, -0.05573468466726067], [7.97475716531926, 1.4958986020070995, 2.090639122647704], [8.099891609870573, 2.7853738634107827, 4.242735338432746], [7.3879901938074175, 4.913430763196492, 4.25807789593282], [8.945961117806426, 1.6199635466501954, 5.939531565720917], [-0.7447169481050921, 0.9579638691555401, -1.6557594881277646], [-0.734538242615483, -1.9141178631330422, -0.0014129840033897806], [-0.7407009056061857, 0.9527189487806087, 1.6598747793138162], [3.572388864009047, -1.025644558956932, 1.639172292910003], [3.57244520474254, -1.0170922604431012, -1.6500366444620402], [3.3079273172462056, 3.7289028296214606, 1.621678283757199], [3.3387614586031527, 3.6902478683534454, -1.666755738818606], [7.6006644759571405, 1.6540522475039432, -1.6071834873334865], [7.579004664386018, 4.649775247314809, -0.16010276342758945]], "name": "C4H9NO3", "identifiers": {"molecule_hash": "035837e31dfb2892a7047ff9281f76da2a23b8d9", "molecular_formula": "C4H9NO3"}, "molecular_charge": 0.0, "molecular_multiplicity": 1, "connectivity": [[0, 1, 1.0], [0, 8, 1.0], [0, 9, 1.0], [0, 10, 1.0], [1, 2, 1.0], [1, 11, 1.0], [1, 12, 1.0], [2, 3, 1.0], [2, 13, 1.0], [2, 14, 1.0], [3, 4, 1.0], [3, 15, 1.0], [3, 16, 1.0], [4, 5, 1.0], [5, 6, 2.0], [5, 7, 1.0]], "fix_com": true, "fix_orientation": true, "provenance": {"creator": "QCElemental", "version": "v0.22.0", "routine": "qcelemental.molparse.from_schema"}, "id": "247397"}, "charge": 0, "optimize_geometry": false, "conformers": [], "conformer_generation_options": {"n_conformer_pool": 4000, "n_max_conformers": 0, "rms_tolerance": 0.05, "energy_window": 15, "keep_original_conformer": true}, "stage_1_unrestrained_charges": null, "stage_1_restrained_charges": null, "stage_2_unrestrained_charges": null, "stage_2_restrained_charges": null, "keep_original_orientation": false, "reorientations": [], "translations": [], "rotations": []}], "unconstrained_atoms": [{"index": 0, "molecule": {"qcmol": {"schema_name": "qcschema_molecule", "schema_version": 2, "validated": true, "symbols": ["C", "C", "C", "C", "O", "N", "O", "O", "H", "H", "H", "H", "H", "H", "H", "H", "H"], "geometry": [[0.0, 0.0, 0.0], [2.887473887837557, 4.3245167116182064e-16, 1.9476696232620592e-16], [3.986324852559898, 2.675219221140305, -4.3021142204224816e-15], [6.855037372660031, 2.7500657501241736, -0.05573468466726067], [7.97475716531926, 1.4958986020070995, 2.090639122647704], [8.099891609870573, 2.7853738634107827, 4.242735338432746], [7.3879901938074175, 4.913430763196492, 4.25807789593282], [8.945961117806426, 1.6199635466501954, 5.939531565720917], [-0.7447169481050921, 0.9579638691555401, -1.6557594881277646], [-0.734538242615483, -1.9141178631330422, -0.0014129840033897806], [-0.7407009056061857, 0.9527189487806087, 1.6598747793138162], [3.572388864009047, -1.025644558956932, 1.639172292910003], [3.57244520474254, -1.0170922604431012, -1.6500366444620402], [3.3079273172462056, 3.7289028296214606, 1.621678283757199], [3.3387614586031527, 3.6902478683534454, -1.666755738818606], [7.6006644759571405, 1.6540522475039432, -1.6071834873334865], [7.579004664386018, 4.649775247314809, -0.16010276342758945]], "name": "C4H9NO3", "identifiers": {"molecule_hash": "035837e31dfb2892a7047ff9281f76da2a23b8d9", "molecular_formula": "C4H9NO3"}, "molecular_charge": 0.0, "molecular_multiplicity": 1, "connectivity": [[0, 1, 1.0], [0, 8, 1.0], [0, 9, 1.0], [0, 10, 1.0], [1, 2, 1.0], [1, 11, 1.0], [1, 12, 1.0], [2, 3, 1.0], [2, 13, 1.0], [2, 14, 1.0], [3, 4, 1.0], [3, 15, 1.0], [3, 16, 1.0], [4, 5, 1.0], [5, 6, 2.0], [5, 7, 1.0]], "fix_com": true, "fix_orientation": true, "provenance": {"creator": "QCElemental", "version": "v0.22.0", "routine": "qcelemental.molparse.from_schema"}, "id": "247397"}, "charge": 0, "optimize_geometry": false, "conformers": [], "conformer_generation_options": {"n_conformer_pool": 4000, "n_max_conformers": 0, "rms_tolerance": 0.05, "energy_window": 15, "keep_original_conformer": true}, "stage_1_unrestrained_charges": null, "stage_1_restrained_charges": null, "stage_2_unrestrained_charges": null, "stage_2_restrained_charges": null, "keep_original_orientation": false, "reorientations": [], "translations": [], "rotations": []}}, {"index": 1, "molecule": {"qcmol": {"schema_name": "qcschema_molecule", "schema_version": 2, "validated": true, "symbols": ["C", "C", "C", "C", "O", "N", "O", "O", "H", "H", "H", "H", "H", "H", "H", "H", "H"], "geometry": [[0.0, 0.0, 0.0], [2.887473887837557, 4.3245167116182064e-16, 1.9476696232620592e-16], [3.986324852559898, 2.675219221140305, -4.3021142204224816e-15], [6.855037372660031, 2.7500657501241736, -0.05573468466726067], [7.97475716531926, 1.4958986020070995, 2.090639122647704], [8.099891609870573, 2.7853738634107827, 4.242735338432746], [7.3879901938074175, 4.913430763196492, 4.25807789593282], [8.945961117806426, 1.6199635466501954, 5.939531565720917], [-0.7447169481050921, 0.9579638691555401, -1.6557594881277646], [-0.734538242615483, -1.9141178631330422, -0.0014129840033897806], [-0.7407009056061857, 0.9527189487806087, 1.6598747793138162], [3.572388864009047, -1.025644558956932, 1.639172292910003], [3.57244520474254, -1.0170922604431012, -1.6500366444620402], [3.3079273172462056, 3.7289028296214606, 1.621678283757199], [3.3387614586031527, 3.6902478683534454, -1.666755738818606], [7.6006644759571405, 1.6540522475039432, -1.6071834873334865], [7.579004664386018, 4.649775247314809, -0.16010276342758945]], "name": "C4H9NO3", "identifiers": {"molecule_hash": "035837e31dfb2892a7047ff9281f76da2a23b8d9", "molecular_formula": "C4H9NO3"}, "molecular_charge": 0.0, "molecular_multiplicity": 1, "connectivity": [[0, 1, 1.0], [0, 8, 1.0], [0, 9, 1.0], [0, 10, 1.0], [1, 2, 1.0], [1, 11, 1.0], [1, 12, 1.0], [2, 3, 1.0], [2, 13, 1.0], [2, 14, 1.0], [3, 4, 1.0], [3, 15, 1.0], [3, 16, 1.0], [4, 5, 1.0], [5, 6, 2.0], [5, 7, 1.0]], "fix_com": true, "fix_orientation": true, "provenance": {"creator": "QCElemental", "version": "v0.22.0", "routine": "qcelemental.molparse.from_schema"}, "id": "247397"}, "charge": 0, "optimize_geometry": false, "conformers": [], "conformer_generation_options": {"n_conformer_pool": 4000, "n_max_conformers": 0, "rms_tolerance": 0.05, "energy_window": 15, "keep_original_conformer": true}, "stage_1_unrestrained_charges": null, "stage_1_restrained_charges": null, "stage_2_unrestrained_charges": null, "stage_2_restrained_charges": null, "keep_original_orientation": false, "reorientations": [], "translations": [], "rotations": []}}, {"index": 2, "molecule": {"qcmol": {"schema_name": "qcschema_molecule", "schema_version": 2, "validated": true, "symbols": ["C", "C", "C", "C", "O", "N", "O", "O", "H", "H", "H", "H", "H", "H", "H", "H", "H"], "geometry": [[0.0, 0.0, 0.0], [2.887473887837557, 4.3245167116182064e-16, 1.9476696232620592e-16], [3.986324852559898, 2.675219221140305, -4.3021142204224816e-15], [6.855037372660031, 2.7500657501241736, -0.05573468466726067], [7.97475716531926, 1.4958986020070995, 2.090639122647704], [8.099891609870573, 2.7853738634107827, 4.242735338432746], [7.3879901938074175, 4.913430763196492, 4.25807789593282], [8.945961117806426, 1.6199635466501954, 5.939531565720917], [-0.7447169481050921, 0.9579638691555401, -1.6557594881277646], [-0.734538242615483, -1.9141178631330422, -0.0014129840033897806], [-0.7407009056061857, 0.9527189487806087, 1.6598747793138162], [3.572388864009047, -1.025644558956932, 1.639172292910003], [3.57244520474254, -1.0170922604431012, -1.6500366444620402], [3.3079273172462056, 3.7289028296214606, 1.621678283757199], [3.3387614586031527, 3.6902478683534454, -1.666755738818606], [7.6006644759571405, 1.6540522475039432, -1.6071834873334865], [7.579004664386018, 4.649775247314809, -0.16010276342758945]], "name": "C4H9NO3", "identifiers": {"molecule_hash": "035837e31dfb2892a7047ff9281f76da2a23b8d9", "molecular_formula": "C4H9NO3"}, "molecular_charge": 0.0, "molecular_multiplicity": 1, "connectivity": [[0, 1, 1.0], [0, 8, 1.0], [0, 9, 1.0], [0, 10, 1.0], [1, 2, 1.0], [1, 11, 1.0], [1, 12, 1.0], [2, 3, 1.0], [2, 13, 1.0], [2, 14, 1.0], [3, 4, 1.0], [3, 15, 1.0], [3, 16, 1.0], [4, 5, 1.0], [5, 6, 2.0], [5, 7, 1.0]], "fix_com": true, "fix_orientation": true, "provenance": {"creator": "QCElemental", "version": "v0.22.0", "routine": "qcelemental.molparse.from_schema"}, "id": "247397"}, "charge": 0, "optimize_geometry": false, "conformers": [], "conformer_generation_options": {"n_conformer_pool": 4000, "n_max_conformers": 0, "rms_tolerance": 0.05, "energy_window": 15, "keep_original_conformer": true}, "stage_1_unrestrained_charges": null, "stage_1_restrained_charges": null, "stage_2_unrestrained_charges": null, "stage_2_restrained_charges": null, "keep_original_orientation": false, "reorientations": [], "translations": [], "rotations": []}}, {"index": 3, "molecule": {"qcmol": {"schema_name": "qcschema_molecule", "schema_version": 2, "validated": true, "symbols": ["C", "C", "C", "C", "O", "N", "O", "O", "H", "H", "H", "H", "H", "H", "H", "H", "H"], "geometry": [[0.0, 0.0, 0.0], [2.887473887837557, 4.3245167116182064e-16, 1.9476696232620592e-16], [3.986324852559898, 2.675219221140305, -4.3021142204224816e-15], [6.855037372660031, 2.7500657501241736, -0.05573468466726067], [7.97475716531926, 1.4958986020070995, 2.090639122647704], [8.099891609870573, 2.7853738634107827, 4.242735338432746], [7.3879901938074175, 4.913430763196492, 4.25807789593282], [8.945961117806426, 1.6199635466501954, 5.939531565720917], [-0.7447169481050921, 0.9579638691555401, -1.6557594881277646], [-0.734538242615483, -1.9141178631330422, -0.0014129840033897806], [-0.7407009056061857, 0.9527189487806087, 1.6598747793138162], [3.572388864009047, -1.025644558956932, 1.639172292910003], [3.57244520474254, -1.0170922604431012, -1.6500366444620402], [3.3079273172462056, 3.7289028296214606, 1.621678283757199], [3.3387614586031527, 3.6902478683534454, -1.666755738818606], [7.6006644759571405, 1.6540522475039432, -1.6071834873334865], [7.579004664386018, 4.649775247314809, -0.16010276342758945]], "name": "C4H9NO3", "identifiers": {"molecule_hash": "035837e31dfb2892a7047ff9281f76da2a23b8d9", "molecular_formula": "C4H9NO3"}, "molecular_charge": 0.0, "molecular_multiplicity": 1, "connectivity": [[0, 1, 1.0], [0, 8, 1.0], [0, 9, 1.0], [0, 10, 1.0], [1, 2, 1.0], [1, 11, 1.0], [1, 12, 1.0], [2, 3, 1.0], [2, 13, 1.0], [2, 14, 1.0], [3, 4, 1.0], [3, 15, 1.0], [3, 16, 1.0], [4, 5, 1.0], [5, 6, 2.0], [5, 7, 1.0]], "fix_com": true, "fix_orientation": true, "provenance": {"creator": "QCElemental", "version": "v0.22.0", "routine": "qcelemental.molparse.from_schema"}, "id": "247397"}, "charge": 0, "optimize_geometry": false, "conformers": [], "conformer_generation_options": {"n_conformer_pool": 4000, "n_max_conformers": 0, "rms_tolerance": 0.05, "energy_window": 15, "keep_original_conformer": true}, "stage_1_unrestrained_charges": null, "stage_1_restrained_charges": null, "stage_2_unrestrained_charges": null, "stage_2_restrained_charges": null, "keep_original_orientation": false, "reorientations": [], "translations": [], "rotations": []}}]}, "surface_constraints": {"matrix": [[4628.747829946426, 4480.146675825248, 4315.109344104928, 4222.779099788479, 4107.461748529377, 3923.374233677984, 3805.602284845731, 3856.0962352888046, 4668.535794421582, 4656.486268065667, 4655.520689692529, 4468.255213189459, 4458.627742543866, 4338.855600377113, 4198.154417156573, 4221.01886738401, 4222.242534487862], [4480.146675825248, 4574.136644467017, 4465.003613145024, 4317.704010120661, 4212.332980477526, 4011.517733667371, 3913.7914779190155, 3905.6405872078085, 4456.346886723567, 4444.672709585493, 4441.00154697059, 4635.876930044669, 4627.047979374555, 4456.514843857138, 4464.98528879171, 4293.113659849522, 4292.989993463883], [4315.109344104928, 4465.003613145024, 4581.040310521128, 4483.429869929358, 4389.44183794512, 4219.07261761896, 4142.738129846627, 4104.569092081961, 4270.111244417616, 4257.954395942375, 4284.5651621081615, 4460.645721467094, 4456.083404158301, 4644.492861454202, 4649.316393465552, 4470.967460679977, 4467.9132542506995], [4222.779099788479, 4317.704010120661, 4483.429869929358, 4610.3567680500455, 4558.000395300218, 4415.432449215583, 4337.487022422389, 4311.166810257197, 4169.186165335617, 4174.347657687944, 4233.599386624204, 4310.992366575852, 4230.647127014979, 4482.96376059098, 4484.777932016607, 4671.517415084778, 4666.521104540601], [4107.461748529377, 4212.332980477526, 4389.44183794512, 4558.000395300218, 4723.303328070356, 4615.494452761125, 4516.902718132838, 4536.90315231617, 4052.8497387754173, 4074.920023299006, 4096.6929563456715, 4202.820446466345, 4131.806711694011, 4334.985184166232, 4422.3268522174085, 4559.574217328664, 4548.418477119753], [3923.374233677984, 4011.517733667371, 4219.07261761896, 4415.432449215583, 4615.494452761125, 4714.40667079358, 4685.155663602717, 4700.19453946584, 3894.9100802441258, 3875.9892082717874, 3915.645181587789, 3985.8370334045767, 3913.514250096722, 4196.130997897149, 4229.058060809139, 4393.031353055401, 4422.192238597054], [3805.602284845731, 3913.7914779190155, 4142.738129846627, 4337.487022422389, 4516.902718132838, 4685.155663602717, 4835.049029276763, 4563.286514119175, 3779.9183800904466, 3751.3918004223083, 3786.492554048378, 3905.0698287326627, 3801.420916020325, 4132.168336472385, 4162.388318691225, 4325.541131269467, 4346.241437866871], [3856.0962352888046, 3905.6405872078085, 4104.569092081961, 4311.166810257197, 4536.90315231617, 4700.19453946584, 4563.286514119175, 4862.332987358076, 3844.4534091504956, 3809.0834944538087, 3862.117306333852, 3850.9761379453007, 3812.470830786298, 4094.5377346001983, 4086.705212967505, 4268.324305686722, 4330.120808512923], [4668.535794421582, 4456.346886723567, 4270.111244417616, 4169.186165335617, 4052.8497387754173, 3894.9100802441258, 3779.9183800904466, 3844.4534091504956, 4898.847002019398, 4628.142144015137, 4628.530832264544, 4427.780532119001, 4417.800397050953, 4318.742281172215, 4120.18945705324, 4150.035040891453, 4178.421210368993], [4656.486268065667, 4444.672709585493, 4257.954395942375, 4174.347657687944, 4074.920023299006, 3875.9892082717874, 3751.3918004223083, 3809.0834944538087, 4628.142144015137, 4871.812817625768, 4618.988371434134, 4385.405911047262, 4439.224799312259, 4272.626431398406, 4127.572441542764, 4199.3451597094645, 4143.021702630157], [4655.520689692529, 4441.00154697059, 4284.5651621081615, 4233.599386624204, 4096.6929563456715, 3915.645181587789, 3786.492554048378, 3862.117306333852, 4628.530832264544, 4618.988371434134, 4870.937240591787, 4430.911543929647, 4358.457932861579, 4314.452139181609, 4133.010091889033, 4239.35484923535, 4272.565701435919], [4468.255213189459, 4635.876930044669, 4460.645721467094, 4310.992366575852, 4202.820446466345, 3985.8370334045767, 3905.0698287326627, 3850.9761379453007, 4427.780532119001, 4385.405911047262, 4430.911543929647, 4882.761862390719, 4620.321941738027, 4382.574551873007, 4475.650827102858, 4278.3512091925895, 4294.935881546256], [4458.627742543866, 4627.047979374555, 4456.083404158301, 4230.647127014979, 4131.806711694011, 3913.514250096722, 3801.420916020325, 3812.470830786298, 4417.800397050953, 4439.224799312259, 4358.457932861579, 4620.321941738027, 4861.917034957856, 4428.423069173343, 4488.86059832719, 4185.194868385348, 4169.449500543091], [4338.855600377113, 4456.514843857138, 4644.492861454202, 4482.96376059098, 4334.985184166232, 4196.130997897149, 4132.168336472385, 4094.5377346001983, 4318.742281172215, 4272.626431398406, 4314.452139181609, 4382.574551873007, 4428.423069173343, 4888.716257669968, 4646.1467299986025, 4457.837835623634, 4464.8583580981895], [4198.154417156573, 4464.98528879171, 4649.316393465552, 4484.777932016607, 4422.3268522174085, 4229.058060809139, 4162.388318691225, 4086.705212967505, 4120.18945705324, 4127.572441542764, 4133.010091889033, 4475.650827102858, 4488.86059832719, 4646.1467299986025, 4893.738600563858, 4437.972982730322, 4424.5213626001805], [4221.01886738401, 4293.113659849522, 4470.967460679977, 4671.517415084778, 4559.574217328664, 4393.031353055401, 4325.541131269467, 4268.324305686722, 4150.035040891453, 4199.3451597094645, 4239.35484923535, 4278.3512091925895, 4185.194868385348, 4457.837835623634, 4437.972982730322, 4907.978734398816, 4660.298196956806], [4222.242534487862, 4292.989993463883, 4467.9132542506995, 4666.521104540601, 4548.418477119753, 4422.192238597054, 4346.241437866871, 4330.120808512923, 4178.421210368993, 4143.021702630157, 4272.565701435919, 4294.935881546256, 4169.449500543091, 4464.8583580981895, 4424.5213626001805, 4660.298196956806, 4899.104652623254], [106.02491355621012, 109.99090587071487, 95.3527935163552, 70.32767019245003, 3.4276910712311133, -49.712475556647185, -68.22558910637112, -80.3415916491019, 101.36876819329669, 104.50234586024658, 109.22356671787313, 115.45463483488795, 116.26022199896663, 104.15886365318235, 93.26735911014691, 87.95961116269942, 82.01166979776231]]}}