{"resp_b": 0.1, "restrained_fit": true, "exclude_hydrogens": true, "convergence_tolerance": 1e-06, "max_iter": 500, "resp_a": 0.0005, "charge_constraints": {"charge_sum_constraints": [], "charge_equivalence_constraints": [], "molecules": [{"qcmol": {"schema_name": "qcschema_molecule", "schema_version": 2, "validated": true, "symbols": ["C", "C", "C", "C", "C", "N", "H", "H", "H", "H", "H", "H", "H", "H", "H", "H", "H", "H", "H"], "geometry": [[0.0, 0.0, 0.0], [2.8907474076886546, 1.825747074670244e-16, 4.37738613441583e-16], [4.092779049332912, 2.6363409712350063, 2.1649348980190553e-15], [3.608306128549317, 4.1804278032219555, -2.3994185961089824], [5.043580954634201, 6.696701728359495, -2.4905100148559782], [4.387733763647066, 8.559331838874357, -0.5778759881562519], [-0.7377993278249737, 1.064628896944967, 1.5939440716437576], [-0.7678718840145309, 0.8246974183325227, -1.7126741883568128], [-0.7274078914147687, -1.913098179113077, 0.1403026544905556], [3.549599912967539, -1.0151263761929155, 1.660326154171152], [3.5735267638678017, -1.0567573424997032, -1.6260919216370606], [3.417473880904852, 3.670936832617514, 1.6441031578770895], [6.124622846940427, 2.425336461267958, 0.24556252945306972], [4.158411890941497, 3.0626466692823024, -4.037937362512143], [1.5977512721185765, 4.558892778513184, -2.6059029419103736], [7.059935939869913, 6.341210537716476, -2.3433528314379166], [4.744357500752299, 7.5666270501432455, -4.3240211617250575], [4.784465028274859, 7.92981291085134, 1.1613472552296975], [2.5345893640792707, 8.948792730172148, -0.6224483035068056]], "name": "C5H13N", "identifiers": {"molecule_hash": "0243eb1fdbd32da3fb312fecb53ed5ba961ab789", "molecular_formula": "C5H13N"}, "molecular_charge": 0.0, "molecular_multiplicity": 1, "connectivity": [[0, 1, 1.0], [0, 6, 1.0], [0, 7, 1.0], [0, 8, 1.0], [1, 2, 1.0], [1, 9, 1.0], [1, 10, 1.0], [2, 3, 1.0], [2, 11, 1.0], [2, 12, 1.0], [3, 4, 1.0], [3, 13, 1.0], [3, 14, 1.0], [4, 5, 1.0], [4, 15, 1.0], [4, 16, 1.0], [5, 17, 1.0], [5, 18, 1.0]], "fix_com": true, "fix_orientation": true, "provenance": {"creator": "QCElemental", "version": "v0.22.0", "routine": "qcelemental.molparse.from_schema"}, "id": "45518"}, "charge": 0, "optimize_geometry": false, "conformers": [], "conformer_generation_options": {"n_conformer_pool": 4000, "n_max_conformers": 0, "rms_tolerance": 0.05, "energy_window": 15, "keep_original_conformer": true}, "stage_1_unrestrained_charges": null, "stage_1_restrained_charges": null, "stage_2_unrestrained_charges": null, "stage_2_restrained_charges": null, "keep_original_orientation": false, "reorientations": [], "translations": [], "rotations": []}], "unconstrained_atoms": [{"index": 0, "molecule": {"qcmol": {"schema_name": "qcschema_molecule", "schema_version": 2, "validated": true, "symbols": ["C", "C", "C", "C", "C", "N", "H", "H", "H", "H", "H", "H", "H", "H", "H", "H", "H", "H", "H"], "geometry": [[0.0, 0.0, 0.0], [2.8907474076886546, 1.825747074670244e-16, 4.37738613441583e-16], [4.092779049332912, 2.6363409712350063, 2.1649348980190553e-15], [3.608306128549317, 4.1804278032219555, -2.3994185961089824], [5.043580954634201, 6.696701728359495, -2.4905100148559782], [4.387733763647066, 8.559331838874357, -0.5778759881562519], [-0.7377993278249737, 1.064628896944967, 1.5939440716437576], [-0.7678718840145309, 0.8246974183325227, -1.7126741883568128], [-0.7274078914147687, -1.913098179113077, 0.1403026544905556], [3.549599912967539, -1.0151263761929155, 1.660326154171152], [3.5735267638678017, -1.0567573424997032, -1.6260919216370606], [3.417473880904852, 3.670936832617514, 1.6441031578770895], [6.124622846940427, 2.425336461267958, 0.24556252945306972], [4.158411890941497, 3.0626466692823024, -4.037937362512143], [1.5977512721185765, 4.558892778513184, -2.6059029419103736], [7.059935939869913, 6.341210537716476, -2.3433528314379166], [4.744357500752299, 7.5666270501432455, -4.3240211617250575], [4.784465028274859, 7.92981291085134, 1.1613472552296975], [2.5345893640792707, 8.948792730172148, -0.6224483035068056]], "name": "C5H13N", "identifiers": {"molecule_hash": "0243eb1fdbd32da3fb312fecb53ed5ba961ab789", "molecular_formula": "C5H13N"}, "molecular_charge": 0.0, "molecular_multiplicity": 1, "connectivity": [[0, 1, 1.0], [0, 6, 1.0], [0, 7, 1.0], [0, 8, 1.0], [1, 2, 1.0], [1, 9, 1.0], [1, 10, 1.0], [2, 3, 1.0], [2, 11, 1.0], [2, 12, 1.0], [3, 4, 1.0], [3, 13, 1.0], [3, 14, 1.0], [4, 5, 1.0], [4, 15, 1.0], [4, 16, 1.0], [5, 17, 1.0], [5, 18, 1.0]], "fix_com": true, "fix_orientation": true, "provenance": {"creator": "QCElemental", "version": "v0.22.0", "routine": "qcelemental.molparse.from_schema"}, "id": "45518"}, "charge": 0, "optimize_geometry": false, "conformers": [], "conformer_generation_options": {"n_conformer_pool": 4000, "n_max_conformers": 0, "rms_tolerance": 0.05, "energy_window": 15, "keep_original_conformer": true}, "stage_1_unrestrained_charges": null, "stage_1_restrained_charges": null, "stage_2_unrestrained_charges": null, "stage_2_restrained_charges": null, "keep_original_orientation": false, "reorientations": [], "translations": [], "rotations": []}}, {"index": 1, "molecule": {"qcmol": {"schema_name": "qcschema_molecule", "schema_version": 2, "validated": true, "symbols": ["C", "C", "C", "C", "C", "N", "H", "H", "H", "H", "H", "H", "H", "H", "H", "H", "H", "H", "H"], "geometry": [[0.0, 0.0, 0.0], [2.8907474076886546, 1.825747074670244e-16, 4.37738613441583e-16], [4.092779049332912, 2.6363409712350063, 2.1649348980190553e-15], [3.608306128549317, 4.1804278032219555, -2.3994185961089824], [5.043580954634201, 6.696701728359495, -2.4905100148559782], [4.387733763647066, 8.559331838874357, -0.5778759881562519], [-0.7377993278249737, 1.064628896944967, 1.5939440716437576], [-0.7678718840145309, 0.8246974183325227, -1.7126741883568128], [-0.7274078914147687, -1.913098179113077, 0.1403026544905556], [3.549599912967539, -1.0151263761929155, 1.660326154171152], [3.5735267638678017, -1.0567573424997032, -1.6260919216370606], [3.417473880904852, 3.670936832617514, 1.6441031578770895], [6.124622846940427, 2.425336461267958, 0.24556252945306972], [4.158411890941497, 3.0626466692823024, -4.037937362512143], [1.5977512721185765, 4.558892778513184, -2.6059029419103736], [7.059935939869913, 6.341210537716476, -2.3433528314379166], [4.744357500752299, 7.5666270501432455, -4.3240211617250575], [4.784465028274859, 7.92981291085134, 1.1613472552296975], [2.5345893640792707, 8.948792730172148, -0.6224483035068056]], "name": "C5H13N", "identifiers": {"molecule_hash": "0243eb1fdbd32da3fb312fecb53ed5ba961ab789", "molecular_formula": "C5H13N"}, "molecular_charge": 0.0, "molecular_multiplicity": 1, "connectivity": [[0, 1, 1.0], [0, 6, 1.0], [0, 7, 1.0], [0, 8, 1.0], [1, 2, 1.0], [1, 9, 1.0], [1, 10, 1.0], [2, 3, 1.0], [2, 11, 1.0], [2, 12, 1.0], [3, 4, 1.0], [3, 13, 1.0], [3, 14, 1.0], [4, 5, 1.0], [4, 15, 1.0], [4, 16, 1.0], [5, 17, 1.0], [5, 18, 1.0]], "fix_com": true, "fix_orientation": true, "provenance": {"creator": "QCElemental", "version": "v0.22.0", "routine": "qcelemental.molparse.from_schema"}, "id": "45518"}, "charge": 0, "optimize_geometry": false, "conformers": [], "conformer_generation_options": {"n_conformer_pool": 4000, "n_max_conformers": 0, "rms_tolerance": 0.05, "energy_window": 15, "keep_original_conformer": true}, "stage_1_unrestrained_charges": null, "stage_1_restrained_charges": null, "stage_2_unrestrained_charges": null, "stage_2_restrained_charges": null, "keep_original_orientation": false, "reorientations": [], "translations": [], "rotations": []}}, {"index": 2, "molecule": {"qcmol": {"schema_name": "qcschema_molecule", "schema_version": 2, "validated": true, "symbols": ["C", "C", "C", "C", "C", "N", "H", "H", "H", "H", "H", "H", "H", "H", "H", "H", "H", "H", "H"], "geometry": [[0.0, 0.0, 0.0], [2.8907474076886546, 1.825747074670244e-16, 4.37738613441583e-16], [4.092779049332912, 2.6363409712350063, 2.1649348980190553e-15], [3.608306128549317, 4.1804278032219555, -2.3994185961089824], [5.043580954634201, 6.696701728359495, -2.4905100148559782], [4.387733763647066, 8.559331838874357, -0.5778759881562519], [-0.7377993278249737, 1.064628896944967, 1.5939440716437576], [-0.7678718840145309, 0.8246974183325227, -1.7126741883568128], [-0.7274078914147687, -1.913098179113077, 0.1403026544905556], [3.549599912967539, -1.0151263761929155, 1.660326154171152], [3.5735267638678017, -1.0567573424997032, -1.6260919216370606], [3.417473880904852, 3.670936832617514, 1.6441031578770895], [6.124622846940427, 2.425336461267958, 0.24556252945306972], [4.158411890941497, 3.0626466692823024, -4.037937362512143], [1.5977512721185765, 4.558892778513184, -2.6059029419103736], [7.059935939869913, 6.341210537716476, -2.3433528314379166], [4.744357500752299, 7.5666270501432455, -4.3240211617250575], [4.784465028274859, 7.92981291085134, 1.1613472552296975], [2.5345893640792707, 8.948792730172148, -0.6224483035068056]], "name": "C5H13N", "identifiers": {"molecule_hash": "0243eb1fdbd32da3fb312fecb53ed5ba961ab789", "molecular_formula": "C5H13N"}, "molecular_charge": 0.0, "molecular_multiplicity": 1, "connectivity": [[0, 1, 1.0], [0, 6, 1.0], [0, 7, 1.0], [0, 8, 1.0], [1, 2, 1.0], [1, 9, 1.0], [1, 10, 1.0], [2, 3, 1.0], [2, 11, 1.0], [2, 12, 1.0], [3, 4, 1.0], [3, 13, 1.0], [3, 14, 1.0], [4, 5, 1.0], [4, 15, 1.0], [4, 16, 1.0], [5, 17, 1.0], [5, 18, 1.0]], "fix_com": true, "fix_orientation": true, "provenance": {"creator": "QCElemental", "version": "v0.22.0", "routine": "qcelemental.molparse.from_schema"}, "id": "45518"}, "charge": 0, "optimize_geometry": false, "conformers": [], "conformer_generation_options": {"n_conformer_pool": 4000, "n_max_conformers": 0, "rms_tolerance": 0.05, "energy_window": 15, "keep_original_conformer": true}, "stage_1_unrestrained_charges": null, "stage_1_restrained_charges": null, "stage_2_unrestrained_charges": null, "stage_2_restrained_charges": null, "keep_original_orientation": false, "reorientations": [], "translations": [], "rotations": []}}, {"index": 3, "molecule": {"qcmol": {"schema_name": "qcschema_molecule", "schema_version": 2, "validated": true, "symbols": ["C", "C", "C", "C", "C", "N", "H", "H", "H", "H", "H", "H", "H", "H", "H", "H", "H", "H", "H"], "geometry": [[0.0, 0.0, 0.0], [2.8907474076886546, 1.825747074670244e-16, 4.37738613441583e-16], [4.092779049332912, 2.6363409712350063, 2.1649348980190553e-15], [3.608306128549317, 4.1804278032219555, -2.3994185961089824], [5.043580954634201, 6.696701728359495, -2.4905100148559782], [4.387733763647066, 8.559331838874357, -0.5778759881562519], [-0.7377993278249737, 1.064628896944967, 1.5939440716437576], [-0.7678718840145309, 0.8246974183325227, -1.7126741883568128], [-0.7274078914147687, -1.913098179113077, 0.1403026544905556], [3.549599912967539, -1.0151263761929155, 1.660326154171152], [3.5735267638678017, -1.0567573424997032, -1.6260919216370606], [3.417473880904852, 3.670936832617514, 1.6441031578770895], [6.124622846940427, 2.425336461267958, 0.24556252945306972], [4.158411890941497, 3.0626466692823024, -4.037937362512143], [1.5977512721185765, 4.558892778513184, -2.6059029419103736], [7.059935939869913, 6.341210537716476, -2.3433528314379166], [4.744357500752299, 7.5666270501432455, -4.3240211617250575], [4.784465028274859, 7.92981291085134, 1.1613472552296975], [2.5345893640792707, 8.948792730172148, -0.6224483035068056]], "name": "C5H13N", "identifiers": {"molecule_hash": "0243eb1fdbd32da3fb312fecb53ed5ba961ab789", "molecular_formula": "C5H13N"}, "molecular_charge": 0.0, "molecular_multiplicity": 1, "connectivity": [[0, 1, 1.0], [0, 6, 1.0], [0, 7, 1.0], [0, 8, 1.0], [1, 2, 1.0], [1, 9, 1.0], [1, 10, 1.0], [2, 3, 1.0], [2, 11, 1.0], [2, 12, 1.0], [3, 4, 1.0], [3, 13, 1.0], [3, 14, 1.0], [4, 5, 1.0], [4, 15, 1.0], [4, 16, 1.0], [5, 17, 1.0], [5, 18, 1.0]], "fix_com": true, "fix_orientation": true, "provenance": {"creator": "QCElemental", "version": "v0.22.0", "routine": "qcelemental.molparse.from_schema"}, "id": "45518"}, "charge": 0, "optimize_geometry": false, "conformers": [], "conformer_generation_options": {"n_conformer_pool": 4000, "n_max_conformers": 0, "rms_tolerance": 0.05, "energy_window": 15, "keep_original_conformer": true}, "stage_1_unrestrained_charges": null, "stage_1_restrained_charges": null, "stage_2_unrestrained_charges": null, "stage_2_restrained_charges": null, "keep_original_orientation": false, "reorientations": [], "translations": [], "rotations": []}}, {"index": 4, "molecule": {"qcmol": {"schema_name": "qcschema_molecule", "schema_version": 2, "validated": true, "symbols": ["C", "C", "C", "C", "C", "N", "H", "H", "H", "H", "H", "H", "H", "H", "H", "H", "H", "H", "H"], "geometry": [[0.0, 0.0, 0.0], [2.8907474076886546, 1.825747074670244e-16, 4.37738613441583e-16], [4.092779049332912, 2.6363409712350063, 2.1649348980190553e-15], [3.608306128549317, 4.1804278032219555, -2.3994185961089824], [5.043580954634201, 6.696701728359495, -2.4905100148559782], [4.387733763647066, 8.559331838874357, -0.5778759881562519], [-0.7377993278249737, 1.064628896944967, 1.5939440716437576], [-0.7678718840145309, 0.8246974183325227, -1.7126741883568128], [-0.7274078914147687, -1.913098179113077, 0.1403026544905556], [3.549599912967539, -1.0151263761929155, 1.660326154171152], [3.5735267638678017, -1.0567573424997032, -1.6260919216370606], [3.417473880904852, 3.670936832617514, 1.6441031578770895], [6.124622846940427, 2.425336461267958, 0.24556252945306972], [4.158411890941497, 3.0626466692823024, -4.037937362512143], [1.5977512721185765, 4.558892778513184, -2.6059029419103736], [7.059935939869913, 6.341210537716476, -2.3433528314379166], [4.744357500752299, 7.5666270501432455, -4.3240211617250575], [4.784465028274859, 7.92981291085134, 1.1613472552296975], [2.5345893640792707, 8.948792730172148, -0.6224483035068056]], "name": "C5H13N", "identifiers": {"molecule_hash": "0243eb1fdbd32da3fb312fecb53ed5ba961ab789", "molecular_formula": "C5H13N"}, "molecular_charge": 0.0, "molecular_multiplicity": 1, "connectivity": [[0, 1, 1.0], [0, 6, 1.0], [0, 7, 1.0], [0, 8, 1.0], [1, 2, 1.0], [1, 9, 1.0], [1, 10, 1.0], [2, 3, 1.0], [2, 11, 1.0], [2, 12, 1.0], [3, 4, 1.0], [3, 13, 1.0], [3, 14, 1.0], [4, 5, 1.0], [4, 15, 1.0], [4, 16, 1.0], [5, 17, 1.0], [5, 18, 1.0]], "fix_com": true, "fix_orientation": true, "provenance": {"creator": "QCElemental", "version": "v0.22.0", "routine": "qcelemental.molparse.from_schema"}, "id": "45518"}, "charge": 0, "optimize_geometry": false, "conformers": [], "conformer_generation_options": {"n_conformer_pool": 4000, "n_max_conformers": 0, "rms_tolerance": 0.05, "energy_window": 15, "keep_original_conformer": true}, "stage_1_unrestrained_charges": null, "stage_1_restrained_charges": null, "stage_2_unrestrained_charges": null, "stage_2_restrained_charges": null, "keep_original_orientation": false, "reorientations": [], "translations": [], "rotations": []}}]}, "surface_constraints": {"matrix": [[4533.128030156768, 4393.082146523861, 4233.247826083839, 4069.9258434561143, 3829.540963185269, 3678.349610393344, 4567.987955220451, 4558.916671040365, 4553.858542908885, 4373.767858131343, 4378.664370952767, 4265.14009842489, 4171.89365166054, 4096.180794911705, 4078.5823556390797, 3786.812613768725, 3777.2103288066596, 3709.7427775955334, 3660.576233108859], [4393.082146523861, 4495.574990934886, 4387.862431326552, 4226.170886031108, 3995.100348839957, 3821.2095364957095, 4363.47744239331, 4355.408063421027, 4350.926263034197, 4549.5516723610235, 4554.237059641015, 4389.522694360038, 4390.307525517498, 4247.039065593474, 4230.201202084625, 3953.4647433314162, 3966.2126964626623, 3822.9443617526404, 3801.0847240196413], [4233.247826083839, 4387.862431326552, 4503.24337983665, 4389.072435506132, 4227.324507909759, 4077.32214279376, 4218.733101987711, 4173.579834783973, 4166.601604450771, 4376.4017603645125, 4380.025665546943, 4575.028041801559, 4572.343069087192, 4386.704060338676, 4388.535720118139, 4207.5495153083475, 4201.173280726266, 4092.3851540355804, 4040.00361724942], [4069.9258434561143, 4226.170886031108, 4389.072435506132, 4500.503842903842, 4385.874347148718, 4253.412171126029, 4046.0559802645025, 4014.373441594007, 4010.6122822954253, 4190.5907638595945, 4213.773723498315, 4391.491130519896, 4387.897646629183, 4568.874054361316, 4569.956768296333, 4372.263839864277, 4367.847946015473, 4261.345348506635, 4216.6193313603], [3829.540963185269, 3995.100348839957, 4227.324507909759, 4385.874347148718, 4497.656566511712, 4423.16494331339, 3819.166216573852, 3756.3138581114235, 3768.73542869216, 3940.960389689538, 3965.829671693283, 4233.369890997662, 4251.167664371543, 4385.835057229525, 4387.145195622023, 4549.424862186046, 4545.295953529813, 4402.185944999032, 4389.514491473283], [3678.349610393344, 3821.2095364957095, 4077.32214279376, 4253.412171126029, 4423.16494331339, 4591.72022594275, 3672.0694619241212, 3619.060592616049, 3617.3102545222105, 3746.8610985661007, 3778.942166174128, 4110.279374280613, 4085.1263468568413, 4242.82848484584, 4240.12502909913, 4396.6969185213875, 4402.1625684813, 4625.009257669771, 4611.80907380167], [4567.987955220451, 4363.47744239331, 4218.733101987711, 4046.0559802645025, 3819.166216573852, 3672.0694619241212, 4793.314392567162, 4525.277798906185, 4523.522397673296, 4294.310267821638, 4335.585434264928, 4272.022794861316, 4153.96769689369, 4066.8989199699095, 4042.114576073032, 3794.035519205057, 3752.431904369653, 3719.0906991621455, 3658.580367491458], [4558.916671040365, 4355.408063421027, 4173.579834783973, 4014.373441594007, 3756.3138581114235, 3619.060592616049, 4525.277798906185, 4775.163019222763, 4512.648520356409, 4321.303358944133, 4325.029588771574, 4208.816454892994, 4090.352917509549, 4052.4195303156926, 4030.1182424867125, 3689.4084800402256, 3705.203588518946, 3639.528041430662, 3613.224504569156], [4553.858542908885, 4350.926263034197, 4166.601604450771, 4010.6122822954253, 3768.73542869216, 3617.3102545222105, 4523.522397673296, 4512.648520356409, 4760.600195635657, 4336.065255291968, 4305.0568596286585, 4194.436700679678, 4087.1240044066035, 4035.7272481625414, 4029.51522166704, 3731.6139799456914, 3712.3363637038888, 3665.432683587274, 3586.503975603667], [4373.767858131343, 4549.5516723610235, 4376.4017603645125, 4190.5907638595945, 3940.960389689538, 3746.8610985661007, 4294.310267821638, 4321.303358944133, 4336.065255291968, 4787.132628543757, 4539.840623979028, 4342.019559438411, 4382.067261817424, 4184.915496869489, 4220.380695971809, 3890.729860999653, 3928.4972300165905, 3725.576603635596, 3718.2845408926455], [4378.664370952767, 4554.237059641015, 4380.025665546943, 4213.773723498315, 3965.829671693283, 3778.942166174128, 4335.585434264928, 4325.029588771574, 4305.0568596286585, 4539.840623979028, 4796.956978708094, 4332.848285635133, 4379.538721050887, 4272.192934715848, 4191.338929716636, 3919.377035992977, 3941.173221651697, 3767.1684549251454, 3778.0218485440632], [4265.14009842489, 4389.522694360038, 4575.028041801559, 4391.491130519896, 4233.369890997662, 4110.279374280613, 4272.022794861316, 4208.816454892994, 4194.436700679678, 4342.019559438411, 4332.848285635133, 4829.975955789468, 4577.79133198195, 4327.6134790068145, 4391.705447022997, 4237.423441205144, 4163.749450495591, 4154.391451338516, 4057.91212894819], [4171.89365166054, 4390.307525517498, 4572.343069087192, 4387.897646629183, 4251.167664371543, 4085.1263468568413, 4153.96769689369, 4090.352917509549, 4087.1240044066035, 4382.067261817424, 4379.538721050887, 4577.79133198195, 4822.083460029163, 4367.741893282998, 4325.002240121832, 4221.799390554636, 4266.217870413708, 4088.818555109549, 4048.1956677139697], [4096.180794911705, 4247.039065593474, 4386.704060338676, 4568.874054361316, 4385.835057229525, 4242.82848484584, 4066.8989199699095, 4052.4195303156926, 4035.7272481625414, 4184.915496869489, 4272.192934715848, 4327.6134790068145, 4367.741893282998, 4819.876984244561, 4571.701573652079, 4338.387001065268, 4352.86331719304, 4242.918895576693, 4228.318745202244], [4078.5823556390797, 4230.201202084625, 4388.535720118139, 4569.956768296333, 4387.145195622023, 4240.12502909913, 4042.114576073032, 4030.1182424867125, 4029.51522166704, 4220.380695971809, 4191.338929716636, 4391.705447022997, 4325.002240121832, 4571.701573652079, 4820.181386508968, 4359.55052159942, 4338.332373132083, 4268.342852978669, 4178.84708197233], [3786.812613768725, 3953.4647433314162, 4207.5495153083475, 4372.263839864277, 4549.424862186046, 4396.6969185213875, 3794.035519205057, 3689.4084800402256, 3731.6139799456914, 3890.729860999653, 3919.377035992977, 4237.423441205144, 4221.799390554636, 4338.387001065268, 4359.55052159942, 4786.177514220413, 4531.283106542994, 4393.8869017579145, 4315.727636918377], [3777.2103288066596, 3966.2126964626623, 4201.173280726266, 4367.847946015473, 4545.295953529813, 4402.1625684813, 3752.431904369653, 3705.203588518946, 3712.3363637038888, 3928.4972300165905, 3941.173221651697, 4163.749450495591, 4266.217870413708, 4352.86331719304, 4338.332373132083, 4531.283106542994, 4775.657480735517, 4289.447174389364, 4370.544966177784], [3709.7427775955334, 3822.9443617526404, 4092.3851540355804, 4261.345348506635, 4402.185944999032, 4625.009257669771, 3719.0906991621455, 3639.528041430662, 3665.432683587274, 3725.576603635596, 3767.1684549251454, 4154.391451338516, 4088.818555109549, 4242.918895576693, 4268.342852978669, 4393.8869017579145, 4289.447174389364, 4834.902288028961, 4591.23973615103], [3660.576233108859, 3801.0847240196413, 4040.00361724942, 4216.6193313603, 4389.514491473283, 4611.80907380167, 3658.580367491458, 3613.224504569156, 3586.503975603667, 3718.2845408926455, 3778.0218485440632, 4057.91212894819, 4048.1956677139697, 4228.318745202244, 4178.84708197233, 4315.727636918377, 4370.544966177784, 4591.23973615103, 4806.281232368959], [47.2506632395117, 46.15602756706184, 41.827406471908276, 35.78639732582143, 14.946882174949575, -5.688303918371819, 50.84936952057451, 44.91817905375918, 47.45080784902456, 42.62091319609309, 49.89631885848988, 41.0771686296103, 42.80080261785717, 42.54744492760957, 37.47927361656188, 20.22210497604851, 4.874027151621815, 21.494051711902433, 21.206515755597675]]}}