{"resp_b": 0.1, "restrained_fit": true, "exclude_hydrogens": true, "convergence_tolerance": 1e-06, "max_iter": 500, "resp_a": 0.0005, "charge_constraints": {"charge_sum_constraints": [], "charge_equivalence_constraints": [], "molecules": [{"qcmol": {"schema_name": "qcschema_molecule", "schema_version": 2, "validated": true, "symbols": ["C", "C", "C", "C", "C", "N", "H", "H", "H", "H", "H", "H", "H", "H", "H", "H", "H", "H", "H"], "geometry": [[0.0, 0.0, 0.0], [2.8907474076886546, 1.825747074670244e-16, 4.37738613441583e-16], [4.092779049332912, 2.6363409712350063, 2.1649348980190553e-15], [3.608306128549317, 4.1804278032219555, -2.3994185961089824], [5.043580954634201, 6.696701728359495, -2.4905100148559782], [4.387733763647066, 8.559331838874357, -0.5778759881562519], [-0.7377993278249737, 1.064628896944967, 1.5939440716437576], [-0.7678718840145309, 0.8246974183325227, -1.7126741883568128], [-0.7274078914147687, -1.913098179113077, 0.1403026544905556], [3.549599912967539, -1.0151263761929155, 1.660326154171152], [3.5735267638678017, -1.0567573424997032, -1.6260919216370606], [3.417473880904852, 3.670936832617514, 1.6441031578770895], [6.124622846940427, 2.425336461267958, 0.24556252945306972], [4.158411890941497, 3.0626466692823024, -4.037937362512143], [1.5977512721185765, 4.558892778513184, -2.6059029419103736], [7.059935939869913, 6.341210537716476, -2.3433528314379166], [4.744357500752299, 7.5666270501432455, -4.3240211617250575], [4.784465028274859, 7.92981291085134, 1.1613472552296975], [2.5345893640792707, 8.948792730172148, -0.6224483035068056]], "name": "C5H13N", "identifiers": {"molecule_hash": "0243eb1fdbd32da3fb312fecb53ed5ba961ab789", "molecular_formula": "C5H13N"}, "molecular_charge": 0.0, "molecular_multiplicity": 1, "connectivity": [[0, 1, 1.0], [0, 6, 1.0], [0, 7, 1.0], [0, 8, 1.0], [1, 2, 1.0], [1, 9, 1.0], [1, 10, 1.0], [2, 3, 1.0], [2, 11, 1.0], [2, 12, 1.0], [3, 4, 1.0], [3, 13, 1.0], [3, 14, 1.0], [4, 5, 1.0], [4, 15, 1.0], [4, 16, 1.0], [5, 17, 1.0], [5, 18, 1.0]], "fix_com": true, "fix_orientation": true, "provenance": {"creator": "QCElemental", "version": "v0.22.0", "routine": "qcelemental.molparse.from_schema"}, "id": "45518"}, "charge": 0, "optimize_geometry": false, "conformers": [], "conformer_generation_options": {"n_conformer_pool": 4000, "n_max_conformers": 0, "rms_tolerance": 0.05, "energy_window": 15, "keep_original_conformer": true}, "stage_1_unrestrained_charges": null, "stage_1_restrained_charges": null, "stage_2_unrestrained_charges": null, "stage_2_restrained_charges": null, "keep_original_orientation": false, "reorientations": [], "translations": [], "rotations": []}], "unconstrained_atoms": [{"index": 0, "molecule": {"qcmol": {"schema_name": "qcschema_molecule", "schema_version": 2, "validated": true, "symbols": ["C", "C", "C", "C", "C", "N", "H", "H", "H", "H", "H", "H", "H", "H", "H", "H", "H", "H", "H"], "geometry": [[0.0, 0.0, 0.0], [2.8907474076886546, 1.825747074670244e-16, 4.37738613441583e-16], [4.092779049332912, 2.6363409712350063, 2.1649348980190553e-15], [3.608306128549317, 4.1804278032219555, -2.3994185961089824], [5.043580954634201, 6.696701728359495, -2.4905100148559782], [4.387733763647066, 8.559331838874357, -0.5778759881562519], [-0.7377993278249737, 1.064628896944967, 1.5939440716437576], [-0.7678718840145309, 0.8246974183325227, -1.7126741883568128], [-0.7274078914147687, -1.913098179113077, 0.1403026544905556], [3.549599912967539, -1.0151263761929155, 1.660326154171152], [3.5735267638678017, -1.0567573424997032, -1.6260919216370606], [3.417473880904852, 3.670936832617514, 1.6441031578770895], [6.124622846940427, 2.425336461267958, 0.24556252945306972], [4.158411890941497, 3.0626466692823024, -4.037937362512143], [1.5977512721185765, 4.558892778513184, -2.6059029419103736], [7.059935939869913, 6.341210537716476, -2.3433528314379166], [4.744357500752299, 7.5666270501432455, -4.3240211617250575], [4.784465028274859, 7.92981291085134, 1.1613472552296975], [2.5345893640792707, 8.948792730172148, -0.6224483035068056]], "name": "C5H13N", "identifiers": {"molecule_hash": "0243eb1fdbd32da3fb312fecb53ed5ba961ab789", "molecular_formula": "C5H13N"}, "molecular_charge": 0.0, "molecular_multiplicity": 1, "connectivity": [[0, 1, 1.0], [0, 6, 1.0], [0, 7, 1.0], [0, 8, 1.0], [1, 2, 1.0], [1, 9, 1.0], [1, 10, 1.0], [2, 3, 1.0], [2, 11, 1.0], [2, 12, 1.0], [3, 4, 1.0], [3, 13, 1.0], [3, 14, 1.0], [4, 5, 1.0], [4, 15, 1.0], [4, 16, 1.0], [5, 17, 1.0], [5, 18, 1.0]], "fix_com": true, "fix_orientation": true, "provenance": {"creator": "QCElemental", "version": "v0.22.0", "routine": "qcelemental.molparse.from_schema"}, "id": "45518"}, "charge": 0, "optimize_geometry": false, "conformers": [], "conformer_generation_options": {"n_conformer_pool": 4000, "n_max_conformers": 0, "rms_tolerance": 0.05, "energy_window": 15, "keep_original_conformer": true}, "stage_1_unrestrained_charges": null, "stage_1_restrained_charges": null, "stage_2_unrestrained_charges": null, "stage_2_restrained_charges": null, "keep_original_orientation": false, "reorientations": [], "translations": [], "rotations": []}}, {"index": 1, "molecule": {"qcmol": {"schema_name": "qcschema_molecule", "schema_version": 2, "validated": true, "symbols": ["C", "C", "C", "C", "C", "N", "H", "H", "H", "H", "H", "H", "H", "H", "H", "H", "H", "H", "H"], "geometry": [[0.0, 0.0, 0.0], [2.8907474076886546, 1.825747074670244e-16, 4.37738613441583e-16], [4.092779049332912, 2.6363409712350063, 2.1649348980190553e-15], [3.608306128549317, 4.1804278032219555, -2.3994185961089824], [5.043580954634201, 6.696701728359495, -2.4905100148559782], [4.387733763647066, 8.559331838874357, -0.5778759881562519], [-0.7377993278249737, 1.064628896944967, 1.5939440716437576], [-0.7678718840145309, 0.8246974183325227, -1.7126741883568128], [-0.7274078914147687, -1.913098179113077, 0.1403026544905556], [3.549599912967539, -1.0151263761929155, 1.660326154171152], [3.5735267638678017, -1.0567573424997032, -1.6260919216370606], [3.417473880904852, 3.670936832617514, 1.6441031578770895], [6.124622846940427, 2.425336461267958, 0.24556252945306972], [4.158411890941497, 3.0626466692823024, -4.037937362512143], [1.5977512721185765, 4.558892778513184, -2.6059029419103736], [7.059935939869913, 6.341210537716476, -2.3433528314379166], [4.744357500752299, 7.5666270501432455, -4.3240211617250575], [4.784465028274859, 7.92981291085134, 1.1613472552296975], [2.5345893640792707, 8.948792730172148, -0.6224483035068056]], "name": "C5H13N", "identifiers": {"molecule_hash": "0243eb1fdbd32da3fb312fecb53ed5ba961ab789", "molecular_formula": "C5H13N"}, "molecular_charge": 0.0, "molecular_multiplicity": 1, "connectivity": [[0, 1, 1.0], [0, 6, 1.0], [0, 7, 1.0], [0, 8, 1.0], [1, 2, 1.0], [1, 9, 1.0], [1, 10, 1.0], [2, 3, 1.0], [2, 11, 1.0], [2, 12, 1.0], [3, 4, 1.0], [3, 13, 1.0], [3, 14, 1.0], [4, 5, 1.0], [4, 15, 1.0], [4, 16, 1.0], [5, 17, 1.0], [5, 18, 1.0]], "fix_com": true, "fix_orientation": true, "provenance": {"creator": "QCElemental", "version": "v0.22.0", "routine": "qcelemental.molparse.from_schema"}, "id": "45518"}, "charge": 0, "optimize_geometry": false, "conformers": [], "conformer_generation_options": {"n_conformer_pool": 4000, "n_max_conformers": 0, "rms_tolerance": 0.05, "energy_window": 15, "keep_original_conformer": true}, "stage_1_unrestrained_charges": null, "stage_1_restrained_charges": null, "stage_2_unrestrained_charges": null, "stage_2_restrained_charges": null, "keep_original_orientation": false, "reorientations": [], "translations": [], "rotations": []}}, {"index": 2, "molecule": {"qcmol": {"schema_name": "qcschema_molecule", "schema_version": 2, "validated": true, "symbols": ["C", "C", "C", "C", "C", "N", "H", "H", "H", "H", "H", "H", "H", "H", "H", "H", "H", "H", "H"], "geometry": [[0.0, 0.0, 0.0], [2.8907474076886546, 1.825747074670244e-16, 4.37738613441583e-16], [4.092779049332912, 2.6363409712350063, 2.1649348980190553e-15], [3.608306128549317, 4.1804278032219555, -2.3994185961089824], [5.043580954634201, 6.696701728359495, -2.4905100148559782], [4.387733763647066, 8.559331838874357, -0.5778759881562519], [-0.7377993278249737, 1.064628896944967, 1.5939440716437576], [-0.7678718840145309, 0.8246974183325227, -1.7126741883568128], [-0.7274078914147687, -1.913098179113077, 0.1403026544905556], [3.549599912967539, -1.0151263761929155, 1.660326154171152], [3.5735267638678017, -1.0567573424997032, -1.6260919216370606], [3.417473880904852, 3.670936832617514, 1.6441031578770895], [6.124622846940427, 2.425336461267958, 0.24556252945306972], [4.158411890941497, 3.0626466692823024, -4.037937362512143], [1.5977512721185765, 4.558892778513184, -2.6059029419103736], [7.059935939869913, 6.341210537716476, -2.3433528314379166], [4.744357500752299, 7.5666270501432455, -4.3240211617250575], [4.784465028274859, 7.92981291085134, 1.1613472552296975], [2.5345893640792707, 8.948792730172148, -0.6224483035068056]], "name": "C5H13N", "identifiers": {"molecule_hash": "0243eb1fdbd32da3fb312fecb53ed5ba961ab789", "molecular_formula": "C5H13N"}, "molecular_charge": 0.0, "molecular_multiplicity": 1, "connectivity": [[0, 1, 1.0], [0, 6, 1.0], [0, 7, 1.0], [0, 8, 1.0], [1, 2, 1.0], [1, 9, 1.0], [1, 10, 1.0], [2, 3, 1.0], [2, 11, 1.0], [2, 12, 1.0], [3, 4, 1.0], [3, 13, 1.0], [3, 14, 1.0], [4, 5, 1.0], [4, 15, 1.0], [4, 16, 1.0], [5, 17, 1.0], [5, 18, 1.0]], "fix_com": true, "fix_orientation": true, "provenance": {"creator": "QCElemental", "version": "v0.22.0", "routine": "qcelemental.molparse.from_schema"}, "id": "45518"}, "charge": 0, "optimize_geometry": false, "conformers": [], "conformer_generation_options": {"n_conformer_pool": 4000, "n_max_conformers": 0, "rms_tolerance": 0.05, "energy_window": 15, "keep_original_conformer": true}, "stage_1_unrestrained_charges": null, "stage_1_restrained_charges": null, "stage_2_unrestrained_charges": null, "stage_2_restrained_charges": null, "keep_original_orientation": false, "reorientations": [], "translations": [], "rotations": []}}, {"index": 3, "molecule": {"qcmol": {"schema_name": "qcschema_molecule", "schema_version": 2, "validated": true, "symbols": ["C", "C", "C", "C", "C", "N", "H", "H", "H", "H", "H", "H", "H", "H", "H", "H", "H", "H", "H"], "geometry": [[0.0, 0.0, 0.0], [2.8907474076886546, 1.825747074670244e-16, 4.37738613441583e-16], [4.092779049332912, 2.6363409712350063, 2.1649348980190553e-15], [3.608306128549317, 4.1804278032219555, -2.3994185961089824], [5.043580954634201, 6.696701728359495, -2.4905100148559782], [4.387733763647066, 8.559331838874357, -0.5778759881562519], [-0.7377993278249737, 1.064628896944967, 1.5939440716437576], [-0.7678718840145309, 0.8246974183325227, -1.7126741883568128], [-0.7274078914147687, -1.913098179113077, 0.1403026544905556], [3.549599912967539, -1.0151263761929155, 1.660326154171152], [3.5735267638678017, -1.0567573424997032, -1.6260919216370606], [3.417473880904852, 3.670936832617514, 1.6441031578770895], [6.124622846940427, 2.425336461267958, 0.24556252945306972], [4.158411890941497, 3.0626466692823024, -4.037937362512143], [1.5977512721185765, 4.558892778513184, -2.6059029419103736], [7.059935939869913, 6.341210537716476, -2.3433528314379166], [4.744357500752299, 7.5666270501432455, -4.3240211617250575], [4.784465028274859, 7.92981291085134, 1.1613472552296975], [2.5345893640792707, 8.948792730172148, -0.6224483035068056]], "name": "C5H13N", "identifiers": {"molecule_hash": "0243eb1fdbd32da3fb312fecb53ed5ba961ab789", "molecular_formula": "C5H13N"}, "molecular_charge": 0.0, "molecular_multiplicity": 1, "connectivity": [[0, 1, 1.0], [0, 6, 1.0], [0, 7, 1.0], [0, 8, 1.0], [1, 2, 1.0], [1, 9, 1.0], [1, 10, 1.0], [2, 3, 1.0], [2, 11, 1.0], [2, 12, 1.0], [3, 4, 1.0], [3, 13, 1.0], [3, 14, 1.0], [4, 5, 1.0], [4, 15, 1.0], [4, 16, 1.0], [5, 17, 1.0], [5, 18, 1.0]], "fix_com": true, "fix_orientation": true, "provenance": {"creator": "QCElemental", "version": "v0.22.0", "routine": "qcelemental.molparse.from_schema"}, "id": "45518"}, "charge": 0, "optimize_geometry": false, "conformers": [], "conformer_generation_options": {"n_conformer_pool": 4000, "n_max_conformers": 0, "rms_tolerance": 0.05, "energy_window": 15, "keep_original_conformer": true}, "stage_1_unrestrained_charges": null, "stage_1_restrained_charges": null, "stage_2_unrestrained_charges": null, "stage_2_restrained_charges": null, "keep_original_orientation": false, "reorientations": [], "translations": [], "rotations": []}}, {"index": 4, "molecule": {"qcmol": {"schema_name": "qcschema_molecule", "schema_version": 2, "validated": true, "symbols": ["C", "C", "C", "C", "C", "N", "H", "H", "H", "H", "H", "H", "H", "H", "H", "H", "H", "H", "H"], "geometry": [[0.0, 0.0, 0.0], [2.8907474076886546, 1.825747074670244e-16, 4.37738613441583e-16], [4.092779049332912, 2.6363409712350063, 2.1649348980190553e-15], [3.608306128549317, 4.1804278032219555, -2.3994185961089824], [5.043580954634201, 6.696701728359495, -2.4905100148559782], [4.387733763647066, 8.559331838874357, -0.5778759881562519], [-0.7377993278249737, 1.064628896944967, 1.5939440716437576], [-0.7678718840145309, 0.8246974183325227, -1.7126741883568128], [-0.7274078914147687, -1.913098179113077, 0.1403026544905556], [3.549599912967539, -1.0151263761929155, 1.660326154171152], [3.5735267638678017, -1.0567573424997032, -1.6260919216370606], [3.417473880904852, 3.670936832617514, 1.6441031578770895], [6.124622846940427, 2.425336461267958, 0.24556252945306972], [4.158411890941497, 3.0626466692823024, -4.037937362512143], [1.5977512721185765, 4.558892778513184, -2.6059029419103736], [7.059935939869913, 6.341210537716476, -2.3433528314379166], [4.744357500752299, 7.5666270501432455, -4.3240211617250575], [4.784465028274859, 7.92981291085134, 1.1613472552296975], [2.5345893640792707, 8.948792730172148, -0.6224483035068056]], "name": "C5H13N", "identifiers": {"molecule_hash": "0243eb1fdbd32da3fb312fecb53ed5ba961ab789", "molecular_formula": "C5H13N"}, "molecular_charge": 0.0, "molecular_multiplicity": 1, "connectivity": [[0, 1, 1.0], [0, 6, 1.0], [0, 7, 1.0], [0, 8, 1.0], [1, 2, 1.0], [1, 9, 1.0], [1, 10, 1.0], [2, 3, 1.0], [2, 11, 1.0], [2, 12, 1.0], [3, 4, 1.0], [3, 13, 1.0], [3, 14, 1.0], [4, 5, 1.0], [4, 15, 1.0], [4, 16, 1.0], [5, 17, 1.0], [5, 18, 1.0]], "fix_com": true, "fix_orientation": true, "provenance": {"creator": "QCElemental", "version": "v0.22.0", "routine": "qcelemental.molparse.from_schema"}, "id": "45518"}, "charge": 0, "optimize_geometry": false, "conformers": [], "conformer_generation_options": {"n_conformer_pool": 4000, "n_max_conformers": 0, "rms_tolerance": 0.05, "energy_window": 15, "keep_original_conformer": true}, "stage_1_unrestrained_charges": null, "stage_1_restrained_charges": null, "stage_2_unrestrained_charges": null, "stage_2_restrained_charges": null, "keep_original_orientation": false, "reorientations": [], "translations": [], "rotations": []}}]}, "surface_constraints": {"matrix": [[325916663591673.8, 315847840167796.75, 304356295655616.56, 292613994566951.9, 275331081274806.84, 264460904287185.56, 328422979259296.3, 327770772006069.2, 327407116650516.5, 314459204286476.9, 314811249667096.3, 306649226421800.1, 299945156379786.7, 294501641228960.5, 293236404381747.56, 272259030578933.7, 271568690959922.94, 266717997070454.8, 263183055337369.6], [315847840167796.75, 323216735399244.5, 315472569124319.7, 303847493609569.25, 287234266049532.8, 274732076795665.1, 313719364338420.9, 313139192794206.6, 312816973935654.7, 327097474161029.75, 327434340203575.44, 315591937031121.4, 315648361731272.7, 305347853584160.1, 304137279675222.44, 284240793456740.56, 285157342844396.25, 274856838863584.84, 273285173190885.75], [304356295655616.56, 315472569124319.7, 323768074280235.2, 315559568088215.0, 303930435991112.75, 293145736038568.8, 303312774520251.5, 300066337637631.06, 299564643917158.7, 314648582560417.75, 314909131212960.1, 328929150179551.25, 328736108282555.8, 315389289104023.2, 315520978505065.9, 302508690606576.75, 302050260595704.3, 294228750158473.6, 290462661603274.4], [292613994566951.9, 303847493609569.25, 315559568088215.0, 323571111290926.8, 315329632546032.94, 305806039440066.3, 290897877722362.4, 288619945560639.9, 288349516029247.5, 301289393892827.75, 302956188018469.25, 315733463815854.2, 315475102324098.5, 328486699456141.25, 328564543193893.25, 314351081162470.75, 314033591911460.5, 306376426707166.8, 303160783193608.4], [275331081274806.84, 287234266049532.8, 303930435991112.75, 315329632546032.94, 323366393265096.7, 318010690362944.25, 274585221274573.66, 270066274880380.88, 270959325332171.3, 283341784439147.44, 285129794445030.44, 304365089491488.0, 305644696775697.56, 315326805621007.25, 315421002704694.7, 327088358623671.1, 326791502378454.9, 316502368483917.7, 315591339854027.0], [264460904287185.56, 274732076795665.1, 293145736038568.8, 305806039440066.3, 318010690362944.25, 330129240695715.44, 264009447104657.2, 260198178981720.5, 260072339981476.16, 269386666514424.88, 271693202672885.22, 295515228077779.75, 293706856816914.4, 305045128940891.75, 304850737982039.7, 316107731242283.7, 316500687347346.9, 332522608444544.0, 331573565407379.0], [328422979259296.3, 313719364338420.9, 303312774520251.5, 290897877722362.4, 274585221274573.66, 264009447104657.2, 344623200086859.94, 325352255566100.44, 325226052082781.06, 308746449980132.06, 311714013306581.2, 307144132870042.56, 298656372365902.8, 292396416452707.0, 290614544860746.3, 272778375441755.75, 269787250484656.8, 267390153027627.72, 263039624560655.25], [327770772006069.2, 313139192794206.6, 300066337637631.06, 288619945560639.9, 270066274880380.88, 260198178981720.5, 325352255566100.44, 343318147268777.7, 324444245718395.56, 310687193026962.5, 310955085193380.8, 302599680054462.3, 294082632362228.75, 291355349356134.1, 289751979854249.1, 265255984767481.22, 266391631941318.97, 261669745473503.75, 259778574313721.72], [327407116650516.5, 312816973935654.7, 299564643917158.7, 288349516029247.5, 270959325332171.3, 260072339981476.16, 325226052082781.06, 324444245718395.56, 342271146754594.25, 311748519984579.2, 309519122343406.7, 301565876100533.4, 293850501911648.94, 290155186935220.94, 289708616442744.3, 268290381916252.7, 266904429470286.25, 263532202333424.78, 257857470351668.94], [314459204286476.9, 327097474161029.75, 314648582560417.75, 301289393892827.75, 283341784439147.44, 269386666514424.88, 308746449980132.06, 310687193026962.5, 311748519984579.2, 344178743687418.56, 326399281176638.8, 312176626889464.44, 315055908448276.0, 300881369899286.0, 303431199086070.6, 279730373500207.38, 282445732754488.25, 267856416037362.34, 267332102786386.12], [314811249667096.3, 327434340203575.44, 314909131212960.1, 302956188018469.25, 285129794445030.44, 271693202672885.22, 311714013306581.2, 310955085193380.8, 309519122343406.7, 326399281176638.8, 344885086697032.3, 311517243464921.1, 314874105088850.25, 307156349959942.1, 301343234127791.6, 281789981910630.5, 283357066150217.25, 270846749587877.12, 271627049227201.16], [306649226421800.1, 315591937031121.4, 328929150179551.25, 315733463815854.2, 304365089491488.0, 295515228077779.75, 307144132870042.56, 302599680054462.3, 301565876100533.4, 312176626889464.44, 311517243464921.1, 347259049003749.1, 329127819046811.25, 311140859053714.44, 315748876559176.06, 304656573496378.1, 299359621951730.1, 298686781475969.3, 291750184574040.0], [299945156379786.7, 315648361731272.7, 328736108282555.8, 315475102324098.5, 305644696775697.56, 293706856816914.4, 298656372365902.8, 294082632362228.75, 293850501911648.94, 315055908448276.0, 314874105088850.25, 329127819046811.25, 346691603646560.9, 314025978300074.5, 310953106677596.7, 303533217806077.94, 306726783785324.9, 293972352881932.25, 291051665801778.56], [294501641228960.5, 305347853584160.1, 315389289104023.2, 328486699456141.25, 315326805621007.25, 305045128940891.75, 292396416452707.0, 291355349356134.1, 290155186935220.94, 300881369899286.0, 307156349959942.1, 311140859053714.44, 314025978300074.5, 346532967658702.25, 328689989414942.8, 311915412927256.0, 312956258720967.44, 305051622727212.94, 304001988407187.2], [293236404381747.56, 304137279675222.44, 315520978505065.9, 328564543193893.25, 315421002704694.7, 304850737982039.7, 290614544860746.3, 289751979854249.1, 289708616442744.3, 303431199086070.6, 301343234127791.6, 315748876559176.06, 310953106677596.7, 328689989414942.8, 346554852811406.94, 313437061275389.0, 311911497134756.25, 306879548949165.94, 300445082506062.9], [272259030578933.7, 284240793456740.56, 302508690606576.75, 314351081162470.75, 327088358623671.1, 316107731242283.7, 272778375441755.75, 265255984767481.22, 268290381916252.7, 279730373500207.38, 281789981910630.5, 304656573496378.1, 303533217806077.94, 311915412927256.0, 313437061275389.0, 344110078566381.3, 325784023804740.8, 315905690667855.56, 310286288378223.3], [271568690959922.94, 285157342844396.25, 302050260595704.3, 314033591911460.5, 326791502378454.9, 316500687347346.9, 269787250484656.8, 266391631941318.97, 266904429470286.25, 282445732754488.25, 283357066150217.25, 299359621951730.1, 306726783785324.9, 312956258720967.44, 311911497134756.25, 325784023804740.8, 343353721264104.9, 308396817115326.8, 314227499702764.56], [266717997070454.8, 274856838863584.84, 294228750158473.6, 306376426707166.8, 316502368483917.7, 332522608444544.0, 267390153027627.72, 261669745473503.75, 263532202333424.78, 267856416037362.34, 270846749587877.12, 298686781475969.3, 293972352881932.25, 305051622727212.94, 306879548949165.94, 315905690667855.56, 308396817115326.8, 347613210956625.56, 330094697182825.94], [263183055337369.6, 273285173190885.75, 290462661603274.4, 303160783193608.4, 315591339854027.0, 331573565407379.0, 263039624560655.25, 259778574313721.72, 257857470351668.94, 267332102786386.12, 271627049227201.16, 291750184574040.0, 291051665801778.56, 304001988407187.2, 300445082506062.9, 310286288378223.3, 314227499702764.56, 330094697182825.94, 345555468022525.0], [4249520998870.085, 4096794723995.251, 3626938620800.0405, 3077910964237.199, 1172099969265.1892, -714868424802.881, 4629460831230.902, 3982597830301.2236, 4293538624428.8643, 3739606415398.5435, 4486291518602.22, 3528978636737.1187, 3672076542686.534, 3692918817169.315, 3261800331429.5234, 1714953453484.6016, 215611893398.33475, 1587684090744.2583, 1543013486644.228]]}}