{"resp_b": 0.1, "restrained_fit": true, "exclude_hydrogens": true, "convergence_tolerance": 1e-06, "max_iter": 500, "resp_a": 0.0005, "charge_constraints": {"charge_sum_constraints": [], "charge_equivalence_constraints": [], "molecules": [{"qcmol": {"schema_name": "qcschema_molecule", "schema_version": 2, "validated": true, "symbols": ["C", "C", "C", "C", "C", "N", "H", "H", "H", "H", "H", "H", "H", "H", "H", "H", "H", "H", "H"], "geometry": [[0.0, 0.0, 0.0], [2.8907474076886546, 1.825747074670244e-16, 4.37738613441583e-16], [4.092779049332912, 2.6363409712350063, 2.1649348980190553e-15], [3.608306128549317, 4.1804278032219555, -2.3994185961089824], [5.043580954634201, 6.696701728359495, -2.4905100148559782], [4.387733763647066, 8.559331838874357, -0.5778759881562519], [-0.7377993278249737, 1.064628896944967, 1.5939440716437576], [-0.7678718840145309, 0.8246974183325227, -1.7126741883568128], [-0.7274078914147687, -1.913098179113077, 0.1403026544905556], [3.549599912967539, -1.0151263761929155, 1.660326154171152], [3.5735267638678017, -1.0567573424997032, -1.6260919216370606], [3.417473880904852, 3.670936832617514, 1.6441031578770895], [6.124622846940427, 2.425336461267958, 0.24556252945306972], [4.158411890941497, 3.0626466692823024, -4.037937362512143], [1.5977512721185765, 4.558892778513184, -2.6059029419103736], [7.059935939869913, 6.341210537716476, -2.3433528314379166], [4.744357500752299, 7.5666270501432455, -4.3240211617250575], [4.784465028274859, 7.92981291085134, 1.1613472552296975], [2.5345893640792707, 8.948792730172148, -0.6224483035068056]], "name": "C5H13N", "identifiers": {"molecule_hash": "0243eb1fdbd32da3fb312fecb53ed5ba961ab789", "molecular_formula": "C5H13N"}, "molecular_charge": 0.0, "molecular_multiplicity": 1, "connectivity": [[0, 1, 1.0], [0, 6, 1.0], [0, 7, 1.0], [0, 8, 1.0], [1, 2, 1.0], [1, 9, 1.0], [1, 10, 1.0], [2, 3, 1.0], [2, 11, 1.0], [2, 12, 1.0], [3, 4, 1.0], [3, 13, 1.0], [3, 14, 1.0], [4, 5, 1.0], [4, 15, 1.0], [4, 16, 1.0], [5, 17, 1.0], [5, 18, 1.0]], "fix_com": true, "fix_orientation": true, "provenance": {"creator": "QCElemental", "version": "v0.22.0", "routine": "qcelemental.molparse.from_schema"}, "id": "45518"}, "charge": 0, "optimize_geometry": false, "conformers": [], "conformer_generation_options": {"n_conformer_pool": 4000, "n_max_conformers": 0, "rms_tolerance": 0.05, "energy_window": 15, "keep_original_conformer": true}, "stage_1_unrestrained_charges": null, "stage_1_restrained_charges": null, "stage_2_unrestrained_charges": null, "stage_2_restrained_charges": null, "keep_original_orientation": false, "reorientations": [], "translations": [], "rotations": []}], "unconstrained_atoms": [{"index": 0, "molecule": {"qcmol": {"schema_name": "qcschema_molecule", "schema_version": 2, "validated": true, "symbols": ["C", "C", "C", "C", "C", "N", "H", "H", "H", "H", "H", "H", "H", "H", "H", "H", "H", "H", "H"], "geometry": [[0.0, 0.0, 0.0], [2.8907474076886546, 1.825747074670244e-16, 4.37738613441583e-16], [4.092779049332912, 2.6363409712350063, 2.1649348980190553e-15], [3.608306128549317, 4.1804278032219555, -2.3994185961089824], [5.043580954634201, 6.696701728359495, -2.4905100148559782], [4.387733763647066, 8.559331838874357, -0.5778759881562519], [-0.7377993278249737, 1.064628896944967, 1.5939440716437576], [-0.7678718840145309, 0.8246974183325227, -1.7126741883568128], [-0.7274078914147687, -1.913098179113077, 0.1403026544905556], [3.549599912967539, -1.0151263761929155, 1.660326154171152], [3.5735267638678017, -1.0567573424997032, -1.6260919216370606], [3.417473880904852, 3.670936832617514, 1.6441031578770895], [6.124622846940427, 2.425336461267958, 0.24556252945306972], [4.158411890941497, 3.0626466692823024, -4.037937362512143], [1.5977512721185765, 4.558892778513184, -2.6059029419103736], [7.059935939869913, 6.341210537716476, -2.3433528314379166], [4.744357500752299, 7.5666270501432455, -4.3240211617250575], [4.784465028274859, 7.92981291085134, 1.1613472552296975], [2.5345893640792707, 8.948792730172148, -0.6224483035068056]], "name": "C5H13N", "identifiers": {"molecule_hash": "0243eb1fdbd32da3fb312fecb53ed5ba961ab789", "molecular_formula": "C5H13N"}, "molecular_charge": 0.0, "molecular_multiplicity": 1, "connectivity": [[0, 1, 1.0], [0, 6, 1.0], [0, 7, 1.0], [0, 8, 1.0], [1, 2, 1.0], [1, 9, 1.0], [1, 10, 1.0], [2, 3, 1.0], [2, 11, 1.0], [2, 12, 1.0], [3, 4, 1.0], [3, 13, 1.0], [3, 14, 1.0], [4, 5, 1.0], [4, 15, 1.0], [4, 16, 1.0], [5, 17, 1.0], [5, 18, 1.0]], "fix_com": true, "fix_orientation": true, "provenance": {"creator": "QCElemental", "version": "v0.22.0", "routine": "qcelemental.molparse.from_schema"}, "id": "45518"}, "charge": 0, "optimize_geometry": false, "conformers": [], "conformer_generation_options": {"n_conformer_pool": 4000, "n_max_conformers": 0, "rms_tolerance": 0.05, "energy_window": 15, "keep_original_conformer": true}, "stage_1_unrestrained_charges": null, "stage_1_restrained_charges": null, "stage_2_unrestrained_charges": null, "stage_2_restrained_charges": null, "keep_original_orientation": false, "reorientations": [], "translations": [], "rotations": []}}, {"index": 1, "molecule": {"qcmol": {"schema_name": "qcschema_molecule", "schema_version": 2, "validated": true, "symbols": ["C", "C", "C", "C", "C", "N", "H", "H", "H", "H", "H", "H", "H", "H", "H", "H", "H", "H", "H"], "geometry": [[0.0, 0.0, 0.0], [2.8907474076886546, 1.825747074670244e-16, 4.37738613441583e-16], [4.092779049332912, 2.6363409712350063, 2.1649348980190553e-15], [3.608306128549317, 4.1804278032219555, -2.3994185961089824], [5.043580954634201, 6.696701728359495, -2.4905100148559782], [4.387733763647066, 8.559331838874357, -0.5778759881562519], [-0.7377993278249737, 1.064628896944967, 1.5939440716437576], [-0.7678718840145309, 0.8246974183325227, -1.7126741883568128], [-0.7274078914147687, -1.913098179113077, 0.1403026544905556], [3.549599912967539, -1.0151263761929155, 1.660326154171152], [3.5735267638678017, -1.0567573424997032, -1.6260919216370606], [3.417473880904852, 3.670936832617514, 1.6441031578770895], [6.124622846940427, 2.425336461267958, 0.24556252945306972], [4.158411890941497, 3.0626466692823024, -4.037937362512143], [1.5977512721185765, 4.558892778513184, -2.6059029419103736], [7.059935939869913, 6.341210537716476, -2.3433528314379166], [4.744357500752299, 7.5666270501432455, -4.3240211617250575], [4.784465028274859, 7.92981291085134, 1.1613472552296975], [2.5345893640792707, 8.948792730172148, -0.6224483035068056]], "name": "C5H13N", "identifiers": {"molecule_hash": "0243eb1fdbd32da3fb312fecb53ed5ba961ab789", "molecular_formula": "C5H13N"}, "molecular_charge": 0.0, "molecular_multiplicity": 1, "connectivity": [[0, 1, 1.0], [0, 6, 1.0], [0, 7, 1.0], [0, 8, 1.0], [1, 2, 1.0], [1, 9, 1.0], [1, 10, 1.0], [2, 3, 1.0], [2, 11, 1.0], [2, 12, 1.0], [3, 4, 1.0], [3, 13, 1.0], [3, 14, 1.0], [4, 5, 1.0], [4, 15, 1.0], [4, 16, 1.0], [5, 17, 1.0], [5, 18, 1.0]], "fix_com": true, "fix_orientation": true, "provenance": {"creator": "QCElemental", "version": "v0.22.0", "routine": "qcelemental.molparse.from_schema"}, "id": "45518"}, "charge": 0, "optimize_geometry": false, "conformers": [], "conformer_generation_options": {"n_conformer_pool": 4000, "n_max_conformers": 0, "rms_tolerance": 0.05, "energy_window": 15, "keep_original_conformer": true}, "stage_1_unrestrained_charges": null, "stage_1_restrained_charges": null, "stage_2_unrestrained_charges": null, "stage_2_restrained_charges": null, "keep_original_orientation": false, "reorientations": [], "translations": [], "rotations": []}}, {"index": 2, "molecule": {"qcmol": {"schema_name": "qcschema_molecule", "schema_version": 2, "validated": true, "symbols": ["C", "C", "C", "C", "C", "N", "H", "H", "H", "H", "H", "H", "H", "H", "H", "H", "H", "H", "H"], "geometry": [[0.0, 0.0, 0.0], [2.8907474076886546, 1.825747074670244e-16, 4.37738613441583e-16], [4.092779049332912, 2.6363409712350063, 2.1649348980190553e-15], [3.608306128549317, 4.1804278032219555, -2.3994185961089824], [5.043580954634201, 6.696701728359495, -2.4905100148559782], [4.387733763647066, 8.559331838874357, -0.5778759881562519], [-0.7377993278249737, 1.064628896944967, 1.5939440716437576], [-0.7678718840145309, 0.8246974183325227, -1.7126741883568128], [-0.7274078914147687, -1.913098179113077, 0.1403026544905556], [3.549599912967539, -1.0151263761929155, 1.660326154171152], [3.5735267638678017, -1.0567573424997032, -1.6260919216370606], [3.417473880904852, 3.670936832617514, 1.6441031578770895], [6.124622846940427, 2.425336461267958, 0.24556252945306972], [4.158411890941497, 3.0626466692823024, -4.037937362512143], [1.5977512721185765, 4.558892778513184, -2.6059029419103736], [7.059935939869913, 6.341210537716476, -2.3433528314379166], [4.744357500752299, 7.5666270501432455, -4.3240211617250575], [4.784465028274859, 7.92981291085134, 1.1613472552296975], [2.5345893640792707, 8.948792730172148, -0.6224483035068056]], "name": "C5H13N", "identifiers": {"molecule_hash": "0243eb1fdbd32da3fb312fecb53ed5ba961ab789", "molecular_formula": "C5H13N"}, "molecular_charge": 0.0, "molecular_multiplicity": 1, "connectivity": [[0, 1, 1.0], [0, 6, 1.0], [0, 7, 1.0], [0, 8, 1.0], [1, 2, 1.0], [1, 9, 1.0], [1, 10, 1.0], [2, 3, 1.0], [2, 11, 1.0], [2, 12, 1.0], [3, 4, 1.0], [3, 13, 1.0], [3, 14, 1.0], [4, 5, 1.0], [4, 15, 1.0], [4, 16, 1.0], [5, 17, 1.0], [5, 18, 1.0]], "fix_com": true, "fix_orientation": true, "provenance": {"creator": "QCElemental", "version": "v0.22.0", "routine": "qcelemental.molparse.from_schema"}, "id": "45518"}, "charge": 0, "optimize_geometry": false, "conformers": [], "conformer_generation_options": {"n_conformer_pool": 4000, "n_max_conformers": 0, "rms_tolerance": 0.05, "energy_window": 15, "keep_original_conformer": true}, "stage_1_unrestrained_charges": null, "stage_1_restrained_charges": null, "stage_2_unrestrained_charges": null, "stage_2_restrained_charges": null, "keep_original_orientation": false, "reorientations": [], "translations": [], "rotations": []}}, {"index": 3, "molecule": {"qcmol": {"schema_name": "qcschema_molecule", "schema_version": 2, "validated": true, "symbols": ["C", "C", "C", "C", "C", "N", "H", "H", "H", "H", "H", "H", "H", "H", "H", "H", "H", "H", "H"], "geometry": [[0.0, 0.0, 0.0], [2.8907474076886546, 1.825747074670244e-16, 4.37738613441583e-16], [4.092779049332912, 2.6363409712350063, 2.1649348980190553e-15], [3.608306128549317, 4.1804278032219555, -2.3994185961089824], [5.043580954634201, 6.696701728359495, -2.4905100148559782], [4.387733763647066, 8.559331838874357, -0.5778759881562519], [-0.7377993278249737, 1.064628896944967, 1.5939440716437576], [-0.7678718840145309, 0.8246974183325227, -1.7126741883568128], [-0.7274078914147687, -1.913098179113077, 0.1403026544905556], [3.549599912967539, -1.0151263761929155, 1.660326154171152], [3.5735267638678017, -1.0567573424997032, -1.6260919216370606], [3.417473880904852, 3.670936832617514, 1.6441031578770895], [6.124622846940427, 2.425336461267958, 0.24556252945306972], [4.158411890941497, 3.0626466692823024, -4.037937362512143], [1.5977512721185765, 4.558892778513184, -2.6059029419103736], [7.059935939869913, 6.341210537716476, -2.3433528314379166], [4.744357500752299, 7.5666270501432455, -4.3240211617250575], [4.784465028274859, 7.92981291085134, 1.1613472552296975], [2.5345893640792707, 8.948792730172148, -0.6224483035068056]], "name": "C5H13N", "identifiers": {"molecule_hash": "0243eb1fdbd32da3fb312fecb53ed5ba961ab789", "molecular_formula": "C5H13N"}, "molecular_charge": 0.0, "molecular_multiplicity": 1, "connectivity": [[0, 1, 1.0], [0, 6, 1.0], [0, 7, 1.0], [0, 8, 1.0], [1, 2, 1.0], [1, 9, 1.0], [1, 10, 1.0], [2, 3, 1.0], [2, 11, 1.0], [2, 12, 1.0], [3, 4, 1.0], [3, 13, 1.0], [3, 14, 1.0], [4, 5, 1.0], [4, 15, 1.0], [4, 16, 1.0], [5, 17, 1.0], [5, 18, 1.0]], "fix_com": true, "fix_orientation": true, "provenance": {"creator": "QCElemental", "version": "v0.22.0", "routine": "qcelemental.molparse.from_schema"}, "id": "45518"}, "charge": 0, "optimize_geometry": false, "conformers": [], "conformer_generation_options": {"n_conformer_pool": 4000, "n_max_conformers": 0, "rms_tolerance": 0.05, "energy_window": 15, "keep_original_conformer": true}, "stage_1_unrestrained_charges": null, "stage_1_restrained_charges": null, "stage_2_unrestrained_charges": null, "stage_2_restrained_charges": null, "keep_original_orientation": false, "reorientations": [], "translations": [], "rotations": []}}, {"index": 4, "molecule": {"qcmol": {"schema_name": "qcschema_molecule", "schema_version": 2, "validated": true, "symbols": ["C", "C", "C", "C", "C", "N", "H", "H", "H", "H", "H", "H", "H", "H", "H", "H", "H", "H", "H"], "geometry": [[0.0, 0.0, 0.0], [2.8907474076886546, 1.825747074670244e-16, 4.37738613441583e-16], [4.092779049332912, 2.6363409712350063, 2.1649348980190553e-15], [3.608306128549317, 4.1804278032219555, -2.3994185961089824], [5.043580954634201, 6.696701728359495, -2.4905100148559782], [4.387733763647066, 8.559331838874357, -0.5778759881562519], [-0.7377993278249737, 1.064628896944967, 1.5939440716437576], [-0.7678718840145309, 0.8246974183325227, -1.7126741883568128], [-0.7274078914147687, -1.913098179113077, 0.1403026544905556], [3.549599912967539, -1.0151263761929155, 1.660326154171152], [3.5735267638678017, -1.0567573424997032, -1.6260919216370606], [3.417473880904852, 3.670936832617514, 1.6441031578770895], [6.124622846940427, 2.425336461267958, 0.24556252945306972], [4.158411890941497, 3.0626466692823024, -4.037937362512143], [1.5977512721185765, 4.558892778513184, -2.6059029419103736], [7.059935939869913, 6.341210537716476, -2.3433528314379166], [4.744357500752299, 7.5666270501432455, -4.3240211617250575], [4.784465028274859, 7.92981291085134, 1.1613472552296975], [2.5345893640792707, 8.948792730172148, -0.6224483035068056]], "name": "C5H13N", "identifiers": {"molecule_hash": "0243eb1fdbd32da3fb312fecb53ed5ba961ab789", "molecular_formula": "C5H13N"}, "molecular_charge": 0.0, "molecular_multiplicity": 1, "connectivity": [[0, 1, 1.0], [0, 6, 1.0], [0, 7, 1.0], [0, 8, 1.0], [1, 2, 1.0], [1, 9, 1.0], [1, 10, 1.0], [2, 3, 1.0], [2, 11, 1.0], [2, 12, 1.0], [3, 4, 1.0], [3, 13, 1.0], [3, 14, 1.0], [4, 5, 1.0], [4, 15, 1.0], [4, 16, 1.0], [5, 17, 1.0], [5, 18, 1.0]], "fix_com": true, "fix_orientation": true, "provenance": {"creator": "QCElemental", "version": "v0.22.0", "routine": "qcelemental.molparse.from_schema"}, "id": "45518"}, "charge": 0, "optimize_geometry": false, "conformers": [], "conformer_generation_options": {"n_conformer_pool": 4000, "n_max_conformers": 0, "rms_tolerance": 0.05, "energy_window": 15, "keep_original_conformer": true}, "stage_1_unrestrained_charges": null, "stage_1_restrained_charges": null, "stage_2_unrestrained_charges": null, "stage_2_restrained_charges": null, "keep_original_orientation": false, "reorientations": [], "translations": [], "rotations": []}}]}, "surface_constraints": {"matrix": [[325901082016251.75, 315832740420360.7, 304341744113430.5, 292599991996547.0, 275317912769509.75, 264448265450498.62, 328407273607012.7, 327755102980440.5, 327391465608702.0, 314444171724139.0, 314796199632313.1, 306634575822420.44, 299930814988603.75, 294487547145866.1, 293222357388042.75, 272246002124919.25, 271555709757371.22, 266705248544892.6, 263170454638214.3], [315832740420360.7, 323201282889775.5, 315457484930049.9, 303832963271514.6, 287220538345279.94, 274718960592925.9, 313704363015541.1, 313124223854543.56, 312802020314035.75, 327081836720564.0, 327418686295215.44, 315576847489683.9, 315633269011567.0, 305333241892480.7, 304122736052420.7, 284227197393512.75, 285143723554703.25, 274843712891134.03, 273272107677335.6], [304341744113430.5, 315457484930049.9, 323752591449188.3, 315544475722679.8, 303915898436539.6, 293131735101684.8, 303298257604836.1, 300051992941326.2, 299550334700362.8, 314633537329337.2, 314894074754564.1, 328913421086372.4, 328720387779075.75, 315374204724445.94, 315505887522833.9, 302494206570181.94, 302035811746602.75, 294214699853156.5, 290448772937578.2], [292599991996547.0, 303832963271514.6, 315544475722679.8, 323555633707848.1, 315314548789519.5, 305791414070588.5, 290883933721355.6, 288606134140340.9, 288335733120367.9, 301275006872438.44, 302941688889445.3, 315718364139630.06, 315460013843148.2, 328470986006416.9, 328548826354581.4, 314336045280586.9, 314018569398422.1, 306361775177621.5, 303146265865230.94], [275317912769509.75, 287220538345279.94, 303915898436539.6, 315314548789519.5, 323350925452130.5, 317995480956324.3, 274572064233712.72, 270053361972020.84, 270946378452300.0, 283328259697498.06, 285116167130373.4, 304350521879730.6, 305630078649151.75, 315311721756997.06, 315405914114181.5, 327072713020432.06, 326775870030348.25, 316487231725654.2, 315576245412205.6], [264448265450498.62, 274718960592925.9, 293131735101684.8, 305791414070588.5, 317995480956324.3, 330113455054694.7, 263996802864494.66, 260185752747168.88, 260059918868830.6, 269373820808863.44, 271680231555259.7, 295501122056337.94, 293692831618894.0, 305030539880865.56, 304836142306951.44, 316092611020408.8, 316485550210217.5, 332506709007796.5, 331557709527493.8], [328407273607012.7, 313704363015541.1, 303298257604836.1, 290883933721355.6, 274572064233712.72, 263996802864494.66, 344606714991546.4, 325336697502109.8, 325210501008706.56, 308731691538164.1, 311699114866460.44, 307129430846513.1, 298642089088505.2, 292382401571760.94, 290600592744067.56, 272765297812119.75, 269774333416434.97, 267377342905914.97, 263027004541705.22], [327755102980440.5, 313124223854543.56, 300051992941326.2, 288606134140340.9, 270053361972020.84, 260185752747168.88, 325336697502109.8, 343301736685526.3, 324428737358432.3, 310672327073756.44, 310940235520037.3, 302585237598931.44, 294068561561736.5, 291341403408140.0, 289738097592806.7, 265243295175452.5, 266378900126325.34, 261657249787973.0, 259766143420388.56], [327391465608702.0, 312802020314035.75, 299550334700362.8, 288335733120367.9, 270946378452300.0, 260059918868830.6, 325210501008706.56, 324428737358432.3, 342254788078527.2, 311733629043476.3, 309504304910655.25, 301551488579064.0, 293836464454511.1, 290141323516511.8, 289694751518096.1, 268277559094162.62, 266891681553843.3, 263519615170730.7, 257845129902370.3], [314444171724139.0, 327081836720564.0, 314633537329337.2, 301275006872438.44, 283328259697498.06, 269373820808863.44, 308731691538164.1, 310672327073756.44, 311733629043476.3, 344162290925111.8, 326383677640731.0, 312161690383202.1, 315040833897510.6, 300866988553748.0, 303416732454388.1, 279717007487550.66, 282432260563247.3, 267843639789865.34, 267319338436817.1], [314796199632313.1, 327418686295215.44, 314894074754564.1, 302941688889445.3, 285116167130373.4, 271680231555259.7, 311699114866460.44, 310940235520037.3, 309504304910655.25, 326383677640731.0, 344868597853934.8, 311502350315628.7, 314859060543995.25, 307141631434584.94, 301328803958632.94, 281776502674728.8, 283343541201343.25, 270833809099043.56, 271614063960768.88], [306634575822420.44, 315576847489683.9, 328913421086372.4, 315718364139630.06, 304350521879730.6, 295501122056337.94, 307129430846513.1, 302585237598931.44, 301551488579064.0, 312161690383202.1, 311502350315628.7, 347242443418336.06, 329112080472429.7, 311126001075318.44, 315733762750211.2, 304641954405905.2, 299345293686106.9, 298672526665912.5, 291736245876350.94], [299930814988603.75, 315633269011567.0, 328720387779075.75, 315460013843148.2, 305630078649151.75, 293692831618894.0, 298642089088505.2, 294068561561736.5, 293836464454511.1, 315040833897510.6, 314859060543995.25, 329112080472429.7, 346675024323059.1, 314010945652304.4, 310938245781523.6, 303518695734081.0, 306712102353608.94, 293958322832960.5, 291037751861839.94], [294487547145866.1, 305333241892480.7, 315374204724445.94, 328470986006416.9, 315311721756997.06, 305030539880865.56, 292382401571760.94, 291341403408140.0, 290141323516511.8, 300866988553748.0, 307141631434584.94, 311126001075318.44, 314010945652304.4, 346516389594576.06, 328674265657250.94, 311900513563426.0, 312941267268012.44, 305037054699964.6, 303987413357113.4], [293222357388042.75, 304122736052420.7, 315505887522833.9, 328548826354581.4, 315405914114181.5, 304836142306951.44, 290600592744067.56, 289738097592806.7, 289694751518096.1, 303416732454388.1, 301328803958632.94, 315733762750211.2, 310938245781523.6, 328674265657250.94, 346538275114405.94, 313422062562795.75, 311896596316288.94, 306864836259251.8, 300430682547325.6], [272246002124919.25, 284227197393512.75, 302494206570181.94, 314336045280586.9, 327072713020432.06, 316092611020408.8, 272765297812119.75, 265243295175452.5, 268277559094162.62, 279717007487550.66, 281776502674728.8, 304641954405905.2, 303518695734081.0, 311900513563426.0, 313422062562795.75, 344093618506622.94, 325768439753477.06, 315890580959243.6, 310271459586003.6], [271555709757371.22, 285143723554703.25, 302035811746602.75, 314018569398422.1, 326775870030348.25, 316485550210217.5, 269774333416434.97, 266378900126325.34, 266891681553843.3, 282432260563247.3, 283343541201343.25, 299345293686106.9, 306712102353608.94, 312941267268012.44, 311896596316288.94, 325768439753477.06, 343337295491846.06, 308382067024892.44, 314212472158169.7], [266705248544892.6, 274843712891134.03, 294214699853156.5, 306361775177621.5, 316487231725654.2, 332506709007796.5, 267377342905914.97, 261657249787973.0, 263519615170730.7, 267843639789865.34, 270833809099043.56, 298672526665912.5, 293958322832960.5, 305037054699964.6, 306864836259251.8, 315890580959243.6, 308382067024892.44, 347596590456032.4, 330078911955368.25], [263170454638214.3, 273272107677335.6, 290448772937578.2, 303146265865230.94, 315576245412205.6, 331557709527493.8, 263027004541705.22, 259766143420388.56, 257845129902370.3, 267319338436817.1, 271614063960768.88, 291736245876350.94, 291037751861839.94, 303987413357113.4, 300430682547325.6, 310271459586003.6, 314212472158169.7, 330078911955368.25, 345538941199452.75], [3397007080447.799, 3318312307353.3, 3007116688735.0527, 2572808947910.219, 1074582196898.7673, -408947584792.3719, 3655729309704.6313, 3229316916418.2344, 3411394807910.3843, 3064160798369.5806, 3587213836533.1895, 2953181635310.3564, 3077097738549.6143, 3058881859476.5073, 2694519627159.173, 1453829323273.283, 350411513032.1007, 1545278956657.593, 1524608143693.659]]}}