{"resp_b": 0.1, "restrained_fit": true, "exclude_hydrogens": true, "convergence_tolerance": 1e-06, "max_iter": 500, "resp_a": 0.0005, "charge_constraints": {"charge_sum_constraints": [], "charge_equivalence_constraints": [], "molecules": [{"qcmol": {"schema_name": "qcschema_molecule", "schema_version": 2, "validated": true, "symbols": ["C", "C", "C", "C", "C", "N", "H", "H", "H", "H", "H", "H", "H", "H", "H", "H", "H", "H", "H"], "geometry": [[0.0, 0.0, 0.0], [2.8907474076886546, 1.825747074670244e-16, 4.37738613441583e-16], [4.092779049332912, 2.6363409712350063, 2.1649348980190553e-15], [3.608306128549317, 4.1804278032219555, -2.3994185961089824], [5.043580954634201, 6.696701728359495, -2.4905100148559782], [4.387733763647066, 8.559331838874357, -0.5778759881562519], [-0.7377993278249737, 1.064628896944967, 1.5939440716437576], [-0.7678718840145309, 0.8246974183325227, -1.7126741883568128], [-0.7274078914147687, -1.913098179113077, 0.1403026544905556], [3.549599912967539, -1.0151263761929155, 1.660326154171152], [3.5735267638678017, -1.0567573424997032, -1.6260919216370606], [3.417473880904852, 3.670936832617514, 1.6441031578770895], [6.124622846940427, 2.425336461267958, 0.24556252945306972], [4.158411890941497, 3.0626466692823024, -4.037937362512143], [1.5977512721185765, 4.558892778513184, -2.6059029419103736], [7.059935939869913, 6.341210537716476, -2.3433528314379166], [4.744357500752299, 7.5666270501432455, -4.3240211617250575], [4.784465028274859, 7.92981291085134, 1.1613472552296975], [2.5345893640792707, 8.948792730172148, -0.6224483035068056]], "name": "C5H13N", "identifiers": {"molecule_hash": "0243eb1fdbd32da3fb312fecb53ed5ba961ab789", "molecular_formula": "C5H13N"}, "molecular_charge": 0.0, "molecular_multiplicity": 1, "connectivity": [[0, 1, 1.0], [0, 6, 1.0], [0, 7, 1.0], [0, 8, 1.0], [1, 2, 1.0], [1, 9, 1.0], [1, 10, 1.0], [2, 3, 1.0], [2, 11, 1.0], [2, 12, 1.0], [3, 4, 1.0], [3, 13, 1.0], [3, 14, 1.0], [4, 5, 1.0], [4, 15, 1.0], [4, 16, 1.0], [5, 17, 1.0], [5, 18, 1.0]], "fix_com": true, "fix_orientation": true, "provenance": {"creator": "QCElemental", "version": "v0.22.0", "routine": "qcelemental.molparse.from_schema"}, "id": "45518"}, "charge": 0, "optimize_geometry": false, "conformers": [], "conformer_generation_options": {"n_conformer_pool": 4000, "n_max_conformers": 0, "rms_tolerance": 0.05, "energy_window": 15, "keep_original_conformer": true}, "stage_1_unrestrained_charges": null, "stage_1_restrained_charges": null, "stage_2_unrestrained_charges": null, "stage_2_restrained_charges": null, "keep_original_orientation": false, "reorientations": [], "translations": [], "rotations": []}], "unconstrained_atoms": [{"index": 0, "molecule": {"qcmol": {"schema_name": "qcschema_molecule", "schema_version": 2, "validated": true, "symbols": ["C", "C", "C", "C", "C", "N", "H", "H", "H", "H", "H", "H", "H", "H", "H", "H", "H", "H", "H"], "geometry": [[0.0, 0.0, 0.0], [2.8907474076886546, 1.825747074670244e-16, 4.37738613441583e-16], [4.092779049332912, 2.6363409712350063, 2.1649348980190553e-15], [3.608306128549317, 4.1804278032219555, -2.3994185961089824], [5.043580954634201, 6.696701728359495, -2.4905100148559782], [4.387733763647066, 8.559331838874357, -0.5778759881562519], [-0.7377993278249737, 1.064628896944967, 1.5939440716437576], [-0.7678718840145309, 0.8246974183325227, -1.7126741883568128], [-0.7274078914147687, -1.913098179113077, 0.1403026544905556], [3.549599912967539, -1.0151263761929155, 1.660326154171152], [3.5735267638678017, -1.0567573424997032, -1.6260919216370606], [3.417473880904852, 3.670936832617514, 1.6441031578770895], [6.124622846940427, 2.425336461267958, 0.24556252945306972], [4.158411890941497, 3.0626466692823024, -4.037937362512143], [1.5977512721185765, 4.558892778513184, -2.6059029419103736], [7.059935939869913, 6.341210537716476, -2.3433528314379166], [4.744357500752299, 7.5666270501432455, -4.3240211617250575], [4.784465028274859, 7.92981291085134, 1.1613472552296975], [2.5345893640792707, 8.948792730172148, -0.6224483035068056]], "name": "C5H13N", "identifiers": {"molecule_hash": "0243eb1fdbd32da3fb312fecb53ed5ba961ab789", "molecular_formula": "C5H13N"}, "molecular_charge": 0.0, "molecular_multiplicity": 1, "connectivity": [[0, 1, 1.0], [0, 6, 1.0], [0, 7, 1.0], [0, 8, 1.0], [1, 2, 1.0], [1, 9, 1.0], [1, 10, 1.0], [2, 3, 1.0], [2, 11, 1.0], [2, 12, 1.0], [3, 4, 1.0], [3, 13, 1.0], [3, 14, 1.0], [4, 5, 1.0], [4, 15, 1.0], [4, 16, 1.0], [5, 17, 1.0], [5, 18, 1.0]], "fix_com": true, "fix_orientation": true, "provenance": {"creator": "QCElemental", "version": "v0.22.0", "routine": "qcelemental.molparse.from_schema"}, "id": "45518"}, "charge": 0, "optimize_geometry": false, "conformers": [], "conformer_generation_options": {"n_conformer_pool": 4000, "n_max_conformers": 0, "rms_tolerance": 0.05, "energy_window": 15, "keep_original_conformer": true}, "stage_1_unrestrained_charges": null, "stage_1_restrained_charges": null, "stage_2_unrestrained_charges": null, "stage_2_restrained_charges": null, "keep_original_orientation": false, "reorientations": [], "translations": [], "rotations": []}}, {"index": 1, "molecule": {"qcmol": {"schema_name": "qcschema_molecule", "schema_version": 2, "validated": true, "symbols": ["C", "C", "C", "C", "C", "N", "H", "H", "H", "H", "H", "H", "H", "H", "H", "H", "H", "H", "H"], "geometry": [[0.0, 0.0, 0.0], [2.8907474076886546, 1.825747074670244e-16, 4.37738613441583e-16], [4.092779049332912, 2.6363409712350063, 2.1649348980190553e-15], [3.608306128549317, 4.1804278032219555, -2.3994185961089824], [5.043580954634201, 6.696701728359495, -2.4905100148559782], [4.387733763647066, 8.559331838874357, -0.5778759881562519], [-0.7377993278249737, 1.064628896944967, 1.5939440716437576], [-0.7678718840145309, 0.8246974183325227, -1.7126741883568128], [-0.7274078914147687, -1.913098179113077, 0.1403026544905556], [3.549599912967539, -1.0151263761929155, 1.660326154171152], [3.5735267638678017, -1.0567573424997032, -1.6260919216370606], [3.417473880904852, 3.670936832617514, 1.6441031578770895], [6.124622846940427, 2.425336461267958, 0.24556252945306972], [4.158411890941497, 3.0626466692823024, -4.037937362512143], [1.5977512721185765, 4.558892778513184, -2.6059029419103736], [7.059935939869913, 6.341210537716476, -2.3433528314379166], [4.744357500752299, 7.5666270501432455, -4.3240211617250575], [4.784465028274859, 7.92981291085134, 1.1613472552296975], [2.5345893640792707, 8.948792730172148, -0.6224483035068056]], "name": "C5H13N", "identifiers": {"molecule_hash": "0243eb1fdbd32da3fb312fecb53ed5ba961ab789", "molecular_formula": "C5H13N"}, "molecular_charge": 0.0, "molecular_multiplicity": 1, "connectivity": [[0, 1, 1.0], [0, 6, 1.0], [0, 7, 1.0], [0, 8, 1.0], [1, 2, 1.0], [1, 9, 1.0], [1, 10, 1.0], [2, 3, 1.0], [2, 11, 1.0], [2, 12, 1.0], [3, 4, 1.0], [3, 13, 1.0], [3, 14, 1.0], [4, 5, 1.0], [4, 15, 1.0], [4, 16, 1.0], [5, 17, 1.0], [5, 18, 1.0]], "fix_com": true, "fix_orientation": true, "provenance": {"creator": "QCElemental", "version": "v0.22.0", "routine": "qcelemental.molparse.from_schema"}, "id": "45518"}, "charge": 0, "optimize_geometry": false, "conformers": [], "conformer_generation_options": {"n_conformer_pool": 4000, "n_max_conformers": 0, "rms_tolerance": 0.05, "energy_window": 15, "keep_original_conformer": true}, "stage_1_unrestrained_charges": null, "stage_1_restrained_charges": null, "stage_2_unrestrained_charges": null, "stage_2_restrained_charges": null, "keep_original_orientation": false, "reorientations": [], "translations": [], "rotations": []}}, {"index": 2, "molecule": {"qcmol": {"schema_name": "qcschema_molecule", "schema_version": 2, "validated": true, "symbols": ["C", "C", "C", "C", "C", "N", "H", "H", "H", "H", "H", "H", "H", "H", "H", "H", "H", "H", "H"], "geometry": [[0.0, 0.0, 0.0], [2.8907474076886546, 1.825747074670244e-16, 4.37738613441583e-16], [4.092779049332912, 2.6363409712350063, 2.1649348980190553e-15], [3.608306128549317, 4.1804278032219555, -2.3994185961089824], [5.043580954634201, 6.696701728359495, -2.4905100148559782], [4.387733763647066, 8.559331838874357, -0.5778759881562519], [-0.7377993278249737, 1.064628896944967, 1.5939440716437576], [-0.7678718840145309, 0.8246974183325227, -1.7126741883568128], [-0.7274078914147687, -1.913098179113077, 0.1403026544905556], [3.549599912967539, -1.0151263761929155, 1.660326154171152], [3.5735267638678017, -1.0567573424997032, -1.6260919216370606], [3.417473880904852, 3.670936832617514, 1.6441031578770895], [6.124622846940427, 2.425336461267958, 0.24556252945306972], [4.158411890941497, 3.0626466692823024, -4.037937362512143], [1.5977512721185765, 4.558892778513184, -2.6059029419103736], [7.059935939869913, 6.341210537716476, -2.3433528314379166], [4.744357500752299, 7.5666270501432455, -4.3240211617250575], [4.784465028274859, 7.92981291085134, 1.1613472552296975], [2.5345893640792707, 8.948792730172148, -0.6224483035068056]], "name": "C5H13N", "identifiers": {"molecule_hash": "0243eb1fdbd32da3fb312fecb53ed5ba961ab789", "molecular_formula": "C5H13N"}, "molecular_charge": 0.0, "molecular_multiplicity": 1, "connectivity": [[0, 1, 1.0], [0, 6, 1.0], [0, 7, 1.0], [0, 8, 1.0], [1, 2, 1.0], [1, 9, 1.0], [1, 10, 1.0], [2, 3, 1.0], [2, 11, 1.0], [2, 12, 1.0], [3, 4, 1.0], [3, 13, 1.0], [3, 14, 1.0], [4, 5, 1.0], [4, 15, 1.0], [4, 16, 1.0], [5, 17, 1.0], [5, 18, 1.0]], "fix_com": true, "fix_orientation": true, "provenance": {"creator": "QCElemental", "version": "v0.22.0", "routine": "qcelemental.molparse.from_schema"}, "id": "45518"}, "charge": 0, "optimize_geometry": false, "conformers": [], "conformer_generation_options": {"n_conformer_pool": 4000, "n_max_conformers": 0, "rms_tolerance": 0.05, "energy_window": 15, "keep_original_conformer": true}, "stage_1_unrestrained_charges": null, "stage_1_restrained_charges": null, "stage_2_unrestrained_charges": null, "stage_2_restrained_charges": null, "keep_original_orientation": false, "reorientations": [], "translations": [], "rotations": []}}, {"index": 3, "molecule": {"qcmol": {"schema_name": "qcschema_molecule", "schema_version": 2, "validated": true, "symbols": ["C", "C", "C", "C", "C", "N", "H", "H", "H", "H", "H", "H", "H", "H", "H", "H", "H", "H", "H"], "geometry": [[0.0, 0.0, 0.0], [2.8907474076886546, 1.825747074670244e-16, 4.37738613441583e-16], [4.092779049332912, 2.6363409712350063, 2.1649348980190553e-15], [3.608306128549317, 4.1804278032219555, -2.3994185961089824], [5.043580954634201, 6.696701728359495, -2.4905100148559782], [4.387733763647066, 8.559331838874357, -0.5778759881562519], [-0.7377993278249737, 1.064628896944967, 1.5939440716437576], [-0.7678718840145309, 0.8246974183325227, -1.7126741883568128], [-0.7274078914147687, -1.913098179113077, 0.1403026544905556], [3.549599912967539, -1.0151263761929155, 1.660326154171152], [3.5735267638678017, -1.0567573424997032, -1.6260919216370606], [3.417473880904852, 3.670936832617514, 1.6441031578770895], [6.124622846940427, 2.425336461267958, 0.24556252945306972], [4.158411890941497, 3.0626466692823024, -4.037937362512143], [1.5977512721185765, 4.558892778513184, -2.6059029419103736], [7.059935939869913, 6.341210537716476, -2.3433528314379166], [4.744357500752299, 7.5666270501432455, -4.3240211617250575], [4.784465028274859, 7.92981291085134, 1.1613472552296975], [2.5345893640792707, 8.948792730172148, -0.6224483035068056]], "name": "C5H13N", "identifiers": {"molecule_hash": "0243eb1fdbd32da3fb312fecb53ed5ba961ab789", "molecular_formula": "C5H13N"}, "molecular_charge": 0.0, "molecular_multiplicity": 1, "connectivity": [[0, 1, 1.0], [0, 6, 1.0], [0, 7, 1.0], [0, 8, 1.0], [1, 2, 1.0], [1, 9, 1.0], [1, 10, 1.0], [2, 3, 1.0], [2, 11, 1.0], [2, 12, 1.0], [3, 4, 1.0], [3, 13, 1.0], [3, 14, 1.0], [4, 5, 1.0], [4, 15, 1.0], [4, 16, 1.0], [5, 17, 1.0], [5, 18, 1.0]], "fix_com": true, "fix_orientation": true, "provenance": {"creator": "QCElemental", "version": "v0.22.0", "routine": "qcelemental.molparse.from_schema"}, "id": "45518"}, "charge": 0, "optimize_geometry": false, "conformers": [], "conformer_generation_options": {"n_conformer_pool": 4000, "n_max_conformers": 0, "rms_tolerance": 0.05, "energy_window": 15, "keep_original_conformer": true}, "stage_1_unrestrained_charges": null, "stage_1_restrained_charges": null, "stage_2_unrestrained_charges": null, "stage_2_restrained_charges": null, "keep_original_orientation": false, "reorientations": [], "translations": [], "rotations": []}}, {"index": 4, "molecule": {"qcmol": {"schema_name": "qcschema_molecule", "schema_version": 2, "validated": true, "symbols": ["C", "C", "C", "C", "C", "N", "H", "H", "H", "H", "H", "H", "H", "H", "H", "H", "H", "H", "H"], "geometry": [[0.0, 0.0, 0.0], [2.8907474076886546, 1.825747074670244e-16, 4.37738613441583e-16], [4.092779049332912, 2.6363409712350063, 2.1649348980190553e-15], [3.608306128549317, 4.1804278032219555, -2.3994185961089824], [5.043580954634201, 6.696701728359495, -2.4905100148559782], [4.387733763647066, 8.559331838874357, -0.5778759881562519], [-0.7377993278249737, 1.064628896944967, 1.5939440716437576], [-0.7678718840145309, 0.8246974183325227, -1.7126741883568128], [-0.7274078914147687, -1.913098179113077, 0.1403026544905556], [3.549599912967539, -1.0151263761929155, 1.660326154171152], [3.5735267638678017, -1.0567573424997032, -1.6260919216370606], [3.417473880904852, 3.670936832617514, 1.6441031578770895], [6.124622846940427, 2.425336461267958, 0.24556252945306972], [4.158411890941497, 3.0626466692823024, -4.037937362512143], [1.5977512721185765, 4.558892778513184, -2.6059029419103736], [7.059935939869913, 6.341210537716476, -2.3433528314379166], [4.744357500752299, 7.5666270501432455, -4.3240211617250575], [4.784465028274859, 7.92981291085134, 1.1613472552296975], [2.5345893640792707, 8.948792730172148, -0.6224483035068056]], "name": "C5H13N", "identifiers": {"molecule_hash": "0243eb1fdbd32da3fb312fecb53ed5ba961ab789", "molecular_formula": "C5H13N"}, "molecular_charge": 0.0, "molecular_multiplicity": 1, "connectivity": [[0, 1, 1.0], [0, 6, 1.0], [0, 7, 1.0], [0, 8, 1.0], [1, 2, 1.0], [1, 9, 1.0], [1, 10, 1.0], [2, 3, 1.0], [2, 11, 1.0], [2, 12, 1.0], [3, 4, 1.0], [3, 13, 1.0], [3, 14, 1.0], [4, 5, 1.0], [4, 15, 1.0], [4, 16, 1.0], [5, 17, 1.0], [5, 18, 1.0]], "fix_com": true, "fix_orientation": true, "provenance": {"creator": "QCElemental", "version": "v0.22.0", "routine": "qcelemental.molparse.from_schema"}, "id": "45518"}, "charge": 0, "optimize_geometry": false, "conformers": [], "conformer_generation_options": {"n_conformer_pool": 4000, "n_max_conformers": 0, "rms_tolerance": 0.05, "energy_window": 15, "keep_original_conformer": true}, "stage_1_unrestrained_charges": null, "stage_1_restrained_charges": null, "stage_2_unrestrained_charges": null, "stage_2_restrained_charges": null, "keep_original_orientation": false, "reorientations": [], "translations": [], "rotations": []}}]}, "surface_constraints": {"matrix": [[1872.7125035102372, 1813.1137582622605, 1740.2913628860704, 1667.7453413249345, 1560.901926856593, 1490.483142198524, 1883.6498867389494, 1878.501175933384, 1877.3315222640656, 1802.250537093198, 1806.0340280028856, 1751.4379536682934, 1710.7553636566074, 1677.5094403109103, 1670.248493924595, 1541.2816376748199, 1538.351850034212, 1500.5501941183888, 1481.2237915466737], [1813.1137582622605, 1861.139033004742, 1810.2786334787222, 1737.9581901686488, 1633.905273319358, 1552.8449176903603, 1796.0728981248794, 1792.0911957287628, 1790.8873704205, 1881.9092998729573, 1886.049560575784, 1808.138400223993, 1807.544202791046, 1745.421837367549, 1738.3755104720185, 1614.3867066089556, 1621.0083896722933, 1550.48715090804, 1542.2579275076791], [1740.2913628860704, 1810.2786334787222, 1858.7642749564347, 1807.3027964807209, 1731.8949116749127, 1659.3278970350086, 1730.6895558915528, 1710.7970878161607, 1708.1757360545637, 1802.6528327494173, 1806.1140861498807, 1887.1028734252998, 1884.7939194025048, 1804.963250785592, 1805.9257804063905, 1721.3809911291505, 1719.695193131587, 1662.1713706276998, 1640.955329946079], [1667.7453413249345, 1737.9581901686488, 1807.3027964807209, 1855.2201151460902, 1800.0393819868548, 1732.9893036620904, 1654.5958668782903, 1640.8611837402434, 1639.1099083909596, 1720.3788924439687, 1732.0024466230675, 1805.8140130413751, 1803.2623094635671, 1883.3550721892323, 1883.8847184093497, 1792.2859901659263, 1791.641339386405, 1731.8117200200004, 1714.2567367586803], [1560.901926856593, 1633.905273319358, 1731.8949116749127, 1800.0393819868548, 1844.0752353798882, 1800.4005106247605, 1554.1149318362668, 1527.3049028329708, 1532.4013796637203, 1609.1532849415028, 1621.3021643817558, 1731.729209530262, 1739.0620451159111, 1799.0001391338087, 1799.4037489692867, 1864.750801054197, 1864.2151094145054, 1786.1151420340009, 1782.7459724250816], [1490.483142198524, 1552.8449176903603, 1659.3278970350086, 1732.9893036620904, 1800.4005106247605, 1859.4136304431597, 1485.5719922335595, 1463.3101640361378, 1462.5926933923017, 1520.4914720437966, 1535.026350811996, 1671.0331593452709, 1660.118465941829, 1727.8414220990496, 1726.5192813693413, 1788.3451164916876, 1791.7626163045031, 1867.0031659997635, 1863.738047382387], [1883.6498867389494, 1796.0728981248794, 1730.6895558915528, 1654.5958668782903, 1554.1149318362668, 1485.5719922335595, 1976.8145239138223, 1859.9464979461554, 1860.058656718651, 1763.8869288348376, 1783.1983999509334, 1751.065582944623, 1699.9262700553927, 1661.6491878667082, 1652.2593881962362, 1542.112192308688, 1525.6580190638385, 1502.0909108132812, 1478.2237994422633], [1878.501175933384, 1792.0911957287628, 1710.7970878161607, 1640.8611837402434, 1527.3049028329708, 1463.3101640361378, 1859.9464979461554, 1966.233471604646, 1853.910143885354, 1774.897354571408, 1778.3760139039225, 1723.2777197807475, 1672.3727606880946, 1656.1050047213457, 1646.0621456036242, 1497.7618374425454, 1505.4380984555644, 1468.8838054397172, 1459.0716213675344], [1877.3315222640656, 1790.8873704205, 1708.1757360545637, 1639.1099083909596, 1532.4013796637203, 1462.5926933923017, 1860.058656718651, 1853.910143885354, 1962.2242627820058, 1782.4108565040476, 1770.2953778846886, 1717.7499060785035, 1671.482368371914, 1648.3441965312118, 1645.9157297632162, 1515.1921000745506, 1508.322011397884, 1479.5664461622341, 1448.1068339861179], [1802.250537093198, 1881.9092998729573, 1802.6528327494173, 1720.3788924439687, 1609.1532849415028, 1520.4914720437966, 1763.8869288348376, 1774.897354571408, 1782.4108565040476, 1981.624586028281, 1876.882516366804, 1785.331256793828, 1801.1452827777891, 1716.5700524471738, 1731.6576520615142, 1585.9724731099484, 1603.348767497559, 1508.794718199135, 1506.493319422895], [1806.0340280028856, 1886.049560575784, 1806.1140861498807, 1732.0024466230675, 1621.3021643817558, 1535.026350811996, 1783.1983999509334, 1778.3760139039225, 1770.2953778846886, 1876.882516366804, 1990.6180405680561, 1782.8939340428876, 1802.2405039660048, 1755.2842555519949, 1721.0750973889792, 1599.9870880681594, 1610.300927323086, 1527.1828476720352, 1532.6094807125232], [1751.4379536682934, 1808.138400223993, 1887.1028734252998, 1805.8140130413751, 1731.729209530262, 1671.0331593452709, 1751.065582944623, 1723.2777197807475, 1717.7499060785035, 1785.331256793828, 1782.8939340428876, 1993.7697701566067, 1884.698492567301, 1777.2100598354596, 1805.413993135821, 1731.0543409747258, 1700.9910626514147, 1686.2041485884347, 1646.4173026224914], [1710.7553636566074, 1807.544202791046, 1884.7939194025048, 1803.2623094635671, 1739.0620451159111, 1660.118465941829, 1699.9262700553927, 1672.3727606880946, 1671.482368371914, 1801.1452827777891, 1802.2405039660048, 1884.698492567301, 1987.6833147212583, 1793.7013523567919, 1775.0608938716778, 1724.6175917978737, 1744.0770363270135, 1658.4768415726553, 1642.0706899266163], [1677.5094403109103, 1745.421837367549, 1804.963250785592, 1883.3550721892323, 1799.0001391338087, 1727.8414220990496, 1661.6491878667082, 1656.1050047213457, 1648.3441965312118, 1716.5700524471738, 1755.2842555519949, 1777.2100598354596, 1793.7013523567919, 1989.503598246535, 1883.0505932096094, 1776.8393085746993, 1784.435969505885, 1723.4878563448808, 1718.4870648635724], [1670.248493924595, 1738.3755104720185, 1805.9257804063905, 1883.8847184093497, 1799.4037489692867, 1726.5192813693413, 1652.2593881962362, 1646.0621456036242, 1645.9157297632162, 1731.6576520615142, 1721.0750973889792, 1805.413993135821, 1775.0608938716778, 1883.0505932096094, 1989.8459443099744, 1785.8306834946925, 1777.890316844165, 1733.7170300669418, 1697.6390694531656], [1541.2816376748199, 1614.3867066089556, 1721.3809911291505, 1792.2859901659263, 1864.750801054197, 1788.3451164916876, 1542.112192308688, 1497.7618374425454, 1515.1921000745506, 1585.9724731099484, 1599.9870880681594, 1731.0543409747258, 1724.6175917978737, 1776.8393085746993, 1785.8306834946925, 1964.0974058996435, 1856.3783968714927, 1782.3075796255266, 1751.3899678308474], [1538.351850034212, 1621.0083896722933, 1719.695193131587, 1791.641339386405, 1864.2151094145054, 1791.7626163045031, 1525.6580190638385, 1505.4380984555644, 1508.322011397884, 1603.348767497559, 1610.300927323086, 1700.9910626514147, 1744.0770363270135, 1784.435969505885, 1777.890316844165, 1856.3783968714927, 1962.1221996725292, 1739.004126346498, 1775.2306477791094], [1500.5501941183888, 1550.48715090804, 1662.1713706276998, 1731.8117200200004, 1786.1151420340009, 1867.0031659997635, 1502.0909108132812, 1468.8838054397172, 1479.5664461622341, 1508.794718199135, 1527.1828476720352, 1686.2041485884347, 1658.4768415726553, 1723.4878563448808, 1733.7170300669418, 1782.3075796255266, 1739.004126346498, 1947.3863338071499, 1849.5583642164443], [1481.2237915466737, 1542.2579275076791, 1640.955329946079, 1714.2567367586803, 1782.7459724250816, 1863.738047382387, 1478.2237994422633, 1459.0716213675344, 1448.1068339861179, 1506.493319422895, 1532.6094807125232, 1646.4173026224914, 1642.0706899266163, 1718.4870648635724, 1697.6390694531656, 1751.3899678308474, 1775.2306477791094, 1849.5583642164443, 1940.4020298933467], [18.757194911974608, 18.577168568529956, 16.89226302890619, 14.359853524451259, 5.69771228310257, -3.33677686953257, 20.202706186371813, 17.705385233185083, 18.71998650657877, 17.08516749383382, 20.161771214247047, 16.533468034355206, 17.347147584936472, 17.123340559374817, 14.967469754077564, 8.15647945883675, 1.599738019535389, 8.031484223543636, 8.061136437933689]]}}