{"resp_b": 0.1, "restrained_fit": true, "exclude_hydrogens": true, "convergence_tolerance": 1e-06, "max_iter": 500, "resp_a": 0.0005, "charge_constraints": {"charge_sum_constraints": [], "charge_equivalence_constraints": [], "molecules": [{"qcmol": {"schema_name": "qcschema_molecule", "schema_version": 2, "validated": true, "symbols": ["C", "C", "C", "C", "C", "N", "H", "H", "H", "H", "H", "H", "H", "H", "H", "H", "H", "H", "H"], "geometry": [[0.0, 0.0, 0.0], [2.8907474076886546, 1.825747074670244e-16, 4.37738613441583e-16], [4.092779049332912, 2.6363409712350063, 2.1649348980190553e-15], [3.608306128549317, 4.1804278032219555, -2.3994185961089824], [5.043580954634201, 6.696701728359495, -2.4905100148559782], [4.387733763647066, 8.559331838874357, -0.5778759881562519], [-0.7377993278249737, 1.064628896944967, 1.5939440716437576], [-0.7678718840145309, 0.8246974183325227, -1.7126741883568128], [-0.7274078914147687, -1.913098179113077, 0.1403026544905556], [3.549599912967539, -1.0151263761929155, 1.660326154171152], [3.5735267638678017, -1.0567573424997032, -1.6260919216370606], [3.417473880904852, 3.670936832617514, 1.6441031578770895], [6.124622846940427, 2.425336461267958, 0.24556252945306972], [4.158411890941497, 3.0626466692823024, -4.037937362512143], [1.5977512721185765, 4.558892778513184, -2.6059029419103736], [7.059935939869913, 6.341210537716476, -2.3433528314379166], [4.744357500752299, 7.5666270501432455, -4.3240211617250575], [4.784465028274859, 7.92981291085134, 1.1613472552296975], [2.5345893640792707, 8.948792730172148, -0.6224483035068056]], "name": "C5H13N", "identifiers": {"molecule_hash": "0243eb1fdbd32da3fb312fecb53ed5ba961ab789", "molecular_formula": "C5H13N"}, "molecular_charge": 0.0, "molecular_multiplicity": 1, "connectivity": [[0, 1, 1.0], [0, 6, 1.0], [0, 7, 1.0], [0, 8, 1.0], [1, 2, 1.0], [1, 9, 1.0], [1, 10, 1.0], [2, 3, 1.0], [2, 11, 1.0], [2, 12, 1.0], [3, 4, 1.0], [3, 13, 1.0], [3, 14, 1.0], [4, 5, 1.0], [4, 15, 1.0], [4, 16, 1.0], [5, 17, 1.0], [5, 18, 1.0]], "fix_com": true, "fix_orientation": true, "provenance": {"creator": "QCElemental", "version": "v0.22.0", "routine": "qcelemental.molparse.from_schema"}, "id": "45518"}, "charge": 0, "optimize_geometry": false, "conformers": [], "conformer_generation_options": {"n_conformer_pool": 4000, "n_max_conformers": 0, "rms_tolerance": 0.05, "energy_window": 15, "keep_original_conformer": true}, "stage_1_unrestrained_charges": null, "stage_1_restrained_charges": null, "stage_2_unrestrained_charges": null, "stage_2_restrained_charges": null, "keep_original_orientation": false, "reorientations": [], "translations": [], "rotations": []}], "unconstrained_atoms": [{"index": 0, "molecule": {"qcmol": {"schema_name": "qcschema_molecule", "schema_version": 2, "validated": true, "symbols": ["C", "C", "C", "C", "C", "N", "H", "H", "H", "H", "H", "H", "H", "H", "H", "H", "H", "H", "H"], "geometry": [[0.0, 0.0, 0.0], [2.8907474076886546, 1.825747074670244e-16, 4.37738613441583e-16], [4.092779049332912, 2.6363409712350063, 2.1649348980190553e-15], [3.608306128549317, 4.1804278032219555, -2.3994185961089824], [5.043580954634201, 6.696701728359495, -2.4905100148559782], [4.387733763647066, 8.559331838874357, -0.5778759881562519], [-0.7377993278249737, 1.064628896944967, 1.5939440716437576], [-0.7678718840145309, 0.8246974183325227, -1.7126741883568128], [-0.7274078914147687, -1.913098179113077, 0.1403026544905556], [3.549599912967539, -1.0151263761929155, 1.660326154171152], [3.5735267638678017, -1.0567573424997032, -1.6260919216370606], [3.417473880904852, 3.670936832617514, 1.6441031578770895], [6.124622846940427, 2.425336461267958, 0.24556252945306972], [4.158411890941497, 3.0626466692823024, -4.037937362512143], [1.5977512721185765, 4.558892778513184, -2.6059029419103736], [7.059935939869913, 6.341210537716476, -2.3433528314379166], [4.744357500752299, 7.5666270501432455, -4.3240211617250575], [4.784465028274859, 7.92981291085134, 1.1613472552296975], [2.5345893640792707, 8.948792730172148, -0.6224483035068056]], "name": "C5H13N", "identifiers": {"molecule_hash": "0243eb1fdbd32da3fb312fecb53ed5ba961ab789", "molecular_formula": "C5H13N"}, "molecular_charge": 0.0, "molecular_multiplicity": 1, "connectivity": [[0, 1, 1.0], [0, 6, 1.0], [0, 7, 1.0], [0, 8, 1.0], [1, 2, 1.0], [1, 9, 1.0], [1, 10, 1.0], [2, 3, 1.0], [2, 11, 1.0], [2, 12, 1.0], [3, 4, 1.0], [3, 13, 1.0], [3, 14, 1.0], [4, 5, 1.0], [4, 15, 1.0], [4, 16, 1.0], [5, 17, 1.0], [5, 18, 1.0]], "fix_com": true, "fix_orientation": true, "provenance": {"creator": "QCElemental", "version": "v0.22.0", "routine": "qcelemental.molparse.from_schema"}, "id": "45518"}, "charge": 0, "optimize_geometry": false, "conformers": [], "conformer_generation_options": {"n_conformer_pool": 4000, "n_max_conformers": 0, "rms_tolerance": 0.05, "energy_window": 15, "keep_original_conformer": true}, "stage_1_unrestrained_charges": null, "stage_1_restrained_charges": null, "stage_2_unrestrained_charges": null, "stage_2_restrained_charges": null, "keep_original_orientation": false, "reorientations": [], "translations": [], "rotations": []}}, {"index": 1, "molecule": {"qcmol": {"schema_name": "qcschema_molecule", "schema_version": 2, "validated": true, "symbols": ["C", "C", "C", "C", "C", "N", "H", "H", "H", "H", "H", "H", "H", "H", "H", "H", "H", "H", "H"], "geometry": [[0.0, 0.0, 0.0], [2.8907474076886546, 1.825747074670244e-16, 4.37738613441583e-16], [4.092779049332912, 2.6363409712350063, 2.1649348980190553e-15], [3.608306128549317, 4.1804278032219555, -2.3994185961089824], [5.043580954634201, 6.696701728359495, -2.4905100148559782], [4.387733763647066, 8.559331838874357, -0.5778759881562519], [-0.7377993278249737, 1.064628896944967, 1.5939440716437576], [-0.7678718840145309, 0.8246974183325227, -1.7126741883568128], [-0.7274078914147687, -1.913098179113077, 0.1403026544905556], [3.549599912967539, -1.0151263761929155, 1.660326154171152], [3.5735267638678017, -1.0567573424997032, -1.6260919216370606], [3.417473880904852, 3.670936832617514, 1.6441031578770895], [6.124622846940427, 2.425336461267958, 0.24556252945306972], [4.158411890941497, 3.0626466692823024, -4.037937362512143], [1.5977512721185765, 4.558892778513184, -2.6059029419103736], [7.059935939869913, 6.341210537716476, -2.3433528314379166], [4.744357500752299, 7.5666270501432455, -4.3240211617250575], [4.784465028274859, 7.92981291085134, 1.1613472552296975], [2.5345893640792707, 8.948792730172148, -0.6224483035068056]], "name": "C5H13N", "identifiers": {"molecule_hash": "0243eb1fdbd32da3fb312fecb53ed5ba961ab789", "molecular_formula": "C5H13N"}, "molecular_charge": 0.0, "molecular_multiplicity": 1, "connectivity": [[0, 1, 1.0], [0, 6, 1.0], [0, 7, 1.0], [0, 8, 1.0], [1, 2, 1.0], [1, 9, 1.0], [1, 10, 1.0], [2, 3, 1.0], [2, 11, 1.0], [2, 12, 1.0], [3, 4, 1.0], [3, 13, 1.0], [3, 14, 1.0], [4, 5, 1.0], [4, 15, 1.0], [4, 16, 1.0], [5, 17, 1.0], [5, 18, 1.0]], "fix_com": true, "fix_orientation": true, "provenance": {"creator": "QCElemental", "version": "v0.22.0", "routine": "qcelemental.molparse.from_schema"}, "id": "45518"}, "charge": 0, "optimize_geometry": false, "conformers": [], "conformer_generation_options": {"n_conformer_pool": 4000, "n_max_conformers": 0, "rms_tolerance": 0.05, "energy_window": 15, "keep_original_conformer": true}, "stage_1_unrestrained_charges": null, "stage_1_restrained_charges": null, "stage_2_unrestrained_charges": null, "stage_2_restrained_charges": null, "keep_original_orientation": false, "reorientations": [], "translations": [], "rotations": []}}, {"index": 2, "molecule": {"qcmol": {"schema_name": "qcschema_molecule", "schema_version": 2, "validated": true, "symbols": ["C", "C", "C", "C", "C", "N", "H", "H", "H", "H", "H", "H", "H", "H", "H", "H", "H", "H", "H"], "geometry": [[0.0, 0.0, 0.0], [2.8907474076886546, 1.825747074670244e-16, 4.37738613441583e-16], [4.092779049332912, 2.6363409712350063, 2.1649348980190553e-15], [3.608306128549317, 4.1804278032219555, -2.3994185961089824], [5.043580954634201, 6.696701728359495, -2.4905100148559782], [4.387733763647066, 8.559331838874357, -0.5778759881562519], [-0.7377993278249737, 1.064628896944967, 1.5939440716437576], [-0.7678718840145309, 0.8246974183325227, -1.7126741883568128], [-0.7274078914147687, -1.913098179113077, 0.1403026544905556], [3.549599912967539, -1.0151263761929155, 1.660326154171152], [3.5735267638678017, -1.0567573424997032, -1.6260919216370606], [3.417473880904852, 3.670936832617514, 1.6441031578770895], [6.124622846940427, 2.425336461267958, 0.24556252945306972], [4.158411890941497, 3.0626466692823024, -4.037937362512143], [1.5977512721185765, 4.558892778513184, -2.6059029419103736], [7.059935939869913, 6.341210537716476, -2.3433528314379166], [4.744357500752299, 7.5666270501432455, -4.3240211617250575], [4.784465028274859, 7.92981291085134, 1.1613472552296975], [2.5345893640792707, 8.948792730172148, -0.6224483035068056]], "name": "C5H13N", "identifiers": {"molecule_hash": "0243eb1fdbd32da3fb312fecb53ed5ba961ab789", "molecular_formula": "C5H13N"}, "molecular_charge": 0.0, "molecular_multiplicity": 1, "connectivity": [[0, 1, 1.0], [0, 6, 1.0], [0, 7, 1.0], [0, 8, 1.0], [1, 2, 1.0], [1, 9, 1.0], [1, 10, 1.0], [2, 3, 1.0], [2, 11, 1.0], [2, 12, 1.0], [3, 4, 1.0], [3, 13, 1.0], [3, 14, 1.0], [4, 5, 1.0], [4, 15, 1.0], [4, 16, 1.0], [5, 17, 1.0], [5, 18, 1.0]], "fix_com": true, "fix_orientation": true, "provenance": {"creator": "QCElemental", "version": "v0.22.0", "routine": "qcelemental.molparse.from_schema"}, "id": "45518"}, "charge": 0, "optimize_geometry": false, "conformers": [], "conformer_generation_options": {"n_conformer_pool": 4000, "n_max_conformers": 0, "rms_tolerance": 0.05, "energy_window": 15, "keep_original_conformer": true}, "stage_1_unrestrained_charges": null, "stage_1_restrained_charges": null, "stage_2_unrestrained_charges": null, "stage_2_restrained_charges": null, "keep_original_orientation": false, "reorientations": [], "translations": [], "rotations": []}}, {"index": 3, "molecule": {"qcmol": {"schema_name": "qcschema_molecule", "schema_version": 2, "validated": true, "symbols": ["C", "C", "C", "C", "C", "N", "H", "H", "H", "H", "H", "H", "H", "H", "H", "H", "H", "H", "H"], "geometry": [[0.0, 0.0, 0.0], [2.8907474076886546, 1.825747074670244e-16, 4.37738613441583e-16], [4.092779049332912, 2.6363409712350063, 2.1649348980190553e-15], [3.608306128549317, 4.1804278032219555, -2.3994185961089824], [5.043580954634201, 6.696701728359495, -2.4905100148559782], [4.387733763647066, 8.559331838874357, -0.5778759881562519], [-0.7377993278249737, 1.064628896944967, 1.5939440716437576], [-0.7678718840145309, 0.8246974183325227, -1.7126741883568128], [-0.7274078914147687, -1.913098179113077, 0.1403026544905556], [3.549599912967539, -1.0151263761929155, 1.660326154171152], [3.5735267638678017, -1.0567573424997032, -1.6260919216370606], [3.417473880904852, 3.670936832617514, 1.6441031578770895], [6.124622846940427, 2.425336461267958, 0.24556252945306972], [4.158411890941497, 3.0626466692823024, -4.037937362512143], [1.5977512721185765, 4.558892778513184, -2.6059029419103736], [7.059935939869913, 6.341210537716476, -2.3433528314379166], [4.744357500752299, 7.5666270501432455, -4.3240211617250575], [4.784465028274859, 7.92981291085134, 1.1613472552296975], [2.5345893640792707, 8.948792730172148, -0.6224483035068056]], "name": "C5H13N", "identifiers": {"molecule_hash": "0243eb1fdbd32da3fb312fecb53ed5ba961ab789", "molecular_formula": "C5H13N"}, "molecular_charge": 0.0, "molecular_multiplicity": 1, "connectivity": [[0, 1, 1.0], [0, 6, 1.0], [0, 7, 1.0], [0, 8, 1.0], [1, 2, 1.0], [1, 9, 1.0], [1, 10, 1.0], [2, 3, 1.0], [2, 11, 1.0], [2, 12, 1.0], [3, 4, 1.0], [3, 13, 1.0], [3, 14, 1.0], [4, 5, 1.0], [4, 15, 1.0], [4, 16, 1.0], [5, 17, 1.0], [5, 18, 1.0]], "fix_com": true, "fix_orientation": true, "provenance": {"creator": "QCElemental", "version": "v0.22.0", "routine": "qcelemental.molparse.from_schema"}, "id": "45518"}, "charge": 0, "optimize_geometry": false, "conformers": [], "conformer_generation_options": {"n_conformer_pool": 4000, "n_max_conformers": 0, "rms_tolerance": 0.05, "energy_window": 15, "keep_original_conformer": true}, "stage_1_unrestrained_charges": null, "stage_1_restrained_charges": null, "stage_2_unrestrained_charges": null, "stage_2_restrained_charges": null, "keep_original_orientation": false, "reorientations": [], "translations": [], "rotations": []}}, {"index": 4, "molecule": {"qcmol": {"schema_name": "qcschema_molecule", "schema_version": 2, "validated": true, "symbols": ["C", "C", "C", "C", "C", "N", "H", "H", "H", "H", "H", "H", "H", "H", "H", "H", "H", "H", "H"], "geometry": [[0.0, 0.0, 0.0], [2.8907474076886546, 1.825747074670244e-16, 4.37738613441583e-16], [4.092779049332912, 2.6363409712350063, 2.1649348980190553e-15], [3.608306128549317, 4.1804278032219555, -2.3994185961089824], [5.043580954634201, 6.696701728359495, -2.4905100148559782], [4.387733763647066, 8.559331838874357, -0.5778759881562519], [-0.7377993278249737, 1.064628896944967, 1.5939440716437576], [-0.7678718840145309, 0.8246974183325227, -1.7126741883568128], [-0.7274078914147687, -1.913098179113077, 0.1403026544905556], [3.549599912967539, -1.0151263761929155, 1.660326154171152], [3.5735267638678017, -1.0567573424997032, -1.6260919216370606], [3.417473880904852, 3.670936832617514, 1.6441031578770895], [6.124622846940427, 2.425336461267958, 0.24556252945306972], [4.158411890941497, 3.0626466692823024, -4.037937362512143], [1.5977512721185765, 4.558892778513184, -2.6059029419103736], [7.059935939869913, 6.341210537716476, -2.3433528314379166], [4.744357500752299, 7.5666270501432455, -4.3240211617250575], [4.784465028274859, 7.92981291085134, 1.1613472552296975], [2.5345893640792707, 8.948792730172148, -0.6224483035068056]], "name": "C5H13N", "identifiers": {"molecule_hash": "0243eb1fdbd32da3fb312fecb53ed5ba961ab789", "molecular_formula": "C5H13N"}, "molecular_charge": 0.0, "molecular_multiplicity": 1, "connectivity": [[0, 1, 1.0], [0, 6, 1.0], [0, 7, 1.0], [0, 8, 1.0], [1, 2, 1.0], [1, 9, 1.0], [1, 10, 1.0], [2, 3, 1.0], [2, 11, 1.0], [2, 12, 1.0], [3, 4, 1.0], [3, 13, 1.0], [3, 14, 1.0], [4, 5, 1.0], [4, 15, 1.0], [4, 16, 1.0], [5, 17, 1.0], [5, 18, 1.0]], "fix_com": true, "fix_orientation": true, "provenance": {"creator": "QCElemental", "version": "v0.22.0", "routine": "qcelemental.molparse.from_schema"}, "id": "45518"}, "charge": 0, "optimize_geometry": false, "conformers": [], "conformer_generation_options": {"n_conformer_pool": 4000, "n_max_conformers": 0, "rms_tolerance": 0.05, "energy_window": 15, "keep_original_conformer": true}, "stage_1_unrestrained_charges": null, "stage_1_restrained_charges": null, "stage_2_unrestrained_charges": null, "stage_2_restrained_charges": null, "keep_original_orientation": false, "reorientations": [], "translations": [], "rotations": []}}]}, "surface_constraints": {"matrix": [[134641734797856.9, 130356787029979.9, 125121103213726.62, 119905287667305.95, 112223584176186.58, 107160699153240.48, 135428097433778.8, 135057916984511.72, 134973826821594.3, 129575756640256.83, 129847777790286.36, 125922498570448.92, 122997572288669.56, 120607295350912.42, 120085270772977.11, 110812940524581.75, 110602311552992.45, 107884499176039.72, 106494982288507.02], [130356787029979.9, 133809644402639.73, 130152953485664.11, 124953357363426.03, 117472287601427.98, 111644310627292.02, 129131607335263.5, 128845332074129.69, 128758784946493.92, 135302955761193.5, 135600627348637.12, 129999077978937.55, 129956356314454.5, 125489972212303.61, 124983369529156.4, 116068962931485.0, 116545045040330.92, 111474809879765.6, 110883143483365.9], [125121103213726.62, 130152953485664.11, 133638908157957.34, 129939000556976.4, 124517426420510.23, 119300087861383.33, 124430782082607.2, 123000551020807.12, 122812092565686.16, 129604683107654.02, 129853536177520.08, 135676357960293.05, 135510351312826.98, 129770795052784.2, 129839996777162.7, 123761515021316.9, 123640311089829.97, 119504539088199.28, 117979163851894.33], [119905287667305.95, 124953357363426.03, 129939000556976.4, 133384093307174.42, 129416781756285.5, 124596103547446.72, 118959904273328.73, 117972399334269.06, 117846482560944.34, 123689461515739.62, 124525163125459.67, 129831961903815.2, 129648501993803.34, 135406902277471.02, 135444981472906.14, 128859338181920.83, 128812988645469.3, 124511447674593.83, 123249306497699.72], [112223584176186.58, 117472287601427.98, 124517426420510.23, 129416781756285.5, 132582808118878.39, 129442740447793.2, 111735642897900.0, 109808061263270.84, 110174473162899.39, 115692702834410.0, 116566162740223.64, 124505517793152.48, 125032726595126.42, 129342063018787.62, 129371081739497.92, 134069311063476.38, 134030795246714.75, 128415670157697.81, 128173440986659.66], [107160699153240.48, 111644310627292.02, 119300087861383.33, 124596103547446.72, 129442740447793.2, 133685581939193.92, 106807630779389.27, 105207035128501.22, 105155453343244.83, 109318203791525.14, 110363218729195.19, 120141647831389.98, 119356937295186.2, 124225997244912.62, 124130930032567.39, 128575999310602.73, 128821703085161.5, 134231243815396.48, 133996495533809.4], [135428097433778.8, 129131607335263.5, 124430782082607.2, 118959904273328.73, 111735642897900.0, 106807630779389.27, 142126324718555.78, 133723900135342.73, 133731966647089.95, 126817532961916.33, 128205970055253.56, 125895753516420.1, 122219010336897.16, 119467015051782.06, 118791936394938.56, 110872672465204.11, 109689686766810.3, 107995301273024.17, 106279319873932.1], [135057916984511.72, 128845332074129.69, 123000551020807.12, 117972399334269.06, 109808061263270.84, 105207035128501.22, 133723900135342.73, 141365569322816.12, 133289903980647.42, 127609158935337.45, 127859257558550.36, 123897844444935.58, 120237983791851.23, 119068386423982.88, 118346345871962.34, 107684006578824.42, 108235916779855.25, 105607772303985.73, 104902294795358.61], [134973826821594.3, 128758784946493.92, 122812092565686.16, 117846482560944.34, 110174473162899.39, 105155453343244.83, 133731966647089.95, 133289903980647.42, 141077330332206.0, 128149353124306.7, 127278291849310.47, 123500435662913.81, 120173975309154.17, 118510392518183.08, 118335815830409.52, 108937169051973.16, 108443249998802.11, 106375818648615.55, 104113968539169.17], [129575756640256.83, 135302955761193.5, 129604683107654.02, 123689461515739.62, 115692702834410.0, 109318203791525.14, 126817532961916.33, 127609158935337.45, 128149353124306.7, 142472148959525.1, 134941546561564.64, 128359323535745.22, 129496293396253.88, 123415622860420.73, 124500369974031.3, 114026078308486.75, 115275379897019.53, 108477260862948.36, 108311782163947.45], [129847777790286.36, 135600627348637.12, 129853536177520.08, 124525163125459.67, 116566162740223.64, 110363218729195.19, 128205970055253.56, 127859257558550.36, 127278291849310.47, 134941546561564.64, 143118749705915.16, 128184088278003.47, 129575031381265.0, 126199054345671.72, 123739537138547.27, 115033670106871.06, 115775204753825.33, 109799313301028.98, 110189460504813.86], [125922498570448.92, 129999077978937.55, 135676357960293.05, 129831961903815.2, 124505517793152.48, 120141647831389.98, 125895753516420.1, 123897844444935.58, 123500435662913.81, 128359323535745.22, 128184088278003.47, 143345349336466.22, 135503489785530.55, 127775426994222.55, 129803203375523.94, 124457016859819.72, 122295550972669.02, 121232409819414.14, 118371845541729.6], [122997572288669.56, 129956356314454.5, 135510351312826.98, 129648501993803.34, 125032726595126.42, 119356937295186.2, 122219010336897.16, 120237983791851.23, 120173975309154.17, 129496293396253.88, 129575031381265.0, 135503489785530.55, 142907753145800.16, 128961104825020.36, 127620903100015.9, 123994219133206.39, 125393298587807.92, 119238926835807.14, 118059363990256.16], [120607295350912.42, 125489972212303.61, 129770795052784.2, 135406902277471.02, 129342063018787.62, 124225997244912.62, 119467015051782.06, 119068386423982.88, 118510392518183.08, 123415622860420.73, 126199054345671.72, 127775426994222.55, 128961104825020.36, 143038625150696.1, 135385011277083.45, 127748757936042.9, 128294952002691.66, 123912988416269.33, 123553476719808.83], [120085270772977.11, 124983369529156.4, 129839996777162.7, 135444981472906.14, 129371081739497.92, 124130930032567.39, 118791936394938.56, 118346345871962.34, 118335815830409.52, 124500369974031.3, 123739537138547.27, 129803203375523.94, 127620903100015.9, 135385011277083.45, 143063236901968.6, 128395233904908.2, 127824325706109.3, 124648443175281.36, 122054550426987.8], [110812940524581.75, 116068962931485.0, 123761515021316.9, 128859338181920.83, 134069311063476.38, 128575999310602.73, 110872672465204.11, 107684006578824.42, 108937169051973.16, 114026078308486.75, 115033670106871.06, 124457016859819.72, 123994219133206.39, 127748757936042.9, 128395233904908.2, 141211997553488.34, 133467360764452.0, 128141917271444.62, 125919039198697.1], [110602311552992.45, 116545045040330.92, 123640311089829.97, 128812988645469.3, 134030795246714.75, 128821703085161.5, 109689686766810.3, 108235916779855.25, 108443249998802.11, 115275379897019.53, 115775204753825.33, 122295550972669.02, 125393298587807.92, 128294952002691.66, 127824325706109.3, 133467360764452.0, 141069984421480.75, 125028540722970.02, 127633115928558.83], [107884499176039.72, 111474809879765.6, 119504539088199.28, 124511447674593.83, 128415670157697.81, 134231243815396.48, 107995301273024.17, 105607772303985.73, 106375818648615.55, 108477260862948.36, 109799313301028.98, 121232409819414.14, 119238926835807.14, 123912988416269.33, 124648443175281.36, 128141917271444.62, 125028540722970.02, 140010523384255.62, 132977023629475.16], [106494982288507.02, 110883143483365.9, 117979163851894.33, 123249306497699.72, 128173440986659.66, 133996495533809.4, 106279319873932.1, 104902294795358.61, 104113968539169.17, 108311782163947.45, 110189460504813.86, 118371845541729.6, 118059363990256.16, 123553476719808.83, 122054550426987.8, 125919039198697.1, 127633115928558.83, 132977023629475.16, 139508382109579.98], [1714487610719.5403, 1675197708459.5579, 1490506540014.5308, 1259720053738.3657, 464211659428.4758, -358696844097.3907, 1868684852557.3596, 1594648179823.4792, 1720733636397.4421, 1522650966599.9233, 1839746812886.5176, 1445732743214.7737, 1513089945057.3118, 1511339649917.5603, 1328202928094.8645, 713202004401.299, 70686158186.22844, 606791467099.1041, 600029940876.3303]]}}