{"resp_b": 0.1, "restrained_fit": true, "exclude_hydrogens": true, "convergence_tolerance": 1e-06, "max_iter": 500, "resp_a": 0.0005, "charge_constraints": {"charge_sum_constraints": [], "charge_equivalence_constraints": [], "molecules": [{"qcmol": {"schema_name": "qcschema_molecule", "schema_version": 2, "validated": true, "symbols": ["C", "C", "C", "C", "C", "N", "H", "H", "H", "H", "H", "H", "H", "H", "H", "H", "H", "H", "H"], "geometry": [[0.0, 0.0, 0.0], [2.8907474076886546, 1.825747074670244e-16, 4.37738613441583e-16], [4.092779049332912, 2.6363409712350063, 2.1649348980190553e-15], [3.608306128549317, 4.1804278032219555, -2.3994185961089824], [5.043580954634201, 6.696701728359495, -2.4905100148559782], [4.387733763647066, 8.559331838874357, -0.5778759881562519], [-0.7377993278249737, 1.064628896944967, 1.5939440716437576], [-0.7678718840145309, 0.8246974183325227, -1.7126741883568128], [-0.7274078914147687, -1.913098179113077, 0.1403026544905556], [3.549599912967539, -1.0151263761929155, 1.660326154171152], [3.5735267638678017, -1.0567573424997032, -1.6260919216370606], [3.417473880904852, 3.670936832617514, 1.6441031578770895], [6.124622846940427, 2.425336461267958, 0.24556252945306972], [4.158411890941497, 3.0626466692823024, -4.037937362512143], [1.5977512721185765, 4.558892778513184, -2.6059029419103736], [7.059935939869913, 6.341210537716476, -2.3433528314379166], [4.744357500752299, 7.5666270501432455, -4.3240211617250575], [4.784465028274859, 7.92981291085134, 1.1613472552296975], [2.5345893640792707, 8.948792730172148, -0.6224483035068056]], "name": "C5H13N", "identifiers": {"molecule_hash": "0243eb1fdbd32da3fb312fecb53ed5ba961ab789", "molecular_formula": "C5H13N"}, "molecular_charge": 0.0, "molecular_multiplicity": 1, "connectivity": [[0, 1, 1.0], [0, 6, 1.0], [0, 7, 1.0], [0, 8, 1.0], [1, 2, 1.0], [1, 9, 1.0], [1, 10, 1.0], [2, 3, 1.0], [2, 11, 1.0], [2, 12, 1.0], [3, 4, 1.0], [3, 13, 1.0], [3, 14, 1.0], [4, 5, 1.0], [4, 15, 1.0], [4, 16, 1.0], [5, 17, 1.0], [5, 18, 1.0]], "fix_com": true, "fix_orientation": true, "provenance": {"creator": "QCElemental", "version": "v0.22.0", "routine": "qcelemental.molparse.from_schema"}, "id": "45518"}, "charge": 0, "optimize_geometry": false, "conformers": [], "conformer_generation_options": {"n_conformer_pool": 4000, "n_max_conformers": 0, "rms_tolerance": 0.05, "energy_window": 15, "keep_original_conformer": true}, "stage_1_unrestrained_charges": null, "stage_1_restrained_charges": null, "stage_2_unrestrained_charges": null, "stage_2_restrained_charges": null, "keep_original_orientation": false, "reorientations": [], "translations": [], "rotations": []}], "unconstrained_atoms": [{"index": 0, "molecule": {"qcmol": {"schema_name": "qcschema_molecule", "schema_version": 2, "validated": true, "symbols": ["C", "C", "C", "C", "C", "N", "H", "H", "H", "H", "H", "H", "H", "H", "H", "H", "H", "H", "H"], "geometry": [[0.0, 0.0, 0.0], [2.8907474076886546, 1.825747074670244e-16, 4.37738613441583e-16], [4.092779049332912, 2.6363409712350063, 2.1649348980190553e-15], [3.608306128549317, 4.1804278032219555, -2.3994185961089824], [5.043580954634201, 6.696701728359495, -2.4905100148559782], [4.387733763647066, 8.559331838874357, -0.5778759881562519], [-0.7377993278249737, 1.064628896944967, 1.5939440716437576], [-0.7678718840145309, 0.8246974183325227, -1.7126741883568128], [-0.7274078914147687, -1.913098179113077, 0.1403026544905556], [3.549599912967539, -1.0151263761929155, 1.660326154171152], [3.5735267638678017, -1.0567573424997032, -1.6260919216370606], [3.417473880904852, 3.670936832617514, 1.6441031578770895], [6.124622846940427, 2.425336461267958, 0.24556252945306972], [4.158411890941497, 3.0626466692823024, -4.037937362512143], [1.5977512721185765, 4.558892778513184, -2.6059029419103736], [7.059935939869913, 6.341210537716476, -2.3433528314379166], [4.744357500752299, 7.5666270501432455, -4.3240211617250575], [4.784465028274859, 7.92981291085134, 1.1613472552296975], [2.5345893640792707, 8.948792730172148, -0.6224483035068056]], "name": "C5H13N", "identifiers": {"molecule_hash": "0243eb1fdbd32da3fb312fecb53ed5ba961ab789", "molecular_formula": "C5H13N"}, "molecular_charge": 0.0, "molecular_multiplicity": 1, "connectivity": [[0, 1, 1.0], [0, 6, 1.0], [0, 7, 1.0], [0, 8, 1.0], [1, 2, 1.0], [1, 9, 1.0], [1, 10, 1.0], [2, 3, 1.0], [2, 11, 1.0], [2, 12, 1.0], [3, 4, 1.0], [3, 13, 1.0], [3, 14, 1.0], [4, 5, 1.0], [4, 15, 1.0], [4, 16, 1.0], [5, 17, 1.0], [5, 18, 1.0]], "fix_com": true, "fix_orientation": true, "provenance": {"creator": "QCElemental", "version": "v0.22.0", "routine": "qcelemental.molparse.from_schema"}, "id": "45518"}, "charge": 0, "optimize_geometry": false, "conformers": [], "conformer_generation_options": {"n_conformer_pool": 4000, "n_max_conformers": 0, "rms_tolerance": 0.05, "energy_window": 15, "keep_original_conformer": true}, "stage_1_unrestrained_charges": null, "stage_1_restrained_charges": null, "stage_2_unrestrained_charges": null, "stage_2_restrained_charges": null, "keep_original_orientation": false, "reorientations": [], "translations": [], "rotations": []}}, {"index": 1, "molecule": {"qcmol": {"schema_name": "qcschema_molecule", "schema_version": 2, "validated": true, "symbols": ["C", "C", "C", "C", "C", "N", "H", "H", "H", "H", "H", "H", "H", "H", "H", "H", "H", "H", "H"], "geometry": [[0.0, 0.0, 0.0], [2.8907474076886546, 1.825747074670244e-16, 4.37738613441583e-16], [4.092779049332912, 2.6363409712350063, 2.1649348980190553e-15], [3.608306128549317, 4.1804278032219555, -2.3994185961089824], [5.043580954634201, 6.696701728359495, -2.4905100148559782], [4.387733763647066, 8.559331838874357, -0.5778759881562519], [-0.7377993278249737, 1.064628896944967, 1.5939440716437576], [-0.7678718840145309, 0.8246974183325227, -1.7126741883568128], [-0.7274078914147687, -1.913098179113077, 0.1403026544905556], [3.549599912967539, -1.0151263761929155, 1.660326154171152], [3.5735267638678017, -1.0567573424997032, -1.6260919216370606], [3.417473880904852, 3.670936832617514, 1.6441031578770895], [6.124622846940427, 2.425336461267958, 0.24556252945306972], [4.158411890941497, 3.0626466692823024, -4.037937362512143], [1.5977512721185765, 4.558892778513184, -2.6059029419103736], [7.059935939869913, 6.341210537716476, -2.3433528314379166], [4.744357500752299, 7.5666270501432455, -4.3240211617250575], [4.784465028274859, 7.92981291085134, 1.1613472552296975], [2.5345893640792707, 8.948792730172148, -0.6224483035068056]], "name": "C5H13N", "identifiers": {"molecule_hash": "0243eb1fdbd32da3fb312fecb53ed5ba961ab789", "molecular_formula": "C5H13N"}, "molecular_charge": 0.0, "molecular_multiplicity": 1, "connectivity": [[0, 1, 1.0], [0, 6, 1.0], [0, 7, 1.0], [0, 8, 1.0], [1, 2, 1.0], [1, 9, 1.0], [1, 10, 1.0], [2, 3, 1.0], [2, 11, 1.0], [2, 12, 1.0], [3, 4, 1.0], [3, 13, 1.0], [3, 14, 1.0], [4, 5, 1.0], [4, 15, 1.0], [4, 16, 1.0], [5, 17, 1.0], [5, 18, 1.0]], "fix_com": true, "fix_orientation": true, "provenance": {"creator": "QCElemental", "version": "v0.22.0", "routine": "qcelemental.molparse.from_schema"}, "id": "45518"}, "charge": 0, "optimize_geometry": false, "conformers": [], "conformer_generation_options": {"n_conformer_pool": 4000, "n_max_conformers": 0, "rms_tolerance": 0.05, "energy_window": 15, "keep_original_conformer": true}, "stage_1_unrestrained_charges": null, "stage_1_restrained_charges": null, "stage_2_unrestrained_charges": null, "stage_2_restrained_charges": null, "keep_original_orientation": false, "reorientations": [], "translations": [], "rotations": []}}, {"index": 2, "molecule": {"qcmol": {"schema_name": "qcschema_molecule", "schema_version": 2, "validated": true, "symbols": ["C", "C", "C", "C", "C", "N", "H", "H", "H", "H", "H", "H", "H", "H", "H", "H", "H", "H", "H"], "geometry": [[0.0, 0.0, 0.0], [2.8907474076886546, 1.825747074670244e-16, 4.37738613441583e-16], [4.092779049332912, 2.6363409712350063, 2.1649348980190553e-15], [3.608306128549317, 4.1804278032219555, -2.3994185961089824], [5.043580954634201, 6.696701728359495, -2.4905100148559782], [4.387733763647066, 8.559331838874357, -0.5778759881562519], [-0.7377993278249737, 1.064628896944967, 1.5939440716437576], [-0.7678718840145309, 0.8246974183325227, -1.7126741883568128], [-0.7274078914147687, -1.913098179113077, 0.1403026544905556], [3.549599912967539, -1.0151263761929155, 1.660326154171152], [3.5735267638678017, -1.0567573424997032, -1.6260919216370606], [3.417473880904852, 3.670936832617514, 1.6441031578770895], [6.124622846940427, 2.425336461267958, 0.24556252945306972], [4.158411890941497, 3.0626466692823024, -4.037937362512143], [1.5977512721185765, 4.558892778513184, -2.6059029419103736], [7.059935939869913, 6.341210537716476, -2.3433528314379166], [4.744357500752299, 7.5666270501432455, -4.3240211617250575], [4.784465028274859, 7.92981291085134, 1.1613472552296975], [2.5345893640792707, 8.948792730172148, -0.6224483035068056]], "name": "C5H13N", "identifiers": {"molecule_hash": "0243eb1fdbd32da3fb312fecb53ed5ba961ab789", "molecular_formula": "C5H13N"}, "molecular_charge": 0.0, "molecular_multiplicity": 1, "connectivity": [[0, 1, 1.0], [0, 6, 1.0], [0, 7, 1.0], [0, 8, 1.0], [1, 2, 1.0], [1, 9, 1.0], [1, 10, 1.0], [2, 3, 1.0], [2, 11, 1.0], [2, 12, 1.0], [3, 4, 1.0], [3, 13, 1.0], [3, 14, 1.0], [4, 5, 1.0], [4, 15, 1.0], [4, 16, 1.0], [5, 17, 1.0], [5, 18, 1.0]], "fix_com": true, "fix_orientation": true, "provenance": {"creator": "QCElemental", "version": "v0.22.0", "routine": "qcelemental.molparse.from_schema"}, "id": "45518"}, "charge": 0, "optimize_geometry": false, "conformers": [], "conformer_generation_options": {"n_conformer_pool": 4000, "n_max_conformers": 0, "rms_tolerance": 0.05, "energy_window": 15, "keep_original_conformer": true}, "stage_1_unrestrained_charges": null, "stage_1_restrained_charges": null, "stage_2_unrestrained_charges": null, "stage_2_restrained_charges": null, "keep_original_orientation": false, "reorientations": [], "translations": [], "rotations": []}}, {"index": 3, "molecule": {"qcmol": {"schema_name": "qcschema_molecule", "schema_version": 2, "validated": true, "symbols": ["C", "C", "C", "C", "C", "N", "H", "H", "H", "H", "H", "H", "H", "H", "H", "H", "H", "H", "H"], "geometry": [[0.0, 0.0, 0.0], [2.8907474076886546, 1.825747074670244e-16, 4.37738613441583e-16], [4.092779049332912, 2.6363409712350063, 2.1649348980190553e-15], [3.608306128549317, 4.1804278032219555, -2.3994185961089824], [5.043580954634201, 6.696701728359495, -2.4905100148559782], [4.387733763647066, 8.559331838874357, -0.5778759881562519], [-0.7377993278249737, 1.064628896944967, 1.5939440716437576], [-0.7678718840145309, 0.8246974183325227, -1.7126741883568128], [-0.7274078914147687, -1.913098179113077, 0.1403026544905556], [3.549599912967539, -1.0151263761929155, 1.660326154171152], [3.5735267638678017, -1.0567573424997032, -1.6260919216370606], [3.417473880904852, 3.670936832617514, 1.6441031578770895], [6.124622846940427, 2.425336461267958, 0.24556252945306972], [4.158411890941497, 3.0626466692823024, -4.037937362512143], [1.5977512721185765, 4.558892778513184, -2.6059029419103736], [7.059935939869913, 6.341210537716476, -2.3433528314379166], [4.744357500752299, 7.5666270501432455, -4.3240211617250575], [4.784465028274859, 7.92981291085134, 1.1613472552296975], [2.5345893640792707, 8.948792730172148, -0.6224483035068056]], "name": "C5H13N", "identifiers": {"molecule_hash": "0243eb1fdbd32da3fb312fecb53ed5ba961ab789", "molecular_formula": "C5H13N"}, "molecular_charge": 0.0, "molecular_multiplicity": 1, "connectivity": [[0, 1, 1.0], [0, 6, 1.0], [0, 7, 1.0], [0, 8, 1.0], [1, 2, 1.0], [1, 9, 1.0], [1, 10, 1.0], [2, 3, 1.0], [2, 11, 1.0], [2, 12, 1.0], [3, 4, 1.0], [3, 13, 1.0], [3, 14, 1.0], [4, 5, 1.0], [4, 15, 1.0], [4, 16, 1.0], [5, 17, 1.0], [5, 18, 1.0]], "fix_com": true, "fix_orientation": true, "provenance": {"creator": "QCElemental", "version": "v0.22.0", "routine": "qcelemental.molparse.from_schema"}, "id": "45518"}, "charge": 0, "optimize_geometry": false, "conformers": [], "conformer_generation_options": {"n_conformer_pool": 4000, "n_max_conformers": 0, "rms_tolerance": 0.05, "energy_window": 15, "keep_original_conformer": true}, "stage_1_unrestrained_charges": null, "stage_1_restrained_charges": null, "stage_2_unrestrained_charges": null, "stage_2_restrained_charges": null, "keep_original_orientation": false, "reorientations": [], "translations": [], "rotations": []}}, {"index": 4, "molecule": {"qcmol": {"schema_name": "qcschema_molecule", "schema_version": 2, "validated": true, "symbols": ["C", "C", "C", "C", "C", "N", "H", "H", "H", "H", "H", "H", "H", "H", "H", "H", "H", "H", "H"], "geometry": [[0.0, 0.0, 0.0], [2.8907474076886546, 1.825747074670244e-16, 4.37738613441583e-16], [4.092779049332912, 2.6363409712350063, 2.1649348980190553e-15], [3.608306128549317, 4.1804278032219555, -2.3994185961089824], [5.043580954634201, 6.696701728359495, -2.4905100148559782], [4.387733763647066, 8.559331838874357, -0.5778759881562519], [-0.7377993278249737, 1.064628896944967, 1.5939440716437576], [-0.7678718840145309, 0.8246974183325227, -1.7126741883568128], [-0.7274078914147687, -1.913098179113077, 0.1403026544905556], [3.549599912967539, -1.0151263761929155, 1.660326154171152], [3.5735267638678017, -1.0567573424997032, -1.6260919216370606], [3.417473880904852, 3.670936832617514, 1.6441031578770895], [6.124622846940427, 2.425336461267958, 0.24556252945306972], [4.158411890941497, 3.0626466692823024, -4.037937362512143], [1.5977512721185765, 4.558892778513184, -2.6059029419103736], [7.059935939869913, 6.341210537716476, -2.3433528314379166], [4.744357500752299, 7.5666270501432455, -4.3240211617250575], [4.784465028274859, 7.92981291085134, 1.1613472552296975], [2.5345893640792707, 8.948792730172148, -0.6224483035068056]], "name": "C5H13N", "identifiers": {"molecule_hash": "0243eb1fdbd32da3fb312fecb53ed5ba961ab789", "molecular_formula": "C5H13N"}, "molecular_charge": 0.0, "molecular_multiplicity": 1, "connectivity": [[0, 1, 1.0], [0, 6, 1.0], [0, 7, 1.0], [0, 8, 1.0], [1, 2, 1.0], [1, 9, 1.0], [1, 10, 1.0], [2, 3, 1.0], [2, 11, 1.0], [2, 12, 1.0], [3, 4, 1.0], [3, 13, 1.0], [3, 14, 1.0], [4, 5, 1.0], [4, 15, 1.0], [4, 16, 1.0], [5, 17, 1.0], [5, 18, 1.0]], "fix_com": true, "fix_orientation": true, "provenance": {"creator": "QCElemental", "version": "v0.22.0", "routine": "qcelemental.molparse.from_schema"}, "id": "45518"}, "charge": 0, "optimize_geometry": false, "conformers": [], "conformer_generation_options": {"n_conformer_pool": 4000, "n_max_conformers": 0, "rms_tolerance": 0.05, "energy_window": 15, "keep_original_conformer": true}, "stage_1_unrestrained_charges": null, "stage_1_restrained_charges": null, "stage_2_unrestrained_charges": null, "stage_2_restrained_charges": null, "keep_original_orientation": false, "reorientations": [], "translations": [], "rotations": []}}]}, "surface_constraints": {"matrix": [[132535202534839.95, 128300630647857.34, 123115034333551.53, 117836754147040.0, 110171772706655.34, 105137584833929.86, 133274352470554.05, 132970322738110.47, 132864979365548.0, 127567015580702.4, 127779039209371.47, 123940719118949.81, 121055773389576.45, 118478923655419.66, 117996997505651.2, 108825098219456.92, 108557557791255.8, 105582630601340.3, 104366770064264.53], [128300630647857.34, 131657344555648.58, 128048490877223.06, 122887303478321.97, 115467592876559.4, 109708916493078.88, 127088086878721.38, 126853158532123.45, 126746419457949.23, 133133113439190.1, 133361884738589.7, 127907662189580.28, 127862740601383.7, 123394371918557.84, 122917522316544.0, 114106340862280.27, 114564167787704.25, 109321137485862.22, 108843401896725.81], [123115034333551.53, 128048490877223.06, 131457807127164.1, 127786548210038.77, 122433942921083.78, 117345367765108.22, 122404674733078.4, 121045169924781.75, 120865079409538.1, 127533454540026.0, 127713106422231.64, 133456364443286.52, 133275521691053.25, 127604156552084.28, 127689257318149.36, 121696725484929.72, 121560095705462.17, 117365654580486.77, 115970670506673.72], [117836754147040.0, 122887303478321.97, 127786548210038.77, 131110512262461.42, 127215482528457.4, 122570330981762.7, 116863118150474.1, 115904043289999.75, 115808889021797.97, 121687161842401.81, 122454076556020.1, 127703614978193.64, 127500502264164.88, 133059170175806.78, 133102266372800.56, 126674920141139.75, 126620771049634.77, 122339411454987.62, 121181783372780.28], [110171772706655.34, 115467592876559.4, 122433942921083.78, 127215482528457.4, 130326984735852.89, 127321899819573.8, 109627204965128.61, 107752960600060.23, 108153639365360.5, 113757726434368.17, 114581545909988.56, 122425043535855.81, 122957413566790.19, 127127586599846.23, 127160930411788.58, 131788260727964.8, 131733004107137.66, 126287239291727.11, 126071993503710.3], [105137584833929.86, 109708916493078.88, 117345367765108.22, 122570330981762.7, 127321899819573.8, 131430912296214.72, 104700081014856.42, 103155514569466.14, 103179770373117.31, 107417940382507.66, 108481400188065.66, 118166743246756.11, 117439123148129.27, 122212777705816.81, 122129611128966.9, 126525920744832.8, 126715257334427.05, 132008178543332.44, 131804934741140.16], [133274352470554.05, 127088086878721.38, 122404674733078.4, 116863118150474.1, 109627204965128.61, 104700081014856.42, 139769266773359.0, 131634370965920.58, 131616996812464.1, 124862701677086.22, 126186726489757.86, 123851909453667.95, 120265864972612.55, 117349588851627.7, 116649980039608.36, 108796943128757.5, 107626686198178.48, 105570780192155.08, 104040228395951.2], [132970322738110.47, 126853158532123.45, 121045169924781.75, 115904043289999.75, 107752960600060.23, 103155514569466.14, 131634370965920.58, 139127464163706.94, 131266222758064.55, 125691898224661.98, 125878191817803.03, 121975481244437.33, 118377109512871.1, 116889084051663.17, 116277241066716.62, 105730706723744.66, 106168466697969.47, 103289545010361.06, 102729986052849.47], [132864979365548.0, 126746419457949.23, 120865079409538.1, 115808889021797.97, 108153639365360.5, 103179770373117.31, 131616996812464.1, 131266222758064.55, 138813297968973.72, 126191503134000.61, 125278612871856.95, 121604339331292.42, 118295274461628.34, 116397877353937.9, 116264107765906.12, 106989575365780.12, 106405416055210.05, 104091537786696.72, 102075351501090.34], [127567015580702.4, 133133113439190.1, 127533454540026.0, 121687161842401.81, 113757726434368.17, 107417940382507.66, 124862701677086.22, 125691898224661.98, 126191503134000.61, 140122049633740.27, 132734448499169.66, 126327721527101.78, 127438543811008.03, 121424378924668.9, 122468007884291.72, 112146033119254.97, 113376290493593.19, 106390171276927.73, 106304608547219.44], [127779039209371.47, 133361884738589.7, 127713106422231.64, 122454076556020.1, 114581545909988.56, 108481400188065.66, 126186726489757.86, 125878191817803.03, 125278612871856.95, 132734448499169.66, 140626958213190.52, 126090048088222.75, 127457934532544.89, 124060630945273.73, 121706491581991.58, 113076714026280.19, 113820692185383.36, 107711672169446.38, 108168711661990.48], [123940719118949.81, 127907662189580.28, 133456364443286.52, 127703614978193.64, 122425043535855.81, 118166743246756.11, 123851909453667.95, 121975481244437.33, 121604339331292.42, 126327721527101.78, 126090048088222.75, 140924582594261.5, 133271726759765.12, 125697293745247.02, 127697653783977.45, 122392005581975.0, 120210509912832.67, 119066189034023.12, 116361676865751.53], [121055773389576.45, 127862740601383.7, 133275521691053.25, 127500502264164.88, 122957413566790.19, 117439123148129.27, 120265864972612.55, 118377109512871.1, 118295274461628.34, 127438543811008.03, 127457934532544.89, 133271726759765.12, 140465367551133.38, 126816656127438.23, 125524045696988.94, 121918557562047.1, 123302835090701.16, 117142380278947.48, 116100535263330.44], [118478923655419.66, 123394371918557.84, 127604156552084.28, 133059170175806.78, 127127586599846.23, 122212777705816.81, 117349588851627.7, 116889084051663.17, 116397877353937.9, 121424378924668.9, 124060630945273.73, 125697293745247.02, 126816656127438.23, 140447574197235.44, 133019720474745.3, 125577270354119.45, 126114850559945.73, 121727368087201.08, 121434544340247.94], [117996997505651.2, 122917522316544.0, 127689257318149.36, 133102266372800.56, 127160930411788.58, 122129611128966.9, 116649980039608.36, 116277241066716.62, 116264107765906.12, 122468007884291.72, 121706491581991.58, 127697653783977.45, 125524045696988.94, 133019720474745.3, 140480967419352.23, 126224318532328.03, 125649578801284.89, 122463443097038.97, 120027422698844.36], [108825098219456.92, 114106340862280.27, 121696725484929.72, 126674920141139.75, 131788260727964.8, 126525920744832.8, 108796943128757.5, 105730706723744.66, 106989575365780.12, 112146033119254.97, 113076714026280.19, 122392005581975.0, 121918557562047.1, 125577270354119.45, 126224318532328.03, 138726054900183.27, 131200255552860.8, 126077157208300.17, 123869958788783.25], [108557557791255.8, 114564167787704.25, 121560095705462.17, 126620771049634.77, 131733004107137.66, 126715257334427.05, 107626686198178.48, 106168466697969.47, 106405416055210.05, 113376290493593.19, 113820692185383.36, 120210509912832.67, 123302835090701.16, 126114850559945.73, 125649578801284.89, 131200255552860.8, 138563919366756.47, 123032554468801.72, 125599433855178.11], [105582630601340.3, 109321137485862.22, 117365654580486.77, 122339411454987.62, 126287239291727.11, 132008178543332.44, 105570780192155.08, 103289545010361.06, 104091537786696.72, 106390171276927.73, 107711672169446.38, 119066189034023.12, 117142380278947.48, 121727368087201.08, 122463443097038.97, 126077157208300.17, 123032554468801.72, 137575005760157.1, 130781688065905.48], [104366770064264.53, 108843401896725.81, 115970670506673.72, 121181783372780.28, 126071993503710.3, 131804934741140.16, 104040228395951.2, 102729986052849.47, 102075351501090.34, 106304608547219.44, 108168711661990.48, 116361676865751.53, 116100535263330.44, 121434544340247.94, 120027422698844.36, 123869958788783.25, 125599433855178.11, 130781688065905.48, 137166228430540.98], [1434335327106.0386, 1363703631974.7722, 1204603715836.6113, 996117154718.7864, 319339063654.3104, -388978066465.4986, 1590560672678.1367, 1325129289693.905, 1448162734306.1492, 1204550589922.157, 1503747510286.588, 1169048842973.3838, 1226111471513.2034, 1199599747701.7314, 1043120683287.0432, 558989041179.757, -42613610184.8574, 483441563573.446, 472841520684.70746]]}}