{"resp_b": 0.1, "restrained_fit": true, "exclude_hydrogens": true, "convergence_tolerance": 1e-06, "max_iter": 500, "resp_a": 0.0005, "charge_constraints": {"charge_sum_constraints": [], "charge_equivalence_constraints": [], "molecules": [{"qcmol": {"schema_name": "qcschema_molecule", "schema_version": 2, "validated": true, "symbols": ["C", "C", "C", "C", "C", "N", "H", "H", "H", "H", "H", "H", "H", "H", "H", "H", "H", "H", "H"], "geometry": [[0.0, 0.0, 0.0], [2.8907474076886546, 1.825747074670244e-16, 4.37738613441583e-16], [4.092779049332912, 2.6363409712350063, 2.1649348980190553e-15], [3.608306128549317, 4.1804278032219555, -2.3994185961089824], [5.043580954634201, 6.696701728359495, -2.4905100148559782], [4.387733763647066, 8.559331838874357, -0.5778759881562519], [-0.7377993278249737, 1.064628896944967, 1.5939440716437576], [-0.7678718840145309, 0.8246974183325227, -1.7126741883568128], [-0.7274078914147687, -1.913098179113077, 0.1403026544905556], [3.549599912967539, -1.0151263761929155, 1.660326154171152], [3.5735267638678017, -1.0567573424997032, -1.6260919216370606], [3.417473880904852, 3.670936832617514, 1.6441031578770895], [6.124622846940427, 2.425336461267958, 0.24556252945306972], [4.158411890941497, 3.0626466692823024, -4.037937362512143], [1.5977512721185765, 4.558892778513184, -2.6059029419103736], [7.059935939869913, 6.341210537716476, -2.3433528314379166], [4.744357500752299, 7.5666270501432455, -4.3240211617250575], [4.784465028274859, 7.92981291085134, 1.1613472552296975], [2.5345893640792707, 8.948792730172148, -0.6224483035068056]], "name": "C5H13N", "identifiers": {"molecule_hash": "0243eb1fdbd32da3fb312fecb53ed5ba961ab789", "molecular_formula": "C5H13N"}, "molecular_charge": 0.0, "molecular_multiplicity": 1, "connectivity": [[0, 1, 1.0], [0, 6, 1.0], [0, 7, 1.0], [0, 8, 1.0], [1, 2, 1.0], [1, 9, 1.0], [1, 10, 1.0], [2, 3, 1.0], [2, 11, 1.0], [2, 12, 1.0], [3, 4, 1.0], [3, 13, 1.0], [3, 14, 1.0], [4, 5, 1.0], [4, 15, 1.0], [4, 16, 1.0], [5, 17, 1.0], [5, 18, 1.0]], "fix_com": true, "fix_orientation": true, "provenance": {"creator": "QCElemental", "version": "v0.22.0", "routine": "qcelemental.molparse.from_schema"}, "id": "45518"}, "charge": 0, "optimize_geometry": false, "conformers": [], "conformer_generation_options": {"n_conformer_pool": 4000, "n_max_conformers": 0, "rms_tolerance": 0.05, "energy_window": 15, "keep_original_conformer": true}, "stage_1_unrestrained_charges": null, "stage_1_restrained_charges": null, "stage_2_unrestrained_charges": null, "stage_2_restrained_charges": null, "keep_original_orientation": false, "reorientations": [], "translations": [], "rotations": []}], "unconstrained_atoms": [{"index": 0, "molecule": {"qcmol": {"schema_name": "qcschema_molecule", "schema_version": 2, "validated": true, "symbols": ["C", "C", "C", "C", "C", "N", "H", "H", "H", "H", "H", "H", "H", "H", "H", "H", "H", "H", "H"], "geometry": [[0.0, 0.0, 0.0], [2.8907474076886546, 1.825747074670244e-16, 4.37738613441583e-16], [4.092779049332912, 2.6363409712350063, 2.1649348980190553e-15], [3.608306128549317, 4.1804278032219555, -2.3994185961089824], [5.043580954634201, 6.696701728359495, -2.4905100148559782], [4.387733763647066, 8.559331838874357, -0.5778759881562519], [-0.7377993278249737, 1.064628896944967, 1.5939440716437576], [-0.7678718840145309, 0.8246974183325227, -1.7126741883568128], [-0.7274078914147687, -1.913098179113077, 0.1403026544905556], [3.549599912967539, -1.0151263761929155, 1.660326154171152], [3.5735267638678017, -1.0567573424997032, -1.6260919216370606], [3.417473880904852, 3.670936832617514, 1.6441031578770895], [6.124622846940427, 2.425336461267958, 0.24556252945306972], [4.158411890941497, 3.0626466692823024, -4.037937362512143], [1.5977512721185765, 4.558892778513184, -2.6059029419103736], [7.059935939869913, 6.341210537716476, -2.3433528314379166], [4.744357500752299, 7.5666270501432455, -4.3240211617250575], [4.784465028274859, 7.92981291085134, 1.1613472552296975], [2.5345893640792707, 8.948792730172148, -0.6224483035068056]], "name": "C5H13N", "identifiers": {"molecule_hash": "0243eb1fdbd32da3fb312fecb53ed5ba961ab789", "molecular_formula": "C5H13N"}, "molecular_charge": 0.0, "molecular_multiplicity": 1, "connectivity": [[0, 1, 1.0], [0, 6, 1.0], [0, 7, 1.0], [0, 8, 1.0], [1, 2, 1.0], [1, 9, 1.0], [1, 10, 1.0], [2, 3, 1.0], [2, 11, 1.0], [2, 12, 1.0], [3, 4, 1.0], [3, 13, 1.0], [3, 14, 1.0], [4, 5, 1.0], [4, 15, 1.0], [4, 16, 1.0], [5, 17, 1.0], [5, 18, 1.0]], "fix_com": true, "fix_orientation": true, "provenance": {"creator": "QCElemental", "version": "v0.22.0", "routine": "qcelemental.molparse.from_schema"}, "id": "45518"}, "charge": 0, "optimize_geometry": false, "conformers": [], "conformer_generation_options": {"n_conformer_pool": 4000, "n_max_conformers": 0, "rms_tolerance": 0.05, "energy_window": 15, "keep_original_conformer": true}, "stage_1_unrestrained_charges": null, "stage_1_restrained_charges": null, "stage_2_unrestrained_charges": null, "stage_2_restrained_charges": null, "keep_original_orientation": false, "reorientations": [], "translations": [], "rotations": []}}, {"index": 1, "molecule": {"qcmol": {"schema_name": "qcschema_molecule", "schema_version": 2, "validated": true, "symbols": ["C", "C", "C", "C", "C", "N", "H", "H", "H", "H", "H", "H", "H", "H", "H", "H", "H", "H", "H"], "geometry": [[0.0, 0.0, 0.0], [2.8907474076886546, 1.825747074670244e-16, 4.37738613441583e-16], [4.092779049332912, 2.6363409712350063, 2.1649348980190553e-15], [3.608306128549317, 4.1804278032219555, -2.3994185961089824], [5.043580954634201, 6.696701728359495, -2.4905100148559782], [4.387733763647066, 8.559331838874357, -0.5778759881562519], [-0.7377993278249737, 1.064628896944967, 1.5939440716437576], [-0.7678718840145309, 0.8246974183325227, -1.7126741883568128], [-0.7274078914147687, -1.913098179113077, 0.1403026544905556], [3.549599912967539, -1.0151263761929155, 1.660326154171152], [3.5735267638678017, -1.0567573424997032, -1.6260919216370606], [3.417473880904852, 3.670936832617514, 1.6441031578770895], [6.124622846940427, 2.425336461267958, 0.24556252945306972], [4.158411890941497, 3.0626466692823024, -4.037937362512143], [1.5977512721185765, 4.558892778513184, -2.6059029419103736], [7.059935939869913, 6.341210537716476, -2.3433528314379166], [4.744357500752299, 7.5666270501432455, -4.3240211617250575], [4.784465028274859, 7.92981291085134, 1.1613472552296975], [2.5345893640792707, 8.948792730172148, -0.6224483035068056]], "name": "C5H13N", "identifiers": {"molecule_hash": "0243eb1fdbd32da3fb312fecb53ed5ba961ab789", "molecular_formula": "C5H13N"}, "molecular_charge": 0.0, "molecular_multiplicity": 1, "connectivity": [[0, 1, 1.0], [0, 6, 1.0], [0, 7, 1.0], [0, 8, 1.0], [1, 2, 1.0], [1, 9, 1.0], [1, 10, 1.0], [2, 3, 1.0], [2, 11, 1.0], [2, 12, 1.0], [3, 4, 1.0], [3, 13, 1.0], [3, 14, 1.0], [4, 5, 1.0], [4, 15, 1.0], [4, 16, 1.0], [5, 17, 1.0], [5, 18, 1.0]], "fix_com": true, "fix_orientation": true, "provenance": {"creator": "QCElemental", "version": "v0.22.0", "routine": "qcelemental.molparse.from_schema"}, "id": "45518"}, "charge": 0, "optimize_geometry": false, "conformers": [], "conformer_generation_options": {"n_conformer_pool": 4000, "n_max_conformers": 0, "rms_tolerance": 0.05, "energy_window": 15, "keep_original_conformer": true}, "stage_1_unrestrained_charges": null, "stage_1_restrained_charges": null, "stage_2_unrestrained_charges": null, "stage_2_restrained_charges": null, "keep_original_orientation": false, "reorientations": [], "translations": [], "rotations": []}}, {"index": 2, "molecule": {"qcmol": {"schema_name": "qcschema_molecule", "schema_version": 2, "validated": true, "symbols": ["C", "C", "C", "C", "C", "N", "H", "H", "H", "H", "H", "H", "H", "H", "H", "H", "H", "H", "H"], "geometry": [[0.0, 0.0, 0.0], [2.8907474076886546, 1.825747074670244e-16, 4.37738613441583e-16], [4.092779049332912, 2.6363409712350063, 2.1649348980190553e-15], [3.608306128549317, 4.1804278032219555, -2.3994185961089824], [5.043580954634201, 6.696701728359495, -2.4905100148559782], [4.387733763647066, 8.559331838874357, -0.5778759881562519], [-0.7377993278249737, 1.064628896944967, 1.5939440716437576], [-0.7678718840145309, 0.8246974183325227, -1.7126741883568128], [-0.7274078914147687, -1.913098179113077, 0.1403026544905556], [3.549599912967539, -1.0151263761929155, 1.660326154171152], [3.5735267638678017, -1.0567573424997032, -1.6260919216370606], [3.417473880904852, 3.670936832617514, 1.6441031578770895], [6.124622846940427, 2.425336461267958, 0.24556252945306972], [4.158411890941497, 3.0626466692823024, -4.037937362512143], [1.5977512721185765, 4.558892778513184, -2.6059029419103736], [7.059935939869913, 6.341210537716476, -2.3433528314379166], [4.744357500752299, 7.5666270501432455, -4.3240211617250575], [4.784465028274859, 7.92981291085134, 1.1613472552296975], [2.5345893640792707, 8.948792730172148, -0.6224483035068056]], "name": "C5H13N", "identifiers": {"molecule_hash": "0243eb1fdbd32da3fb312fecb53ed5ba961ab789", "molecular_formula": "C5H13N"}, "molecular_charge": 0.0, "molecular_multiplicity": 1, "connectivity": [[0, 1, 1.0], [0, 6, 1.0], [0, 7, 1.0], [0, 8, 1.0], [1, 2, 1.0], [1, 9, 1.0], [1, 10, 1.0], [2, 3, 1.0], [2, 11, 1.0], [2, 12, 1.0], [3, 4, 1.0], [3, 13, 1.0], [3, 14, 1.0], [4, 5, 1.0], [4, 15, 1.0], [4, 16, 1.0], [5, 17, 1.0], [5, 18, 1.0]], "fix_com": true, "fix_orientation": true, "provenance": {"creator": "QCElemental", "version": "v0.22.0", "routine": "qcelemental.molparse.from_schema"}, "id": "45518"}, "charge": 0, "optimize_geometry": false, "conformers": [], "conformer_generation_options": {"n_conformer_pool": 4000, "n_max_conformers": 0, "rms_tolerance": 0.05, "energy_window": 15, "keep_original_conformer": true}, "stage_1_unrestrained_charges": null, "stage_1_restrained_charges": null, "stage_2_unrestrained_charges": null, "stage_2_restrained_charges": null, "keep_original_orientation": false, "reorientations": [], "translations": [], "rotations": []}}, {"index": 3, "molecule": {"qcmol": {"schema_name": "qcschema_molecule", "schema_version": 2, "validated": true, "symbols": ["C", "C", "C", "C", "C", "N", "H", "H", "H", "H", "H", "H", "H", "H", "H", "H", "H", "H", "H"], "geometry": [[0.0, 0.0, 0.0], [2.8907474076886546, 1.825747074670244e-16, 4.37738613441583e-16], [4.092779049332912, 2.6363409712350063, 2.1649348980190553e-15], [3.608306128549317, 4.1804278032219555, -2.3994185961089824], [5.043580954634201, 6.696701728359495, -2.4905100148559782], [4.387733763647066, 8.559331838874357, -0.5778759881562519], [-0.7377993278249737, 1.064628896944967, 1.5939440716437576], [-0.7678718840145309, 0.8246974183325227, -1.7126741883568128], [-0.7274078914147687, -1.913098179113077, 0.1403026544905556], [3.549599912967539, -1.0151263761929155, 1.660326154171152], [3.5735267638678017, -1.0567573424997032, -1.6260919216370606], [3.417473880904852, 3.670936832617514, 1.6441031578770895], [6.124622846940427, 2.425336461267958, 0.24556252945306972], [4.158411890941497, 3.0626466692823024, -4.037937362512143], [1.5977512721185765, 4.558892778513184, -2.6059029419103736], [7.059935939869913, 6.341210537716476, -2.3433528314379166], [4.744357500752299, 7.5666270501432455, -4.3240211617250575], [4.784465028274859, 7.92981291085134, 1.1613472552296975], [2.5345893640792707, 8.948792730172148, -0.6224483035068056]], "name": "C5H13N", "identifiers": {"molecule_hash": "0243eb1fdbd32da3fb312fecb53ed5ba961ab789", "molecular_formula": "C5H13N"}, "molecular_charge": 0.0, "molecular_multiplicity": 1, "connectivity": [[0, 1, 1.0], [0, 6, 1.0], [0, 7, 1.0], [0, 8, 1.0], [1, 2, 1.0], [1, 9, 1.0], [1, 10, 1.0], [2, 3, 1.0], [2, 11, 1.0], [2, 12, 1.0], [3, 4, 1.0], [3, 13, 1.0], [3, 14, 1.0], [4, 5, 1.0], [4, 15, 1.0], [4, 16, 1.0], [5, 17, 1.0], [5, 18, 1.0]], "fix_com": true, "fix_orientation": true, "provenance": {"creator": "QCElemental", "version": "v0.22.0", "routine": "qcelemental.molparse.from_schema"}, "id": "45518"}, "charge": 0, "optimize_geometry": false, "conformers": [], "conformer_generation_options": {"n_conformer_pool": 4000, "n_max_conformers": 0, "rms_tolerance": 0.05, "energy_window": 15, "keep_original_conformer": true}, "stage_1_unrestrained_charges": null, "stage_1_restrained_charges": null, "stage_2_unrestrained_charges": null, "stage_2_restrained_charges": null, "keep_original_orientation": false, "reorientations": [], "translations": [], "rotations": []}}, {"index": 4, "molecule": {"qcmol": {"schema_name": "qcschema_molecule", "schema_version": 2, "validated": true, "symbols": ["C", "C", "C", "C", "C", "N", "H", "H", "H", "H", "H", "H", "H", "H", "H", "H", "H", "H", "H"], "geometry": [[0.0, 0.0, 0.0], [2.8907474076886546, 1.825747074670244e-16, 4.37738613441583e-16], [4.092779049332912, 2.6363409712350063, 2.1649348980190553e-15], [3.608306128549317, 4.1804278032219555, -2.3994185961089824], [5.043580954634201, 6.696701728359495, -2.4905100148559782], [4.387733763647066, 8.559331838874357, -0.5778759881562519], [-0.7377993278249737, 1.064628896944967, 1.5939440716437576], [-0.7678718840145309, 0.8246974183325227, -1.7126741883568128], [-0.7274078914147687, -1.913098179113077, 0.1403026544905556], [3.549599912967539, -1.0151263761929155, 1.660326154171152], [3.5735267638678017, -1.0567573424997032, -1.6260919216370606], [3.417473880904852, 3.670936832617514, 1.6441031578770895], [6.124622846940427, 2.425336461267958, 0.24556252945306972], [4.158411890941497, 3.0626466692823024, -4.037937362512143], [1.5977512721185765, 4.558892778513184, -2.6059029419103736], [7.059935939869913, 6.341210537716476, -2.3433528314379166], [4.744357500752299, 7.5666270501432455, -4.3240211617250575], [4.784465028274859, 7.92981291085134, 1.1613472552296975], [2.5345893640792707, 8.948792730172148, -0.6224483035068056]], "name": "C5H13N", "identifiers": {"molecule_hash": "0243eb1fdbd32da3fb312fecb53ed5ba961ab789", "molecular_formula": "C5H13N"}, "molecular_charge": 0.0, "molecular_multiplicity": 1, "connectivity": [[0, 1, 1.0], [0, 6, 1.0], [0, 7, 1.0], [0, 8, 1.0], [1, 2, 1.0], [1, 9, 1.0], [1, 10, 1.0], [2, 3, 1.0], [2, 11, 1.0], [2, 12, 1.0], [3, 4, 1.0], [3, 13, 1.0], [3, 14, 1.0], [4, 5, 1.0], [4, 15, 1.0], [4, 16, 1.0], [5, 17, 1.0], [5, 18, 1.0]], "fix_com": true, "fix_orientation": true, "provenance": {"creator": "QCElemental", "version": "v0.22.0", "routine": "qcelemental.molparse.from_schema"}, "id": "45518"}, "charge": 0, "optimize_geometry": false, "conformers": [], "conformer_generation_options": {"n_conformer_pool": 4000, "n_max_conformers": 0, "rms_tolerance": 0.05, "energy_window": 15, "keep_original_conformer": true}, "stage_1_unrestrained_charges": null, "stage_1_restrained_charges": null, "stage_2_unrestrained_charges": null, "stage_2_restrained_charges": null, "keep_original_orientation": false, "reorientations": [], "translations": [], "rotations": []}}]}, "surface_constraints": {"matrix": [[132529001333704.81, 128294628175403.95, 123109274969265.19, 117831238921245.22, 110166613524103.98, 105132663820856.11, 133268115349212.38, 132964101937345.7, 132858762455530.5, 127561047171486.44, 127773060919580.97, 123934919800134.58, 121050114135530.17, 118473379400172.9, 117991473591530.95, 108819998204534.39, 108552474440340.42, 105577690039935.89, 104361875244991.9], [128294628175403.95, 131651185461518.6, 128042500867526.86, 122881555050060.06, 115462190352690.03, 109703784302844.02, 127082140242368.58, 126847224404448.47, 126740489209569.88, 133126885230991.77, 133355645463085.66, 127901678457879.98, 127856759215591.83, 123388595436757.75, 122911777352833.72, 114100999923529.98, 114558808488194.8, 109316024520139.94, 108838298959711.45], [123109274969265.19, 128042500867526.86, 131451657454360.9, 127780570132528.03, 122428215398960.39, 117339880898239.89, 122398942947632.12, 121039509107350.28, 120859428691053.48, 127527488558728.7, 127707131718342.3, 133450120589907.44, 133269287219002.5, 127598186657537.25, 127683283355927.95, 121691029772127.92, 121554410014003.0, 117360167418794.53, 115965238147016.44], [117831238921245.22, 122881555050060.06, 127780570132528.03, 131104378493031.08, 127209530938047.36, 122564597158927.39, 116857640798329.95, 115898619207161.6, 115803473152581.95, 121681473324718.77, 122448346882259.16, 127697640065466.72, 127494537802521.73, 133052944588671.17, 133096039462491.84, 126668993609303.42, 126614847183873.23, 122333689441738.19, 121176107928357.47], [110166613524103.98, 115462190352690.03, 122428215398960.39, 127209530938047.36, 130320887343306.03, 127315942923265.25, 109622061609413.55, 107747919785554.44, 108148575715407.06, 113752403807493.89, 114576187444733.9, 122419315456728.75, 122951663449119.3, 127121638606154.66, 127154981365872.88, 131782094645260.48, 131726840772050.88, 126281330967731.89, 126066094914539.06], [105132663820856.11, 109703784302844.02, 117339880898239.89, 122564597158927.39, 127315942923265.25, 131424763312582.53, 104695172651570.94, 103150692704542.2, 103174940232686.52, 107412912788341.88, 108476327983241.05, 118161223662503.39, 117433630048069.83, 122207064255871.39, 122123892366129.3, 126520000214788.98, 126709328683673.86, 132002002929841.97, 131798767636623.97], [133268115349212.38, 127082140242368.58, 122398942947632.12, 116857640798329.95, 109622061609413.55, 104695172651570.94, 139762724141662.64, 131628211162237.89, 131610836866302.36, 124856857461064.92, 126180827699963.14, 123846103469930.28, 120260241009956.47, 117344090829274.73, 116644510894614.58, 108791832327833.33, 107621636583431.86, 105565831964477.62, 104035343699034.64], [132964101937345.7, 126847224404448.47, 121039509107350.28, 115898619207161.6, 107747919785554.44, 103150692704542.2, 131628211162237.89, 139120956282086.94, 131260081504449.23, 125686014503092.8, 125872305747956.73, 121969777058020.53, 118371577197953.3, 116883614429445.75, 116271794064141.45, 105725756168039.98, 106163502733345.84, 103284717504085.36, 102725173975958.66], [132858762455530.5, 126740489209569.88, 120859428691053.48, 115803473152581.95, 108148575715407.06, 103174940232686.52, 131610836866302.36, 131260081504449.23, 138806802845044.2, 126185603558461.69, 125272742694740.78, 121598655834452.27, 118289746329567.94, 116392438271227.22, 116258669868573.05, 106984564126897.47, 106400431850986.02, 104086667344329.92, 102070561733037.52], [127561047171486.44, 133126885230991.77, 127527488558728.7, 121681473324718.77, 113752403807493.89, 107412912788341.88, 124856857461064.92, 125686014503092.8, 126185603558461.69, 140115494692473.19, 132728238363388.06, 126321811894403.03, 127432578626577.02, 121418696014699.33, 122462295772595.17, 112140784313485.58, 113370985379328.36, 106385194075644.5, 106299621160052.02], [127773060919580.97, 133355645463085.66, 127707131718342.3, 122448346882259.16, 114576187444733.9, 108476327983241.05, 126180827699963.14, 125872305747956.73, 125272742694740.78, 132728238363388.06, 140620378584172.88, 126084149985489.0, 127451971746867.1, 124054817244786.84, 121700802207219.38, 113071425140989.92, 113815372200652.83, 107706635971682.31, 108163641660362.4], [123934919800134.58, 127901678457879.98, 133450120589907.44, 127697640065466.72, 122419315456728.75, 118161223662503.39, 123846103469930.28, 121969777058020.53, 121598655834452.27, 126321811894403.03, 126084149985489.0, 140917988465988.94, 133265491695854.69, 125691418310432.36, 127691673080090.66, 122386270249372.39, 120204886939758.19, 119060628154133.77, 116356231660911.95], [121050114135530.17, 127856759215591.83, 133269287219002.5, 127494537802521.73, 122951663449119.3, 117433630048069.83, 120260241009956.47, 118371577197953.3, 118289746329567.94, 127432578626577.02, 127451971746867.1, 133265491695854.69, 140458797314686.94, 126810721182774.83, 125518173898639.58, 121912857404156.31, 123297069903294.95, 117136900888591.47, 116095094089725.55], [118473379400172.9, 123388595436757.75, 127598186657537.25, 133052944588671.17, 127121638606154.66, 122207064255871.39, 117344090829274.73, 116883614429445.75, 116392438271227.22, 121418696014699.33, 124054817244786.84, 125691418310432.36, 126810721182774.83, 140441001910157.23, 133013496829018.27, 125571399016184.88, 126108941689093.77, 121721686485739.08, 121428857218707.69], [117991473591530.95, 122911777352833.72, 127683283355927.95, 133096039462491.84, 127154981365872.88, 122123892366129.3, 116644510894614.58, 116271794064141.45, 116258669868573.05, 122462295772595.17, 121700802207219.38, 127691673080090.66, 125518173898639.58, 133013496829018.27, 140474395730175.84, 126218410983854.12, 125643707626508.89, 122457702476668.12, 120021797786675.89], [108819998204534.39, 114100999923529.98, 121691029772127.92, 126668993609303.42, 131782094645260.48, 126520000214788.98, 108791832327833.33, 105725756168039.98, 106984564126897.47, 112140784313485.58, 113071425140989.92, 122386270249372.39, 121912857404156.31, 125571399016184.88, 126218410983854.12, 138719563989860.14, 131194116705474.94, 126071258396130.11, 123864166395316.44], [108552474440340.42, 114558808488194.8, 121554410014003.0, 126614847183873.23, 131726840772050.88, 126709328683673.86, 107621636583431.86, 106163502733345.84, 106400431850986.02, 113370985379328.36, 113815372200652.83, 120204886939758.19, 123297069903294.95, 126108941689093.77, 125643707626508.89, 131194116705474.94, 138557436319304.56, 123026796897798.97, 125593558758446.56], [105577690039935.89, 109316024520139.94, 117360167418794.53, 122333689441738.19, 126281330967731.89, 132002002929841.97, 105565831964477.62, 103284717504085.36, 104086667344329.92, 106385194075644.5, 107706635971682.31, 119060628154133.77, 117136900888591.47, 121721686485739.08, 122457702476668.12, 126071258396130.11, 123026796897798.97, 137568570099243.38, 130775568825366.64], [104361875244991.9, 108838298959711.45, 115965238147016.44, 121176107928357.47, 126066094914539.06, 131798767636623.97, 104035343699034.64, 102725173975958.66, 102070561733037.52, 106299621160052.02, 108163641660362.4, 116356231660911.95, 116095094089725.55, 121428857218707.69, 120021797786675.89, 123864166395316.44, 125593558758446.56, 130775568825366.64, 137159809569379.34], [1171294920355.4688, 1127612704095.2573, 1012585414725.1373, 844282923274.543, 283038637234.9684, -304029219586.79956, 1280951401397.1936, 1097092191689.5575, 1180113140138.587, 1010741609147.27, 1228698646001.9827, 990956575622.2827, 1036165759537.5033, 1020100017415.88, 875192228047.161, 459535253384.2055, -1694502713.2709792, 456390338491.1676, 460057567718.79956]]}}