{"resp_b": 0.1, "restrained_fit": true, "exclude_hydrogens": true, "convergence_tolerance": 1e-06, "max_iter": 500, "resp_a": 0.0005, "charge_constraints": {"charge_sum_constraints": [], "charge_equivalence_constraints": [], "molecules": [{"qcmol": {"schema_name": "qcschema_molecule", "schema_version": 2, "validated": true, "symbols": ["C", "C", "C", "C", "C", "N", "H", "H", "H", "H", "H", "H", "H", "H", "H", "H", "H", "H", "H"], "geometry": [[0.0, 0.0, 0.0], [2.8907474076886546, 1.825747074670244e-16, 4.37738613441583e-16], [4.092779049332912, 2.6363409712350063, 2.1649348980190553e-15], [3.608306128549317, 4.1804278032219555, -2.3994185961089824], [5.043580954634201, 6.696701728359495, -2.4905100148559782], [4.387733763647066, 8.559331838874357, -0.5778759881562519], [-0.7377993278249737, 1.064628896944967, 1.5939440716437576], [-0.7678718840145309, 0.8246974183325227, -1.7126741883568128], [-0.7274078914147687, -1.913098179113077, 0.1403026544905556], [3.549599912967539, -1.0151263761929155, 1.660326154171152], [3.5735267638678017, -1.0567573424997032, -1.6260919216370606], [3.417473880904852, 3.670936832617514, 1.6441031578770895], [6.124622846940427, 2.425336461267958, 0.24556252945306972], [4.158411890941497, 3.0626466692823024, -4.037937362512143], [1.5977512721185765, 4.558892778513184, -2.6059029419103736], [7.059935939869913, 6.341210537716476, -2.3433528314379166], [4.744357500752299, 7.5666270501432455, -4.3240211617250575], [4.784465028274859, 7.92981291085134, 1.1613472552296975], [2.5345893640792707, 8.948792730172148, -0.6224483035068056]], "name": "C5H13N", "identifiers": {"molecule_hash": "0243eb1fdbd32da3fb312fecb53ed5ba961ab789", "molecular_formula": "C5H13N"}, "molecular_charge": 0.0, "molecular_multiplicity": 1, "connectivity": [[0, 1, 1.0], [0, 6, 1.0], [0, 7, 1.0], [0, 8, 1.0], [1, 2, 1.0], [1, 9, 1.0], [1, 10, 1.0], [2, 3, 1.0], [2, 11, 1.0], [2, 12, 1.0], [3, 4, 1.0], [3, 13, 1.0], [3, 14, 1.0], [4, 5, 1.0], [4, 15, 1.0], [4, 16, 1.0], [5, 17, 1.0], [5, 18, 1.0]], "fix_com": true, "fix_orientation": true, "provenance": {"creator": "QCElemental", "version": "v0.22.0", "routine": "qcelemental.molparse.from_schema"}, "id": "45518"}, "charge": 0, "optimize_geometry": false, "conformers": [], "conformer_generation_options": {"n_conformer_pool": 4000, "n_max_conformers": 0, "rms_tolerance": 0.05, "energy_window": 15, "keep_original_conformer": true}, "stage_1_unrestrained_charges": null, "stage_1_restrained_charges": null, "stage_2_unrestrained_charges": null, "stage_2_restrained_charges": null, "keep_original_orientation": false, "reorientations": [], "translations": [], "rotations": []}], "unconstrained_atoms": [{"index": 0, "molecule": {"qcmol": {"schema_name": "qcschema_molecule", "schema_version": 2, "validated": true, "symbols": ["C", "C", "C", "C", "C", "N", "H", "H", "H", "H", "H", "H", "H", "H", "H", "H", "H", "H", "H"], "geometry": [[0.0, 0.0, 0.0], [2.8907474076886546, 1.825747074670244e-16, 4.37738613441583e-16], [4.092779049332912, 2.6363409712350063, 2.1649348980190553e-15], [3.608306128549317, 4.1804278032219555, -2.3994185961089824], [5.043580954634201, 6.696701728359495, -2.4905100148559782], [4.387733763647066, 8.559331838874357, -0.5778759881562519], [-0.7377993278249737, 1.064628896944967, 1.5939440716437576], [-0.7678718840145309, 0.8246974183325227, -1.7126741883568128], [-0.7274078914147687, -1.913098179113077, 0.1403026544905556], [3.549599912967539, -1.0151263761929155, 1.660326154171152], [3.5735267638678017, -1.0567573424997032, -1.6260919216370606], [3.417473880904852, 3.670936832617514, 1.6441031578770895], [6.124622846940427, 2.425336461267958, 0.24556252945306972], [4.158411890941497, 3.0626466692823024, -4.037937362512143], [1.5977512721185765, 4.558892778513184, -2.6059029419103736], [7.059935939869913, 6.341210537716476, -2.3433528314379166], [4.744357500752299, 7.5666270501432455, -4.3240211617250575], [4.784465028274859, 7.92981291085134, 1.1613472552296975], [2.5345893640792707, 8.948792730172148, -0.6224483035068056]], "name": "C5H13N", "identifiers": {"molecule_hash": "0243eb1fdbd32da3fb312fecb53ed5ba961ab789", "molecular_formula": "C5H13N"}, "molecular_charge": 0.0, "molecular_multiplicity": 1, "connectivity": [[0, 1, 1.0], [0, 6, 1.0], [0, 7, 1.0], [0, 8, 1.0], [1, 2, 1.0], [1, 9, 1.0], [1, 10, 1.0], [2, 3, 1.0], [2, 11, 1.0], [2, 12, 1.0], [3, 4, 1.0], [3, 13, 1.0], [3, 14, 1.0], [4, 5, 1.0], [4, 15, 1.0], [4, 16, 1.0], [5, 17, 1.0], [5, 18, 1.0]], "fix_com": true, "fix_orientation": true, "provenance": {"creator": "QCElemental", "version": "v0.22.0", "routine": "qcelemental.molparse.from_schema"}, "id": "45518"}, "charge": 0, "optimize_geometry": false, "conformers": [], "conformer_generation_options": {"n_conformer_pool": 4000, "n_max_conformers": 0, "rms_tolerance": 0.05, "energy_window": 15, "keep_original_conformer": true}, "stage_1_unrestrained_charges": null, "stage_1_restrained_charges": null, "stage_2_unrestrained_charges": null, "stage_2_restrained_charges": null, "keep_original_orientation": false, "reorientations": [], "translations": [], "rotations": []}}, {"index": 1, "molecule": {"qcmol": {"schema_name": "qcschema_molecule", "schema_version": 2, "validated": true, "symbols": ["C", "C", "C", "C", "C", "N", "H", "H", "H", "H", "H", "H", "H", "H", "H", "H", "H", "H", "H"], "geometry": [[0.0, 0.0, 0.0], [2.8907474076886546, 1.825747074670244e-16, 4.37738613441583e-16], [4.092779049332912, 2.6363409712350063, 2.1649348980190553e-15], [3.608306128549317, 4.1804278032219555, -2.3994185961089824], [5.043580954634201, 6.696701728359495, -2.4905100148559782], [4.387733763647066, 8.559331838874357, -0.5778759881562519], [-0.7377993278249737, 1.064628896944967, 1.5939440716437576], [-0.7678718840145309, 0.8246974183325227, -1.7126741883568128], [-0.7274078914147687, -1.913098179113077, 0.1403026544905556], [3.549599912967539, -1.0151263761929155, 1.660326154171152], [3.5735267638678017, -1.0567573424997032, -1.6260919216370606], [3.417473880904852, 3.670936832617514, 1.6441031578770895], [6.124622846940427, 2.425336461267958, 0.24556252945306972], [4.158411890941497, 3.0626466692823024, -4.037937362512143], [1.5977512721185765, 4.558892778513184, -2.6059029419103736], [7.059935939869913, 6.341210537716476, -2.3433528314379166], [4.744357500752299, 7.5666270501432455, -4.3240211617250575], [4.784465028274859, 7.92981291085134, 1.1613472552296975], [2.5345893640792707, 8.948792730172148, -0.6224483035068056]], "name": "C5H13N", "identifiers": {"molecule_hash": "0243eb1fdbd32da3fb312fecb53ed5ba961ab789", "molecular_formula": "C5H13N"}, "molecular_charge": 0.0, "molecular_multiplicity": 1, "connectivity": [[0, 1, 1.0], [0, 6, 1.0], [0, 7, 1.0], [0, 8, 1.0], [1, 2, 1.0], [1, 9, 1.0], [1, 10, 1.0], [2, 3, 1.0], [2, 11, 1.0], [2, 12, 1.0], [3, 4, 1.0], [3, 13, 1.0], [3, 14, 1.0], [4, 5, 1.0], [4, 15, 1.0], [4, 16, 1.0], [5, 17, 1.0], [5, 18, 1.0]], "fix_com": true, "fix_orientation": true, "provenance": {"creator": "QCElemental", "version": "v0.22.0", "routine": "qcelemental.molparse.from_schema"}, "id": "45518"}, "charge": 0, "optimize_geometry": false, "conformers": [], "conformer_generation_options": {"n_conformer_pool": 4000, "n_max_conformers": 0, "rms_tolerance": 0.05, "energy_window": 15, "keep_original_conformer": true}, "stage_1_unrestrained_charges": null, "stage_1_restrained_charges": null, "stage_2_unrestrained_charges": null, "stage_2_restrained_charges": null, "keep_original_orientation": false, "reorientations": [], "translations": [], "rotations": []}}, {"index": 2, "molecule": {"qcmol": {"schema_name": "qcschema_molecule", "schema_version": 2, "validated": true, "symbols": ["C", "C", "C", "C", "C", "N", "H", "H", "H", "H", "H", "H", "H", "H", "H", "H", "H", "H", "H"], "geometry": [[0.0, 0.0, 0.0], [2.8907474076886546, 1.825747074670244e-16, 4.37738613441583e-16], [4.092779049332912, 2.6363409712350063, 2.1649348980190553e-15], [3.608306128549317, 4.1804278032219555, -2.3994185961089824], [5.043580954634201, 6.696701728359495, -2.4905100148559782], [4.387733763647066, 8.559331838874357, -0.5778759881562519], [-0.7377993278249737, 1.064628896944967, 1.5939440716437576], [-0.7678718840145309, 0.8246974183325227, -1.7126741883568128], [-0.7274078914147687, -1.913098179113077, 0.1403026544905556], [3.549599912967539, -1.0151263761929155, 1.660326154171152], [3.5735267638678017, -1.0567573424997032, -1.6260919216370606], [3.417473880904852, 3.670936832617514, 1.6441031578770895], [6.124622846940427, 2.425336461267958, 0.24556252945306972], [4.158411890941497, 3.0626466692823024, -4.037937362512143], [1.5977512721185765, 4.558892778513184, -2.6059029419103736], [7.059935939869913, 6.341210537716476, -2.3433528314379166], [4.744357500752299, 7.5666270501432455, -4.3240211617250575], [4.784465028274859, 7.92981291085134, 1.1613472552296975], [2.5345893640792707, 8.948792730172148, -0.6224483035068056]], "name": "C5H13N", "identifiers": {"molecule_hash": "0243eb1fdbd32da3fb312fecb53ed5ba961ab789", "molecular_formula": "C5H13N"}, "molecular_charge": 0.0, "molecular_multiplicity": 1, "connectivity": [[0, 1, 1.0], [0, 6, 1.0], [0, 7, 1.0], [0, 8, 1.0], [1, 2, 1.0], [1, 9, 1.0], [1, 10, 1.0], [2, 3, 1.0], [2, 11, 1.0], [2, 12, 1.0], [3, 4, 1.0], [3, 13, 1.0], [3, 14, 1.0], [4, 5, 1.0], [4, 15, 1.0], [4, 16, 1.0], [5, 17, 1.0], [5, 18, 1.0]], "fix_com": true, "fix_orientation": true, "provenance": {"creator": "QCElemental", "version": "v0.22.0", "routine": "qcelemental.molparse.from_schema"}, "id": "45518"}, "charge": 0, "optimize_geometry": false, "conformers": [], "conformer_generation_options": {"n_conformer_pool": 4000, "n_max_conformers": 0, "rms_tolerance": 0.05, "energy_window": 15, "keep_original_conformer": true}, "stage_1_unrestrained_charges": null, "stage_1_restrained_charges": null, "stage_2_unrestrained_charges": null, "stage_2_restrained_charges": null, "keep_original_orientation": false, "reorientations": [], "translations": [], "rotations": []}}, {"index": 3, "molecule": {"qcmol": {"schema_name": "qcschema_molecule", "schema_version": 2, "validated": true, "symbols": ["C", "C", "C", "C", "C", "N", "H", "H", "H", "H", "H", "H", "H", "H", "H", "H", "H", "H", "H"], "geometry": [[0.0, 0.0, 0.0], [2.8907474076886546, 1.825747074670244e-16, 4.37738613441583e-16], [4.092779049332912, 2.6363409712350063, 2.1649348980190553e-15], [3.608306128549317, 4.1804278032219555, -2.3994185961089824], [5.043580954634201, 6.696701728359495, -2.4905100148559782], [4.387733763647066, 8.559331838874357, -0.5778759881562519], [-0.7377993278249737, 1.064628896944967, 1.5939440716437576], [-0.7678718840145309, 0.8246974183325227, -1.7126741883568128], [-0.7274078914147687, -1.913098179113077, 0.1403026544905556], [3.549599912967539, -1.0151263761929155, 1.660326154171152], [3.5735267638678017, -1.0567573424997032, -1.6260919216370606], [3.417473880904852, 3.670936832617514, 1.6441031578770895], [6.124622846940427, 2.425336461267958, 0.24556252945306972], [4.158411890941497, 3.0626466692823024, -4.037937362512143], [1.5977512721185765, 4.558892778513184, -2.6059029419103736], [7.059935939869913, 6.341210537716476, -2.3433528314379166], [4.744357500752299, 7.5666270501432455, -4.3240211617250575], [4.784465028274859, 7.92981291085134, 1.1613472552296975], [2.5345893640792707, 8.948792730172148, -0.6224483035068056]], "name": "C5H13N", "identifiers": {"molecule_hash": "0243eb1fdbd32da3fb312fecb53ed5ba961ab789", "molecular_formula": "C5H13N"}, "molecular_charge": 0.0, "molecular_multiplicity": 1, "connectivity": [[0, 1, 1.0], [0, 6, 1.0], [0, 7, 1.0], [0, 8, 1.0], [1, 2, 1.0], [1, 9, 1.0], [1, 10, 1.0], [2, 3, 1.0], [2, 11, 1.0], [2, 12, 1.0], [3, 4, 1.0], [3, 13, 1.0], [3, 14, 1.0], [4, 5, 1.0], [4, 15, 1.0], [4, 16, 1.0], [5, 17, 1.0], [5, 18, 1.0]], "fix_com": true, "fix_orientation": true, "provenance": {"creator": "QCElemental", "version": "v0.22.0", "routine": "qcelemental.molparse.from_schema"}, "id": "45518"}, "charge": 0, "optimize_geometry": false, "conformers": [], "conformer_generation_options": {"n_conformer_pool": 4000, "n_max_conformers": 0, "rms_tolerance": 0.05, "energy_window": 15, "keep_original_conformer": true}, "stage_1_unrestrained_charges": null, "stage_1_restrained_charges": null, "stage_2_unrestrained_charges": null, "stage_2_restrained_charges": null, "keep_original_orientation": false, "reorientations": [], "translations": [], "rotations": []}}, {"index": 4, "molecule": {"qcmol": {"schema_name": "qcschema_molecule", "schema_version": 2, "validated": true, "symbols": ["C", "C", "C", "C", "C", "N", "H", "H", "H", "H", "H", "H", "H", "H", "H", "H", "H", "H", "H"], "geometry": [[0.0, 0.0, 0.0], [2.8907474076886546, 1.825747074670244e-16, 4.37738613441583e-16], [4.092779049332912, 2.6363409712350063, 2.1649348980190553e-15], [3.608306128549317, 4.1804278032219555, -2.3994185961089824], [5.043580954634201, 6.696701728359495, -2.4905100148559782], [4.387733763647066, 8.559331838874357, -0.5778759881562519], [-0.7377993278249737, 1.064628896944967, 1.5939440716437576], [-0.7678718840145309, 0.8246974183325227, -1.7126741883568128], [-0.7274078914147687, -1.913098179113077, 0.1403026544905556], [3.549599912967539, -1.0151263761929155, 1.660326154171152], [3.5735267638678017, -1.0567573424997032, -1.6260919216370606], [3.417473880904852, 3.670936832617514, 1.6441031578770895], [6.124622846940427, 2.425336461267958, 0.24556252945306972], [4.158411890941497, 3.0626466692823024, -4.037937362512143], [1.5977512721185765, 4.558892778513184, -2.6059029419103736], [7.059935939869913, 6.341210537716476, -2.3433528314379166], [4.744357500752299, 7.5666270501432455, -4.3240211617250575], [4.784465028274859, 7.92981291085134, 1.1613472552296975], [2.5345893640792707, 8.948792730172148, -0.6224483035068056]], "name": "C5H13N", "identifiers": {"molecule_hash": "0243eb1fdbd32da3fb312fecb53ed5ba961ab789", "molecular_formula": "C5H13N"}, "molecular_charge": 0.0, "molecular_multiplicity": 1, "connectivity": [[0, 1, 1.0], [0, 6, 1.0], [0, 7, 1.0], [0, 8, 1.0], [1, 2, 1.0], [1, 9, 1.0], [1, 10, 1.0], [2, 3, 1.0], [2, 11, 1.0], [2, 12, 1.0], [3, 4, 1.0], [3, 13, 1.0], [3, 14, 1.0], [4, 5, 1.0], [4, 15, 1.0], [4, 16, 1.0], [5, 17, 1.0], [5, 18, 1.0]], "fix_com": true, "fix_orientation": true, "provenance": {"creator": "QCElemental", "version": "v0.22.0", "routine": "qcelemental.molparse.from_schema"}, "id": "45518"}, "charge": 0, "optimize_geometry": false, "conformers": [], "conformer_generation_options": {"n_conformer_pool": 4000, "n_max_conformers": 0, "rms_tolerance": 0.05, "energy_window": 15, "keep_original_conformer": true}, "stage_1_unrestrained_charges": null, "stage_1_restrained_charges": null, "stage_2_unrestrained_charges": null, "stage_2_restrained_charges": null, "keep_original_orientation": false, "reorientations": [], "translations": [], "rotations": []}}]}, "surface_constraints": {"matrix": [[1870.117082055848, 1810.365756798913, 1737.1951719229944, 1662.7169193545556, 1554.5618978807306, 1483.5280199185206, 1880.5467333415886, 1876.2568744372195, 1874.7703448278035, 1800.0142234688426, 1803.0059322343675, 1748.8459419656956, 1708.1381267467725, 1671.7781924669573, 1664.9776432642736, 1535.5601185890202, 1531.7847073485998, 1489.807420025653, 1472.6519009705228], [1810.365756798913, 1857.730082208389, 1806.8078990760139, 1733.9817606811025, 1629.2874251909498, 1548.0307376517424, 1793.2563530396244, 1789.941512256887, 1788.4352976101911, 1878.5537065006297, 1881.7817349080535, 1804.820758118808, 1804.1869232184238, 1741.136668122021, 1734.4079155144416, 1610.0798753904305, 1616.5397087401432, 1542.5587121332521, 1535.8182556790239], [1737.1951719229944, 1806.8078990760139, 1854.9145167794268, 1803.1118039808257, 1727.5847175426916, 1655.7834692290194, 1727.1714364680095, 1707.9890493051437, 1705.4475458446198, 1799.5405853954146, 1802.0755151771448, 1883.1148474491306, 1880.5631187286358, 1800.538206601776, 1801.7390301519204, 1717.1822768623902, 1715.2543205654376, 1656.069366311233, 1636.38621991505], [1662.7169193545556, 1733.9817606811025, 1803.1118039808257, 1850.0141054991511, 1795.0539494006553, 1729.5093290614918, 1648.9783210719856, 1635.445919499976, 1634.1032205694803, 1717.0472538507465, 1727.8688016711571, 1801.9415865057042, 1799.0756360989174, 1877.5103483581283, 1878.1184517059785, 1787.4264321211165, 1786.6624244738628, 1726.25076645713, 1709.9163985489768], [1554.5618978807306, 1629.2874251909498, 1727.5847175426916, 1795.0539494006553, 1838.9583794768716, 1796.5556494296004, 1546.8775612713705, 1520.4318503571196, 1526.085667290925, 1605.1605104152097, 1616.7850976379314, 1727.4590785174144, 1734.9708661676543, 1793.8137432180558, 1794.2842026129022, 1859.5774897256, 1858.7978507389414, 1781.9562496141382, 1778.9190264437696], [1483.5280199185206, 1548.0307376517424, 1655.7834692290194, 1729.5093290614918, 1796.5556494296004, 1854.535301784824, 1477.3542777713565, 1455.5606882448506, 1455.9029121063693, 1515.7042472745336, 1530.7099984214722, 1667.3735437113673, 1657.106156614197, 1724.4638453034454, 1723.2907416826438, 1785.3240957140501, 1787.9957588691884, 1862.680735953258, 1859.812877882355], [1880.5467333415886, 1793.2563530396244, 1727.1714364680095, 1648.9783210719856, 1546.8775612713705, 1477.3542777713565, 1972.1921584918139, 1857.4061187264297, 1857.1608977455555, 1761.8556841079826, 1780.5378877030228, 1747.5922523646284, 1696.9919080354646, 1655.8427107956772, 1645.9704952355712, 1535.1625776526107, 1518.6495331867197, 1489.6397370288446, 1468.0438559655556], [1876.2568744372195, 1789.941512256887, 1707.9890493051437, 1635.445919499976, 1520.4318503571196, 1455.5606882448506, 1857.4061187264297, 1963.1363705435015, 1852.211447406103, 1773.5556249149026, 1776.1842725796912, 1721.1164570564486, 1670.3416309178021, 1649.3451025075915, 1640.7114941352904, 1491.8973393044084, 1498.073976919637, 1457.4515575690386, 1449.5567665834412], [1874.7703448278035, 1788.4352976101911, 1705.4475458446198, 1634.1032205694803, 1526.085667290925, 1455.9029121063693, 1857.1608977455555, 1852.211447406103, 1958.7031301635593, 1780.60514876872, 1767.7241560854507, 1715.878799489795, 1669.1864470052685, 1642.4141589169817, 1640.5260731778415, 1509.660677644263, 1501.417588004931, 1468.7679736590385, 1440.3195382077038], [1800.0142234688426, 1878.5537065006297, 1799.5405853954146, 1717.0472538507465, 1605.1605104152097, 1515.7042472745336, 1761.8556841079826, 1773.5556249149026, 1780.60514876872, 1977.16998919236, 1872.9284215900504, 1782.5272718016606, 1798.2015037147537, 1713.3392729888185, 1728.0649651191666, 1582.419113727506, 1599.7781795529147, 1501.201753334079, 1499.9950545103936], [1803.0059322343675, 1881.7817349080535, 1802.0755151771448, 1727.8688016711571, 1616.7850976379314, 1530.7099984214722, 1780.5378877030228, 1776.1842725796912, 1767.7241560854507, 1872.9284215900504, 1984.2944101611251, 1779.1735482927259, 1798.4750179830432, 1750.537804872006, 1717.3198434764286, 1595.5517143796633, 1606.0491705559357, 1519.848570468621, 1526.2979364101293], [1748.8459419656956, 1804.820758118808, 1883.1148474491306, 1801.9415865057042, 1727.4590785174144, 1667.3735437113673, 1747.5922523646284, 1721.1164570564486, 1715.878799489795, 1782.5272718016606, 1779.1735482927259, 1988.493954231886, 1880.5095903466333, 1773.63174780609, 1801.8575295016249, 1726.9925840465446, 1696.2111502524242, 1680.0645835265655, 1641.9037979011696], [1708.1381267467725, 1804.1869232184238, 1880.5631187286358, 1799.0756360989174, 1734.9708661676543, 1657.106156614197, 1696.9919080354646, 1670.3416309178021, 1669.1864470052685, 1798.2015037147537, 1798.4750179830432, 1880.5095903466333, 1982.0143079192528, 1789.4263200099492, 1771.1874257430416, 1720.3122282045022, 1739.8446077440483, 1652.9186083266293, 1638.2184242492106], [1671.7781924669573, 1741.136668122021, 1800.538206601776, 1877.5103483581283, 1793.8137432180558, 1724.4638453034454, 1655.8427107956772, 1649.3451025075915, 1642.4141589169817, 1713.3392729888185, 1750.537804872006, 1773.63174780609, 1789.4263200099492, 1981.7632578578641, 1876.9537039934928, 1771.938533928383, 1779.5237650703623, 1717.614450246312, 1713.482407873676], [1664.9776432642736, 1734.4079155144416, 1801.7390301519204, 1878.1184517059785, 1794.2842026129022, 1723.2907416826438, 1645.9704952355712, 1640.7114941352904, 1640.5260731778415, 1728.0649651191666, 1717.3198434764286, 1801.8575295016249, 1771.1874257430416, 1876.9537039934928, 1982.2344637810638, 1781.0680549199838, 1772.9587001442753, 1728.0008822649286, 1693.6281178357094], [1535.5601185890202, 1610.0798753904305, 1717.1822768623902, 1787.4264321211165, 1859.5774897256, 1785.3240957140501, 1535.1625776526107, 1491.8973393044084, 1509.660677644263, 1582.419113727506, 1595.5517143796633, 1726.9925840465446, 1720.3122282045022, 1771.938533928383, 1781.0680549199838, 1957.4721317504552, 1851.2806103115045, 1778.991959109875, 1747.8476874287046], [1531.7847073485998, 1616.5397087401432, 1715.2543205654376, 1786.6624244738628, 1858.7978507389414, 1787.9957588691884, 1518.6495331867197, 1498.073976919637, 1501.417588004931, 1599.7781795529147, 1606.0491705559357, 1696.2111502524242, 1739.8446077440483, 1779.5237650703623, 1772.9587001442753, 1851.2806103115045, 1955.184443833919, 1736.031701482298, 1772.250980952297], [1489.807420025653, 1542.5587121332521, 1656.069366311233, 1726.25076645713, 1781.9562496141382, 1862.680735953258, 1489.6397370288446, 1457.4515575690386, 1468.7679736590385, 1501.201753334079, 1519.848570468621, 1680.0645835265655, 1652.9186083266293, 1717.614450246312, 1728.0008822649286, 1778.991959109875, 1736.031701482298, 1941.2305760721968, 1845.3745368081723], [1472.6519009705228, 1535.8182556790239, 1636.38621991505, 1709.9163985489768, 1778.9190264437696, 1859.812877882355, 1468.0438559655556, 1449.5567665834412, 1440.3195382077038, 1499.9950545103936, 1526.2979364101293, 1641.9037979011696, 1638.2184242492106, 1713.482407873676, 1693.6281178357094, 1747.8476874287046, 1772.250980952297, 1845.3745368081723, 1935.462536450574], [16.528127825112726, 15.911706609167037, 14.288522341219739, 11.913595600280427, 3.993929029496637, -4.290186759016811, 18.07548689705556, 15.48106446878749, 16.652574874602895, 14.262544632498065, 17.33813470465867, 13.983305965585464, 14.621258741494042, 14.39456071344441, 12.349711092357731, 6.484511672035753, -0.02393080715663135, 6.440099994953337, 6.491836593123933]]}}