{"resp_b": 0.1, "restrained_fit": true, "exclude_hydrogens": true, "convergence_tolerance": 1e-06, "max_iter": 500, "resp_a": 0.0005, "charge_constraints": {"charge_sum_constraints": [], "charge_equivalence_constraints": [], "molecules": [{"qcmol": {"schema_name": "qcschema_molecule", "schema_version": 2, "validated": true, "symbols": ["C", "C", "C", "C", "C", "N", "H", "H", "H", "H", "H", "H", "H", "H", "H", "H", "H", "H", "H"], "geometry": [[0.0, 0.0, 0.0], [2.8907474076886546, 1.825747074670244e-16, 4.37738613441583e-16], [4.092779049332912, 2.6363409712350063, 2.1649348980190553e-15], [3.608306128549317, 4.1804278032219555, -2.3994185961089824], [5.043580954634201, 6.696701728359495, -2.4905100148559782], [4.387733763647066, 8.559331838874357, -0.5778759881562519], [-0.7377993278249737, 1.064628896944967, 1.5939440716437576], [-0.7678718840145309, 0.8246974183325227, -1.7126741883568128], [-0.7274078914147687, -1.913098179113077, 0.1403026544905556], [3.549599912967539, -1.0151263761929155, 1.660326154171152], [3.5735267638678017, -1.0567573424997032, -1.6260919216370606], [3.417473880904852, 3.670936832617514, 1.6441031578770895], [6.124622846940427, 2.425336461267958, 0.24556252945306972], [4.158411890941497, 3.0626466692823024, -4.037937362512143], [1.5977512721185765, 4.558892778513184, -2.6059029419103736], [7.059935939869913, 6.341210537716476, -2.3433528314379166], [4.744357500752299, 7.5666270501432455, -4.3240211617250575], [4.784465028274859, 7.92981291085134, 1.1613472552296975], [2.5345893640792707, 8.948792730172148, -0.6224483035068056]], "name": "C5H13N", "identifiers": {"molecule_hash": "0243eb1fdbd32da3fb312fecb53ed5ba961ab789", "molecular_formula": "C5H13N"}, "molecular_charge": 0.0, "molecular_multiplicity": 1, "connectivity": [[0, 1, 1.0], [0, 6, 1.0], [0, 7, 1.0], [0, 8, 1.0], [1, 2, 1.0], [1, 9, 1.0], [1, 10, 1.0], [2, 3, 1.0], [2, 11, 1.0], [2, 12, 1.0], [3, 4, 1.0], [3, 13, 1.0], [3, 14, 1.0], [4, 5, 1.0], [4, 15, 1.0], [4, 16, 1.0], [5, 17, 1.0], [5, 18, 1.0]], "fix_com": true, "fix_orientation": true, "provenance": {"creator": "QCElemental", "version": "v0.22.0", "routine": "qcelemental.molparse.from_schema"}, "id": "45518"}, "charge": 0, "optimize_geometry": false, "conformers": [], "conformer_generation_options": {"n_conformer_pool": 4000, "n_max_conformers": 0, "rms_tolerance": 0.05, "energy_window": 15, "keep_original_conformer": true}, "stage_1_unrestrained_charges": null, "stage_1_restrained_charges": null, "stage_2_unrestrained_charges": null, "stage_2_restrained_charges": null, "keep_original_orientation": false, "reorientations": [], "translations": [], "rotations": []}], "unconstrained_atoms": [{"index": 0, "molecule": {"qcmol": {"schema_name": "qcschema_molecule", "schema_version": 2, "validated": true, "symbols": ["C", "C", "C", "C", "C", "N", "H", "H", "H", "H", "H", "H", "H", "H", "H", "H", "H", "H", "H"], "geometry": [[0.0, 0.0, 0.0], [2.8907474076886546, 1.825747074670244e-16, 4.37738613441583e-16], [4.092779049332912, 2.6363409712350063, 2.1649348980190553e-15], [3.608306128549317, 4.1804278032219555, -2.3994185961089824], [5.043580954634201, 6.696701728359495, -2.4905100148559782], [4.387733763647066, 8.559331838874357, -0.5778759881562519], [-0.7377993278249737, 1.064628896944967, 1.5939440716437576], [-0.7678718840145309, 0.8246974183325227, -1.7126741883568128], [-0.7274078914147687, -1.913098179113077, 0.1403026544905556], [3.549599912967539, -1.0151263761929155, 1.660326154171152], [3.5735267638678017, -1.0567573424997032, -1.6260919216370606], [3.417473880904852, 3.670936832617514, 1.6441031578770895], [6.124622846940427, 2.425336461267958, 0.24556252945306972], [4.158411890941497, 3.0626466692823024, -4.037937362512143], [1.5977512721185765, 4.558892778513184, -2.6059029419103736], [7.059935939869913, 6.341210537716476, -2.3433528314379166], [4.744357500752299, 7.5666270501432455, -4.3240211617250575], [4.784465028274859, 7.92981291085134, 1.1613472552296975], [2.5345893640792707, 8.948792730172148, -0.6224483035068056]], "name": "C5H13N", "identifiers": {"molecule_hash": "0243eb1fdbd32da3fb312fecb53ed5ba961ab789", "molecular_formula": "C5H13N"}, "molecular_charge": 0.0, "molecular_multiplicity": 1, "connectivity": [[0, 1, 1.0], [0, 6, 1.0], [0, 7, 1.0], [0, 8, 1.0], [1, 2, 1.0], [1, 9, 1.0], [1, 10, 1.0], [2, 3, 1.0], [2, 11, 1.0], [2, 12, 1.0], [3, 4, 1.0], [3, 13, 1.0], [3, 14, 1.0], [4, 5, 1.0], [4, 15, 1.0], [4, 16, 1.0], [5, 17, 1.0], [5, 18, 1.0]], "fix_com": true, "fix_orientation": true, "provenance": {"creator": "QCElemental", "version": "v0.22.0", "routine": "qcelemental.molparse.from_schema"}, "id": "45518"}, "charge": 0, "optimize_geometry": false, "conformers": [], "conformer_generation_options": {"n_conformer_pool": 4000, "n_max_conformers": 0, "rms_tolerance": 0.05, "energy_window": 15, "keep_original_conformer": true}, "stage_1_unrestrained_charges": null, "stage_1_restrained_charges": null, "stage_2_unrestrained_charges": null, "stage_2_restrained_charges": null, "keep_original_orientation": false, "reorientations": [], "translations": [], "rotations": []}}, {"index": 1, "molecule": {"qcmol": {"schema_name": "qcschema_molecule", "schema_version": 2, "validated": true, "symbols": ["C", "C", "C", "C", "C", "N", "H", "H", "H", "H", "H", "H", "H", "H", "H", "H", "H", "H", "H"], "geometry": [[0.0, 0.0, 0.0], [2.8907474076886546, 1.825747074670244e-16, 4.37738613441583e-16], [4.092779049332912, 2.6363409712350063, 2.1649348980190553e-15], [3.608306128549317, 4.1804278032219555, -2.3994185961089824], [5.043580954634201, 6.696701728359495, -2.4905100148559782], [4.387733763647066, 8.559331838874357, -0.5778759881562519], [-0.7377993278249737, 1.064628896944967, 1.5939440716437576], [-0.7678718840145309, 0.8246974183325227, -1.7126741883568128], [-0.7274078914147687, -1.913098179113077, 0.1403026544905556], [3.549599912967539, -1.0151263761929155, 1.660326154171152], [3.5735267638678017, -1.0567573424997032, -1.6260919216370606], [3.417473880904852, 3.670936832617514, 1.6441031578770895], [6.124622846940427, 2.425336461267958, 0.24556252945306972], [4.158411890941497, 3.0626466692823024, -4.037937362512143], [1.5977512721185765, 4.558892778513184, -2.6059029419103736], [7.059935939869913, 6.341210537716476, -2.3433528314379166], [4.744357500752299, 7.5666270501432455, -4.3240211617250575], [4.784465028274859, 7.92981291085134, 1.1613472552296975], [2.5345893640792707, 8.948792730172148, -0.6224483035068056]], "name": "C5H13N", "identifiers": {"molecule_hash": "0243eb1fdbd32da3fb312fecb53ed5ba961ab789", "molecular_formula": "C5H13N"}, "molecular_charge": 0.0, "molecular_multiplicity": 1, "connectivity": [[0, 1, 1.0], [0, 6, 1.0], [0, 7, 1.0], [0, 8, 1.0], [1, 2, 1.0], [1, 9, 1.0], [1, 10, 1.0], [2, 3, 1.0], [2, 11, 1.0], [2, 12, 1.0], [3, 4, 1.0], [3, 13, 1.0], [3, 14, 1.0], [4, 5, 1.0], [4, 15, 1.0], [4, 16, 1.0], [5, 17, 1.0], [5, 18, 1.0]], "fix_com": true, "fix_orientation": true, "provenance": {"creator": "QCElemental", "version": "v0.22.0", "routine": "qcelemental.molparse.from_schema"}, "id": "45518"}, "charge": 0, "optimize_geometry": false, "conformers": [], "conformer_generation_options": {"n_conformer_pool": 4000, "n_max_conformers": 0, "rms_tolerance": 0.05, "energy_window": 15, "keep_original_conformer": true}, "stage_1_unrestrained_charges": null, "stage_1_restrained_charges": null, "stage_2_unrestrained_charges": null, "stage_2_restrained_charges": null, "keep_original_orientation": false, "reorientations": [], "translations": [], "rotations": []}}, {"index": 2, "molecule": {"qcmol": {"schema_name": "qcschema_molecule", "schema_version": 2, "validated": true, "symbols": ["C", "C", "C", "C", "C", "N", "H", "H", "H", "H", "H", "H", "H", "H", "H", "H", "H", "H", "H"], "geometry": [[0.0, 0.0, 0.0], [2.8907474076886546, 1.825747074670244e-16, 4.37738613441583e-16], [4.092779049332912, 2.6363409712350063, 2.1649348980190553e-15], [3.608306128549317, 4.1804278032219555, -2.3994185961089824], [5.043580954634201, 6.696701728359495, -2.4905100148559782], [4.387733763647066, 8.559331838874357, -0.5778759881562519], [-0.7377993278249737, 1.064628896944967, 1.5939440716437576], [-0.7678718840145309, 0.8246974183325227, -1.7126741883568128], [-0.7274078914147687, -1.913098179113077, 0.1403026544905556], [3.549599912967539, -1.0151263761929155, 1.660326154171152], [3.5735267638678017, -1.0567573424997032, -1.6260919216370606], [3.417473880904852, 3.670936832617514, 1.6441031578770895], [6.124622846940427, 2.425336461267958, 0.24556252945306972], [4.158411890941497, 3.0626466692823024, -4.037937362512143], [1.5977512721185765, 4.558892778513184, -2.6059029419103736], [7.059935939869913, 6.341210537716476, -2.3433528314379166], [4.744357500752299, 7.5666270501432455, -4.3240211617250575], [4.784465028274859, 7.92981291085134, 1.1613472552296975], [2.5345893640792707, 8.948792730172148, -0.6224483035068056]], "name": "C5H13N", "identifiers": {"molecule_hash": "0243eb1fdbd32da3fb312fecb53ed5ba961ab789", "molecular_formula": "C5H13N"}, "molecular_charge": 0.0, "molecular_multiplicity": 1, "connectivity": [[0, 1, 1.0], [0, 6, 1.0], [0, 7, 1.0], [0, 8, 1.0], [1, 2, 1.0], [1, 9, 1.0], [1, 10, 1.0], [2, 3, 1.0], [2, 11, 1.0], [2, 12, 1.0], [3, 4, 1.0], [3, 13, 1.0], [3, 14, 1.0], [4, 5, 1.0], [4, 15, 1.0], [4, 16, 1.0], [5, 17, 1.0], [5, 18, 1.0]], "fix_com": true, "fix_orientation": true, "provenance": {"creator": "QCElemental", "version": "v0.22.0", "routine": "qcelemental.molparse.from_schema"}, "id": "45518"}, "charge": 0, "optimize_geometry": false, "conformers": [], "conformer_generation_options": {"n_conformer_pool": 4000, "n_max_conformers": 0, "rms_tolerance": 0.05, "energy_window": 15, "keep_original_conformer": true}, "stage_1_unrestrained_charges": null, "stage_1_restrained_charges": null, "stage_2_unrestrained_charges": null, "stage_2_restrained_charges": null, "keep_original_orientation": false, "reorientations": [], "translations": [], "rotations": []}}, {"index": 3, "molecule": {"qcmol": {"schema_name": "qcschema_molecule", "schema_version": 2, "validated": true, "symbols": ["C", "C", "C", "C", "C", "N", "H", "H", "H", "H", "H", "H", "H", "H", "H", "H", "H", "H", "H"], "geometry": [[0.0, 0.0, 0.0], [2.8907474076886546, 1.825747074670244e-16, 4.37738613441583e-16], [4.092779049332912, 2.6363409712350063, 2.1649348980190553e-15], [3.608306128549317, 4.1804278032219555, -2.3994185961089824], [5.043580954634201, 6.696701728359495, -2.4905100148559782], [4.387733763647066, 8.559331838874357, -0.5778759881562519], [-0.7377993278249737, 1.064628896944967, 1.5939440716437576], [-0.7678718840145309, 0.8246974183325227, -1.7126741883568128], [-0.7274078914147687, -1.913098179113077, 0.1403026544905556], [3.549599912967539, -1.0151263761929155, 1.660326154171152], [3.5735267638678017, -1.0567573424997032, -1.6260919216370606], [3.417473880904852, 3.670936832617514, 1.6441031578770895], [6.124622846940427, 2.425336461267958, 0.24556252945306972], [4.158411890941497, 3.0626466692823024, -4.037937362512143], [1.5977512721185765, 4.558892778513184, -2.6059029419103736], [7.059935939869913, 6.341210537716476, -2.3433528314379166], [4.744357500752299, 7.5666270501432455, -4.3240211617250575], [4.784465028274859, 7.92981291085134, 1.1613472552296975], [2.5345893640792707, 8.948792730172148, -0.6224483035068056]], "name": "C5H13N", "identifiers": {"molecule_hash": "0243eb1fdbd32da3fb312fecb53ed5ba961ab789", "molecular_formula": "C5H13N"}, "molecular_charge": 0.0, "molecular_multiplicity": 1, "connectivity": [[0, 1, 1.0], [0, 6, 1.0], [0, 7, 1.0], [0, 8, 1.0], [1, 2, 1.0], [1, 9, 1.0], [1, 10, 1.0], [2, 3, 1.0], [2, 11, 1.0], [2, 12, 1.0], [3, 4, 1.0], [3, 13, 1.0], [3, 14, 1.0], [4, 5, 1.0], [4, 15, 1.0], [4, 16, 1.0], [5, 17, 1.0], [5, 18, 1.0]], "fix_com": true, "fix_orientation": true, "provenance": {"creator": "QCElemental", "version": "v0.22.0", "routine": "qcelemental.molparse.from_schema"}, "id": "45518"}, "charge": 0, "optimize_geometry": false, "conformers": [], "conformer_generation_options": {"n_conformer_pool": 4000, "n_max_conformers": 0, "rms_tolerance": 0.05, "energy_window": 15, "keep_original_conformer": true}, "stage_1_unrestrained_charges": null, "stage_1_restrained_charges": null, "stage_2_unrestrained_charges": null, "stage_2_restrained_charges": null, "keep_original_orientation": false, "reorientations": [], "translations": [], "rotations": []}}, {"index": 4, "molecule": {"qcmol": {"schema_name": "qcschema_molecule", "schema_version": 2, "validated": true, "symbols": ["C", "C", "C", "C", "C", "N", "H", "H", "H", "H", "H", "H", "H", "H", "H", "H", "H", "H", "H"], "geometry": [[0.0, 0.0, 0.0], [2.8907474076886546, 1.825747074670244e-16, 4.37738613441583e-16], [4.092779049332912, 2.6363409712350063, 2.1649348980190553e-15], [3.608306128549317, 4.1804278032219555, -2.3994185961089824], [5.043580954634201, 6.696701728359495, -2.4905100148559782], [4.387733763647066, 8.559331838874357, -0.5778759881562519], [-0.7377993278249737, 1.064628896944967, 1.5939440716437576], [-0.7678718840145309, 0.8246974183325227, -1.7126741883568128], [-0.7274078914147687, -1.913098179113077, 0.1403026544905556], [3.549599912967539, -1.0151263761929155, 1.660326154171152], [3.5735267638678017, -1.0567573424997032, -1.6260919216370606], [3.417473880904852, 3.670936832617514, 1.6441031578770895], [6.124622846940427, 2.425336461267958, 0.24556252945306972], [4.158411890941497, 3.0626466692823024, -4.037937362512143], [1.5977512721185765, 4.558892778513184, -2.6059029419103736], [7.059935939869913, 6.341210537716476, -2.3433528314379166], [4.744357500752299, 7.5666270501432455, -4.3240211617250575], [4.784465028274859, 7.92981291085134, 1.1613472552296975], [2.5345893640792707, 8.948792730172148, -0.6224483035068056]], "name": "C5H13N", "identifiers": {"molecule_hash": "0243eb1fdbd32da3fb312fecb53ed5ba961ab789", "molecular_formula": "C5H13N"}, "molecular_charge": 0.0, "molecular_multiplicity": 1, "connectivity": [[0, 1, 1.0], [0, 6, 1.0], [0, 7, 1.0], [0, 8, 1.0], [1, 2, 1.0], [1, 9, 1.0], [1, 10, 1.0], [2, 3, 1.0], [2, 11, 1.0], [2, 12, 1.0], [3, 4, 1.0], [3, 13, 1.0], [3, 14, 1.0], [4, 5, 1.0], [4, 15, 1.0], [4, 16, 1.0], [5, 17, 1.0], [5, 18, 1.0]], "fix_com": true, "fix_orientation": true, "provenance": {"creator": "QCElemental", "version": "v0.22.0", "routine": "qcelemental.molparse.from_schema"}, "id": "45518"}, "charge": 0, "optimize_geometry": false, "conformers": [], "conformer_generation_options": {"n_conformer_pool": 4000, "n_max_conformers": 0, "rms_tolerance": 0.05, "energy_window": 15, "keep_original_conformer": true}, "stage_1_unrestrained_charges": null, "stage_1_restrained_charges": null, "stage_2_unrestrained_charges": null, "stage_2_restrained_charges": null, "keep_original_orientation": false, "reorientations": [], "translations": [], "rotations": []}}]}, "surface_constraints": {"matrix": [[321471838636188.06, 311668757356479.75, 300319173403769.1, 288583437715812.5, 271250884093959.4, 260411465880073.66, 323922048845179.3, 323210298466430.2, 322930959575115.8, 310376270967022.75, 310724817926807.9, 302607102797533.1, 296008157828183.94, 290429266299716.5, 289242247663694.94, 268189039433923.4, 267522522901536.4, 261972784296587.2, 258973570226552.6], [311668757356479.75, 318995869952477.25, 311343143517908.94, 299973525258750.8, 283418500082804.94, 271025637475367.4, 309579573948507.6, 308965066213714.3, 308726007942849.3, 322829302655828.6, 323191042445268.56, 311413156275166.1, 311465534529198.06, 301516351082965.3, 300338567641993.9, 280373156715573.6, 281436729709256.25, 270576922600149.3, 269436256807454.8], [300319173403769.1, 311343143517908.94, 319466692087435.06, 311494521119057.6, 299955574504551.75, 289421802588792.25, 299234808460001.44, 296038903454695.8, 295656319986657.44, 310572700461605.9, 310844390578640.3, 324483372726192.1, 324224176147192.0, 311391071665924.4, 311528256403459.9, 298409688156313.25, 298129733570257.94, 290021299702604.6, 286733141445523.75], [288583437715812.5, 299973525258750.8, 311494521119057.6, 319500448770137.5, 311313477406235.3, 302118250643709.2, 286813803746773.75, 284501903033617.94, 284348713863937.5, 297537312738234.25, 299215635128881.25, 311627125463702.2, 311310082668166.8, 324386103718210.4, 324454469085691.2, 310185194107666.2, 310070371764263.5, 302276899211887.06, 299521369888136.3], [271250884093959.4, 283418500082804.94, 299955574504551.75, 311313477406235.3, 319132104442986.2, 314019713822632.75, 270385440326530.88, 265892312438002.62, 266897849203727.6, 279678830340344.7, 281479686454787.06, 300310173610562.1, 301611091670925.9, 311394045768269.0, 311475938648986.6, 322581681597668.3, 322502983699238.44, 312402375204307.1, 311837137142373.75], [260411465880073.66, 271025637475367.4, 289421802588792.25, 302118250643709.2, 314019713822632.75, 325845570420559.44, 259776746598388.4, 255990128410326.44, 256092341348351.84, 265750341733713.97, 268210586886595.38, 291673069644863.5, 289997417686152.3, 301475079171158.8, 301312900130088.94, 312051266609223.9, 312569285136478.6, 328246128250259.9, 327668884104430.2], [323922048845179.3, 309579573948507.6, 299234808460001.44, 286813803746773.75, 270385440326530.88, 259776746598388.4, 339695298494277.6, 320868865472495.06, 320794257052669.75, 304811686567103.3, 307717039974361.1, 302964926267131.06, 294689896315704.06, 288368533047831.7, 286506467881974.5, 268518243822573.4, 265702796915077.34, 262379648426736.4, 258587055399466.06], [323210298466430.2, 308965066213714.3, 296038903454695.8, 284501903033617.94, 265892312438002.62, 255990128410326.44, 320868865472495.06, 338223834333507.6, 319998719741504.1, 306677090775091.75, 306914692132786.9, 298583985935659.0, 290228068151508.56, 287072785178980.0, 285731335935904.94, 261196206095309.84, 262206421322245.62, 256787019053743.0, 255363565678359.34], [322930959575115.8, 308726007942849.3, 295656319986657.44, 284348713863937.5, 266897849203727.6, 256092341348351.84, 320794257052669.75, 319998719741504.1, 337397353113508.25, 307753312968725.3, 305589703179980.6, 297725267066912.56, 290079481878870.4, 286068056196705.1, 285703588322774.6, 264248176705907.66, 262817750055693.44, 258791673244378.56, 253809965629045.16], [310376270967022.75, 322829302655828.6, 310572700461605.9, 297537312738234.25, 279678830340344.7, 265750341733713.97, 304811686567103.3, 306677090775091.75, 307753312968725.3, 339488560435415.4, 322232707384580.06, 308103579869306.4, 310938518965364.25, 297265524623259.7, 299673515677616.56, 276059397467842.44, 278909778018415.25, 263701371205360.22, 263535504859877.12], [310724817926807.9, 323191042445268.56, 310844390578640.3, 299215635128881.25, 281479686454787.06, 268210586886595.38, 307717039974361.1, 306914692132786.9, 305589703179980.6, 322232707384580.06, 340288567820622.3, 307460888543459.06, 310770812458343.3, 303381172501583.9, 297766080296459.3, 278048753522144.25, 279828565800197.62, 266812463709532.44, 267926861166360.72], [302607102797533.1, 311413156275166.1, 324483372726192.1, 311627125463702.2, 300310173610562.1, 291673069644863.5, 302964926267131.06, 298583985935659.0, 297725267066912.56, 308103579869306.4, 307460888543459.06, 342282192143534.75, 324627575918696.6, 307230838720547.06, 311741055326452.06, 300463691929439.44, 295344718198970.1, 294368217152116.44, 287943784124879.8], [296008157828183.94, 311465534529198.06, 324224176147192.0, 311310082668166.8, 301611091670925.9, 289997417686152.3, 294689896315704.06, 290228068151508.56, 290079481878870.4, 310938518965364.25, 310770812458343.3, 324627575918696.6, 341564397152020.1, 309941746649685.25, 306964876487617.6, 299344415227189.56, 302714651339248.6, 289790028851356.25, 287361061947193.0], [290429266299716.5, 301516351082965.3, 311391071665924.4, 324386103718210.4, 311394045768269.0, 301475079171158.8, 288368533047831.7, 287072785178980.0, 286068056196705.1, 297265524623259.7, 303381172501583.9, 307230838720547.06, 309941746649685.25, 342054037415079.94, 324670007983346.2, 307907178779118.56, 309126682296348.2, 301001297574050.5, 300336532036877.6], [289242247663694.94, 300338567641993.9, 311528256403459.9, 324454469085691.2, 311475938648986.6, 301312900130088.94, 286506467881974.5, 285731335935904.94, 285703588322774.6, 299673515677616.56, 297766080296459.3, 311741055326452.06, 306964876487617.6, 324670007983346.2, 342073187564848.1, 309387209686724.25, 308065087057125.44, 302848586128840.94, 296978318271240.8], [268189039433923.4, 280373156715573.6, 298409688156313.25, 310185194107666.2, 322581681597668.3, 312051266609223.9, 268518243822573.4, 261196206095309.84, 264248176705907.66, 276059397467842.44, 278048753522144.25, 300463691929439.44, 299344415227189.56, 307907178779118.56, 309387209686724.25, 338901952872536.9, 321356980889845.9, 311729830175176.75, 306438480270995.5], [267522522901536.4, 281436729709256.25, 298129733570257.94, 310070371764263.5, 322502983699238.44, 312569285136478.6, 265702796915077.34, 262206421322245.62, 262817750055693.44, 278909778018415.25, 279828565800197.62, 295344718198970.1, 302714651339248.6, 309126682296348.2, 308065087057125.44, 321356980889845.9, 338631672062731.9, 304609353818244.25, 310643424893324.0], [261972784296587.2, 270576922600149.3, 290021299702604.6, 302276899211887.06, 312402375204307.1, 328246128250259.9, 262379648426736.4, 256787019053743.0, 258791673244378.56, 263701371205360.22, 266812463709532.44, 294368217152116.44, 289790028851356.25, 301001297574050.5, 302848586128840.94, 311729830175176.75, 304609353818244.25, 342809739784089.6, 326123817774220.1], [258973570226552.6, 269436256807454.8, 286733141445523.75, 299521369888136.3, 311837137142373.75, 327668884104430.2, 258587055399466.06, 255363565678359.34, 253809965629045.16, 263535504859877.12, 267926861166360.72, 287943784124879.8, 287361061947193.0, 300336532036877.6, 296978318271240.8, 306438480270995.5, 310643424893324.0, 326123817774220.1, 341549280990768.06], [3627312811974.2, 3404811377294.3164, 3002593517640.2573, 2516636963586.49, 895785763761.632, -713303518397.6853, 4012940652779.5728, 3381054253574.485, 3686211207115.419, 3022520632005.5107, 3738670841233.9272, 2928739531933.662, 3038614678442.9766, 3022383603930.084, 2647476423614.582, 1420691414502.7708, 5070236466.316228, 1374759112802.4724, 1319002795475.6099]]}}