{"resp_b": 0.1, "restrained_fit": true, "exclude_hydrogens": true, "convergence_tolerance": 1e-06, "max_iter": 500, "resp_a": 0.0005, "charge_constraints": {"charge_sum_constraints": [], "charge_equivalence_constraints": [], "molecules": [{"qcmol": {"schema_name": "qcschema_molecule", "schema_version": 2, "validated": true, "symbols": ["C", "C", "C", "C", "C", "N", "H", "H", "H", "H", "H", "H", "H", "H", "H", "H", "H", "H", "H"], "geometry": [[0.0, 0.0, 0.0], [2.8907474076886546, 1.825747074670244e-16, 4.37738613441583e-16], [4.092779049332912, 2.6363409712350063, 2.1649348980190553e-15], [3.608306128549317, 4.1804278032219555, -2.3994185961089824], [5.043580954634201, 6.696701728359495, -2.4905100148559782], [4.387733763647066, 8.559331838874357, -0.5778759881562519], [-0.7377993278249737, 1.064628896944967, 1.5939440716437576], [-0.7678718840145309, 0.8246974183325227, -1.7126741883568128], [-0.7274078914147687, -1.913098179113077, 0.1403026544905556], [3.549599912967539, -1.0151263761929155, 1.660326154171152], [3.5735267638678017, -1.0567573424997032, -1.6260919216370606], [3.417473880904852, 3.670936832617514, 1.6441031578770895], [6.124622846940427, 2.425336461267958, 0.24556252945306972], [4.158411890941497, 3.0626466692823024, -4.037937362512143], [1.5977512721185765, 4.558892778513184, -2.6059029419103736], [7.059935939869913, 6.341210537716476, -2.3433528314379166], [4.744357500752299, 7.5666270501432455, -4.3240211617250575], [4.784465028274859, 7.92981291085134, 1.1613472552296975], [2.5345893640792707, 8.948792730172148, -0.6224483035068056]], "name": "C5H13N", "identifiers": {"molecule_hash": "0243eb1fdbd32da3fb312fecb53ed5ba961ab789", "molecular_formula": "C5H13N"}, "molecular_charge": 0.0, "molecular_multiplicity": 1, "connectivity": [[0, 1, 1.0], [0, 6, 1.0], [0, 7, 1.0], [0, 8, 1.0], [1, 2, 1.0], [1, 9, 1.0], [1, 10, 1.0], [2, 3, 1.0], [2, 11, 1.0], [2, 12, 1.0], [3, 4, 1.0], [3, 13, 1.0], [3, 14, 1.0], [4, 5, 1.0], [4, 15, 1.0], [4, 16, 1.0], [5, 17, 1.0], [5, 18, 1.0]], "fix_com": true, "fix_orientation": true, "provenance": {"creator": "QCElemental", "version": "v0.22.0", "routine": "qcelemental.molparse.from_schema"}, "id": "45518"}, "charge": 0, "optimize_geometry": false, "conformers": [], "conformer_generation_options": {"n_conformer_pool": 4000, "n_max_conformers": 0, "rms_tolerance": 0.05, "energy_window": 15, "keep_original_conformer": true}, "stage_1_unrestrained_charges": null, "stage_1_restrained_charges": null, "stage_2_unrestrained_charges": null, "stage_2_restrained_charges": null, "keep_original_orientation": false, "reorientations": [], "translations": [], "rotations": []}], "unconstrained_atoms": [{"index": 0, "molecule": {"qcmol": {"schema_name": "qcschema_molecule", "schema_version": 2, "validated": true, "symbols": ["C", "C", "C", "C", "C", "N", "H", "H", "H", "H", "H", "H", "H", "H", "H", "H", "H", "H", "H"], "geometry": [[0.0, 0.0, 0.0], [2.8907474076886546, 1.825747074670244e-16, 4.37738613441583e-16], [4.092779049332912, 2.6363409712350063, 2.1649348980190553e-15], [3.608306128549317, 4.1804278032219555, -2.3994185961089824], [5.043580954634201, 6.696701728359495, -2.4905100148559782], [4.387733763647066, 8.559331838874357, -0.5778759881562519], [-0.7377993278249737, 1.064628896944967, 1.5939440716437576], [-0.7678718840145309, 0.8246974183325227, -1.7126741883568128], [-0.7274078914147687, -1.913098179113077, 0.1403026544905556], [3.549599912967539, -1.0151263761929155, 1.660326154171152], [3.5735267638678017, -1.0567573424997032, -1.6260919216370606], [3.417473880904852, 3.670936832617514, 1.6441031578770895], [6.124622846940427, 2.425336461267958, 0.24556252945306972], [4.158411890941497, 3.0626466692823024, -4.037937362512143], [1.5977512721185765, 4.558892778513184, -2.6059029419103736], [7.059935939869913, 6.341210537716476, -2.3433528314379166], [4.744357500752299, 7.5666270501432455, -4.3240211617250575], [4.784465028274859, 7.92981291085134, 1.1613472552296975], [2.5345893640792707, 8.948792730172148, -0.6224483035068056]], "name": "C5H13N", "identifiers": {"molecule_hash": "0243eb1fdbd32da3fb312fecb53ed5ba961ab789", "molecular_formula": "C5H13N"}, "molecular_charge": 0.0, "molecular_multiplicity": 1, "connectivity": [[0, 1, 1.0], [0, 6, 1.0], [0, 7, 1.0], [0, 8, 1.0], [1, 2, 1.0], [1, 9, 1.0], [1, 10, 1.0], [2, 3, 1.0], [2, 11, 1.0], [2, 12, 1.0], [3, 4, 1.0], [3, 13, 1.0], [3, 14, 1.0], [4, 5, 1.0], [4, 15, 1.0], [4, 16, 1.0], [5, 17, 1.0], [5, 18, 1.0]], "fix_com": true, "fix_orientation": true, "provenance": {"creator": "QCElemental", "version": "v0.22.0", "routine": "qcelemental.molparse.from_schema"}, "id": "45518"}, "charge": 0, "optimize_geometry": false, "conformers": [], "conformer_generation_options": {"n_conformer_pool": 4000, "n_max_conformers": 0, "rms_tolerance": 0.05, "energy_window": 15, "keep_original_conformer": true}, "stage_1_unrestrained_charges": null, "stage_1_restrained_charges": null, "stage_2_unrestrained_charges": null, "stage_2_restrained_charges": null, "keep_original_orientation": false, "reorientations": [], "translations": [], "rotations": []}}, {"index": 1, "molecule": {"qcmol": {"schema_name": "qcschema_molecule", "schema_version": 2, "validated": true, "symbols": ["C", "C", "C", "C", "C", "N", "H", "H", "H", "H", "H", "H", "H", "H", "H", "H", "H", "H", "H"], "geometry": [[0.0, 0.0, 0.0], [2.8907474076886546, 1.825747074670244e-16, 4.37738613441583e-16], [4.092779049332912, 2.6363409712350063, 2.1649348980190553e-15], [3.608306128549317, 4.1804278032219555, -2.3994185961089824], [5.043580954634201, 6.696701728359495, -2.4905100148559782], [4.387733763647066, 8.559331838874357, -0.5778759881562519], [-0.7377993278249737, 1.064628896944967, 1.5939440716437576], [-0.7678718840145309, 0.8246974183325227, -1.7126741883568128], [-0.7274078914147687, -1.913098179113077, 0.1403026544905556], [3.549599912967539, -1.0151263761929155, 1.660326154171152], [3.5735267638678017, -1.0567573424997032, -1.6260919216370606], [3.417473880904852, 3.670936832617514, 1.6441031578770895], [6.124622846940427, 2.425336461267958, 0.24556252945306972], [4.158411890941497, 3.0626466692823024, -4.037937362512143], [1.5977512721185765, 4.558892778513184, -2.6059029419103736], [7.059935939869913, 6.341210537716476, -2.3433528314379166], [4.744357500752299, 7.5666270501432455, -4.3240211617250575], [4.784465028274859, 7.92981291085134, 1.1613472552296975], [2.5345893640792707, 8.948792730172148, -0.6224483035068056]], "name": "C5H13N", "identifiers": {"molecule_hash": "0243eb1fdbd32da3fb312fecb53ed5ba961ab789", "molecular_formula": "C5H13N"}, "molecular_charge": 0.0, "molecular_multiplicity": 1, "connectivity": [[0, 1, 1.0], [0, 6, 1.0], [0, 7, 1.0], [0, 8, 1.0], [1, 2, 1.0], [1, 9, 1.0], [1, 10, 1.0], [2, 3, 1.0], [2, 11, 1.0], [2, 12, 1.0], [3, 4, 1.0], [3, 13, 1.0], [3, 14, 1.0], [4, 5, 1.0], [4, 15, 1.0], [4, 16, 1.0], [5, 17, 1.0], [5, 18, 1.0]], "fix_com": true, "fix_orientation": true, "provenance": {"creator": "QCElemental", "version": "v0.22.0", "routine": "qcelemental.molparse.from_schema"}, "id": "45518"}, "charge": 0, "optimize_geometry": false, "conformers": [], "conformer_generation_options": {"n_conformer_pool": 4000, "n_max_conformers": 0, "rms_tolerance": 0.05, "energy_window": 15, "keep_original_conformer": true}, "stage_1_unrestrained_charges": null, "stage_1_restrained_charges": null, "stage_2_unrestrained_charges": null, "stage_2_restrained_charges": null, "keep_original_orientation": false, "reorientations": [], "translations": [], "rotations": []}}, {"index": 2, "molecule": {"qcmol": {"schema_name": "qcschema_molecule", "schema_version": 2, "validated": true, "symbols": ["C", "C", "C", "C", "C", "N", "H", "H", "H", "H", "H", "H", "H", "H", "H", "H", "H", "H", "H"], "geometry": [[0.0, 0.0, 0.0], [2.8907474076886546, 1.825747074670244e-16, 4.37738613441583e-16], [4.092779049332912, 2.6363409712350063, 2.1649348980190553e-15], [3.608306128549317, 4.1804278032219555, -2.3994185961089824], [5.043580954634201, 6.696701728359495, -2.4905100148559782], [4.387733763647066, 8.559331838874357, -0.5778759881562519], [-0.7377993278249737, 1.064628896944967, 1.5939440716437576], [-0.7678718840145309, 0.8246974183325227, -1.7126741883568128], [-0.7274078914147687, -1.913098179113077, 0.1403026544905556], [3.549599912967539, -1.0151263761929155, 1.660326154171152], [3.5735267638678017, -1.0567573424997032, -1.6260919216370606], [3.417473880904852, 3.670936832617514, 1.6441031578770895], [6.124622846940427, 2.425336461267958, 0.24556252945306972], [4.158411890941497, 3.0626466692823024, -4.037937362512143], [1.5977512721185765, 4.558892778513184, -2.6059029419103736], [7.059935939869913, 6.341210537716476, -2.3433528314379166], [4.744357500752299, 7.5666270501432455, -4.3240211617250575], [4.784465028274859, 7.92981291085134, 1.1613472552296975], [2.5345893640792707, 8.948792730172148, -0.6224483035068056]], "name": "C5H13N", "identifiers": {"molecule_hash": "0243eb1fdbd32da3fb312fecb53ed5ba961ab789", "molecular_formula": "C5H13N"}, "molecular_charge": 0.0, "molecular_multiplicity": 1, "connectivity": [[0, 1, 1.0], [0, 6, 1.0], [0, 7, 1.0], [0, 8, 1.0], [1, 2, 1.0], [1, 9, 1.0], [1, 10, 1.0], [2, 3, 1.0], [2, 11, 1.0], [2, 12, 1.0], [3, 4, 1.0], [3, 13, 1.0], [3, 14, 1.0], [4, 5, 1.0], [4, 15, 1.0], [4, 16, 1.0], [5, 17, 1.0], [5, 18, 1.0]], "fix_com": true, "fix_orientation": true, "provenance": {"creator": "QCElemental", "version": "v0.22.0", "routine": "qcelemental.molparse.from_schema"}, "id": "45518"}, "charge": 0, "optimize_geometry": false, "conformers": [], "conformer_generation_options": {"n_conformer_pool": 4000, "n_max_conformers": 0, "rms_tolerance": 0.05, "energy_window": 15, "keep_original_conformer": true}, "stage_1_unrestrained_charges": null, "stage_1_restrained_charges": null, "stage_2_unrestrained_charges": null, "stage_2_restrained_charges": null, "keep_original_orientation": false, "reorientations": [], "translations": [], "rotations": []}}, {"index": 3, "molecule": {"qcmol": {"schema_name": "qcschema_molecule", "schema_version": 2, "validated": true, "symbols": ["C", "C", "C", "C", "C", "N", "H", "H", "H", "H", "H", "H", "H", "H", "H", "H", "H", "H", "H"], "geometry": [[0.0, 0.0, 0.0], [2.8907474076886546, 1.825747074670244e-16, 4.37738613441583e-16], [4.092779049332912, 2.6363409712350063, 2.1649348980190553e-15], [3.608306128549317, 4.1804278032219555, -2.3994185961089824], [5.043580954634201, 6.696701728359495, -2.4905100148559782], [4.387733763647066, 8.559331838874357, -0.5778759881562519], [-0.7377993278249737, 1.064628896944967, 1.5939440716437576], [-0.7678718840145309, 0.8246974183325227, -1.7126741883568128], [-0.7274078914147687, -1.913098179113077, 0.1403026544905556], [3.549599912967539, -1.0151263761929155, 1.660326154171152], [3.5735267638678017, -1.0567573424997032, -1.6260919216370606], [3.417473880904852, 3.670936832617514, 1.6441031578770895], [6.124622846940427, 2.425336461267958, 0.24556252945306972], [4.158411890941497, 3.0626466692823024, -4.037937362512143], [1.5977512721185765, 4.558892778513184, -2.6059029419103736], [7.059935939869913, 6.341210537716476, -2.3433528314379166], [4.744357500752299, 7.5666270501432455, -4.3240211617250575], [4.784465028274859, 7.92981291085134, 1.1613472552296975], [2.5345893640792707, 8.948792730172148, -0.6224483035068056]], "name": "C5H13N", "identifiers": {"molecule_hash": "0243eb1fdbd32da3fb312fecb53ed5ba961ab789", "molecular_formula": "C5H13N"}, "molecular_charge": 0.0, "molecular_multiplicity": 1, "connectivity": [[0, 1, 1.0], [0, 6, 1.0], [0, 7, 1.0], [0, 8, 1.0], [1, 2, 1.0], [1, 9, 1.0], [1, 10, 1.0], [2, 3, 1.0], [2, 11, 1.0], [2, 12, 1.0], [3, 4, 1.0], [3, 13, 1.0], [3, 14, 1.0], [4, 5, 1.0], [4, 15, 1.0], [4, 16, 1.0], [5, 17, 1.0], [5, 18, 1.0]], "fix_com": true, "fix_orientation": true, "provenance": {"creator": "QCElemental", "version": "v0.22.0", "routine": "qcelemental.molparse.from_schema"}, "id": "45518"}, "charge": 0, "optimize_geometry": false, "conformers": [], "conformer_generation_options": {"n_conformer_pool": 4000, "n_max_conformers": 0, "rms_tolerance": 0.05, "energy_window": 15, "keep_original_conformer": true}, "stage_1_unrestrained_charges": null, "stage_1_restrained_charges": null, "stage_2_unrestrained_charges": null, "stage_2_restrained_charges": null, "keep_original_orientation": false, "reorientations": [], "translations": [], "rotations": []}}, {"index": 4, "molecule": {"qcmol": {"schema_name": "qcschema_molecule", "schema_version": 2, "validated": true, "symbols": ["C", "C", "C", "C", "C", "N", "H", "H", "H", "H", "H", "H", "H", "H", "H", "H", "H", "H", "H"], "geometry": [[0.0, 0.0, 0.0], [2.8907474076886546, 1.825747074670244e-16, 4.37738613441583e-16], [4.092779049332912, 2.6363409712350063, 2.1649348980190553e-15], [3.608306128549317, 4.1804278032219555, -2.3994185961089824], [5.043580954634201, 6.696701728359495, -2.4905100148559782], [4.387733763647066, 8.559331838874357, -0.5778759881562519], [-0.7377993278249737, 1.064628896944967, 1.5939440716437576], [-0.7678718840145309, 0.8246974183325227, -1.7126741883568128], [-0.7274078914147687, -1.913098179113077, 0.1403026544905556], [3.549599912967539, -1.0151263761929155, 1.660326154171152], [3.5735267638678017, -1.0567573424997032, -1.6260919216370606], [3.417473880904852, 3.670936832617514, 1.6441031578770895], [6.124622846940427, 2.425336461267958, 0.24556252945306972], [4.158411890941497, 3.0626466692823024, -4.037937362512143], [1.5977512721185765, 4.558892778513184, -2.6059029419103736], [7.059935939869913, 6.341210537716476, -2.3433528314379166], [4.744357500752299, 7.5666270501432455, -4.3240211617250575], [4.784465028274859, 7.92981291085134, 1.1613472552296975], [2.5345893640792707, 8.948792730172148, -0.6224483035068056]], "name": "C5H13N", "identifiers": {"molecule_hash": "0243eb1fdbd32da3fb312fecb53ed5ba961ab789", "molecular_formula": "C5H13N"}, "molecular_charge": 0.0, "molecular_multiplicity": 1, "connectivity": [[0, 1, 1.0], [0, 6, 1.0], [0, 7, 1.0], [0, 8, 1.0], [1, 2, 1.0], [1, 9, 1.0], [1, 10, 1.0], [2, 3, 1.0], [2, 11, 1.0], [2, 12, 1.0], [3, 4, 1.0], [3, 13, 1.0], [3, 14, 1.0], [4, 5, 1.0], [4, 15, 1.0], [4, 16, 1.0], [5, 17, 1.0], [5, 18, 1.0]], "fix_com": true, "fix_orientation": true, "provenance": {"creator": "QCElemental", "version": "v0.22.0", "routine": "qcelemental.molparse.from_schema"}, "id": "45518"}, "charge": 0, "optimize_geometry": false, "conformers": [], "conformer_generation_options": {"n_conformer_pool": 4000, "n_max_conformers": 0, "rms_tolerance": 0.05, "energy_window": 15, "keep_original_conformer": true}, "stage_1_unrestrained_charges": null, "stage_1_restrained_charges": null, "stage_2_unrestrained_charges": null, "stage_2_restrained_charges": null, "keep_original_orientation": false, "reorientations": [], "translations": [], "rotations": []}}]}, "surface_constraints": {"matrix": [[325912454138124.8, 315880720799107.3, 304366821916829.44, 292608509635910.1, 275645540124908.47, 265391190544861.97, 328076312560698.8, 327886775035228.8, 327704839106160.1, 314514218499899.7, 314875824075609.2, 306667871367919.75, 299960945257922.8, 294333576334293.44, 293197421409876.5, 272418681968626.62, 271887998131041.2, 267861937754497.28, 264564471565688.06], [315880720799107.3, 323020322744895.3, 315235877757757.4, 303730386262141.25, 287288085286363.5, 275416565936677.16, 313496173209875.25, 313256278472173.56, 313098345999252.8, 326906193150965.0, 327270801919957.56, 315327590743621.8, 315344771093703.7, 305234380205484.75, 304035848411607.2, 284175940272233.6, 285127371724581.7, 275763697153263.66, 274372220679366.44], [304366821916829.44, 315235877757757.4, 323269222548546.75, 315207164969703.3, 303655800978197.5, 293343119877692.3, 301884934824252.25, 299988845101470.75, 301176485700694.56, 314452106552409.7, 314724775732913.7, 328380444589192.5, 328158698481665.9, 315106861770064.06, 315211674093320.44, 302145864796907.56, 301756120910588.75, 294562901901724.9, 291006751173658.6], [292608509635910.1, 303730386262141.25, 315207164969703.3, 323134495838600.5, 314960412575290.8, 305757481018049.75, 288232834984878.6, 289756760051478.3, 289835288661299.5, 301220291837171.0, 302972508336315.2, 315376349076445.2, 315083927306345.5, 328089085790065.1, 328164176785419.56, 313946888206842.9, 313672227935211.0, 306364955266503.3, 303351120260406.8], [275645540124908.47, 287288085286363.5, 303655800978197.5, 314960412575290.8, 322862189773675.1, 317803141471527.94, 272425155688124.56, 271078739430975.8, 273124997548549.4, 283315592679826.94, 285344299835864.94, 304181552621293.0, 305256888790821.1, 315025878066677.1, 315106633482436.44, 326479671130814.56, 326239859064996.75, 316375267392246.0, 315499006688054.94], [265391190544861.97, 275416565936677.16, 293343119877692.3, 305757481018049.75, 317803141471527.94, 329884446596482.75, 262134404573772.78, 262280224106200.44, 262743688659961.0, 270038634622435.0, 272559078469860.7, 295799434984506.56, 293807093670534.44, 305034411311103.94, 304841799476174.94, 315752721042791.4, 316252759880610.9, 332260804966867.94, 331352400067295.56], [328076312560698.8, 313496173209875.25, 301884934824252.25, 288232834984878.6, 272425155688124.56, 262134404573772.78, 343922341866215.25, 325138843720187.0, 325134338674303.44, 309658888335470.75, 311437221439080.2, 305976005562461.9, 297277108511572.25, 288745419168373.94, 287642245222825.06, 270908848701605.28, 267745572347179.66, 265674434089676.78, 261269064778511.3], [327886775035228.8, 313256278472173.56, 299988845101470.75, 289756760051478.3, 271078739430975.8, 262280224106200.44, 325138843720187.0, 343551122123951.6, 324920341342483.25, 309742983416753.8, 312281862665544.94, 302522114106600.44, 292809202733664.06, 292737280905232.3, 291833675703436.25, 265956671692616.34, 266752078806639.84, 264359758013052.94, 262526477213599.84], [327704839106160.1, 313098345999252.8, 301176485700694.56, 289835288661299.5, 273124997548549.4, 262743688659961.0, 325134338674303.44, 324920341342483.25, 343015756680927.1, 311955487163463.25, 308655369759640.8, 303010905087929.75, 296631261851051.44, 291782166861493.5, 290429030053063.1, 269966072452092.88, 269667817572661.3, 266119956530302.7, 261132464094488.84], [314514218499899.7, 326906193150965.0, 314452106552409.7, 301220291837171.0, 283315592679826.94, 270038634622435.0, 309658888335470.75, 309742983416753.8, 311955487163463.25, 344021346135526.9, 326273908367330.3, 311890094255444.5, 314825063186896.56, 300886593503650.44, 303394181950263.9, 279622140676091.34, 282195327475058.56, 268769718100187.94, 268324451126046.25], [314875824075609.2, 327270801919957.56, 314724775732913.7, 302972508336315.2, 285344299835864.94, 272559078469860.7, 311437221439080.2, 312281862665544.94, 308655369759640.8, 326273908367330.3, 344818893707862.8, 311262732456043.1, 314536655164800.0, 307227792827899.8, 301378902245271.44, 281850233627374.3, 283533642857790.7, 271912605942634.62, 272964101298966.06], [306667871367919.75, 315327590743621.8, 328380444589192.5, 315376349076445.2, 304181552621293.0, 295799434984506.56, 305976005562461.9, 302522114106600.44, 303010905087929.75, 311890094255444.5, 311262732456043.1, 346677554437309.44, 328543290109935.6, 310815039024678.6, 315382749603122.6, 304421502121457.4, 299185344666933.06, 299091233438668.9, 292448493750133.2], [299960945257922.8, 315344771093703.7, 328158698481665.9, 315083927306345.5, 305256888790821.1, 293807093670534.44, 297277108511572.25, 292809202733664.06, 296631261851051.44, 314825063186896.56, 314536655164800.0, 328543290109935.6, 346062532841418.56, 313716745245033.0, 310599259136686.2, 303037642082336.1, 306334582506249.06, 294253947323564.06, 291461811619796.0], [294333576334293.44, 305234380205484.75, 315106861770064.06, 328089085790065.1, 315025878066677.1, 305034411311103.94, 288745419168373.94, 292737280905232.3, 291782166861493.5, 300886593503650.44, 307227792827899.8, 310815039024678.6, 313716745245033.0, 346232576933841.56, 328337454485460.06, 311586443198965.44, 312661647138120.7, 305030149900534.8, 304291801923523.44], [293197421409876.5, 304035848411607.2, 315211674093320.44, 328164176785419.56, 315106633482436.44, 304841799476174.94, 287642245222825.06, 291833675703436.25, 290429030053063.1, 303394181950263.9, 301378902245271.44, 315382749603122.6, 310599259136686.2, 328337454485460.06, 346227775679483.56, 313097929715547.3, 311583574725403.8, 306890568527124.1, 300649703083281.6], [272418681968626.62, 284175940272233.6, 302145864796907.56, 313946888206842.9, 326479671130814.56, 315752721042791.4, 270908848701605.28, 265956671692616.34, 269966072452092.88, 279622140676091.34, 281850233627374.3, 304421502121457.4, 303037642082336.1, 311586443198965.44, 313097929715547.3, 343435334731806.3, 325180013225703.75, 315673019470153.5, 309989981189758.0], [271887998131041.2, 285127371724581.7, 301756120910588.75, 313672227935211.0, 326239859064996.75, 316252759880610.9, 267745572347179.66, 266752078806639.84, 269667817572661.3, 282195327475058.56, 283533642857790.7, 299185344666933.06, 306334582506249.06, 312661647138120.7, 311583574725403.8, 325180013225703.75, 342794342059748.0, 308181563308623.3, 314032059378257.44], [267861937754497.28, 275763697153263.66, 294562901901724.9, 306364955266503.3, 316375267392246.0, 332260804966867.94, 265674434089676.78, 264359758013052.94, 266119956530302.7, 268769718100187.94, 271912605942634.62, 299091233438668.9, 294253947323564.06, 305030149900534.8, 306890568527124.1, 315673019470153.5, 308181563308623.3, 347311743488854.7, 330095857537558.06], [264564471565688.06, 274372220679366.44, 291006751173658.6, 303351120260406.8, 315499006688054.94, 331352400067295.56, 261269064778511.3, 262526477213599.84, 261132464094488.84, 268324451126046.25, 272964101298966.06, 292448493750133.2, 291461811619796.0, 304291801923523.44, 300649703083281.6, 309989981189758.0, 314032059378257.44, 330095857537558.06, 345293516790338.0], [2576538664799.0435, 2396347052879.325, 2141981198318.6445, 1827679507325.9072, 760948831236.5436, -163461461567.28012, 2754097924880.885, 2528212978525.8037, 2631002387344.9004, 2138044509401.1646, 2595279550868.595, 2111165426841.6008, 2171732552144.508, 2205207073479.251, 1879149373913.675, 1042451709206.8585, 86124598681.04105, 1594384033303.119, 1591645788292.665]]}}