{"resp_b": 0.1, "restrained_fit": true, "exclude_hydrogens": true, "convergence_tolerance": 1e-06, "max_iter": 500, "resp_a": 0.0005, "charge_constraints": {"charge_sum_constraints": [], "charge_equivalence_constraints": [], "molecules": [{"qcmol": {"schema_name": "qcschema_molecule", "schema_version": 2, "validated": true, "symbols": ["C", "C", "C", "C", "C", "N", "H", "H", "H", "H", "H", "H", "H", "H", "H", "H", "H", "H", "H"], "geometry": [[0.0, 0.0, 0.0], [2.8907474076886546, 1.825747074670244e-16, 4.37738613441583e-16], [4.092779049332912, 2.6363409712350063, 2.1649348980190553e-15], [3.608306128549317, 4.1804278032219555, -2.3994185961089824], [5.043580954634201, 6.696701728359495, -2.4905100148559782], [4.387733763647066, 8.559331838874357, -0.5778759881562519], [-0.7377993278249737, 1.064628896944967, 1.5939440716437576], [-0.7678718840145309, 0.8246974183325227, -1.7126741883568128], [-0.7274078914147687, -1.913098179113077, 0.1403026544905556], [3.549599912967539, -1.0151263761929155, 1.660326154171152], [3.5735267638678017, -1.0567573424997032, -1.6260919216370606], [3.417473880904852, 3.670936832617514, 1.6441031578770895], [6.124622846940427, 2.425336461267958, 0.24556252945306972], [4.158411890941497, 3.0626466692823024, -4.037937362512143], [1.5977512721185765, 4.558892778513184, -2.6059029419103736], [7.059935939869913, 6.341210537716476, -2.3433528314379166], [4.744357500752299, 7.5666270501432455, -4.3240211617250575], [4.784465028274859, 7.92981291085134, 1.1613472552296975], [2.5345893640792707, 8.948792730172148, -0.6224483035068056]], "name": "C5H13N", "identifiers": {"molecule_hash": "0243eb1fdbd32da3fb312fecb53ed5ba961ab789", "molecular_formula": "C5H13N"}, "molecular_charge": 0.0, "molecular_multiplicity": 1, "connectivity": [[0, 1, 1.0], [0, 6, 1.0], [0, 7, 1.0], [0, 8, 1.0], [1, 2, 1.0], [1, 9, 1.0], [1, 10, 1.0], [2, 3, 1.0], [2, 11, 1.0], [2, 12, 1.0], [3, 4, 1.0], [3, 13, 1.0], [3, 14, 1.0], [4, 5, 1.0], [4, 15, 1.0], [4, 16, 1.0], [5, 17, 1.0], [5, 18, 1.0]], "fix_com": true, "fix_orientation": true, "provenance": {"creator": "QCElemental", "version": "v0.22.0", "routine": "qcelemental.molparse.from_schema"}, "id": "45518"}, "charge": 0, "optimize_geometry": false, "conformers": [], "conformer_generation_options": {"n_conformer_pool": 4000, "n_max_conformers": 0, "rms_tolerance": 0.05, "energy_window": 15, "keep_original_conformer": true}, "stage_1_unrestrained_charges": null, "stage_1_restrained_charges": null, "stage_2_unrestrained_charges": null, "stage_2_restrained_charges": null, "keep_original_orientation": false, "reorientations": [], "translations": [], "rotations": []}], "unconstrained_atoms": [{"index": 0, "molecule": {"qcmol": {"schema_name": "qcschema_molecule", "schema_version": 2, "validated": true, "symbols": ["C", "C", "C", "C", "C", "N", "H", "H", "H", "H", "H", "H", "H", "H", "H", "H", "H", "H", "H"], "geometry": [[0.0, 0.0, 0.0], [2.8907474076886546, 1.825747074670244e-16, 4.37738613441583e-16], [4.092779049332912, 2.6363409712350063, 2.1649348980190553e-15], [3.608306128549317, 4.1804278032219555, -2.3994185961089824], [5.043580954634201, 6.696701728359495, -2.4905100148559782], [4.387733763647066, 8.559331838874357, -0.5778759881562519], [-0.7377993278249737, 1.064628896944967, 1.5939440716437576], [-0.7678718840145309, 0.8246974183325227, -1.7126741883568128], [-0.7274078914147687, -1.913098179113077, 0.1403026544905556], [3.549599912967539, -1.0151263761929155, 1.660326154171152], [3.5735267638678017, -1.0567573424997032, -1.6260919216370606], [3.417473880904852, 3.670936832617514, 1.6441031578770895], [6.124622846940427, 2.425336461267958, 0.24556252945306972], [4.158411890941497, 3.0626466692823024, -4.037937362512143], [1.5977512721185765, 4.558892778513184, -2.6059029419103736], [7.059935939869913, 6.341210537716476, -2.3433528314379166], [4.744357500752299, 7.5666270501432455, -4.3240211617250575], [4.784465028274859, 7.92981291085134, 1.1613472552296975], [2.5345893640792707, 8.948792730172148, -0.6224483035068056]], "name": "C5H13N", "identifiers": {"molecule_hash": "0243eb1fdbd32da3fb312fecb53ed5ba961ab789", "molecular_formula": "C5H13N"}, "molecular_charge": 0.0, "molecular_multiplicity": 1, "connectivity": [[0, 1, 1.0], [0, 6, 1.0], [0, 7, 1.0], [0, 8, 1.0], [1, 2, 1.0], [1, 9, 1.0], [1, 10, 1.0], [2, 3, 1.0], [2, 11, 1.0], [2, 12, 1.0], [3, 4, 1.0], [3, 13, 1.0], [3, 14, 1.0], [4, 5, 1.0], [4, 15, 1.0], [4, 16, 1.0], [5, 17, 1.0], [5, 18, 1.0]], "fix_com": true, "fix_orientation": true, "provenance": {"creator": "QCElemental", "version": "v0.22.0", "routine": "qcelemental.molparse.from_schema"}, "id": "45518"}, "charge": 0, "optimize_geometry": false, "conformers": [], "conformer_generation_options": {"n_conformer_pool": 4000, "n_max_conformers": 0, "rms_tolerance": 0.05, "energy_window": 15, "keep_original_conformer": true}, "stage_1_unrestrained_charges": null, "stage_1_restrained_charges": null, "stage_2_unrestrained_charges": null, "stage_2_restrained_charges": null, "keep_original_orientation": false, "reorientations": [], "translations": [], "rotations": []}}, {"index": 1, "molecule": {"qcmol": {"schema_name": "qcschema_molecule", "schema_version": 2, "validated": true, "symbols": ["C", "C", "C", "C", "C", "N", "H", "H", "H", "H", "H", "H", "H", "H", "H", "H", "H", "H", "H"], "geometry": [[0.0, 0.0, 0.0], [2.8907474076886546, 1.825747074670244e-16, 4.37738613441583e-16], [4.092779049332912, 2.6363409712350063, 2.1649348980190553e-15], [3.608306128549317, 4.1804278032219555, -2.3994185961089824], [5.043580954634201, 6.696701728359495, -2.4905100148559782], [4.387733763647066, 8.559331838874357, -0.5778759881562519], [-0.7377993278249737, 1.064628896944967, 1.5939440716437576], [-0.7678718840145309, 0.8246974183325227, -1.7126741883568128], [-0.7274078914147687, -1.913098179113077, 0.1403026544905556], [3.549599912967539, -1.0151263761929155, 1.660326154171152], [3.5735267638678017, -1.0567573424997032, -1.6260919216370606], [3.417473880904852, 3.670936832617514, 1.6441031578770895], [6.124622846940427, 2.425336461267958, 0.24556252945306972], [4.158411890941497, 3.0626466692823024, -4.037937362512143], [1.5977512721185765, 4.558892778513184, -2.6059029419103736], [7.059935939869913, 6.341210537716476, -2.3433528314379166], [4.744357500752299, 7.5666270501432455, -4.3240211617250575], [4.784465028274859, 7.92981291085134, 1.1613472552296975], [2.5345893640792707, 8.948792730172148, -0.6224483035068056]], "name": "C5H13N", "identifiers": {"molecule_hash": "0243eb1fdbd32da3fb312fecb53ed5ba961ab789", "molecular_formula": "C5H13N"}, "molecular_charge": 0.0, "molecular_multiplicity": 1, "connectivity": [[0, 1, 1.0], [0, 6, 1.0], [0, 7, 1.0], [0, 8, 1.0], [1, 2, 1.0], [1, 9, 1.0], [1, 10, 1.0], [2, 3, 1.0], [2, 11, 1.0], [2, 12, 1.0], [3, 4, 1.0], [3, 13, 1.0], [3, 14, 1.0], [4, 5, 1.0], [4, 15, 1.0], [4, 16, 1.0], [5, 17, 1.0], [5, 18, 1.0]], "fix_com": true, "fix_orientation": true, "provenance": {"creator": "QCElemental", "version": "v0.22.0", "routine": "qcelemental.molparse.from_schema"}, "id": "45518"}, "charge": 0, "optimize_geometry": false, "conformers": [], "conformer_generation_options": {"n_conformer_pool": 4000, "n_max_conformers": 0, "rms_tolerance": 0.05, "energy_window": 15, "keep_original_conformer": true}, "stage_1_unrestrained_charges": null, "stage_1_restrained_charges": null, "stage_2_unrestrained_charges": null, "stage_2_restrained_charges": null, "keep_original_orientation": false, "reorientations": [], "translations": [], "rotations": []}}, {"index": 2, "molecule": {"qcmol": {"schema_name": "qcschema_molecule", "schema_version": 2, "validated": true, "symbols": ["C", "C", "C", "C", "C", "N", "H", "H", "H", "H", "H", "H", "H", "H", "H", "H", "H", "H", "H"], "geometry": [[0.0, 0.0, 0.0], [2.8907474076886546, 1.825747074670244e-16, 4.37738613441583e-16], [4.092779049332912, 2.6363409712350063, 2.1649348980190553e-15], [3.608306128549317, 4.1804278032219555, -2.3994185961089824], [5.043580954634201, 6.696701728359495, -2.4905100148559782], [4.387733763647066, 8.559331838874357, -0.5778759881562519], [-0.7377993278249737, 1.064628896944967, 1.5939440716437576], [-0.7678718840145309, 0.8246974183325227, -1.7126741883568128], [-0.7274078914147687, -1.913098179113077, 0.1403026544905556], [3.549599912967539, -1.0151263761929155, 1.660326154171152], [3.5735267638678017, -1.0567573424997032, -1.6260919216370606], [3.417473880904852, 3.670936832617514, 1.6441031578770895], [6.124622846940427, 2.425336461267958, 0.24556252945306972], [4.158411890941497, 3.0626466692823024, -4.037937362512143], [1.5977512721185765, 4.558892778513184, -2.6059029419103736], [7.059935939869913, 6.341210537716476, -2.3433528314379166], [4.744357500752299, 7.5666270501432455, -4.3240211617250575], [4.784465028274859, 7.92981291085134, 1.1613472552296975], [2.5345893640792707, 8.948792730172148, -0.6224483035068056]], "name": "C5H13N", "identifiers": {"molecule_hash": "0243eb1fdbd32da3fb312fecb53ed5ba961ab789", "molecular_formula": "C5H13N"}, "molecular_charge": 0.0, "molecular_multiplicity": 1, "connectivity": [[0, 1, 1.0], [0, 6, 1.0], [0, 7, 1.0], [0, 8, 1.0], [1, 2, 1.0], [1, 9, 1.0], [1, 10, 1.0], [2, 3, 1.0], [2, 11, 1.0], [2, 12, 1.0], [3, 4, 1.0], [3, 13, 1.0], [3, 14, 1.0], [4, 5, 1.0], [4, 15, 1.0], [4, 16, 1.0], [5, 17, 1.0], [5, 18, 1.0]], "fix_com": true, "fix_orientation": true, "provenance": {"creator": "QCElemental", "version": "v0.22.0", "routine": "qcelemental.molparse.from_schema"}, "id": "45518"}, "charge": 0, "optimize_geometry": false, "conformers": [], "conformer_generation_options": {"n_conformer_pool": 4000, "n_max_conformers": 0, "rms_tolerance": 0.05, "energy_window": 15, "keep_original_conformer": true}, "stage_1_unrestrained_charges": null, "stage_1_restrained_charges": null, "stage_2_unrestrained_charges": null, "stage_2_restrained_charges": null, "keep_original_orientation": false, "reorientations": [], "translations": [], "rotations": []}}, {"index": 3, "molecule": {"qcmol": {"schema_name": "qcschema_molecule", "schema_version": 2, "validated": true, "symbols": ["C", "C", "C", "C", "C", "N", "H", "H", "H", "H", "H", "H", "H", "H", "H", "H", "H", "H", "H"], "geometry": [[0.0, 0.0, 0.0], [2.8907474076886546, 1.825747074670244e-16, 4.37738613441583e-16], [4.092779049332912, 2.6363409712350063, 2.1649348980190553e-15], [3.608306128549317, 4.1804278032219555, -2.3994185961089824], [5.043580954634201, 6.696701728359495, -2.4905100148559782], [4.387733763647066, 8.559331838874357, -0.5778759881562519], [-0.7377993278249737, 1.064628896944967, 1.5939440716437576], [-0.7678718840145309, 0.8246974183325227, -1.7126741883568128], [-0.7274078914147687, -1.913098179113077, 0.1403026544905556], [3.549599912967539, -1.0151263761929155, 1.660326154171152], [3.5735267638678017, -1.0567573424997032, -1.6260919216370606], [3.417473880904852, 3.670936832617514, 1.6441031578770895], [6.124622846940427, 2.425336461267958, 0.24556252945306972], [4.158411890941497, 3.0626466692823024, -4.037937362512143], [1.5977512721185765, 4.558892778513184, -2.6059029419103736], [7.059935939869913, 6.341210537716476, -2.3433528314379166], [4.744357500752299, 7.5666270501432455, -4.3240211617250575], [4.784465028274859, 7.92981291085134, 1.1613472552296975], [2.5345893640792707, 8.948792730172148, -0.6224483035068056]], "name": "C5H13N", "identifiers": {"molecule_hash": "0243eb1fdbd32da3fb312fecb53ed5ba961ab789", "molecular_formula": "C5H13N"}, "molecular_charge": 0.0, "molecular_multiplicity": 1, "connectivity": [[0, 1, 1.0], [0, 6, 1.0], [0, 7, 1.0], [0, 8, 1.0], [1, 2, 1.0], [1, 9, 1.0], [1, 10, 1.0], [2, 3, 1.0], [2, 11, 1.0], [2, 12, 1.0], [3, 4, 1.0], [3, 13, 1.0], [3, 14, 1.0], [4, 5, 1.0], [4, 15, 1.0], [4, 16, 1.0], [5, 17, 1.0], [5, 18, 1.0]], "fix_com": true, "fix_orientation": true, "provenance": {"creator": "QCElemental", "version": "v0.22.0", "routine": "qcelemental.molparse.from_schema"}, "id": "45518"}, "charge": 0, "optimize_geometry": false, "conformers": [], "conformer_generation_options": {"n_conformer_pool": 4000, "n_max_conformers": 0, "rms_tolerance": 0.05, "energy_window": 15, "keep_original_conformer": true}, "stage_1_unrestrained_charges": null, "stage_1_restrained_charges": null, "stage_2_unrestrained_charges": null, "stage_2_restrained_charges": null, "keep_original_orientation": false, "reorientations": [], "translations": [], "rotations": []}}, {"index": 4, "molecule": {"qcmol": {"schema_name": "qcschema_molecule", "schema_version": 2, "validated": true, "symbols": ["C", "C", "C", "C", "C", "N", "H", "H", "H", "H", "H", "H", "H", "H", "H", "H", "H", "H", "H"], "geometry": [[0.0, 0.0, 0.0], [2.8907474076886546, 1.825747074670244e-16, 4.37738613441583e-16], [4.092779049332912, 2.6363409712350063, 2.1649348980190553e-15], [3.608306128549317, 4.1804278032219555, -2.3994185961089824], [5.043580954634201, 6.696701728359495, -2.4905100148559782], [4.387733763647066, 8.559331838874357, -0.5778759881562519], [-0.7377993278249737, 1.064628896944967, 1.5939440716437576], [-0.7678718840145309, 0.8246974183325227, -1.7126741883568128], [-0.7274078914147687, -1.913098179113077, 0.1403026544905556], [3.549599912967539, -1.0151263761929155, 1.660326154171152], [3.5735267638678017, -1.0567573424997032, -1.6260919216370606], [3.417473880904852, 3.670936832617514, 1.6441031578770895], [6.124622846940427, 2.425336461267958, 0.24556252945306972], [4.158411890941497, 3.0626466692823024, -4.037937362512143], [1.5977512721185765, 4.558892778513184, -2.6059029419103736], [7.059935939869913, 6.341210537716476, -2.3433528314379166], [4.744357500752299, 7.5666270501432455, -4.3240211617250575], [4.784465028274859, 7.92981291085134, 1.1613472552296975], [2.5345893640792707, 8.948792730172148, -0.6224483035068056]], "name": "C5H13N", "identifiers": {"molecule_hash": "0243eb1fdbd32da3fb312fecb53ed5ba961ab789", "molecular_formula": "C5H13N"}, "molecular_charge": 0.0, "molecular_multiplicity": 1, "connectivity": [[0, 1, 1.0], [0, 6, 1.0], [0, 7, 1.0], [0, 8, 1.0], [1, 2, 1.0], [1, 9, 1.0], [1, 10, 1.0], [2, 3, 1.0], [2, 11, 1.0], [2, 12, 1.0], [3, 4, 1.0], [3, 13, 1.0], [3, 14, 1.0], [4, 5, 1.0], [4, 15, 1.0], [4, 16, 1.0], [5, 17, 1.0], [5, 18, 1.0]], "fix_com": true, "fix_orientation": true, "provenance": {"creator": "QCElemental", "version": "v0.22.0", "routine": "qcelemental.molparse.from_schema"}, "id": "45518"}, "charge": 0, "optimize_geometry": false, "conformers": [], "conformer_generation_options": {"n_conformer_pool": 4000, "n_max_conformers": 0, "rms_tolerance": 0.05, "energy_window": 15, "keep_original_conformer": true}, "stage_1_unrestrained_charges": null, "stage_1_restrained_charges": null, "stage_2_unrestrained_charges": null, "stage_2_restrained_charges": null, "keep_original_orientation": false, "reorientations": [], "translations": [], "rotations": []}}]}, "surface_constraints": {"matrix": [[325923073521521.0, 315891012243736.56, 304376737154677.6, 292618046172155.9, 275654535469082.28, 265399851928779.53, 328087004169932.44, 327897459863799.3, 327715515502929.44, 314524466552289.5, 314886082919164.7, 306677864224866.2, 299970710336796.3, 294343169485801.56, 293206971016593.1, 272427577569094.1, 271896874534398.66, 267870673606058.0, 264573118524948.78], [315891012243736.56, 323030846169433.94, 315246146965599.75, 303740280202783.7, 287297451034942.8, 275425549344430.7, 313506388079880.56, 313266485160727.75, 313108546096043.1, 326916843760023.7, 327281464559916.6, 315337863314850.0, 315355044387183.56, 305244327726702.44, 304045742120612.4, 284185206563630.8, 285136667341512.7, 275772687064187.34, 274381184760064.94], [304376737154677.6, 315246146965599.75, 323279753749105.5, 315217433731438.94, 303665692906987.0, 293352678805135.25, 301894774998089.9, 299998625615518.1, 301186284063799.75, 314462350440840.2, 314735029196764.56, 328391143248608.4, 328169389031111.6, 315117127461109.25, 315221944396156.6, 302155707533633.8, 301765948643428.94, 294572497982194.8, 291016246959158.06], [292618046172155.9, 303740280202783.7, 315217433731438.94, 323145023728075.0, 314970674400074.2, 305767442922286.75, 288242242312864.44, 289766212832571.5, 289844716495309.25, 301230105725887.2, 302982372450372.3, 315386624212502.1, 315094192204871.8, 328099775633238.44, 328174869217514.4, 313957118129391.9, 313682448145040.1, 306374934335918.75, 303361006114289.5], [275654535469082.28, 287297451034942.8, 303665692906987.0, 314970674400074.2, 322872710050169.4, 317813497211914.1, 272434063044805.84, 271087587894349.78, 273133898957114.1, 283324836366780.1, 285353593717223.56, 304191459375790.1, 305266828609719.5, 315036142650189.0, 315116900645616.6, 326490310502166.1, 326250489861748.2, 316385577043753.8, 315509285662034.0], [265399851928779.53, 275425549344430.7, 293352678805135.25, 305767442922286.75, 317813497211914.1, 329895196540750.94, 262142972730961.38, 262288785051026.6, 262752253799329.66, 270047457253638.97, 272567957808992.12, 295809064624955.4, 293816671220383.5, 305044340567632.9, 304851738641963.44, 315763011142556.0, 316263065576995.2, 332271632694146.1, 331363196451572.4], [328087004169932.44, 313506388079880.56, 301894774998089.9, 288242242312864.44, 272434063044805.84, 262142972730961.38, 343933551371257.56, 325149441152452.0, 325144933494703.44, 309668978278920.3, 311447365965646.5, 305985983545527.4, 297286786721700.5, 288754846253690.9, 287651627035407.06, 270917715504359.84, 267754332897213.12, 265683110927597.28, 261277615083992.6], [327897459863799.3, 313266485160727.75, 299998625615518.1, 289766212832571.5, 271087587894349.78, 262288785051026.6, 325149441152452.0, 343562318860184.06, 324930927882378.7, 309753080009789.2, 312292027743948.2, 302531983736340.7, 292818742463745.4, 292746831471070.0, 291843196959815.0, 265965359330625.94, 266760784342387.88, 264368383119911.94, 262535057877644.2], [327715515502929.44, 313108546096043.1, 301186284063799.75, 289844716495309.25, 273133898957114.1, 262752253799329.66, 325144933494703.44, 324930927882378.7, 343026929164291.3, 311965649393548.8, 308665438151748.56, 303020761472618.44, 296640906001779.06, 291791652374684.3, 290438467366005.7, 269974874771819.47, 269676615384618.22, 266128623241928.34, 261140990752360.3], [314524466552289.5, 326916843760023.7, 314462350440840.2, 301230105725887.2, 283324836366780.1, 270047457253638.97, 309668978278920.3, 309753080009789.2, 311965649393548.8, 344032554528637.0, 326284539500476.56, 311900247912331.3, 314835325472965.25, 300896407438298.94, 303404046560766.94, 279631262635018.12, 282204536448724.6, 268778492100289.3, 268333235629586.78], [314886082919164.7, 327281464559916.6, 314735029196764.56, 302982372450372.3, 285353593717223.56, 272567957808992.12, 311447365965646.5, 312292027743948.2, 308665438151748.56, 326284539500476.56, 344830128477732.4, 311272877989682.7, 314546903993613.0, 307237800177136.75, 301388702670409.3, 281859417339972.8, 283542875413839.2, 271921461367997.5, 272973008764306.47], [306677864224866.2, 315337863314850.0, 328391143248608.4, 315386624212502.1, 304191459375790.1, 295809064624955.4, 305985983545527.4, 302531983736340.7, 303020761472618.44, 311900247912331.3, 311272877989682.7, 346688850476961.6, 328553994145088.2, 310825161838034.75, 315393032685548.06, 304431419921797.6, 299195086270475.56, 299100966593440.44, 292458031827758.6], [299970710336796.3, 315355044387183.56, 328169389031111.6, 315094192204871.8, 305266828609719.5, 293816671220383.5, 297286786721700.5, 292818742463745.4, 296640906001779.06, 314835325472965.25, 314546903993613.0, 328553994145088.2, 346073806179089.9, 313726965264765.4, 310609383884247.94, 303047503758068.2, 306344551073995.6, 294263539824754.94, 291471327887965.94], [294343169485801.56, 305244327726702.44, 315117127461109.25, 328099775633238.44, 315036142650189.0, 305044340567632.9, 288754846253690.9, 292746831471070.0, 291791652374684.3, 300896407438298.94, 307237800177136.75, 310825161838034.75, 313726965264765.4, 346243858712533.4, 328348152819402.7, 311596595929912.2, 312671845655364.7, 305040065738410.56, 304301706148102.5], [293206971016593.1, 304045742120612.4, 315221944396156.6, 328174869217514.4, 315116900645616.6, 304851738641963.44, 287651627035407.06, 291843196959815.0, 290438467366005.7, 303404046560766.94, 301388702670409.3, 315393032685548.06, 310609383884247.94, 328348152819402.7, 346239056918152.06, 313108134260231.1, 311593719231796.56, 306900580139368.8, 300659505053179.7], [272427577569094.1, 284185206563630.8, 302155707533633.8, 313957118129391.9, 326490310502166.1, 315763011142556.0, 270917715504359.84, 265965359330625.94, 269974874771819.47, 279631262635018.12, 281859417339972.8, 304431419921797.6, 303047503758068.2, 311596595929912.2, 313108134260231.1, 343446527417480.44, 325190611151213.4, 315683306489091.06, 310000081827220.4], [271896874534398.66, 285136667341512.7, 301765948643428.94, 313682448145040.1, 326250489861748.2, 316263065576995.2, 267754332897213.12, 266760784342387.88, 269676615384618.22, 282204536448724.6, 283542875413839.2, 299195086270475.56, 306344551073995.6, 312671845655364.7, 311593719231796.56, 325190611151213.4, 342805512361333.56, 308191609774494.1, 314042288053123.56], [267870673606058.0, 275772687064187.34, 294572497982194.8, 306374934335918.75, 316385577043753.8, 332271632694146.1, 265683110927597.28, 264368383119911.94, 266128623241928.34, 268778492100289.3, 271921461367997.5, 299100966593440.44, 294263539824754.94, 305040065738410.56, 306900580139368.8, 315683306489091.06, 308191609774494.1, 347323061862511.3, 330106614098212.1], [264573118524948.78, 274381184760064.94, 291016246959158.06, 303361006114289.5, 315509285662034.0, 331363196451572.4, 261277615083992.6, 262535057877644.2, 261140990752360.3, 268333235629586.78, 272973008764306.47, 292458031827758.6, 291471327887965.94, 304301706148102.5, 300659505053179.7, 310000081827220.4, 314042288053123.56, 330106614098212.1, 345304765367728.7], [3171888931829.4927, 2924061628679.741, 2544004611183.835, 2108376499061.5447, 767043724406.9828, -414572320406.6771, 3438243757487.3506, 3073116606293.906, 3238386622425.252, 2594049047218.3853, 3208158236607.2915, 2482354586800.8384, 2578019080457.1606, 2554673382376.3853, 2186498023603.4905, 1186366013475.2756, -106183177341.62726, 1636537952448.8289, 1603433653925.7593]]}}