{"resp_b": 0.1, "restrained_fit": true, "exclude_hydrogens": true, "convergence_tolerance": 1e-06, "max_iter": 500, "resp_a": 0.0005, "charge_constraints": {"charge_sum_constraints": [], "charge_equivalence_constraints": [], "molecules": [{"qcmol": {"schema_name": "qcschema_molecule", "schema_version": 2, "validated": true, "symbols": ["C", "C", "C", "C", "C", "N", "H", "H", "H", "H", "H", "H", "H", "H", "H", "H", "H", "H", "H"], "geometry": [[0.0, 0.0, 0.0], [2.8907474076886546, 1.825747074670244e-16, 4.37738613441583e-16], [4.092779049332912, 2.6363409712350063, 2.1649348980190553e-15], [3.608306128549317, 4.1804278032219555, -2.3994185961089824], [5.043580954634201, 6.696701728359495, -2.4905100148559782], [4.387733763647066, 8.559331838874357, -0.5778759881562519], [-0.7377993278249737, 1.064628896944967, 1.5939440716437576], [-0.7678718840145309, 0.8246974183325227, -1.7126741883568128], [-0.7274078914147687, -1.913098179113077, 0.1403026544905556], [3.549599912967539, -1.0151263761929155, 1.660326154171152], [3.5735267638678017, -1.0567573424997032, -1.6260919216370606], [3.417473880904852, 3.670936832617514, 1.6441031578770895], [6.124622846940427, 2.425336461267958, 0.24556252945306972], [4.158411890941497, 3.0626466692823024, -4.037937362512143], [1.5977512721185765, 4.558892778513184, -2.6059029419103736], [7.059935939869913, 6.341210537716476, -2.3433528314379166], [4.744357500752299, 7.5666270501432455, -4.3240211617250575], [4.784465028274859, 7.92981291085134, 1.1613472552296975], [2.5345893640792707, 8.948792730172148, -0.6224483035068056]], "name": "C5H13N", "identifiers": {"molecule_hash": "0243eb1fdbd32da3fb312fecb53ed5ba961ab789", "molecular_formula": "C5H13N"}, "molecular_charge": 0.0, "molecular_multiplicity": 1, "connectivity": [[0, 1, 1.0], [0, 6, 1.0], [0, 7, 1.0], [0, 8, 1.0], [1, 2, 1.0], [1, 9, 1.0], [1, 10, 1.0], [2, 3, 1.0], [2, 11, 1.0], [2, 12, 1.0], [3, 4, 1.0], [3, 13, 1.0], [3, 14, 1.0], [4, 5, 1.0], [4, 15, 1.0], [4, 16, 1.0], [5, 17, 1.0], [5, 18, 1.0]], "fix_com": true, "fix_orientation": true, "provenance": {"creator": "QCElemental", "version": "v0.22.0", "routine": "qcelemental.molparse.from_schema"}, "id": "45518"}, "charge": 0, "optimize_geometry": false, "conformers": [], "conformer_generation_options": {"n_conformer_pool": 4000, "n_max_conformers": 0, "rms_tolerance": 0.05, "energy_window": 15, "keep_original_conformer": true}, "stage_1_unrestrained_charges": null, "stage_1_restrained_charges": null, "stage_2_unrestrained_charges": null, "stage_2_restrained_charges": null, "keep_original_orientation": false, "reorientations": [], "translations": [], "rotations": []}], "unconstrained_atoms": [{"index": 0, "molecule": {"qcmol": {"schema_name": "qcschema_molecule", "schema_version": 2, "validated": true, "symbols": ["C", "C", "C", "C", "C", "N", "H", "H", "H", "H", "H", "H", "H", "H", "H", "H", "H", "H", "H"], "geometry": [[0.0, 0.0, 0.0], [2.8907474076886546, 1.825747074670244e-16, 4.37738613441583e-16], [4.092779049332912, 2.6363409712350063, 2.1649348980190553e-15], [3.608306128549317, 4.1804278032219555, -2.3994185961089824], [5.043580954634201, 6.696701728359495, -2.4905100148559782], [4.387733763647066, 8.559331838874357, -0.5778759881562519], [-0.7377993278249737, 1.064628896944967, 1.5939440716437576], [-0.7678718840145309, 0.8246974183325227, -1.7126741883568128], [-0.7274078914147687, -1.913098179113077, 0.1403026544905556], [3.549599912967539, -1.0151263761929155, 1.660326154171152], [3.5735267638678017, -1.0567573424997032, -1.6260919216370606], [3.417473880904852, 3.670936832617514, 1.6441031578770895], [6.124622846940427, 2.425336461267958, 0.24556252945306972], [4.158411890941497, 3.0626466692823024, -4.037937362512143], [1.5977512721185765, 4.558892778513184, -2.6059029419103736], [7.059935939869913, 6.341210537716476, -2.3433528314379166], [4.744357500752299, 7.5666270501432455, -4.3240211617250575], [4.784465028274859, 7.92981291085134, 1.1613472552296975], [2.5345893640792707, 8.948792730172148, -0.6224483035068056]], "name": "C5H13N", "identifiers": {"molecule_hash": "0243eb1fdbd32da3fb312fecb53ed5ba961ab789", "molecular_formula": "C5H13N"}, "molecular_charge": 0.0, "molecular_multiplicity": 1, "connectivity": [[0, 1, 1.0], [0, 6, 1.0], [0, 7, 1.0], [0, 8, 1.0], [1, 2, 1.0], [1, 9, 1.0], [1, 10, 1.0], [2, 3, 1.0], [2, 11, 1.0], [2, 12, 1.0], [3, 4, 1.0], [3, 13, 1.0], [3, 14, 1.0], [4, 5, 1.0], [4, 15, 1.0], [4, 16, 1.0], [5, 17, 1.0], [5, 18, 1.0]], "fix_com": true, "fix_orientation": true, "provenance": {"creator": "QCElemental", "version": "v0.22.0", "routine": "qcelemental.molparse.from_schema"}, "id": "45518"}, "charge": 0, "optimize_geometry": false, "conformers": [], "conformer_generation_options": {"n_conformer_pool": 4000, "n_max_conformers": 0, "rms_tolerance": 0.05, "energy_window": 15, "keep_original_conformer": true}, "stage_1_unrestrained_charges": null, "stage_1_restrained_charges": null, "stage_2_unrestrained_charges": null, "stage_2_restrained_charges": null, "keep_original_orientation": false, "reorientations": [], "translations": [], "rotations": []}}, {"index": 1, "molecule": {"qcmol": {"schema_name": "qcschema_molecule", "schema_version": 2, "validated": true, "symbols": ["C", "C", "C", "C", "C", "N", "H", "H", "H", "H", "H", "H", "H", "H", "H", "H", "H", "H", "H"], "geometry": [[0.0, 0.0, 0.0], [2.8907474076886546, 1.825747074670244e-16, 4.37738613441583e-16], [4.092779049332912, 2.6363409712350063, 2.1649348980190553e-15], [3.608306128549317, 4.1804278032219555, -2.3994185961089824], [5.043580954634201, 6.696701728359495, -2.4905100148559782], [4.387733763647066, 8.559331838874357, -0.5778759881562519], [-0.7377993278249737, 1.064628896944967, 1.5939440716437576], [-0.7678718840145309, 0.8246974183325227, -1.7126741883568128], [-0.7274078914147687, -1.913098179113077, 0.1403026544905556], [3.549599912967539, -1.0151263761929155, 1.660326154171152], [3.5735267638678017, -1.0567573424997032, -1.6260919216370606], [3.417473880904852, 3.670936832617514, 1.6441031578770895], [6.124622846940427, 2.425336461267958, 0.24556252945306972], [4.158411890941497, 3.0626466692823024, -4.037937362512143], [1.5977512721185765, 4.558892778513184, -2.6059029419103736], [7.059935939869913, 6.341210537716476, -2.3433528314379166], [4.744357500752299, 7.5666270501432455, -4.3240211617250575], [4.784465028274859, 7.92981291085134, 1.1613472552296975], [2.5345893640792707, 8.948792730172148, -0.6224483035068056]], "name": "C5H13N", "identifiers": {"molecule_hash": "0243eb1fdbd32da3fb312fecb53ed5ba961ab789", "molecular_formula": "C5H13N"}, "molecular_charge": 0.0, "molecular_multiplicity": 1, "connectivity": [[0, 1, 1.0], [0, 6, 1.0], [0, 7, 1.0], [0, 8, 1.0], [1, 2, 1.0], [1, 9, 1.0], [1, 10, 1.0], [2, 3, 1.0], [2, 11, 1.0], [2, 12, 1.0], [3, 4, 1.0], [3, 13, 1.0], [3, 14, 1.0], [4, 5, 1.0], [4, 15, 1.0], [4, 16, 1.0], [5, 17, 1.0], [5, 18, 1.0]], "fix_com": true, "fix_orientation": true, "provenance": {"creator": "QCElemental", "version": "v0.22.0", "routine": "qcelemental.molparse.from_schema"}, "id": "45518"}, "charge": 0, "optimize_geometry": false, "conformers": [], "conformer_generation_options": {"n_conformer_pool": 4000, "n_max_conformers": 0, "rms_tolerance": 0.05, "energy_window": 15, "keep_original_conformer": true}, "stage_1_unrestrained_charges": null, "stage_1_restrained_charges": null, "stage_2_unrestrained_charges": null, "stage_2_restrained_charges": null, "keep_original_orientation": false, "reorientations": [], "translations": [], "rotations": []}}, {"index": 2, "molecule": {"qcmol": {"schema_name": "qcschema_molecule", "schema_version": 2, "validated": true, "symbols": ["C", "C", "C", "C", "C", "N", "H", "H", "H", "H", "H", "H", "H", "H", "H", "H", "H", "H", "H"], "geometry": [[0.0, 0.0, 0.0], [2.8907474076886546, 1.825747074670244e-16, 4.37738613441583e-16], [4.092779049332912, 2.6363409712350063, 2.1649348980190553e-15], [3.608306128549317, 4.1804278032219555, -2.3994185961089824], [5.043580954634201, 6.696701728359495, -2.4905100148559782], [4.387733763647066, 8.559331838874357, -0.5778759881562519], [-0.7377993278249737, 1.064628896944967, 1.5939440716437576], [-0.7678718840145309, 0.8246974183325227, -1.7126741883568128], [-0.7274078914147687, -1.913098179113077, 0.1403026544905556], [3.549599912967539, -1.0151263761929155, 1.660326154171152], [3.5735267638678017, -1.0567573424997032, -1.6260919216370606], [3.417473880904852, 3.670936832617514, 1.6441031578770895], [6.124622846940427, 2.425336461267958, 0.24556252945306972], [4.158411890941497, 3.0626466692823024, -4.037937362512143], [1.5977512721185765, 4.558892778513184, -2.6059029419103736], [7.059935939869913, 6.341210537716476, -2.3433528314379166], [4.744357500752299, 7.5666270501432455, -4.3240211617250575], [4.784465028274859, 7.92981291085134, 1.1613472552296975], [2.5345893640792707, 8.948792730172148, -0.6224483035068056]], "name": "C5H13N", "identifiers": {"molecule_hash": "0243eb1fdbd32da3fb312fecb53ed5ba961ab789", "molecular_formula": "C5H13N"}, "molecular_charge": 0.0, "molecular_multiplicity": 1, "connectivity": [[0, 1, 1.0], [0, 6, 1.0], [0, 7, 1.0], [0, 8, 1.0], [1, 2, 1.0], [1, 9, 1.0], [1, 10, 1.0], [2, 3, 1.0], [2, 11, 1.0], [2, 12, 1.0], [3, 4, 1.0], [3, 13, 1.0], [3, 14, 1.0], [4, 5, 1.0], [4, 15, 1.0], [4, 16, 1.0], [5, 17, 1.0], [5, 18, 1.0]], "fix_com": true, "fix_orientation": true, "provenance": {"creator": "QCElemental", "version": "v0.22.0", "routine": "qcelemental.molparse.from_schema"}, "id": "45518"}, "charge": 0, "optimize_geometry": false, "conformers": [], "conformer_generation_options": {"n_conformer_pool": 4000, "n_max_conformers": 0, "rms_tolerance": 0.05, "energy_window": 15, "keep_original_conformer": true}, "stage_1_unrestrained_charges": null, "stage_1_restrained_charges": null, "stage_2_unrestrained_charges": null, "stage_2_restrained_charges": null, "keep_original_orientation": false, "reorientations": [], "translations": [], "rotations": []}}, {"index": 3, "molecule": {"qcmol": {"schema_name": "qcschema_molecule", "schema_version": 2, "validated": true, "symbols": ["C", "C", "C", "C", "C", "N", "H", "H", "H", "H", "H", "H", "H", "H", "H", "H", "H", "H", "H"], "geometry": [[0.0, 0.0, 0.0], [2.8907474076886546, 1.825747074670244e-16, 4.37738613441583e-16], [4.092779049332912, 2.6363409712350063, 2.1649348980190553e-15], [3.608306128549317, 4.1804278032219555, -2.3994185961089824], [5.043580954634201, 6.696701728359495, -2.4905100148559782], [4.387733763647066, 8.559331838874357, -0.5778759881562519], [-0.7377993278249737, 1.064628896944967, 1.5939440716437576], [-0.7678718840145309, 0.8246974183325227, -1.7126741883568128], [-0.7274078914147687, -1.913098179113077, 0.1403026544905556], [3.549599912967539, -1.0151263761929155, 1.660326154171152], [3.5735267638678017, -1.0567573424997032, -1.6260919216370606], [3.417473880904852, 3.670936832617514, 1.6441031578770895], [6.124622846940427, 2.425336461267958, 0.24556252945306972], [4.158411890941497, 3.0626466692823024, -4.037937362512143], [1.5977512721185765, 4.558892778513184, -2.6059029419103736], [7.059935939869913, 6.341210537716476, -2.3433528314379166], [4.744357500752299, 7.5666270501432455, -4.3240211617250575], [4.784465028274859, 7.92981291085134, 1.1613472552296975], [2.5345893640792707, 8.948792730172148, -0.6224483035068056]], "name": "C5H13N", "identifiers": {"molecule_hash": "0243eb1fdbd32da3fb312fecb53ed5ba961ab789", "molecular_formula": "C5H13N"}, "molecular_charge": 0.0, "molecular_multiplicity": 1, "connectivity": [[0, 1, 1.0], [0, 6, 1.0], [0, 7, 1.0], [0, 8, 1.0], [1, 2, 1.0], [1, 9, 1.0], [1, 10, 1.0], [2, 3, 1.0], [2, 11, 1.0], [2, 12, 1.0], [3, 4, 1.0], [3, 13, 1.0], [3, 14, 1.0], [4, 5, 1.0], [4, 15, 1.0], [4, 16, 1.0], [5, 17, 1.0], [5, 18, 1.0]], "fix_com": true, "fix_orientation": true, "provenance": {"creator": "QCElemental", "version": "v0.22.0", "routine": "qcelemental.molparse.from_schema"}, "id": "45518"}, "charge": 0, "optimize_geometry": false, "conformers": [], "conformer_generation_options": {"n_conformer_pool": 4000, "n_max_conformers": 0, "rms_tolerance": 0.05, "energy_window": 15, "keep_original_conformer": true}, "stage_1_unrestrained_charges": null, "stage_1_restrained_charges": null, "stage_2_unrestrained_charges": null, "stage_2_restrained_charges": null, "keep_original_orientation": false, "reorientations": [], "translations": [], "rotations": []}}, {"index": 4, "molecule": {"qcmol": {"schema_name": "qcschema_molecule", "schema_version": 2, "validated": true, "symbols": ["C", "C", "C", "C", "C", "N", "H", "H", "H", "H", "H", "H", "H", "H", "H", "H", "H", "H", "H"], "geometry": [[0.0, 0.0, 0.0], [2.8907474076886546, 1.825747074670244e-16, 4.37738613441583e-16], [4.092779049332912, 2.6363409712350063, 2.1649348980190553e-15], [3.608306128549317, 4.1804278032219555, -2.3994185961089824], [5.043580954634201, 6.696701728359495, -2.4905100148559782], [4.387733763647066, 8.559331838874357, -0.5778759881562519], [-0.7377993278249737, 1.064628896944967, 1.5939440716437576], [-0.7678718840145309, 0.8246974183325227, -1.7126741883568128], [-0.7274078914147687, -1.913098179113077, 0.1403026544905556], [3.549599912967539, -1.0151263761929155, 1.660326154171152], [3.5735267638678017, -1.0567573424997032, -1.6260919216370606], [3.417473880904852, 3.670936832617514, 1.6441031578770895], [6.124622846940427, 2.425336461267958, 0.24556252945306972], [4.158411890941497, 3.0626466692823024, -4.037937362512143], [1.5977512721185765, 4.558892778513184, -2.6059029419103736], [7.059935939869913, 6.341210537716476, -2.3433528314379166], [4.744357500752299, 7.5666270501432455, -4.3240211617250575], [4.784465028274859, 7.92981291085134, 1.1613472552296975], [2.5345893640792707, 8.948792730172148, -0.6224483035068056]], "name": "C5H13N", "identifiers": {"molecule_hash": "0243eb1fdbd32da3fb312fecb53ed5ba961ab789", "molecular_formula": "C5H13N"}, "molecular_charge": 0.0, "molecular_multiplicity": 1, "connectivity": [[0, 1, 1.0], [0, 6, 1.0], [0, 7, 1.0], [0, 8, 1.0], [1, 2, 1.0], [1, 9, 1.0], [1, 10, 1.0], [2, 3, 1.0], [2, 11, 1.0], [2, 12, 1.0], [3, 4, 1.0], [3, 13, 1.0], [3, 14, 1.0], [4, 5, 1.0], [4, 15, 1.0], [4, 16, 1.0], [5, 17, 1.0], [5, 18, 1.0]], "fix_com": true, "fix_orientation": true, "provenance": {"creator": "QCElemental", "version": "v0.22.0", "routine": "qcelemental.molparse.from_schema"}, "id": "45518"}, "charge": 0, "optimize_geometry": false, "conformers": [], "conformer_generation_options": {"n_conformer_pool": 4000, "n_max_conformers": 0, "rms_tolerance": 0.05, "energy_window": 15, "keep_original_conformer": true}, "stage_1_unrestrained_charges": null, "stage_1_restrained_charges": null, "stage_2_unrestrained_charges": null, "stage_2_restrained_charges": null, "keep_original_orientation": false, "reorientations": [], "translations": [], "rotations": []}}]}, "surface_constraints": {"matrix": [[134481098981881.69, 130170544943300.7, 124922127211715.3, 119685809127062.17, 112134675189790.17, 107335175769201.64, 135127005200926.02, 134982815083999.62, 134928880689705.16, 129373174655784.6, 129685371770217.42, 125741669261386.16, 122803657322489.7, 120286990727959.61, 119883410619220.89, 110700854151945.77, 110485770397164.61, 108167478179996.28, 106862843038245.83], [130170544943300.7, 133474713581750.92, 129807615834205.56, 124647443545954.67, 117242179295294.75, 111689519027915.02, 128855761464208.02, 128731427200828.69, 128656256691705.97, 134933125043267.98, 135292736812438.88, 129657944016339.98, 129592654937057.27, 125157229477686.27, 124707307755579.08, 115829636851631.66, 116256102438930.62, 111636752197223.97, 111106773202077.95], [124922127211715.3, 129807615834205.56, 133172234963948.66, 129526957787478.38, 124147958487521.98, 119131902997097.73, 123625127327160.23, 122795844696042.5, 123285463612716.48, 129246631305380.42, 129549835150687.11, 135192632076487.25, 135019761729256.62, 129361238333551.94, 129470001496635.58, 123405808612278.33, 123247877788572.16, 119419836549634.88, 117964262991309.64], [119685809127062.17, 124647443545954.67, 129526957787478.38, 132903074749725.53, 128959733094832.92, 124271317726356.75, 117614613772183.75, 118258826303921.16, 118262891378961.25, 123378611342744.3, 124284804023283.14, 129428576916873.73, 129240767342543.4, 134910370984932.7, 135004182325137.98, 128446134236893.03, 128340216454587.08, 124244686333140.33, 123029183298148.56], [112134675189790.17, 117242179295294.75, 124147958487521.98, 128959733094832.92, 132053970146446.72, 129028257831523.8, 110603084170523.67, 110038409579994.5, 110864226354230.98, 115403297482818.73, 116413610746597.19, 124195576925530.81, 124639594226322.31, 128881505554156.5, 128960919683166.25, 133568348880303.81, 133458768687974.1, 128089044064143.8, 127791157829380.14], [107335175769201.64, 111689519027915.02, 119131902997097.73, 124271317726356.75, 129028257831523.8, 133209713202468.56, 105822498710932.67, 105877257682821.14, 106047760735318.67, 109326026042247.94, 110499834844476.1, 120034377265288.14, 119160557922053.58, 123897268418231.14, 123834677347451.53, 128174559761709.5, 128378376286964.28, 133797102545236.97, 133504736384988.48], [135127005200926.02, 128855761464208.02, 123625127327160.23, 117614613772183.75, 110603084170523.67, 105822498710932.67, 141671012727477.84, 133508375638575.05, 133521660917684.75, 127008778226028.34, 127917868140696.38, 125224166309408.94, 121430603686305.86, 117675159376004.1, 117355792423339.5, 109904954784037.94, 108564064988263.86, 107098781615814.45, 105350229544911.53], [134982815083999.62, 128731427200828.69, 122795844696042.5, 118258826303921.16, 110038409579994.5, 105877257682821.14, 133508375638575.05, 141364358242502.5, 133367564363790.42, 127008820122811.06, 128285199963797.84, 123717112675437.81, 119527480862493.92, 119405005835813.2, 119065370096640.34, 107829038849794.1, 108169289162624.28, 106546274646016.03, 105848753316281.72], [134928880689705.16, 128656256691705.97, 123285463612716.48, 118262891378961.25, 110864226354230.98, 106047760735318.67, 133521660917684.75, 133367564363790.42, 141216432236866.66, 127995881227493.78, 126684006388307.52, 123898638200249.44, 121149306753893.47, 118973725311869.33, 118453803633643.97, 109462170807260.66, 109356375751216.4, 107250102198694.17, 105257129608679.45], [129373174655784.6, 134933125043267.98, 129246631305380.42, 123378611342744.3, 115403297482818.73, 109326026042247.94, 127008778226028.34, 127008820122811.06, 127995881227493.78, 142059617029344.34, 134621115991026.23, 127978299914179.47, 129138355171047.69, 123117858231648.38, 124217972111251.67, 113743716445594.1, 114863239837729.94, 108622302269679.9, 108473537361092.62], [129685371770217.42, 135292736812438.88, 129549835150687.11, 124284804023283.14, 116413610746597.19, 110499834844476.1, 127917868140696.38, 128285199963797.84, 126684006388307.52, 134621115991026.23, 142853029312249.53, 127876649509918.64, 129217841149363.62, 125945974936639.08, 123529193366401.42, 114846969106823.48, 115588147652118.33, 110041611717308.06, 110533680149033.06], [125741669261386.16, 129657944016339.98, 135192632076487.25, 129428576916873.73, 124195576925530.81, 120034377265288.14, 125224166309408.94, 123717112675437.81, 123898638200249.44, 127978299914179.47, 127876649509918.64, 142843278512338.34, 135010377947932.47, 127361740735985.36, 129417662151598.33, 124177400205177.5, 121976664727537.34, 121200804453637.14, 118448159540733.17], [122803657322489.7, 129592654937057.27, 135019761729256.62, 129240767342543.4, 124639594226322.31, 119160557922053.58, 121430603686305.86, 119527480862493.92, 121149306753893.47, 129138355171047.69, 129217841149363.62, 135010377947932.47, 142397012176738.4, 128564375707140.67, 127250453793972.2, 123607463777898.75, 124994035480064.97, 119132026986495.88, 117997572087707.38], [120286990727959.61, 125157229477686.27, 129361238333551.94, 134910370984932.7, 128881505554156.5, 123897268418231.14, 117675159376004.1, 119405005835813.2, 118973725311869.33, 123117858231648.38, 125945974936639.08, 127361740735985.36, 128564375707140.67, 142536779574831.12, 134942990041988.62, 127327385561745.83, 127814641992516.06, 123618529882418.89, 123359048353886.94], [119883410619220.89, 124707307755579.08, 129470001496635.58, 135004182325137.98, 128960919683166.25, 123834677347451.53, 117355792423339.5, 119065370096640.34, 118453803633643.97, 124217972111251.67, 123529193366401.42, 129417662151598.33, 127250453793972.2, 134942990041988.62, 142665261681270.3, 128036442266723.06, 127390902803873.66, 124410174523475.38, 121855755526635.83], [110700854151945.77, 115829636851631.66, 123405808612278.33, 128446134236893.03, 133568348880303.81, 128174559761709.5, 109904954784037.94, 107829038849794.1, 109462170807260.66, 113743716445594.1, 114846969106823.48, 124177400205177.5, 123607463777898.75, 127327385561745.83, 128036442266723.06, 140747694366730.16, 132957748360443.0, 127841039966835.66, 125520432333071.95], [110485770397164.61, 116256102438930.62, 123247877788572.16, 128340216454587.08, 133458768687974.1, 128378376286964.28, 108564064988263.86, 108169289162624.28, 109356375751216.4, 114863239837729.94, 115588147652118.33, 121976664727537.34, 124994035480064.97, 127814641992516.06, 127390902803873.66, 132957748360443.0, 140448245737889.58, 124665418617787.3, 127189674088646.48], [108167478179996.28, 111636752197223.97, 119419836549634.88, 124244686333140.33, 128089044064143.8, 133797102545236.97, 107098781615814.45, 106546274646016.03, 107250102198694.17, 108622302269679.9, 110041611717308.06, 121200804453637.14, 119132026986495.88, 123618529882418.89, 124410174523475.38, 127841039966835.66, 124665418617787.3, 139586404420679.33, 132623987207874.05], [106862843038245.83, 111106773202077.95, 117964262991309.64, 123029183298148.56, 127791157829380.14, 133504736384988.48, 105350229544911.53, 105848753316281.72, 105257129608679.45, 108473537361092.62, 110533680149033.06, 118448159540733.17, 117997572087707.38, 123359048353886.94, 121855755526635.83, 125520432333071.95, 127189674088646.48, 132623987207874.05, 138974919885944.19], [1010703014974.9062, 949680154296.6953, 848216833528.4406, 715081880269.2137, 267922464470.22632, -144673753517.7461, 1081476341310.7228, 985600899998.5325, 1027954295298.6311, 842403943801.5687, 1034941986662.5288, 833967594941.0432, 862880657029.9683, 867835649819.1414, 735204668383.3063, 400016812764.7585, -7240648962.493668, 586505814417.6548, 597904243617.8284]]}}