{"resp_b": 0.1, "restrained_fit": true, "exclude_hydrogens": true, "convergence_tolerance": 1e-06, "max_iter": 500, "resp_a": 0.0005, "charge_constraints": {"charge_sum_constraints": [], "charge_equivalence_constraints": [], "molecules": [{"qcmol": {"schema_name": "qcschema_molecule", "schema_version": 2, "validated": true, "symbols": ["C", "C", "C", "C", "C", "C", "C", "O", "H", "H", "H", "H", "H", "H", "H", "H", "H", "H", "H", "H", "H", "H", "H", "H"], "geometry": [[0.0, -0.0, 0.0], [2.8933157198996566, 5.892651821369128e-17, 4.832602078569099e-16], [4.117975571001928, 2.644535256076324, 1.1102230246251565e-15], [4.902612417380168, 3.694295693880858, 2.588266422396891], [2.733883537903817, 4.124179792654367, 4.457104361861765], [3.5190069786239544, 5.288048365237919, 6.998253452319186], [4.030123556094798, 8.117256885601826, 6.988668170903402], [6.260098187869479, 8.64123548456241, 5.6444140374244745], [-0.7780569660933593, 0.9537700704108881, 1.6377740755805699], [-0.7316166801919964, -1.9178403783080653, -0.010152039783964062], [-0.7245942349843767, 0.9492669398235792, -1.6702224970943207], [3.5190957866818455, -1.0218044823283468, -1.6680575154073645], [3.5839223545733754, -1.078976562899983, 1.6082758772058066], [2.857715839342032, 3.9811513679357615, -0.9276449937939388], [5.812272349343925, 2.580994116231728, -1.15961982812078], [5.898389072764965, 5.457707394261563, 2.2990145242394022], [6.259832177162227, 2.4036545424981925, 3.442103872778803], [1.8249368590159283, 2.3271760943845745, 4.855250597880386], [1.2946085330953565, 5.3127934078833565, 3.588912169929542], [2.007698374986658, 4.968144875670091, 8.35537267251416], [5.1793137309683335, 4.32777327956331, 7.733513235207648], [2.4327102043712503, 9.108473646584304, 6.149829435071386], [4.2098332666633365, 8.771167075049064, 8.930942452622554], [6.553942328381828, 10.40586916602889, 5.639090701901609]], "name": "C7H16O", "identifiers": {"molecule_hash": "ddf5c5bbefabeeb01388593a216857f57e2d635e", "molecular_formula": "C7H16O"}, "molecular_charge": 0.0, "molecular_multiplicity": 1, "connectivity": [[0, 1, 1.0], [0, 8, 1.0], [0, 9, 1.0], [0, 10, 1.0], [1, 2, 1.0], [1, 11, 1.0], [1, 12, 1.0], [2, 3, 1.0], [2, 13, 1.0], [2, 14, 1.0], [3, 4, 1.0], [3, 15, 1.0], [3, 16, 1.0], [4, 5, 1.0], [4, 17, 1.0], [4, 18, 1.0], [5, 6, 1.0], [5, 19, 1.0], [5, 20, 1.0], [6, 7, 1.0], [6, 21, 1.0], [6, 22, 1.0], [7, 23, 1.0]], "fix_com": true, "fix_orientation": true, "provenance": {"creator": "QCElemental", "version": "v0.22.0", "routine": "qcelemental.molparse.from_schema"}, "id": "82511"}, "charge": 0, "optimize_geometry": false, "conformers": [], "conformer_generation_options": {"n_conformer_pool": 4000, "n_max_conformers": 0, "rms_tolerance": 0.05, "energy_window": 15, "keep_original_conformer": true}, "stage_1_unrestrained_charges": null, "stage_1_restrained_charges": null, "stage_2_unrestrained_charges": null, "stage_2_restrained_charges": null, "keep_original_orientation": false, "reorientations": [], "translations": [], "rotations": []}], "unconstrained_atoms": [{"index": 0, "molecule": {"qcmol": {"schema_name": "qcschema_molecule", "schema_version": 2, "validated": true, "symbols": ["C", "C", "C", "C", "C", "C", "C", "O", "H", "H", "H", "H", "H", "H", "H", "H", "H", "H", "H", "H", "H", "H", "H", "H"], "geometry": [[0.0, -0.0, 0.0], [2.8933157198996566, 5.892651821369128e-17, 4.832602078569099e-16], [4.117975571001928, 2.644535256076324, 1.1102230246251565e-15], [4.902612417380168, 3.694295693880858, 2.588266422396891], [2.733883537903817, 4.124179792654367, 4.457104361861765], [3.5190069786239544, 5.288048365237919, 6.998253452319186], [4.030123556094798, 8.117256885601826, 6.988668170903402], [6.260098187869479, 8.64123548456241, 5.6444140374244745], [-0.7780569660933593, 0.9537700704108881, 1.6377740755805699], [-0.7316166801919964, -1.9178403783080653, -0.010152039783964062], [-0.7245942349843767, 0.9492669398235792, -1.6702224970943207], [3.5190957866818455, -1.0218044823283468, -1.6680575154073645], [3.5839223545733754, -1.078976562899983, 1.6082758772058066], [2.857715839342032, 3.9811513679357615, -0.9276449937939388], [5.812272349343925, 2.580994116231728, -1.15961982812078], [5.898389072764965, 5.457707394261563, 2.2990145242394022], [6.259832177162227, 2.4036545424981925, 3.442103872778803], [1.8249368590159283, 2.3271760943845745, 4.855250597880386], [1.2946085330953565, 5.3127934078833565, 3.588912169929542], [2.007698374986658, 4.968144875670091, 8.35537267251416], [5.1793137309683335, 4.32777327956331, 7.733513235207648], [2.4327102043712503, 9.108473646584304, 6.149829435071386], [4.2098332666633365, 8.771167075049064, 8.930942452622554], [6.553942328381828, 10.40586916602889, 5.639090701901609]], "name": "C7H16O", "identifiers": {"molecule_hash": "ddf5c5bbefabeeb01388593a216857f57e2d635e", "molecular_formula": "C7H16O"}, "molecular_charge": 0.0, "molecular_multiplicity": 1, "connectivity": [[0, 1, 1.0], [0, 8, 1.0], [0, 9, 1.0], [0, 10, 1.0], [1, 2, 1.0], [1, 11, 1.0], [1, 12, 1.0], [2, 3, 1.0], [2, 13, 1.0], [2, 14, 1.0], [3, 4, 1.0], [3, 15, 1.0], [3, 16, 1.0], [4, 5, 1.0], [4, 17, 1.0], [4, 18, 1.0], [5, 6, 1.0], [5, 19, 1.0], [5, 20, 1.0], [6, 7, 1.0], [6, 21, 1.0], [6, 22, 1.0], [7, 23, 1.0]], "fix_com": true, "fix_orientation": true, "provenance": {"creator": "QCElemental", "version": "v0.22.0", "routine": "qcelemental.molparse.from_schema"}, "id": "82511"}, "charge": 0, "optimize_geometry": false, "conformers": [], "conformer_generation_options": {"n_conformer_pool": 4000, "n_max_conformers": 0, "rms_tolerance": 0.05, "energy_window": 15, "keep_original_conformer": true}, "stage_1_unrestrained_charges": null, "stage_1_restrained_charges": null, "stage_2_unrestrained_charges": null, "stage_2_restrained_charges": null, "keep_original_orientation": false, "reorientations": [], "translations": [], "rotations": []}}, {"index": 1, "molecule": {"qcmol": {"schema_name": "qcschema_molecule", "schema_version": 2, "validated": true, "symbols": ["C", "C", "C", "C", "C", "C", "C", "O", "H", "H", "H", "H", "H", "H", "H", "H", "H", "H", "H", "H", "H", "H", "H", "H"], "geometry": [[0.0, -0.0, 0.0], [2.8933157198996566, 5.892651821369128e-17, 4.832602078569099e-16], [4.117975571001928, 2.644535256076324, 1.1102230246251565e-15], [4.902612417380168, 3.694295693880858, 2.588266422396891], [2.733883537903817, 4.124179792654367, 4.457104361861765], [3.5190069786239544, 5.288048365237919, 6.998253452319186], [4.030123556094798, 8.117256885601826, 6.988668170903402], [6.260098187869479, 8.64123548456241, 5.6444140374244745], [-0.7780569660933593, 0.9537700704108881, 1.6377740755805699], [-0.7316166801919964, -1.9178403783080653, -0.010152039783964062], [-0.7245942349843767, 0.9492669398235792, -1.6702224970943207], [3.5190957866818455, -1.0218044823283468, -1.6680575154073645], [3.5839223545733754, -1.078976562899983, 1.6082758772058066], [2.857715839342032, 3.9811513679357615, -0.9276449937939388], [5.812272349343925, 2.580994116231728, -1.15961982812078], [5.898389072764965, 5.457707394261563, 2.2990145242394022], [6.259832177162227, 2.4036545424981925, 3.442103872778803], [1.8249368590159283, 2.3271760943845745, 4.855250597880386], [1.2946085330953565, 5.3127934078833565, 3.588912169929542], [2.007698374986658, 4.968144875670091, 8.35537267251416], [5.1793137309683335, 4.32777327956331, 7.733513235207648], [2.4327102043712503, 9.108473646584304, 6.149829435071386], [4.2098332666633365, 8.771167075049064, 8.930942452622554], [6.553942328381828, 10.40586916602889, 5.639090701901609]], "name": "C7H16O", "identifiers": {"molecule_hash": "ddf5c5bbefabeeb01388593a216857f57e2d635e", "molecular_formula": "C7H16O"}, "molecular_charge": 0.0, "molecular_multiplicity": 1, "connectivity": [[0, 1, 1.0], [0, 8, 1.0], [0, 9, 1.0], [0, 10, 1.0], [1, 2, 1.0], [1, 11, 1.0], [1, 12, 1.0], [2, 3, 1.0], [2, 13, 1.0], [2, 14, 1.0], [3, 4, 1.0], [3, 15, 1.0], [3, 16, 1.0], [4, 5, 1.0], [4, 17, 1.0], [4, 18, 1.0], [5, 6, 1.0], [5, 19, 1.0], [5, 20, 1.0], [6, 7, 1.0], [6, 21, 1.0], [6, 22, 1.0], [7, 23, 1.0]], "fix_com": true, "fix_orientation": true, "provenance": {"creator": "QCElemental", "version": "v0.22.0", "routine": "qcelemental.molparse.from_schema"}, "id": "82511"}, "charge": 0, "optimize_geometry": false, "conformers": [], "conformer_generation_options": {"n_conformer_pool": 4000, "n_max_conformers": 0, "rms_tolerance": 0.05, "energy_window": 15, "keep_original_conformer": true}, "stage_1_unrestrained_charges": null, "stage_1_restrained_charges": null, "stage_2_unrestrained_charges": null, "stage_2_restrained_charges": null, "keep_original_orientation": false, "reorientations": [], "translations": [], "rotations": []}}, {"index": 2, "molecule": {"qcmol": {"schema_name": "qcschema_molecule", "schema_version": 2, "validated": true, "symbols": ["C", "C", "C", "C", "C", "C", "C", "O", "H", "H", "H", "H", "H", "H", "H", "H", "H", "H", "H", "H", "H", "H", "H", "H"], "geometry": [[0.0, -0.0, 0.0], [2.8933157198996566, 5.892651821369128e-17, 4.832602078569099e-16], [4.117975571001928, 2.644535256076324, 1.1102230246251565e-15], [4.902612417380168, 3.694295693880858, 2.588266422396891], [2.733883537903817, 4.124179792654367, 4.457104361861765], [3.5190069786239544, 5.288048365237919, 6.998253452319186], [4.030123556094798, 8.117256885601826, 6.988668170903402], [6.260098187869479, 8.64123548456241, 5.6444140374244745], [-0.7780569660933593, 0.9537700704108881, 1.6377740755805699], [-0.7316166801919964, -1.9178403783080653, -0.010152039783964062], [-0.7245942349843767, 0.9492669398235792, -1.6702224970943207], [3.5190957866818455, -1.0218044823283468, -1.6680575154073645], [3.5839223545733754, -1.078976562899983, 1.6082758772058066], [2.857715839342032, 3.9811513679357615, -0.9276449937939388], [5.812272349343925, 2.580994116231728, -1.15961982812078], [5.898389072764965, 5.457707394261563, 2.2990145242394022], [6.259832177162227, 2.4036545424981925, 3.442103872778803], [1.8249368590159283, 2.3271760943845745, 4.855250597880386], [1.2946085330953565, 5.3127934078833565, 3.588912169929542], [2.007698374986658, 4.968144875670091, 8.35537267251416], [5.1793137309683335, 4.32777327956331, 7.733513235207648], [2.4327102043712503, 9.108473646584304, 6.149829435071386], [4.2098332666633365, 8.771167075049064, 8.930942452622554], [6.553942328381828, 10.40586916602889, 5.639090701901609]], "name": "C7H16O", "identifiers": {"molecule_hash": "ddf5c5bbefabeeb01388593a216857f57e2d635e", "molecular_formula": "C7H16O"}, "molecular_charge": 0.0, "molecular_multiplicity": 1, "connectivity": [[0, 1, 1.0], [0, 8, 1.0], [0, 9, 1.0], [0, 10, 1.0], [1, 2, 1.0], [1, 11, 1.0], [1, 12, 1.0], [2, 3, 1.0], [2, 13, 1.0], [2, 14, 1.0], [3, 4, 1.0], [3, 15, 1.0], [3, 16, 1.0], [4, 5, 1.0], [4, 17, 1.0], [4, 18, 1.0], [5, 6, 1.0], [5, 19, 1.0], [5, 20, 1.0], [6, 7, 1.0], [6, 21, 1.0], [6, 22, 1.0], [7, 23, 1.0]], "fix_com": true, "fix_orientation": true, "provenance": {"creator": "QCElemental", "version": "v0.22.0", "routine": "qcelemental.molparse.from_schema"}, "id": "82511"}, "charge": 0, "optimize_geometry": false, "conformers": [], "conformer_generation_options": {"n_conformer_pool": 4000, "n_max_conformers": 0, "rms_tolerance": 0.05, "energy_window": 15, "keep_original_conformer": true}, "stage_1_unrestrained_charges": null, "stage_1_restrained_charges": null, "stage_2_unrestrained_charges": null, "stage_2_restrained_charges": null, "keep_original_orientation": false, "reorientations": [], "translations": [], "rotations": []}}, {"index": 3, "molecule": {"qcmol": {"schema_name": "qcschema_molecule", "schema_version": 2, "validated": true, "symbols": ["C", "C", "C", "C", "C", "C", "C", "O", "H", "H", "H", "H", "H", "H", "H", "H", "H", "H", "H", "H", "H", "H", "H", "H"], "geometry": [[0.0, -0.0, 0.0], [2.8933157198996566, 5.892651821369128e-17, 4.832602078569099e-16], [4.117975571001928, 2.644535256076324, 1.1102230246251565e-15], [4.902612417380168, 3.694295693880858, 2.588266422396891], [2.733883537903817, 4.124179792654367, 4.457104361861765], [3.5190069786239544, 5.288048365237919, 6.998253452319186], [4.030123556094798, 8.117256885601826, 6.988668170903402], [6.260098187869479, 8.64123548456241, 5.6444140374244745], [-0.7780569660933593, 0.9537700704108881, 1.6377740755805699], [-0.7316166801919964, -1.9178403783080653, -0.010152039783964062], [-0.7245942349843767, 0.9492669398235792, -1.6702224970943207], [3.5190957866818455, -1.0218044823283468, -1.6680575154073645], [3.5839223545733754, -1.078976562899983, 1.6082758772058066], [2.857715839342032, 3.9811513679357615, -0.9276449937939388], [5.812272349343925, 2.580994116231728, -1.15961982812078], [5.898389072764965, 5.457707394261563, 2.2990145242394022], [6.259832177162227, 2.4036545424981925, 3.442103872778803], [1.8249368590159283, 2.3271760943845745, 4.855250597880386], [1.2946085330953565, 5.3127934078833565, 3.588912169929542], [2.007698374986658, 4.968144875670091, 8.35537267251416], [5.1793137309683335, 4.32777327956331, 7.733513235207648], [2.4327102043712503, 9.108473646584304, 6.149829435071386], [4.2098332666633365, 8.771167075049064, 8.930942452622554], [6.553942328381828, 10.40586916602889, 5.639090701901609]], "name": "C7H16O", "identifiers": {"molecule_hash": "ddf5c5bbefabeeb01388593a216857f57e2d635e", "molecular_formula": "C7H16O"}, "molecular_charge": 0.0, "molecular_multiplicity": 1, "connectivity": [[0, 1, 1.0], [0, 8, 1.0], [0, 9, 1.0], [0, 10, 1.0], [1, 2, 1.0], [1, 11, 1.0], [1, 12, 1.0], [2, 3, 1.0], [2, 13, 1.0], [2, 14, 1.0], [3, 4, 1.0], [3, 15, 1.0], [3, 16, 1.0], [4, 5, 1.0], [4, 17, 1.0], [4, 18, 1.0], [5, 6, 1.0], [5, 19, 1.0], [5, 20, 1.0], [6, 7, 1.0], [6, 21, 1.0], [6, 22, 1.0], [7, 23, 1.0]], "fix_com": true, "fix_orientation": true, "provenance": {"creator": "QCElemental", "version": "v0.22.0", "routine": "qcelemental.molparse.from_schema"}, "id": "82511"}, "charge": 0, "optimize_geometry": false, "conformers": [], "conformer_generation_options": {"n_conformer_pool": 4000, "n_max_conformers": 0, "rms_tolerance": 0.05, "energy_window": 15, "keep_original_conformer": true}, "stage_1_unrestrained_charges": null, "stage_1_restrained_charges": null, "stage_2_unrestrained_charges": null, "stage_2_restrained_charges": null, "keep_original_orientation": false, "reorientations": [], "translations": [], "rotations": []}}, {"index": 4, "molecule": {"qcmol": {"schema_name": "qcschema_molecule", "schema_version": 2, "validated": true, "symbols": ["C", "C", "C", "C", "C", "C", "C", "O", "H", "H", "H", "H", "H", "H", "H", "H", "H", "H", "H", "H", "H", "H", "H", "H"], "geometry": [[0.0, -0.0, 0.0], [2.8933157198996566, 5.892651821369128e-17, 4.832602078569099e-16], [4.117975571001928, 2.644535256076324, 1.1102230246251565e-15], [4.902612417380168, 3.694295693880858, 2.588266422396891], [2.733883537903817, 4.124179792654367, 4.457104361861765], [3.5190069786239544, 5.288048365237919, 6.998253452319186], [4.030123556094798, 8.117256885601826, 6.988668170903402], [6.260098187869479, 8.64123548456241, 5.6444140374244745], [-0.7780569660933593, 0.9537700704108881, 1.6377740755805699], [-0.7316166801919964, -1.9178403783080653, -0.010152039783964062], [-0.7245942349843767, 0.9492669398235792, -1.6702224970943207], [3.5190957866818455, -1.0218044823283468, -1.6680575154073645], [3.5839223545733754, -1.078976562899983, 1.6082758772058066], [2.857715839342032, 3.9811513679357615, -0.9276449937939388], [5.812272349343925, 2.580994116231728, -1.15961982812078], [5.898389072764965, 5.457707394261563, 2.2990145242394022], [6.259832177162227, 2.4036545424981925, 3.442103872778803], [1.8249368590159283, 2.3271760943845745, 4.855250597880386], [1.2946085330953565, 5.3127934078833565, 3.588912169929542], [2.007698374986658, 4.968144875670091, 8.35537267251416], [5.1793137309683335, 4.32777327956331, 7.733513235207648], [2.4327102043712503, 9.108473646584304, 6.149829435071386], [4.2098332666633365, 8.771167075049064, 8.930942452622554], [6.553942328381828, 10.40586916602889, 5.639090701901609]], "name": "C7H16O", "identifiers": {"molecule_hash": "ddf5c5bbefabeeb01388593a216857f57e2d635e", "molecular_formula": "C7H16O"}, "molecular_charge": 0.0, "molecular_multiplicity": 1, "connectivity": [[0, 1, 1.0], [0, 8, 1.0], [0, 9, 1.0], [0, 10, 1.0], [1, 2, 1.0], [1, 11, 1.0], [1, 12, 1.0], [2, 3, 1.0], [2, 13, 1.0], [2, 14, 1.0], [3, 4, 1.0], [3, 15, 1.0], [3, 16, 1.0], [4, 5, 1.0], [4, 17, 1.0], [4, 18, 1.0], [5, 6, 1.0], [5, 19, 1.0], [5, 20, 1.0], [6, 7, 1.0], [6, 21, 1.0], [6, 22, 1.0], [7, 23, 1.0]], "fix_com": true, "fix_orientation": true, "provenance": {"creator": "QCElemental", "version": "v0.22.0", "routine": "qcelemental.molparse.from_schema"}, "id": "82511"}, "charge": 0, "optimize_geometry": false, "conformers": [], "conformer_generation_options": {"n_conformer_pool": 4000, "n_max_conformers": 0, "rms_tolerance": 0.05, "energy_window": 15, "keep_original_conformer": true}, "stage_1_unrestrained_charges": null, "stage_1_restrained_charges": null, "stage_2_unrestrained_charges": null, "stage_2_restrained_charges": null, "keep_original_orientation": false, "reorientations": [], "translations": [], "rotations": []}}, {"index": 5, "molecule": {"qcmol": {"schema_name": "qcschema_molecule", "schema_version": 2, "validated": true, "symbols": ["C", "C", "C", "C", "C", "C", "C", "O", "H", "H", "H", "H", "H", "H", "H", "H", "H", "H", "H", "H", "H", "H", "H", "H"], "geometry": [[0.0, -0.0, 0.0], [2.8933157198996566, 5.892651821369128e-17, 4.832602078569099e-16], [4.117975571001928, 2.644535256076324, 1.1102230246251565e-15], [4.902612417380168, 3.694295693880858, 2.588266422396891], [2.733883537903817, 4.124179792654367, 4.457104361861765], [3.5190069786239544, 5.288048365237919, 6.998253452319186], [4.030123556094798, 8.117256885601826, 6.988668170903402], [6.260098187869479, 8.64123548456241, 5.6444140374244745], [-0.7780569660933593, 0.9537700704108881, 1.6377740755805699], [-0.7316166801919964, -1.9178403783080653, -0.010152039783964062], [-0.7245942349843767, 0.9492669398235792, -1.6702224970943207], [3.5190957866818455, -1.0218044823283468, -1.6680575154073645], [3.5839223545733754, -1.078976562899983, 1.6082758772058066], [2.857715839342032, 3.9811513679357615, -0.9276449937939388], [5.812272349343925, 2.580994116231728, -1.15961982812078], [5.898389072764965, 5.457707394261563, 2.2990145242394022], [6.259832177162227, 2.4036545424981925, 3.442103872778803], [1.8249368590159283, 2.3271760943845745, 4.855250597880386], [1.2946085330953565, 5.3127934078833565, 3.588912169929542], [2.007698374986658, 4.968144875670091, 8.35537267251416], [5.1793137309683335, 4.32777327956331, 7.733513235207648], [2.4327102043712503, 9.108473646584304, 6.149829435071386], [4.2098332666633365, 8.771167075049064, 8.930942452622554], [6.553942328381828, 10.40586916602889, 5.639090701901609]], "name": "C7H16O", "identifiers": {"molecule_hash": "ddf5c5bbefabeeb01388593a216857f57e2d635e", "molecular_formula": "C7H16O"}, "molecular_charge": 0.0, "molecular_multiplicity": 1, "connectivity": [[0, 1, 1.0], [0, 8, 1.0], [0, 9, 1.0], [0, 10, 1.0], [1, 2, 1.0], [1, 11, 1.0], [1, 12, 1.0], [2, 3, 1.0], [2, 13, 1.0], [2, 14, 1.0], [3, 4, 1.0], [3, 15, 1.0], [3, 16, 1.0], [4, 5, 1.0], [4, 17, 1.0], [4, 18, 1.0], [5, 6, 1.0], [5, 19, 1.0], [5, 20, 1.0], [6, 7, 1.0], [6, 21, 1.0], [6, 22, 1.0], [7, 23, 1.0]], "fix_com": true, "fix_orientation": true, "provenance": {"creator": "QCElemental", "version": "v0.22.0", "routine": "qcelemental.molparse.from_schema"}, "id": "82511"}, "charge": 0, "optimize_geometry": false, "conformers": [], "conformer_generation_options": {"n_conformer_pool": 4000, "n_max_conformers": 0, "rms_tolerance": 0.05, "energy_window": 15, "keep_original_conformer": true}, "stage_1_unrestrained_charges": null, "stage_1_restrained_charges": null, "stage_2_unrestrained_charges": null, "stage_2_restrained_charges": null, "keep_original_orientation": false, "reorientations": [], "translations": [], "rotations": []}}, {"index": 6, "molecule": {"qcmol": {"schema_name": "qcschema_molecule", "schema_version": 2, "validated": true, "symbols": ["C", "C", "C", "C", "C", "C", "C", "O", "H", "H", "H", "H", "H", "H", "H", "H", "H", "H", "H", "H", "H", "H", "H", "H"], "geometry": [[0.0, -0.0, 0.0], [2.8933157198996566, 5.892651821369128e-17, 4.832602078569099e-16], [4.117975571001928, 2.644535256076324, 1.1102230246251565e-15], [4.902612417380168, 3.694295693880858, 2.588266422396891], [2.733883537903817, 4.124179792654367, 4.457104361861765], [3.5190069786239544, 5.288048365237919, 6.998253452319186], [4.030123556094798, 8.117256885601826, 6.988668170903402], [6.260098187869479, 8.64123548456241, 5.6444140374244745], [-0.7780569660933593, 0.9537700704108881, 1.6377740755805699], [-0.7316166801919964, -1.9178403783080653, -0.010152039783964062], [-0.7245942349843767, 0.9492669398235792, -1.6702224970943207], [3.5190957866818455, -1.0218044823283468, -1.6680575154073645], [3.5839223545733754, -1.078976562899983, 1.6082758772058066], [2.857715839342032, 3.9811513679357615, -0.9276449937939388], [5.812272349343925, 2.580994116231728, -1.15961982812078], [5.898389072764965, 5.457707394261563, 2.2990145242394022], [6.259832177162227, 2.4036545424981925, 3.442103872778803], [1.8249368590159283, 2.3271760943845745, 4.855250597880386], [1.2946085330953565, 5.3127934078833565, 3.588912169929542], [2.007698374986658, 4.968144875670091, 8.35537267251416], [5.1793137309683335, 4.32777327956331, 7.733513235207648], [2.4327102043712503, 9.108473646584304, 6.149829435071386], [4.2098332666633365, 8.771167075049064, 8.930942452622554], [6.553942328381828, 10.40586916602889, 5.639090701901609]], "name": "C7H16O", "identifiers": {"molecule_hash": "ddf5c5bbefabeeb01388593a216857f57e2d635e", "molecular_formula": "C7H16O"}, "molecular_charge": 0.0, "molecular_multiplicity": 1, "connectivity": [[0, 1, 1.0], [0, 8, 1.0], [0, 9, 1.0], [0, 10, 1.0], [1, 2, 1.0], [1, 11, 1.0], [1, 12, 1.0], [2, 3, 1.0], [2, 13, 1.0], [2, 14, 1.0], [3, 4, 1.0], [3, 15, 1.0], [3, 16, 1.0], [4, 5, 1.0], [4, 17, 1.0], [4, 18, 1.0], [5, 6, 1.0], [5, 19, 1.0], [5, 20, 1.0], [6, 7, 1.0], [6, 21, 1.0], [6, 22, 1.0], [7, 23, 1.0]], "fix_com": true, "fix_orientation": true, "provenance": {"creator": "QCElemental", "version": "v0.22.0", "routine": "qcelemental.molparse.from_schema"}, "id": "82511"}, "charge": 0, "optimize_geometry": false, "conformers": [], "conformer_generation_options": {"n_conformer_pool": 4000, "n_max_conformers": 0, "rms_tolerance": 0.05, "energy_window": 15, "keep_original_conformer": true}, "stage_1_unrestrained_charges": null, "stage_1_restrained_charges": null, "stage_2_unrestrained_charges": null, "stage_2_restrained_charges": null, "keep_original_orientation": false, "reorientations": [], "translations": [], "rotations": []}}]}, "surface_constraints": {"matrix": [[269185613271327.7, 260217428335518.84, 250298937356959.75, 241465216616726.66, 227788793364655.1, 220213015780831.5, 213076994196900.6, 208651069807293.9, 270153566605200.6, 270603873814046.62, 270546155516963.3, 258892717642194.4, 258599079467066.97, 250894134115869.97, 246573986990983.5, 240715616309059.94, 244448553610834.84, 227592596167913.12, 221502438764965.0, 219261524863924.78, 218797569166699.97, 212889427215638.53, 210152158628887.03, 206090078633665.12], [260217428335518.84, 266181657062351.8, 259394294927352.0, 249447051662249.9, 236476591012556.3, 226808934493208.12, 218507772246722.66, 213125683711632.75, 257476136964661.84, 257838176642959.2, 257761407492584.2, 269211898723753.12, 268991607619242.97, 259133432254430.78, 259474486216320.8, 249236589407391.22, 250337720946202.38, 237250693951814.0, 231266544964496.12, 224861180611084.06, 225720580640205.34, 217474253365821.22, 216071005973955.5, 210071598417082.44], [250298937356959.75, 259394294927352.0, 266251462597421.0, 259249340816464.25, 249456177972415.3, 239238145521930.1, 230165067780936.8, 225292088977831.56, 247606186768290.47, 246390367816023.5, 247803045068533.9, 258352261642357.56, 258479367073450.34, 270070012228307.84, 270334263414545.0, 259850832437833.62, 258453317355036.7, 250896129588911.8, 245925776714556.62, 236659289426858.2, 238814293230759.06, 228669077660075.75, 226895587261961.6, 222559387378651.06], [241465216616726.66, 249447051662249.9, 259249340816464.25, 265910682498858.22, 258913274274348.8, 248731600159934.3, 240644529498724.06, 235770981363841.4, 238223616954708.22, 239956573636545.2, 238242049591819.75, 250364439541561.72, 243988868709172.4, 258904218537344.7, 259306100864689.8, 270673056919620.62, 269178116144486.2, 258562424897211.9, 258936723207742.44, 247011864855088.2, 246398864236554.9, 240058429379878.5, 236959590925475.94, 232059960508687.66], [227788793364655.1, 236476591012556.3, 249456177972415.3, 258913274274348.8, 265144254116402.53, 258107401527193.53, 248424075508106.47, 242384882698750.06, 223427215905060.2, 226594080920220.6, 225086907399194.3, 236312025579608.4, 230893291348662.75, 250617584859450.7, 249001898061322.25, 259667626058744.84, 258234516766091.34, 268914215665881.78, 268852463941673.5, 257977618604570.0, 257466983458163.16, 246949471484228.12, 245066360480112.03, 239595664520302.94], [220213015780831.5, 226808934493208.12, 239238145521930.1, 248731600159934.3, 258107401527193.53, 264825739909635.03, 258295092867743.72, 250961500861834.8, 216046077210666.38, 219722181974489.38, 218216555060426.3, 225067977028447.94, 221712500111169.56, 240975081355983.1, 238043796690594.78, 245890337289152.03, 249785134564442.3, 258253990067945.25, 257544547073404.72, 268782941939110.3, 268288517552353.3, 256982570482402.7, 257409415017340.97, 249519828664021.03], [213076994196900.6, 218507772246722.66, 230165067780936.8, 240644529498724.06, 248424075508106.47, 258295092867743.72, 266023410831833.8, 262227090217685.72, 209580110669954.56, 212758823537519.4, 211188327981227.78, 217573809470338.22, 212359487675341.22, 230258043154237.75, 229390811674798.12, 237151671578902.62, 244475950671066.88, 243578349678933.4, 249466345817732.66, 258192878823842.44, 257666044872680.6, 268727778127459.84, 268970380481024.38, 259525114338948.94], [208651069807293.9, 213125683711632.75, 225292088977831.56, 235770981363841.4, 242384882698750.06, 250961500861834.8, 262227090217685.72, 273337175893646.6, 205605240421878.97, 208233988196375.0, 207309022050379.75, 211449628880792.34, 206640545952946.56, 225460088342527.4, 225008656393818.22, 233469783361722.5, 239476504961354.62, 237396542211168.56, 243626645898363.1, 247767175321517.06, 249815991258521.2, 260774216387753.44, 260735652162673.34, 272890981627601.9], [270153566605200.6, 257476136964661.84, 247606186768290.47, 238223616954708.22, 223427215905060.2, 216046077210666.38, 209580110669954.56, 205605240421878.97, 282420923244718.44, 267509732769525.88, 267463100576137.66, 254404861644132.34, 254792375263222.94, 248025169280083.53, 244556484434182.12, 237307204550137.56, 242049096394050.3, 222733723500129.3, 216801070843355.88, 215108340435646.06, 214114606723878.84, 209342182884033.34, 206962583525431.06, 203774829074048.47], [270603873814046.62, 257838176642959.2, 246390367816023.5, 239956573636545.2, 226594080920220.6, 219722181974489.38, 212758823537519.4, 208233988196375.0, 267509732769525.88, 283340543520631.3, 267987791934018.56, 256750737827008.78, 254496286496222.8, 246222937752254.78, 240424835772245.25, 238897732477447.88, 244780536458817.4, 226674399450018.8, 219628311380095.94, 220235933229312.03, 217274829185065.75, 212814508577246.97, 209881414923527.16, 205920026148888.66], [270546155516963.3, 257761407492584.2, 247803045068533.9, 238242049591819.75, 225086907399194.3, 218216555060426.3, 211188327981227.78, 207309022050379.75, 267463100576137.66, 267987791934018.56, 283222626946197.3, 254423131410318.53, 255307681375000.72, 249944275383156.03, 243166161201723.6, 237532788255696.84, 240214207778666.88, 224309875383959.47, 219204290621872.44, 216550565625278.8, 218066763891730.53, 211432938951653.12, 207492431108367.0, 204199694492179.75], [258892717642194.4, 269211898723753.12, 258352261642357.56, 250364439541561.72, 236312025579608.4, 225067977028447.94, 217573809470338.22, 211449628880792.34, 254404861644132.34, 256750737827008.78, 254423131410318.53, 283293998147878.5, 267923283047668.47, 252995250894536.8, 258476397348794.8, 251704149654793.94, 251925872720223.78, 237086396079030.75, 231846359237869.4, 222757881950401.75, 222510331982680.84, 217027471921095.72, 215879245996363.72, 207558285516905.53], [258599079467066.97, 268991607619242.97, 258479367073450.34, 243988868709172.4, 230893291348662.75, 221712500111169.56, 212359487675341.22, 206640545952946.56, 254792375263222.94, 254496286496222.8, 255307681375000.72, 267923283047668.47, 282430308374475.7, 259242385846212.7, 258501906827380.72, 242059256793494.22, 243685514349006.8, 232123035593336.44, 224751379776242.53, 219834272576606.97, 221905237355764.8, 210562535492166.3, 210209621953553.72, 203747174849108.06], [250894134115869.97, 259133432254430.78, 270070012228307.84, 258904218537344.7, 250617584859450.7, 240975081355983.1, 230258043154237.75, 225460088342527.4, 248025169280083.53, 246222937752254.78, 249944275383156.03, 252995250894536.8, 259242385846212.7, 284582496275914.25, 270361582014935.34, 257523689903487.88, 255430888823678.8, 253071680648827.88, 246572682981283.0, 238610801096840.12, 242217277424774.47, 227316956098817.9, 227085585037291.53, 223841669100863.9], [246573986990983.5, 259474486216320.8, 270334263414545.0, 259306100864689.8, 249001898061322.25, 238043796690594.78, 229390811674798.12, 225008656393818.22, 244556484434182.12, 240424835772245.25, 243166161201723.6, 258476397348794.8, 258501906827380.72, 270361582014935.34, 284703186796795.8, 259079495359489.8, 256515438106750.8, 251180346519904.8, 244964666988463.0, 234118283596204.22, 238076010130306.22, 228321505576526.06, 225544343761508.8, 222408916366619.16], [240715616309059.94, 249236589407391.22, 259850832437833.62, 270673056919620.62, 259667626058744.84, 245890337289152.03, 237151671578902.62, 233469783361722.5, 237307204550137.56, 238897732477447.88, 237532788255696.84, 251704149654793.94, 242059256793494.22, 257523689903487.88, 259079495359489.8, 285590255517121.75, 270352340100172.28, 258564443624277.8, 260206035185841.44, 244093790957049.1, 241655630425924.72, 235852402117795.84, 232731858613709.5, 229243376600332.6], [244448553610834.84, 250337720946202.38, 258453317355036.7, 269178116144486.2, 258234516766091.34, 249785134564442.3, 244475950671066.88, 239476504961354.62, 242049096394050.3, 244780536458817.4, 240214207778666.88, 251925872720223.78, 243685514349006.8, 255430888823678.8, 256515438106750.8, 270352340100172.28, 282744043071092.7, 253751821405421.0, 257700348617000.56, 247754962858660.8, 246645056835593.2, 246010095358967.75, 240950116244354.2, 234869804998847.47], [227592596167913.12, 237250693951814.0, 250896129588911.8, 258562424897211.9, 268914215665881.78, 258253990067945.25, 243578349678933.4, 237396542211168.56, 222733723500129.3, 226674399450018.8, 224309875383959.47, 237086396079030.75, 232123035593336.44, 253071680648827.88, 251180346519904.8, 258564443624277.8, 253751821405421.0, 283040353462603.6, 268628355004752.06, 259167890497488.78, 257751893340681.12, 239746749492088.62, 239405764372512.88, 235143583925384.97], [221502438764965.0, 231266544964496.12, 245925776714556.62, 258936723207742.44, 268852463941673.5, 257544547073404.72, 249466345817732.66, 243626645898363.1, 216801070843355.88, 219628311380095.94, 219204290621872.44, 231846359237869.4, 224751379776242.53, 246572682981283.0, 244964666988463.0, 260206035185841.44, 257700348617000.56, 268628355004752.06, 283083411357028.94, 254430521510174.16, 254974722815351.6, 249468308603884.0, 245532773704929.8, 240188042187998.0], [219261524863924.78, 224861180611084.06, 236659289426858.2, 247011864855088.2, 257977618604570.0, 268782941939110.3, 258192878823842.44, 247767175321517.06, 215108340435646.06, 220235933229312.03, 216550565625278.8, 222757881950401.75, 219834272576606.97, 238610801096840.12, 234118283596204.22, 244093790957049.1, 247754962858660.8, 259167890497488.78, 254430521510174.16, 283198331435148.94, 268385307075405.88, 255008130494452.34, 258268789816907.0, 247998327577652.97], [218797569166699.97, 225720580640205.34, 238814293230759.06, 246398864236554.9, 257466983458163.16, 268288517552353.3, 257666044872680.6, 249815991258521.2, 214114606723878.84, 217274829185065.75, 218066763891730.53, 222510331982680.84, 221905237355764.8, 242217277424774.47, 238076010130306.22, 241655630425924.72, 246645056835593.2, 257751893340681.12, 254974722815351.6, 268385307075405.88, 282326160583215.3, 255255502654773.22, 254974768180704.34, 248699244439907.6], [212889427215638.53, 217474253365821.22, 228669077660075.75, 240058429379878.5, 246949471484228.12, 256982570482402.7, 268727778127459.84, 260774216387753.44, 209342182884033.34, 212814508577246.97, 211432938951653.12, 217027471921095.72, 210562535492166.3, 227316956098817.9, 228321505576526.06, 235852402117795.84, 246010095358967.75, 239746749492088.62, 249468308603884.0, 255008130494452.34, 255255502654773.22, 282317855636940.1, 267519161772565.03, 256431310764621.6], [210152158628887.03, 216071005973955.5, 226895587261961.6, 236959590925475.94, 245066360480112.03, 257409415017340.97, 268970380481024.38, 260735652162673.34, 206962583525431.06, 209881414923527.16, 207492431108367.0, 215879245996363.72, 210209621953553.72, 227085585037291.53, 225544343761508.8, 232731858613709.5, 240950116244354.2, 239405764372512.88, 245532773704929.8, 258268789816907.0, 254974768180704.34, 267519161772565.03, 282780204189559.44, 256343557897221.0], [206090078633665.12, 210071598417082.44, 222559387378651.06, 232059960508687.66, 239595664520302.94, 249519828664021.03, 259525114338948.94, 272890981627601.9, 203774829074048.47, 205920026148888.66, 204199694492179.75, 207558285516905.53, 203747174849108.06, 223841669100863.9, 222408916366619.16, 229243376600332.6, 234869804998847.47, 235143583925384.97, 240188042187998.0, 247998327577652.97, 248699244439907.6, 256431310764621.6, 256343557897221.0, 282195804519240.0], [1145612487398.8623, 1446748901313.4937, 1522217179543.6108, 1195039674102.7424, 1713583581944.0288, 2253144696739.358, 564227550280.498, -2622653832697.928, 1253390282266.625, 1230275177071.5276, 750041310865.7648, 1395589268075.8464, 1565623796914.76, 1927514754126.4043, 1455211594743.0342, 769273472461.9701, 932188879550.3816, 2039622995945.842, 1420513232150.0906, 3649399731872.703, 2520559086832.0728, 1089332880526.1584, 918918758226.9003, 670236490152.7812]]}}