{"resp_b": 0.1, "restrained_fit": true, "exclude_hydrogens": true, "convergence_tolerance": 1e-06, "max_iter": 500, "resp_a": 0.0005, "charge_constraints": {"charge_sum_constraints": [], "charge_equivalence_constraints": [], "molecules": [{"qcmol": {"schema_name": "qcschema_molecule", "schema_version": 2, "validated": true, "symbols": ["C", "C", "C", "C", "C", "C", "C", "O", "H", "H", "H", "H", "H", "H", "H", "H", "H", "H", "H", "H", "H", "H", "H", "H"], "geometry": [[0.0, -0.0, 0.0], [2.8933157198996566, 5.892651821369128e-17, 4.832602078569099e-16], [4.117975571001928, 2.644535256076324, 1.1102230246251565e-15], [4.902612417380168, 3.694295693880858, 2.588266422396891], [2.733883537903817, 4.124179792654367, 4.457104361861765], [3.5190069786239544, 5.288048365237919, 6.998253452319186], [4.030123556094798, 8.117256885601826, 6.988668170903402], [6.260098187869479, 8.64123548456241, 5.6444140374244745], [-0.7780569660933593, 0.9537700704108881, 1.6377740755805699], [-0.7316166801919964, -1.9178403783080653, -0.010152039783964062], [-0.7245942349843767, 0.9492669398235792, -1.6702224970943207], [3.5190957866818455, -1.0218044823283468, -1.6680575154073645], [3.5839223545733754, -1.078976562899983, 1.6082758772058066], [2.857715839342032, 3.9811513679357615, -0.9276449937939388], [5.812272349343925, 2.580994116231728, -1.15961982812078], [5.898389072764965, 5.457707394261563, 2.2990145242394022], [6.259832177162227, 2.4036545424981925, 3.442103872778803], [1.8249368590159283, 2.3271760943845745, 4.855250597880386], [1.2946085330953565, 5.3127934078833565, 3.588912169929542], [2.007698374986658, 4.968144875670091, 8.35537267251416], [5.1793137309683335, 4.32777327956331, 7.733513235207648], [2.4327102043712503, 9.108473646584304, 6.149829435071386], [4.2098332666633365, 8.771167075049064, 8.930942452622554], [6.553942328381828, 10.40586916602889, 5.639090701901609]], "name": "C7H16O", "identifiers": {"molecule_hash": "ddf5c5bbefabeeb01388593a216857f57e2d635e", "molecular_formula": "C7H16O"}, "molecular_charge": 0.0, "molecular_multiplicity": 1, "connectivity": [[0, 1, 1.0], [0, 8, 1.0], [0, 9, 1.0], [0, 10, 1.0], [1, 2, 1.0], [1, 11, 1.0], [1, 12, 1.0], [2, 3, 1.0], [2, 13, 1.0], [2, 14, 1.0], [3, 4, 1.0], [3, 15, 1.0], [3, 16, 1.0], [4, 5, 1.0], [4, 17, 1.0], [4, 18, 1.0], [5, 6, 1.0], [5, 19, 1.0], [5, 20, 1.0], [6, 7, 1.0], [6, 21, 1.0], [6, 22, 1.0], [7, 23, 1.0]], "fix_com": true, "fix_orientation": true, "provenance": {"creator": "QCElemental", "version": "v0.22.0", "routine": "qcelemental.molparse.from_schema"}, "id": "82511"}, "charge": 0, "optimize_geometry": false, "conformers": [], "conformer_generation_options": {"n_conformer_pool": 4000, "n_max_conformers": 0, "rms_tolerance": 0.05, "energy_window": 15, "keep_original_conformer": true}, "stage_1_unrestrained_charges": null, "stage_1_restrained_charges": null, "stage_2_unrestrained_charges": null, "stage_2_restrained_charges": null, "keep_original_orientation": false, "reorientations": [], "translations": [], "rotations": []}], "unconstrained_atoms": [{"index": 0, "molecule": {"qcmol": {"schema_name": "qcschema_molecule", "schema_version": 2, "validated": true, "symbols": ["C", "C", "C", "C", "C", "C", "C", "O", "H", "H", "H", "H", "H", "H", "H", "H", "H", "H", "H", "H", "H", "H", "H", "H"], "geometry": [[0.0, -0.0, 0.0], [2.8933157198996566, 5.892651821369128e-17, 4.832602078569099e-16], [4.117975571001928, 2.644535256076324, 1.1102230246251565e-15], [4.902612417380168, 3.694295693880858, 2.588266422396891], [2.733883537903817, 4.124179792654367, 4.457104361861765], [3.5190069786239544, 5.288048365237919, 6.998253452319186], [4.030123556094798, 8.117256885601826, 6.988668170903402], [6.260098187869479, 8.64123548456241, 5.6444140374244745], [-0.7780569660933593, 0.9537700704108881, 1.6377740755805699], [-0.7316166801919964, -1.9178403783080653, -0.010152039783964062], [-0.7245942349843767, 0.9492669398235792, -1.6702224970943207], [3.5190957866818455, -1.0218044823283468, -1.6680575154073645], [3.5839223545733754, -1.078976562899983, 1.6082758772058066], [2.857715839342032, 3.9811513679357615, -0.9276449937939388], [5.812272349343925, 2.580994116231728, -1.15961982812078], [5.898389072764965, 5.457707394261563, 2.2990145242394022], [6.259832177162227, 2.4036545424981925, 3.442103872778803], [1.8249368590159283, 2.3271760943845745, 4.855250597880386], [1.2946085330953565, 5.3127934078833565, 3.588912169929542], [2.007698374986658, 4.968144875670091, 8.35537267251416], [5.1793137309683335, 4.32777327956331, 7.733513235207648], [2.4327102043712503, 9.108473646584304, 6.149829435071386], [4.2098332666633365, 8.771167075049064, 8.930942452622554], [6.553942328381828, 10.40586916602889, 5.639090701901609]], "name": "C7H16O", "identifiers": {"molecule_hash": "ddf5c5bbefabeeb01388593a216857f57e2d635e", "molecular_formula": "C7H16O"}, "molecular_charge": 0.0, "molecular_multiplicity": 1, "connectivity": [[0, 1, 1.0], [0, 8, 1.0], [0, 9, 1.0], [0, 10, 1.0], [1, 2, 1.0], [1, 11, 1.0], [1, 12, 1.0], [2, 3, 1.0], [2, 13, 1.0], [2, 14, 1.0], [3, 4, 1.0], [3, 15, 1.0], [3, 16, 1.0], [4, 5, 1.0], [4, 17, 1.0], [4, 18, 1.0], [5, 6, 1.0], [5, 19, 1.0], [5, 20, 1.0], [6, 7, 1.0], [6, 21, 1.0], [6, 22, 1.0], [7, 23, 1.0]], "fix_com": true, "fix_orientation": true, "provenance": {"creator": "QCElemental", "version": "v0.22.0", "routine": "qcelemental.molparse.from_schema"}, "id": "82511"}, "charge": 0, "optimize_geometry": false, "conformers": [], "conformer_generation_options": {"n_conformer_pool": 4000, "n_max_conformers": 0, "rms_tolerance": 0.05, "energy_window": 15, "keep_original_conformer": true}, "stage_1_unrestrained_charges": null, "stage_1_restrained_charges": null, "stage_2_unrestrained_charges": null, "stage_2_restrained_charges": null, "keep_original_orientation": false, "reorientations": [], "translations": [], "rotations": []}}, {"index": 1, "molecule": {"qcmol": {"schema_name": "qcschema_molecule", "schema_version": 2, "validated": true, "symbols": ["C", "C", "C", "C", "C", "C", "C", "O", "H", "H", "H", "H", "H", "H", "H", "H", "H", "H", "H", "H", "H", "H", "H", "H"], "geometry": [[0.0, -0.0, 0.0], [2.8933157198996566, 5.892651821369128e-17, 4.832602078569099e-16], [4.117975571001928, 2.644535256076324, 1.1102230246251565e-15], [4.902612417380168, 3.694295693880858, 2.588266422396891], [2.733883537903817, 4.124179792654367, 4.457104361861765], [3.5190069786239544, 5.288048365237919, 6.998253452319186], [4.030123556094798, 8.117256885601826, 6.988668170903402], [6.260098187869479, 8.64123548456241, 5.6444140374244745], [-0.7780569660933593, 0.9537700704108881, 1.6377740755805699], [-0.7316166801919964, -1.9178403783080653, -0.010152039783964062], [-0.7245942349843767, 0.9492669398235792, -1.6702224970943207], [3.5190957866818455, -1.0218044823283468, -1.6680575154073645], [3.5839223545733754, -1.078976562899983, 1.6082758772058066], [2.857715839342032, 3.9811513679357615, -0.9276449937939388], [5.812272349343925, 2.580994116231728, -1.15961982812078], [5.898389072764965, 5.457707394261563, 2.2990145242394022], [6.259832177162227, 2.4036545424981925, 3.442103872778803], [1.8249368590159283, 2.3271760943845745, 4.855250597880386], [1.2946085330953565, 5.3127934078833565, 3.588912169929542], [2.007698374986658, 4.968144875670091, 8.35537267251416], [5.1793137309683335, 4.32777327956331, 7.733513235207648], [2.4327102043712503, 9.108473646584304, 6.149829435071386], [4.2098332666633365, 8.771167075049064, 8.930942452622554], [6.553942328381828, 10.40586916602889, 5.639090701901609]], "name": "C7H16O", "identifiers": {"molecule_hash": "ddf5c5bbefabeeb01388593a216857f57e2d635e", "molecular_formula": "C7H16O"}, "molecular_charge": 0.0, "molecular_multiplicity": 1, "connectivity": [[0, 1, 1.0], [0, 8, 1.0], [0, 9, 1.0], [0, 10, 1.0], [1, 2, 1.0], [1, 11, 1.0], [1, 12, 1.0], [2, 3, 1.0], [2, 13, 1.0], [2, 14, 1.0], [3, 4, 1.0], [3, 15, 1.0], [3, 16, 1.0], [4, 5, 1.0], [4, 17, 1.0], [4, 18, 1.0], [5, 6, 1.0], [5, 19, 1.0], [5, 20, 1.0], [6, 7, 1.0], [6, 21, 1.0], [6, 22, 1.0], [7, 23, 1.0]], "fix_com": true, "fix_orientation": true, "provenance": {"creator": "QCElemental", "version": "v0.22.0", "routine": "qcelemental.molparse.from_schema"}, "id": "82511"}, "charge": 0, "optimize_geometry": false, "conformers": [], "conformer_generation_options": {"n_conformer_pool": 4000, "n_max_conformers": 0, "rms_tolerance": 0.05, "energy_window": 15, "keep_original_conformer": true}, "stage_1_unrestrained_charges": null, "stage_1_restrained_charges": null, "stage_2_unrestrained_charges": null, "stage_2_restrained_charges": null, "keep_original_orientation": false, "reorientations": [], "translations": [], "rotations": []}}, {"index": 2, "molecule": {"qcmol": {"schema_name": "qcschema_molecule", "schema_version": 2, "validated": true, "symbols": ["C", "C", "C", "C", "C", "C", "C", "O", "H", "H", "H", "H", "H", "H", "H", "H", "H", "H", "H", "H", "H", "H", "H", "H"], "geometry": [[0.0, -0.0, 0.0], [2.8933157198996566, 5.892651821369128e-17, 4.832602078569099e-16], [4.117975571001928, 2.644535256076324, 1.1102230246251565e-15], [4.902612417380168, 3.694295693880858, 2.588266422396891], [2.733883537903817, 4.124179792654367, 4.457104361861765], [3.5190069786239544, 5.288048365237919, 6.998253452319186], [4.030123556094798, 8.117256885601826, 6.988668170903402], [6.260098187869479, 8.64123548456241, 5.6444140374244745], [-0.7780569660933593, 0.9537700704108881, 1.6377740755805699], [-0.7316166801919964, -1.9178403783080653, -0.010152039783964062], [-0.7245942349843767, 0.9492669398235792, -1.6702224970943207], [3.5190957866818455, -1.0218044823283468, -1.6680575154073645], [3.5839223545733754, -1.078976562899983, 1.6082758772058066], [2.857715839342032, 3.9811513679357615, -0.9276449937939388], [5.812272349343925, 2.580994116231728, -1.15961982812078], [5.898389072764965, 5.457707394261563, 2.2990145242394022], [6.259832177162227, 2.4036545424981925, 3.442103872778803], [1.8249368590159283, 2.3271760943845745, 4.855250597880386], [1.2946085330953565, 5.3127934078833565, 3.588912169929542], [2.007698374986658, 4.968144875670091, 8.35537267251416], [5.1793137309683335, 4.32777327956331, 7.733513235207648], [2.4327102043712503, 9.108473646584304, 6.149829435071386], [4.2098332666633365, 8.771167075049064, 8.930942452622554], [6.553942328381828, 10.40586916602889, 5.639090701901609]], "name": "C7H16O", "identifiers": {"molecule_hash": "ddf5c5bbefabeeb01388593a216857f57e2d635e", "molecular_formula": "C7H16O"}, "molecular_charge": 0.0, "molecular_multiplicity": 1, "connectivity": [[0, 1, 1.0], [0, 8, 1.0], [0, 9, 1.0], [0, 10, 1.0], [1, 2, 1.0], [1, 11, 1.0], [1, 12, 1.0], [2, 3, 1.0], [2, 13, 1.0], [2, 14, 1.0], [3, 4, 1.0], [3, 15, 1.0], [3, 16, 1.0], [4, 5, 1.0], [4, 17, 1.0], [4, 18, 1.0], [5, 6, 1.0], [5, 19, 1.0], [5, 20, 1.0], [6, 7, 1.0], [6, 21, 1.0], [6, 22, 1.0], [7, 23, 1.0]], "fix_com": true, "fix_orientation": true, "provenance": {"creator": "QCElemental", "version": "v0.22.0", "routine": "qcelemental.molparse.from_schema"}, "id": "82511"}, "charge": 0, "optimize_geometry": false, "conformers": [], "conformer_generation_options": {"n_conformer_pool": 4000, "n_max_conformers": 0, "rms_tolerance": 0.05, "energy_window": 15, "keep_original_conformer": true}, "stage_1_unrestrained_charges": null, "stage_1_restrained_charges": null, "stage_2_unrestrained_charges": null, "stage_2_restrained_charges": null, "keep_original_orientation": false, "reorientations": [], "translations": [], "rotations": []}}, {"index": 3, "molecule": {"qcmol": {"schema_name": "qcschema_molecule", "schema_version": 2, "validated": true, "symbols": ["C", "C", "C", "C", "C", "C", "C", "O", "H", "H", "H", "H", "H", "H", "H", "H", "H", "H", "H", "H", "H", "H", "H", "H"], "geometry": [[0.0, -0.0, 0.0], [2.8933157198996566, 5.892651821369128e-17, 4.832602078569099e-16], [4.117975571001928, 2.644535256076324, 1.1102230246251565e-15], [4.902612417380168, 3.694295693880858, 2.588266422396891], [2.733883537903817, 4.124179792654367, 4.457104361861765], [3.5190069786239544, 5.288048365237919, 6.998253452319186], [4.030123556094798, 8.117256885601826, 6.988668170903402], [6.260098187869479, 8.64123548456241, 5.6444140374244745], [-0.7780569660933593, 0.9537700704108881, 1.6377740755805699], [-0.7316166801919964, -1.9178403783080653, -0.010152039783964062], [-0.7245942349843767, 0.9492669398235792, -1.6702224970943207], [3.5190957866818455, -1.0218044823283468, -1.6680575154073645], [3.5839223545733754, -1.078976562899983, 1.6082758772058066], [2.857715839342032, 3.9811513679357615, -0.9276449937939388], [5.812272349343925, 2.580994116231728, -1.15961982812078], [5.898389072764965, 5.457707394261563, 2.2990145242394022], [6.259832177162227, 2.4036545424981925, 3.442103872778803], [1.8249368590159283, 2.3271760943845745, 4.855250597880386], [1.2946085330953565, 5.3127934078833565, 3.588912169929542], [2.007698374986658, 4.968144875670091, 8.35537267251416], [5.1793137309683335, 4.32777327956331, 7.733513235207648], [2.4327102043712503, 9.108473646584304, 6.149829435071386], [4.2098332666633365, 8.771167075049064, 8.930942452622554], [6.553942328381828, 10.40586916602889, 5.639090701901609]], "name": "C7H16O", "identifiers": {"molecule_hash": "ddf5c5bbefabeeb01388593a216857f57e2d635e", "molecular_formula": "C7H16O"}, "molecular_charge": 0.0, "molecular_multiplicity": 1, "connectivity": [[0, 1, 1.0], [0, 8, 1.0], [0, 9, 1.0], [0, 10, 1.0], [1, 2, 1.0], [1, 11, 1.0], [1, 12, 1.0], [2, 3, 1.0], [2, 13, 1.0], [2, 14, 1.0], [3, 4, 1.0], [3, 15, 1.0], [3, 16, 1.0], [4, 5, 1.0], [4, 17, 1.0], [4, 18, 1.0], [5, 6, 1.0], [5, 19, 1.0], [5, 20, 1.0], [6, 7, 1.0], [6, 21, 1.0], [6, 22, 1.0], [7, 23, 1.0]], "fix_com": true, "fix_orientation": true, "provenance": {"creator": "QCElemental", "version": "v0.22.0", "routine": "qcelemental.molparse.from_schema"}, "id": "82511"}, "charge": 0, "optimize_geometry": false, "conformers": [], "conformer_generation_options": {"n_conformer_pool": 4000, "n_max_conformers": 0, "rms_tolerance": 0.05, "energy_window": 15, "keep_original_conformer": true}, "stage_1_unrestrained_charges": null, "stage_1_restrained_charges": null, "stage_2_unrestrained_charges": null, "stage_2_restrained_charges": null, "keep_original_orientation": false, "reorientations": [], "translations": [], "rotations": []}}, {"index": 4, "molecule": {"qcmol": {"schema_name": "qcschema_molecule", "schema_version": 2, "validated": true, "symbols": ["C", "C", "C", "C", "C", "C", "C", "O", "H", "H", "H", "H", "H", "H", "H", "H", "H", "H", "H", "H", "H", "H", "H", "H"], "geometry": [[0.0, -0.0, 0.0], [2.8933157198996566, 5.892651821369128e-17, 4.832602078569099e-16], [4.117975571001928, 2.644535256076324, 1.1102230246251565e-15], [4.902612417380168, 3.694295693880858, 2.588266422396891], [2.733883537903817, 4.124179792654367, 4.457104361861765], [3.5190069786239544, 5.288048365237919, 6.998253452319186], [4.030123556094798, 8.117256885601826, 6.988668170903402], [6.260098187869479, 8.64123548456241, 5.6444140374244745], [-0.7780569660933593, 0.9537700704108881, 1.6377740755805699], [-0.7316166801919964, -1.9178403783080653, -0.010152039783964062], [-0.7245942349843767, 0.9492669398235792, -1.6702224970943207], [3.5190957866818455, -1.0218044823283468, -1.6680575154073645], [3.5839223545733754, -1.078976562899983, 1.6082758772058066], [2.857715839342032, 3.9811513679357615, -0.9276449937939388], [5.812272349343925, 2.580994116231728, -1.15961982812078], [5.898389072764965, 5.457707394261563, 2.2990145242394022], [6.259832177162227, 2.4036545424981925, 3.442103872778803], [1.8249368590159283, 2.3271760943845745, 4.855250597880386], [1.2946085330953565, 5.3127934078833565, 3.588912169929542], [2.007698374986658, 4.968144875670091, 8.35537267251416], [5.1793137309683335, 4.32777327956331, 7.733513235207648], [2.4327102043712503, 9.108473646584304, 6.149829435071386], [4.2098332666633365, 8.771167075049064, 8.930942452622554], [6.553942328381828, 10.40586916602889, 5.639090701901609]], "name": "C7H16O", "identifiers": {"molecule_hash": "ddf5c5bbefabeeb01388593a216857f57e2d635e", "molecular_formula": "C7H16O"}, "molecular_charge": 0.0, "molecular_multiplicity": 1, "connectivity": [[0, 1, 1.0], [0, 8, 1.0], [0, 9, 1.0], [0, 10, 1.0], [1, 2, 1.0], [1, 11, 1.0], [1, 12, 1.0], [2, 3, 1.0], [2, 13, 1.0], [2, 14, 1.0], [3, 4, 1.0], [3, 15, 1.0], [3, 16, 1.0], [4, 5, 1.0], [4, 17, 1.0], [4, 18, 1.0], [5, 6, 1.0], [5, 19, 1.0], [5, 20, 1.0], [6, 7, 1.0], [6, 21, 1.0], [6, 22, 1.0], [7, 23, 1.0]], "fix_com": true, "fix_orientation": true, "provenance": {"creator": "QCElemental", "version": "v0.22.0", "routine": "qcelemental.molparse.from_schema"}, "id": "82511"}, "charge": 0, "optimize_geometry": false, "conformers": [], "conformer_generation_options": {"n_conformer_pool": 4000, "n_max_conformers": 0, "rms_tolerance": 0.05, "energy_window": 15, "keep_original_conformer": true}, "stage_1_unrestrained_charges": null, "stage_1_restrained_charges": null, "stage_2_unrestrained_charges": null, "stage_2_restrained_charges": null, "keep_original_orientation": false, "reorientations": [], "translations": [], "rotations": []}}, {"index": 5, "molecule": {"qcmol": {"schema_name": "qcschema_molecule", "schema_version": 2, "validated": true, "symbols": ["C", "C", "C", "C", "C", "C", "C", "O", "H", "H", "H", "H", "H", "H", "H", "H", "H", "H", "H", "H", "H", "H", "H", "H"], "geometry": [[0.0, -0.0, 0.0], [2.8933157198996566, 5.892651821369128e-17, 4.832602078569099e-16], [4.117975571001928, 2.644535256076324, 1.1102230246251565e-15], [4.902612417380168, 3.694295693880858, 2.588266422396891], [2.733883537903817, 4.124179792654367, 4.457104361861765], [3.5190069786239544, 5.288048365237919, 6.998253452319186], [4.030123556094798, 8.117256885601826, 6.988668170903402], [6.260098187869479, 8.64123548456241, 5.6444140374244745], [-0.7780569660933593, 0.9537700704108881, 1.6377740755805699], [-0.7316166801919964, -1.9178403783080653, -0.010152039783964062], [-0.7245942349843767, 0.9492669398235792, -1.6702224970943207], [3.5190957866818455, -1.0218044823283468, -1.6680575154073645], [3.5839223545733754, -1.078976562899983, 1.6082758772058066], [2.857715839342032, 3.9811513679357615, -0.9276449937939388], [5.812272349343925, 2.580994116231728, -1.15961982812078], [5.898389072764965, 5.457707394261563, 2.2990145242394022], [6.259832177162227, 2.4036545424981925, 3.442103872778803], [1.8249368590159283, 2.3271760943845745, 4.855250597880386], [1.2946085330953565, 5.3127934078833565, 3.588912169929542], [2.007698374986658, 4.968144875670091, 8.35537267251416], [5.1793137309683335, 4.32777327956331, 7.733513235207648], [2.4327102043712503, 9.108473646584304, 6.149829435071386], [4.2098332666633365, 8.771167075049064, 8.930942452622554], [6.553942328381828, 10.40586916602889, 5.639090701901609]], "name": "C7H16O", "identifiers": {"molecule_hash": "ddf5c5bbefabeeb01388593a216857f57e2d635e", "molecular_formula": "C7H16O"}, "molecular_charge": 0.0, "molecular_multiplicity": 1, "connectivity": [[0, 1, 1.0], [0, 8, 1.0], [0, 9, 1.0], [0, 10, 1.0], [1, 2, 1.0], [1, 11, 1.0], [1, 12, 1.0], [2, 3, 1.0], [2, 13, 1.0], [2, 14, 1.0], [3, 4, 1.0], [3, 15, 1.0], [3, 16, 1.0], [4, 5, 1.0], [4, 17, 1.0], [4, 18, 1.0], [5, 6, 1.0], [5, 19, 1.0], [5, 20, 1.0], [6, 7, 1.0], [6, 21, 1.0], [6, 22, 1.0], [7, 23, 1.0]], "fix_com": true, "fix_orientation": true, "provenance": {"creator": "QCElemental", "version": "v0.22.0", "routine": "qcelemental.molparse.from_schema"}, "id": "82511"}, "charge": 0, "optimize_geometry": false, "conformers": [], "conformer_generation_options": {"n_conformer_pool": 4000, "n_max_conformers": 0, "rms_tolerance": 0.05, "energy_window": 15, "keep_original_conformer": true}, "stage_1_unrestrained_charges": null, "stage_1_restrained_charges": null, "stage_2_unrestrained_charges": null, "stage_2_restrained_charges": null, "keep_original_orientation": false, "reorientations": [], "translations": [], "rotations": []}}, {"index": 6, "molecule": {"qcmol": {"schema_name": "qcschema_molecule", "schema_version": 2, "validated": true, "symbols": ["C", "C", "C", "C", "C", "C", "C", "O", "H", "H", "H", "H", "H", "H", "H", "H", "H", "H", "H", "H", "H", "H", "H", "H"], "geometry": [[0.0, -0.0, 0.0], [2.8933157198996566, 5.892651821369128e-17, 4.832602078569099e-16], [4.117975571001928, 2.644535256076324, 1.1102230246251565e-15], [4.902612417380168, 3.694295693880858, 2.588266422396891], [2.733883537903817, 4.124179792654367, 4.457104361861765], [3.5190069786239544, 5.288048365237919, 6.998253452319186], [4.030123556094798, 8.117256885601826, 6.988668170903402], [6.260098187869479, 8.64123548456241, 5.6444140374244745], [-0.7780569660933593, 0.9537700704108881, 1.6377740755805699], [-0.7316166801919964, -1.9178403783080653, -0.010152039783964062], [-0.7245942349843767, 0.9492669398235792, -1.6702224970943207], [3.5190957866818455, -1.0218044823283468, -1.6680575154073645], [3.5839223545733754, -1.078976562899983, 1.6082758772058066], [2.857715839342032, 3.9811513679357615, -0.9276449937939388], [5.812272349343925, 2.580994116231728, -1.15961982812078], [5.898389072764965, 5.457707394261563, 2.2990145242394022], [6.259832177162227, 2.4036545424981925, 3.442103872778803], [1.8249368590159283, 2.3271760943845745, 4.855250597880386], [1.2946085330953565, 5.3127934078833565, 3.588912169929542], [2.007698374986658, 4.968144875670091, 8.35537267251416], [5.1793137309683335, 4.32777327956331, 7.733513235207648], [2.4327102043712503, 9.108473646584304, 6.149829435071386], [4.2098332666633365, 8.771167075049064, 8.930942452622554], [6.553942328381828, 10.40586916602889, 5.639090701901609]], "name": "C7H16O", "identifiers": {"molecule_hash": "ddf5c5bbefabeeb01388593a216857f57e2d635e", "molecular_formula": "C7H16O"}, "molecular_charge": 0.0, "molecular_multiplicity": 1, "connectivity": [[0, 1, 1.0], [0, 8, 1.0], [0, 9, 1.0], [0, 10, 1.0], [1, 2, 1.0], [1, 11, 1.0], [1, 12, 1.0], [2, 3, 1.0], [2, 13, 1.0], [2, 14, 1.0], [3, 4, 1.0], [3, 15, 1.0], [3, 16, 1.0], [4, 5, 1.0], [4, 17, 1.0], [4, 18, 1.0], [5, 6, 1.0], [5, 19, 1.0], [5, 20, 1.0], [6, 7, 1.0], [6, 21, 1.0], [6, 22, 1.0], [7, 23, 1.0]], "fix_com": true, "fix_orientation": true, "provenance": {"creator": "QCElemental", "version": "v0.22.0", "routine": "qcelemental.molparse.from_schema"}, "id": "82511"}, "charge": 0, "optimize_geometry": false, "conformers": [], "conformer_generation_options": {"n_conformer_pool": 4000, "n_max_conformers": 0, "rms_tolerance": 0.05, "energy_window": 15, "keep_original_conformer": true}, "stage_1_unrestrained_charges": null, "stage_1_restrained_charges": null, "stage_2_unrestrained_charges": null, "stage_2_restrained_charges": null, "keep_original_orientation": false, "reorientations": [], "translations": [], "rotations": []}}]}, "surface_constraints": {"matrix": [[653274307140368.0, 632679026057295.2, 610474396317176.1, 590860272697113.2, 559516871248089.44, 542215574607446.6, 526268307004211.56, 516875315226760.1, 656770105295177.6, 658162820473126.4, 657572254394575.9, 630736607851290.5, 629362905062907.6, 612356822056786.8, 602540147028299.5, 589667340856935.8, 598634062390656.5, 559262024999670.1, 545548026458055.06, 540123997743543.94, 539317786859827.8, 526183481961140.4, 519760459213092.8, 511672902830238.3], [632679026057295.2, 645753354078381.0, 630835441759145.9, 608816885793547.8, 579405552034223.8, 557255779662411.0, 538575688003415.0, 527049385708775.0, 627467654871112.1, 628670325922802.6, 628096287560926.2, 653937204862796.1, 652585367082418.2, 630804350292038.9, 631803997539168.9, 608903405976949.8, 611725508753588.4, 581516580559595.2, 568219792568757.8, 552806204872508.1, 555220736499513.56, 536496426311088.1, 533229332969224.06, 520734317975815.25], [610474396317176.1, 630835441759145.9, 646542517191997.0, 631173485676055.9, 609428614804618.2, 586303511020381.9, 565977802386951.8, 555826249835911.94, 605134520288646.0, 602683350159244.5, 605570880804037.6, 629601301963550.6, 629146011161885.4, 655988855599293.0, 656708601839269.4, 633084058473418.2, 630215384729724.6, 613165570099332.4, 602418692942973.5, 580482723181813.4, 585979971914057.1, 562881366173164.6, 558735264361780.75, 550618344478121.4], [590860272697113.2, 608816885793547.8, 631173485676055.9, 646656181180374.6, 631241217922929.9, 608507148256605.5, 590697519821634.9, 580872818353401.0, 584137840765327.5, 588391868196021.6, 584152648356131.9, 611913539511953.4, 596617214805232.5, 630943755646203.9, 632001263760270.8, 658250432691092.9, 655164182047421.1, 630791908183535.9, 632508307103862.2, 604760627790632.5, 603889264400959.1, 589803751760614.6, 582562211029801.9, 573598650679685.2], [559516871248089.44, 579405552034223.8, 609428614804618.2, 631241217922929.9, 645923107133273.6, 630309471507968.0, 609023089473101.6, 596672655152769.9, 549866030378334.3, 557635172709300.44, 553852776253460.1, 579762529220445.9, 566759501900583.9, 612692976124097.8, 609081323129042.8, 633491523326782.5, 630514590555518.2, 655051064007409.2, 655879467834109.6, 630221841350448.4, 629728805998951.6, 606192262408245.5, 601750943714871.4, 591820276586129.4], [542215574607446.6, 557255779662411.0, 586303511020381.9, 608507148256605.5, 630309471507968.0, 645686983901014.2, 631721720649870.6, 616775117145756.1, 532994478160673.06, 541934356772496.25, 538108203131585.44, 553740915013870.1, 545567927253283.6, 590840408100527.8, 584056831543038.6, 602412996867791.5, 611704232928363.9, 631048275650664.8, 630315875404107.9, 654960756760028.6, 654605877341537.4, 629384900990349.0, 630240279795225.0, 615407126312042.0], [526268307004211.56, 538575688003415.0, 565977802386951.8, 590697519821634.9, 609023089473101.6, 631721720649870.6, 650067089702675.5, 643495455028928.8, 518573452664713.75, 526400259353444.9, 522364415635147.9, 536928673368926.7, 524216035039112.5, 566616464725464.1, 564562447900879.1, 582995577081161.9, 600323708817664.5, 598081086173882.6, 612671516225804.1, 631627610347408.8, 631147781395332.4, 657082534069882.6, 657440355003712.1, 639753284202317.6], [516875315226760.1, 527049385708775.0, 555826249835911.94, 580872818353401.0, 596672655152769.9, 616775117145756.1, 643495455028928.8, 670728512858977.0, 510177581625398.06, 516681955537007.6, 514335230504575.3, 523676947473039.3, 511762629949257.2, 556522824990821.44, 555566881714433.2, 575947590919911.9, 590254913465930.2, 585159759589652.9, 600766082459509.8, 609504848394306.9, 614893447221521.9, 640954501468415.6, 640718855717418.4, 673070736474523.0], [656770105295177.6, 627467654871112.1, 605134520288646.0, 584137840765327.5, 549866030378334.3, 532994478160673.06, 518573452664713.75, 510177581625398.06, 686386344796087.8, 652360624408087.0, 651775196503007.8, 621416156167508.1, 621608948201104.0, 606499358031311.0, 598727053811722.1, 582592124743719.9, 593926918913482.2, 548388125317794.7, 534882158373170.44, 530939438160555.4, 528850428889609.4, 518446865510666.25, 512689312878762.75, 506727609380758.5], [658162820473126.4, 628670325922802.6, 602683350159244.5, 588391868196021.6, 557635172709300.44, 541934356772496.25, 526400259353444.9, 516681955537007.6, 652360624408087.0, 689237032439508.4, 653265658236124.6, 627142576034951.1, 621360977553269.1, 602795347781258.8, 589416353679778.1, 586389020620887.8, 600486807639394.5, 558006579317279.75, 541995273530588.25, 543328467436286.8, 536515457500675.56, 526878114260973.6, 520051619666449.7, 512013178600805.75], [657572254394575.9, 628096287560926.2, 605570880804037.6, 584152648356131.9, 553852776253460.1, 538108203131585.44, 522364415635147.9, 514335230504575.3, 651775196503007.8, 653265658236124.6, 688072262478934.8, 621417941492967.4, 622810123366657.9, 611096566362208.4, 595355820734600.9, 583004276739798.6, 589596168538528.6, 552195098371390.1, 540755917390849.75, 534267291393541.0, 538198003542284.6, 523233447067406.56, 514009006842986.94, 507776685964419.94], [630736607851290.5, 653937204862796.1, 629601301963550.6, 611913539511953.4, 579762529220445.9, 553740915013870.1, 536928673368926.7, 523676947473039.3, 621416156167508.1, 627142576034951.1, 621417941492967.4, 687773379965034.9, 651434760053944.4, 617693478250916.0, 630681533333470.6, 615646812547276.1, 616434864106795.8, 581792283439879.4, 570335396253350.6, 548317158610899.94, 548197568264993.6, 536038346653014.94, 533262280288986.1, 515243009205405.7], [629362905062907.6, 652585367082418.2, 629146011161885.4, 596617214805232.5, 566759501900583.9, 545567927253283.6, 524216035039112.5, 511762629949257.2, 621608948201104.0, 621360977553269.1, 622810123366657.9, 651434760053944.4, 684015466484894.5, 631398139271114.8, 630007194558955.0, 592671954477781.8, 596670415237938.2, 570004774773852.0, 553272219857793.4, 541271583581253.9, 546522566187382.8, 520228323971431.0, 519554343556583.6, 505700216835362.7], [612356822056786.8, 630804350292038.9, 655988855599293.0, 630943755646203.9, 612692976124097.8, 590840408100527.8, 566616464725464.1, 556522824990821.44, 606499358031311.0, 602795347781258.8, 611096566362208.4, 617693478250916.0, 631398139271114.8, 690449380954674.4, 657341805107211.1, 628079675940865.5, 623727507310636.1, 618878818908359.9, 604451327819551.8, 585501938556508.4, 594443509500380.6, 560084883636674.3, 559639522996196.56, 554013377215710.1], [602540147028299.5, 631803997539168.9, 656708601839269.4, 632001263760270.8, 609081323129042.8, 584056831543038.6, 564562447900879.1, 555566881714433.2, 598727053811722.1, 589416353679778.1, 595355820734600.9, 630681533333470.6, 630007194558955.0, 657341805107211.1, 690927818548828.0, 631996905270179.0, 626286183302136.0, 614588354931260.5, 600973933147734.6, 575041537314626.4, 584766586538882.4, 562451181612590.4, 555860354082973.8, 550679013920820.94], [589667340856935.8, 608903405976949.8, 633084058473418.2, 658250432691092.9, 633491523326782.5, 602412996867791.5, 582995577081161.9, 575947590919911.9, 582592124743719.9, 586389020620887.8, 583004276739798.6, 615646812547276.1, 592671954477781.8, 628079675940865.5, 631996905270179.0, 693584650980979.6, 658626004115217.5, 631200209293411.8, 635944467751417.5, 598561250163523.6, 593222104976104.8, 580400447985065.1, 573059458073179.8, 567390094361197.1], [598634062390656.5, 611725508753588.4, 630215384729724.6, 655164182047421.1, 630514590555518.2, 611704232928363.9, 600323708817664.5, 590254913465930.2, 593926918913482.2, 600486807639394.5, 589596168538528.6, 616434864106795.8, 596670415237938.2, 623727507310636.1, 626286183302136.0, 658626004115217.5, 687531249056986.5, 620409321878685.2, 630376095699628.6, 607167022356353.0, 605228333201787.8, 604363164504426.0, 592537839950440.9, 580823177670436.5], [559262024999670.1, 581516580559595.2, 613165570099332.4, 630791908183535.9, 655051064007409.2, 631048275650664.8, 598081086173882.6, 585159759589652.9, 548388125317794.7, 558006579317279.75, 552195098371390.1, 581792283439879.4, 570004774773852.0, 618878818908359.9, 614588354931260.5, 631200209293411.8, 620409321878685.2, 688400614631986.4, 655739929848486.4, 633462045394624.2, 630747894826144.5, 589717282137626.9, 588838483763230.2, 581398253902851.0], [545548026458055.06, 568219792568757.8, 602418692942973.5, 632508307103862.2, 655879467834109.6, 630315875404107.9, 612671516225804.1, 600766082459509.8, 534882158373170.44, 541995273530588.25, 540755917390849.75, 570335396253350.6, 553272219857793.4, 604451327819551.8, 600973933147734.6, 635944467751417.5, 630376095699628.6, 655739929848486.4, 690599260579016.9, 623195318679305.2, 625204419709007.4, 613279498236809.6, 604058197438616.2, 594371384165789.6], [540123997743543.94, 552806204872508.1, 580482723181813.4, 604760627790632.5, 630221841350448.4, 654960756760028.6, 631627610347408.8, 609504848394306.9, 530939438160555.4, 543328467436286.8, 534267291393541.0, 548317158610899.94, 541271583581253.9, 585501938556508.4, 575041537314626.4, 598561250163523.6, 607167022356353.0, 633462045394624.2, 623195318679305.2, 688679282666226.1, 654880552301457.9, 624926149360947.5, 632346542139937.8, 611863429013007.8], [539317786859827.8, 555220736499513.56, 585979971914057.1, 603889264400959.1, 629728805998951.6, 654605877341537.4, 631147781395332.4, 614893447221521.9, 528850428889609.4, 536515457500675.56, 538198003542284.6, 548197568264993.6, 546522566187382.8, 594443509500380.6, 584766586538882.4, 593222104976104.8, 605228333201787.8, 630747894826144.5, 625204419709007.4, 654880552301457.9, 688274620248272.2, 626178739339045.5, 625465161893152.5, 614249801130256.5], [526183481961140.4, 536496426311088.1, 562881366173164.6, 589803751760614.6, 606192262408245.5, 629384900990349.0, 657082534069882.6, 640954501468415.6, 518446865510666.25, 526878114260973.6, 523233447067406.56, 536038346653014.94, 520228323971431.0, 560084883636674.3, 562451181612590.4, 580400447985065.1, 604363164504426.0, 589717282137626.9, 613279498236809.6, 624926149360947.5, 626178739339045.5, 689419381042726.5, 654825734672888.6, 633126537074433.9], [519760459213092.8, 533229332969224.06, 558735264361780.75, 582562211029801.9, 601750943714871.4, 630240279795225.0, 657440355003712.1, 640718855717418.4, 512689312878762.75, 520051619666449.7, 514009006842986.94, 533262280288986.1, 519554343556583.6, 559639522996196.56, 555860354082973.8, 573059458073179.8, 592537839950440.9, 588838483763230.2, 604058197438616.2, 632346542139937.8, 625465161893152.5, 654825734672888.6, 690122704879573.1, 632764094053381.5], [511672902830238.3, 520734317975815.25, 550618344478121.4, 573598650679685.2, 591820276586129.4, 615407126312042.0, 639753284202317.6, 673070736474523.0, 506727609380758.5, 512013178600805.75, 507776685964419.94, 515243009205405.7, 505700216835362.7, 554013377215710.1, 550679013920820.94, 567390094361197.1, 580823177670436.5, 581398253902851.0, 594371384165789.6, 611863429013007.8, 614249801130256.5, 633126537074433.9, 632764094053381.5, 698256279651439.1], [2665991337074.382, 3314862347031.556, 3644283922645.87, 2948347534781.5977, 3978432998321.437, 5039340732973.079, 1909415947081.9922, -3697301196049.0654, 2948506000186.907, 2706409646671.3145, 1883716170533.8022, 3128828028883.182, 3548636015121.7324, 4581364772042.197, 3582738057174.748, 2212176382700.99, 2273081689407.3657, 4566108202673.875, 3472026343685.006, 7565524385690.923, 5658151921942.964, 2591989168043.515, 2543180980930.7, 2940797393370.7764]]}}