{"resp_b": 0.1, "restrained_fit": true, "exclude_hydrogens": true, "convergence_tolerance": 1e-06, "max_iter": 500, "resp_a": 0.0005, "charge_constraints": {"charge_sum_constraints": [], "charge_equivalence_constraints": [], "molecules": [{"qcmol": {"schema_name": "qcschema_molecule", "schema_version": 2, "validated": true, "symbols": ["C", "C", "C", "C", "C", "C", "C", "O", "H", "H", "H", "H", "H", "H", "H", "H", "H", "H", "H", "H", "H", "H", "H", "H"], "geometry": [[0.0, -0.0, 0.0], [2.8933157198996566, 5.892651821369128e-17, 4.832602078569099e-16], [4.117975571001928, 2.644535256076324, 1.1102230246251565e-15], [4.902612417380168, 3.694295693880858, 2.588266422396891], [2.733883537903817, 4.124179792654367, 4.457104361861765], [3.5190069786239544, 5.288048365237919, 6.998253452319186], [4.030123556094798, 8.117256885601826, 6.988668170903402], [6.260098187869479, 8.64123548456241, 5.6444140374244745], [-0.7780569660933593, 0.9537700704108881, 1.6377740755805699], [-0.7316166801919964, -1.9178403783080653, -0.010152039783964062], [-0.7245942349843767, 0.9492669398235792, -1.6702224970943207], [3.5190957866818455, -1.0218044823283468, -1.6680575154073645], [3.5839223545733754, -1.078976562899983, 1.6082758772058066], [2.857715839342032, 3.9811513679357615, -0.9276449937939388], [5.812272349343925, 2.580994116231728, -1.15961982812078], [5.898389072764965, 5.457707394261563, 2.2990145242394022], [6.259832177162227, 2.4036545424981925, 3.442103872778803], [1.8249368590159283, 2.3271760943845745, 4.855250597880386], [1.2946085330953565, 5.3127934078833565, 3.588912169929542], [2.007698374986658, 4.968144875670091, 8.35537267251416], [5.1793137309683335, 4.32777327956331, 7.733513235207648], [2.4327102043712503, 9.108473646584304, 6.149829435071386], [4.2098332666633365, 8.771167075049064, 8.930942452622554], [6.553942328381828, 10.40586916602889, 5.639090701901609]], "name": "C7H16O", "identifiers": {"molecule_hash": "ddf5c5bbefabeeb01388593a216857f57e2d635e", "molecular_formula": "C7H16O"}, "molecular_charge": 0.0, "molecular_multiplicity": 1, "connectivity": [[0, 1, 1.0], [0, 8, 1.0], [0, 9, 1.0], [0, 10, 1.0], [1, 2, 1.0], [1, 11, 1.0], [1, 12, 1.0], [2, 3, 1.0], [2, 13, 1.0], [2, 14, 1.0], [3, 4, 1.0], [3, 15, 1.0], [3, 16, 1.0], [4, 5, 1.0], [4, 17, 1.0], [4, 18, 1.0], [5, 6, 1.0], [5, 19, 1.0], [5, 20, 1.0], [6, 7, 1.0], [6, 21, 1.0], [6, 22, 1.0], [7, 23, 1.0]], "fix_com": true, "fix_orientation": true, "provenance": {"creator": "QCElemental", "version": "v0.22.0", "routine": "qcelemental.molparse.from_schema"}, "id": "82511"}, "charge": 0, "optimize_geometry": false, "conformers": [], "conformer_generation_options": {"n_conformer_pool": 4000, "n_max_conformers": 0, "rms_tolerance": 0.05, "energy_window": 15, "keep_original_conformer": true}, "stage_1_unrestrained_charges": null, "stage_1_restrained_charges": null, "stage_2_unrestrained_charges": null, "stage_2_restrained_charges": null, "keep_original_orientation": false, "reorientations": [], "translations": [], "rotations": []}], "unconstrained_atoms": [{"index": 0, "molecule": {"qcmol": {"schema_name": "qcschema_molecule", "schema_version": 2, "validated": true, "symbols": ["C", "C", "C", "C", "C", "C", "C", "O", "H", "H", "H", "H", "H", "H", "H", "H", "H", "H", "H", "H", "H", "H", "H", "H"], "geometry": [[0.0, -0.0, 0.0], [2.8933157198996566, 5.892651821369128e-17, 4.832602078569099e-16], [4.117975571001928, 2.644535256076324, 1.1102230246251565e-15], [4.902612417380168, 3.694295693880858, 2.588266422396891], [2.733883537903817, 4.124179792654367, 4.457104361861765], [3.5190069786239544, 5.288048365237919, 6.998253452319186], [4.030123556094798, 8.117256885601826, 6.988668170903402], [6.260098187869479, 8.64123548456241, 5.6444140374244745], [-0.7780569660933593, 0.9537700704108881, 1.6377740755805699], [-0.7316166801919964, -1.9178403783080653, -0.010152039783964062], [-0.7245942349843767, 0.9492669398235792, -1.6702224970943207], [3.5190957866818455, -1.0218044823283468, -1.6680575154073645], [3.5839223545733754, -1.078976562899983, 1.6082758772058066], [2.857715839342032, 3.9811513679357615, -0.9276449937939388], [5.812272349343925, 2.580994116231728, -1.15961982812078], [5.898389072764965, 5.457707394261563, 2.2990145242394022], [6.259832177162227, 2.4036545424981925, 3.442103872778803], [1.8249368590159283, 2.3271760943845745, 4.855250597880386], [1.2946085330953565, 5.3127934078833565, 3.588912169929542], [2.007698374986658, 4.968144875670091, 8.35537267251416], [5.1793137309683335, 4.32777327956331, 7.733513235207648], [2.4327102043712503, 9.108473646584304, 6.149829435071386], [4.2098332666633365, 8.771167075049064, 8.930942452622554], [6.553942328381828, 10.40586916602889, 5.639090701901609]], "name": "C7H16O", "identifiers": {"molecule_hash": "ddf5c5bbefabeeb01388593a216857f57e2d635e", "molecular_formula": "C7H16O"}, "molecular_charge": 0.0, "molecular_multiplicity": 1, "connectivity": [[0, 1, 1.0], [0, 8, 1.0], [0, 9, 1.0], [0, 10, 1.0], [1, 2, 1.0], [1, 11, 1.0], [1, 12, 1.0], [2, 3, 1.0], [2, 13, 1.0], [2, 14, 1.0], [3, 4, 1.0], [3, 15, 1.0], [3, 16, 1.0], [4, 5, 1.0], [4, 17, 1.0], [4, 18, 1.0], [5, 6, 1.0], [5, 19, 1.0], [5, 20, 1.0], [6, 7, 1.0], [6, 21, 1.0], [6, 22, 1.0], [7, 23, 1.0]], "fix_com": true, "fix_orientation": true, "provenance": {"creator": "QCElemental", "version": "v0.22.0", "routine": "qcelemental.molparse.from_schema"}, "id": "82511"}, "charge": 0, "optimize_geometry": false, "conformers": [], "conformer_generation_options": {"n_conformer_pool": 4000, "n_max_conformers": 0, "rms_tolerance": 0.05, "energy_window": 15, "keep_original_conformer": true}, "stage_1_unrestrained_charges": null, "stage_1_restrained_charges": null, "stage_2_unrestrained_charges": null, "stage_2_restrained_charges": null, "keep_original_orientation": false, "reorientations": [], "translations": [], "rotations": []}}, {"index": 1, "molecule": {"qcmol": {"schema_name": "qcschema_molecule", "schema_version": 2, "validated": true, "symbols": ["C", "C", "C", "C", "C", "C", "C", "O", "H", "H", "H", "H", "H", "H", "H", "H", "H", "H", "H", "H", "H", "H", "H", "H"], "geometry": [[0.0, -0.0, 0.0], [2.8933157198996566, 5.892651821369128e-17, 4.832602078569099e-16], [4.117975571001928, 2.644535256076324, 1.1102230246251565e-15], [4.902612417380168, 3.694295693880858, 2.588266422396891], [2.733883537903817, 4.124179792654367, 4.457104361861765], [3.5190069786239544, 5.288048365237919, 6.998253452319186], [4.030123556094798, 8.117256885601826, 6.988668170903402], [6.260098187869479, 8.64123548456241, 5.6444140374244745], [-0.7780569660933593, 0.9537700704108881, 1.6377740755805699], [-0.7316166801919964, -1.9178403783080653, -0.010152039783964062], [-0.7245942349843767, 0.9492669398235792, -1.6702224970943207], [3.5190957866818455, -1.0218044823283468, -1.6680575154073645], [3.5839223545733754, -1.078976562899983, 1.6082758772058066], [2.857715839342032, 3.9811513679357615, -0.9276449937939388], [5.812272349343925, 2.580994116231728, -1.15961982812078], [5.898389072764965, 5.457707394261563, 2.2990145242394022], [6.259832177162227, 2.4036545424981925, 3.442103872778803], [1.8249368590159283, 2.3271760943845745, 4.855250597880386], [1.2946085330953565, 5.3127934078833565, 3.588912169929542], [2.007698374986658, 4.968144875670091, 8.35537267251416], [5.1793137309683335, 4.32777327956331, 7.733513235207648], [2.4327102043712503, 9.108473646584304, 6.149829435071386], [4.2098332666633365, 8.771167075049064, 8.930942452622554], [6.553942328381828, 10.40586916602889, 5.639090701901609]], "name": "C7H16O", "identifiers": {"molecule_hash": "ddf5c5bbefabeeb01388593a216857f57e2d635e", "molecular_formula": "C7H16O"}, "molecular_charge": 0.0, "molecular_multiplicity": 1, "connectivity": [[0, 1, 1.0], [0, 8, 1.0], [0, 9, 1.0], [0, 10, 1.0], [1, 2, 1.0], [1, 11, 1.0], [1, 12, 1.0], [2, 3, 1.0], [2, 13, 1.0], [2, 14, 1.0], [3, 4, 1.0], [3, 15, 1.0], [3, 16, 1.0], [4, 5, 1.0], [4, 17, 1.0], [4, 18, 1.0], [5, 6, 1.0], [5, 19, 1.0], [5, 20, 1.0], [6, 7, 1.0], [6, 21, 1.0], [6, 22, 1.0], [7, 23, 1.0]], "fix_com": true, "fix_orientation": true, "provenance": {"creator": "QCElemental", "version": "v0.22.0", "routine": "qcelemental.molparse.from_schema"}, "id": "82511"}, "charge": 0, "optimize_geometry": false, "conformers": [], "conformer_generation_options": {"n_conformer_pool": 4000, "n_max_conformers": 0, "rms_tolerance": 0.05, "energy_window": 15, "keep_original_conformer": true}, "stage_1_unrestrained_charges": null, "stage_1_restrained_charges": null, "stage_2_unrestrained_charges": null, "stage_2_restrained_charges": null, "keep_original_orientation": false, "reorientations": [], "translations": [], "rotations": []}}, {"index": 2, "molecule": {"qcmol": {"schema_name": "qcschema_molecule", "schema_version": 2, "validated": true, "symbols": ["C", "C", "C", "C", "C", "C", "C", "O", "H", "H", "H", "H", "H", "H", "H", "H", "H", "H", "H", "H", "H", "H", "H", "H"], "geometry": [[0.0, -0.0, 0.0], [2.8933157198996566, 5.892651821369128e-17, 4.832602078569099e-16], [4.117975571001928, 2.644535256076324, 1.1102230246251565e-15], [4.902612417380168, 3.694295693880858, 2.588266422396891], [2.733883537903817, 4.124179792654367, 4.457104361861765], [3.5190069786239544, 5.288048365237919, 6.998253452319186], [4.030123556094798, 8.117256885601826, 6.988668170903402], [6.260098187869479, 8.64123548456241, 5.6444140374244745], [-0.7780569660933593, 0.9537700704108881, 1.6377740755805699], [-0.7316166801919964, -1.9178403783080653, -0.010152039783964062], [-0.7245942349843767, 0.9492669398235792, -1.6702224970943207], [3.5190957866818455, -1.0218044823283468, -1.6680575154073645], [3.5839223545733754, -1.078976562899983, 1.6082758772058066], [2.857715839342032, 3.9811513679357615, -0.9276449937939388], [5.812272349343925, 2.580994116231728, -1.15961982812078], [5.898389072764965, 5.457707394261563, 2.2990145242394022], [6.259832177162227, 2.4036545424981925, 3.442103872778803], [1.8249368590159283, 2.3271760943845745, 4.855250597880386], [1.2946085330953565, 5.3127934078833565, 3.588912169929542], [2.007698374986658, 4.968144875670091, 8.35537267251416], [5.1793137309683335, 4.32777327956331, 7.733513235207648], [2.4327102043712503, 9.108473646584304, 6.149829435071386], [4.2098332666633365, 8.771167075049064, 8.930942452622554], [6.553942328381828, 10.40586916602889, 5.639090701901609]], "name": "C7H16O", "identifiers": {"molecule_hash": "ddf5c5bbefabeeb01388593a216857f57e2d635e", "molecular_formula": "C7H16O"}, "molecular_charge": 0.0, "molecular_multiplicity": 1, "connectivity": [[0, 1, 1.0], [0, 8, 1.0], [0, 9, 1.0], [0, 10, 1.0], [1, 2, 1.0], [1, 11, 1.0], [1, 12, 1.0], [2, 3, 1.0], [2, 13, 1.0], [2, 14, 1.0], [3, 4, 1.0], [3, 15, 1.0], [3, 16, 1.0], [4, 5, 1.0], [4, 17, 1.0], [4, 18, 1.0], [5, 6, 1.0], [5, 19, 1.0], [5, 20, 1.0], [6, 7, 1.0], [6, 21, 1.0], [6, 22, 1.0], [7, 23, 1.0]], "fix_com": true, "fix_orientation": true, "provenance": {"creator": "QCElemental", "version": "v0.22.0", "routine": "qcelemental.molparse.from_schema"}, "id": "82511"}, "charge": 0, "optimize_geometry": false, "conformers": [], "conformer_generation_options": {"n_conformer_pool": 4000, "n_max_conformers": 0, "rms_tolerance": 0.05, "energy_window": 15, "keep_original_conformer": true}, "stage_1_unrestrained_charges": null, "stage_1_restrained_charges": null, "stage_2_unrestrained_charges": null, "stage_2_restrained_charges": null, "keep_original_orientation": false, "reorientations": [], "translations": [], "rotations": []}}, {"index": 3, "molecule": {"qcmol": {"schema_name": "qcschema_molecule", "schema_version": 2, "validated": true, "symbols": ["C", "C", "C", "C", "C", "C", "C", "O", "H", "H", "H", "H", "H", "H", "H", "H", "H", "H", "H", "H", "H", "H", "H", "H"], "geometry": [[0.0, -0.0, 0.0], [2.8933157198996566, 5.892651821369128e-17, 4.832602078569099e-16], [4.117975571001928, 2.644535256076324, 1.1102230246251565e-15], [4.902612417380168, 3.694295693880858, 2.588266422396891], [2.733883537903817, 4.124179792654367, 4.457104361861765], [3.5190069786239544, 5.288048365237919, 6.998253452319186], [4.030123556094798, 8.117256885601826, 6.988668170903402], [6.260098187869479, 8.64123548456241, 5.6444140374244745], [-0.7780569660933593, 0.9537700704108881, 1.6377740755805699], [-0.7316166801919964, -1.9178403783080653, -0.010152039783964062], [-0.7245942349843767, 0.9492669398235792, -1.6702224970943207], [3.5190957866818455, -1.0218044823283468, -1.6680575154073645], [3.5839223545733754, -1.078976562899983, 1.6082758772058066], [2.857715839342032, 3.9811513679357615, -0.9276449937939388], [5.812272349343925, 2.580994116231728, -1.15961982812078], [5.898389072764965, 5.457707394261563, 2.2990145242394022], [6.259832177162227, 2.4036545424981925, 3.442103872778803], [1.8249368590159283, 2.3271760943845745, 4.855250597880386], [1.2946085330953565, 5.3127934078833565, 3.588912169929542], [2.007698374986658, 4.968144875670091, 8.35537267251416], [5.1793137309683335, 4.32777327956331, 7.733513235207648], [2.4327102043712503, 9.108473646584304, 6.149829435071386], [4.2098332666633365, 8.771167075049064, 8.930942452622554], [6.553942328381828, 10.40586916602889, 5.639090701901609]], "name": "C7H16O", "identifiers": {"molecule_hash": "ddf5c5bbefabeeb01388593a216857f57e2d635e", "molecular_formula": "C7H16O"}, "molecular_charge": 0.0, "molecular_multiplicity": 1, "connectivity": [[0, 1, 1.0], [0, 8, 1.0], [0, 9, 1.0], [0, 10, 1.0], [1, 2, 1.0], [1, 11, 1.0], [1, 12, 1.0], [2, 3, 1.0], [2, 13, 1.0], [2, 14, 1.0], [3, 4, 1.0], [3, 15, 1.0], [3, 16, 1.0], [4, 5, 1.0], [4, 17, 1.0], [4, 18, 1.0], [5, 6, 1.0], [5, 19, 1.0], [5, 20, 1.0], [6, 7, 1.0], [6, 21, 1.0], [6, 22, 1.0], [7, 23, 1.0]], "fix_com": true, "fix_orientation": true, "provenance": {"creator": "QCElemental", "version": "v0.22.0", "routine": "qcelemental.molparse.from_schema"}, "id": "82511"}, "charge": 0, "optimize_geometry": false, "conformers": [], "conformer_generation_options": {"n_conformer_pool": 4000, "n_max_conformers": 0, "rms_tolerance": 0.05, "energy_window": 15, "keep_original_conformer": true}, "stage_1_unrestrained_charges": null, "stage_1_restrained_charges": null, "stage_2_unrestrained_charges": null, "stage_2_restrained_charges": null, "keep_original_orientation": false, "reorientations": [], "translations": [], "rotations": []}}, {"index": 4, "molecule": {"qcmol": {"schema_name": "qcschema_molecule", "schema_version": 2, "validated": true, "symbols": ["C", "C", "C", "C", "C", "C", "C", "O", "H", "H", "H", "H", "H", "H", "H", "H", "H", "H", "H", "H", "H", "H", "H", "H"], "geometry": [[0.0, -0.0, 0.0], [2.8933157198996566, 5.892651821369128e-17, 4.832602078569099e-16], [4.117975571001928, 2.644535256076324, 1.1102230246251565e-15], [4.902612417380168, 3.694295693880858, 2.588266422396891], [2.733883537903817, 4.124179792654367, 4.457104361861765], [3.5190069786239544, 5.288048365237919, 6.998253452319186], [4.030123556094798, 8.117256885601826, 6.988668170903402], [6.260098187869479, 8.64123548456241, 5.6444140374244745], [-0.7780569660933593, 0.9537700704108881, 1.6377740755805699], [-0.7316166801919964, -1.9178403783080653, -0.010152039783964062], [-0.7245942349843767, 0.9492669398235792, -1.6702224970943207], [3.5190957866818455, -1.0218044823283468, -1.6680575154073645], [3.5839223545733754, -1.078976562899983, 1.6082758772058066], [2.857715839342032, 3.9811513679357615, -0.9276449937939388], [5.812272349343925, 2.580994116231728, -1.15961982812078], [5.898389072764965, 5.457707394261563, 2.2990145242394022], [6.259832177162227, 2.4036545424981925, 3.442103872778803], [1.8249368590159283, 2.3271760943845745, 4.855250597880386], [1.2946085330953565, 5.3127934078833565, 3.588912169929542], [2.007698374986658, 4.968144875670091, 8.35537267251416], [5.1793137309683335, 4.32777327956331, 7.733513235207648], [2.4327102043712503, 9.108473646584304, 6.149829435071386], [4.2098332666633365, 8.771167075049064, 8.930942452622554], [6.553942328381828, 10.40586916602889, 5.639090701901609]], "name": "C7H16O", "identifiers": {"molecule_hash": "ddf5c5bbefabeeb01388593a216857f57e2d635e", "molecular_formula": "C7H16O"}, "molecular_charge": 0.0, "molecular_multiplicity": 1, "connectivity": [[0, 1, 1.0], [0, 8, 1.0], [0, 9, 1.0], [0, 10, 1.0], [1, 2, 1.0], [1, 11, 1.0], [1, 12, 1.0], [2, 3, 1.0], [2, 13, 1.0], [2, 14, 1.0], [3, 4, 1.0], [3, 15, 1.0], [3, 16, 1.0], [4, 5, 1.0], [4, 17, 1.0], [4, 18, 1.0], [5, 6, 1.0], [5, 19, 1.0], [5, 20, 1.0], [6, 7, 1.0], [6, 21, 1.0], [6, 22, 1.0], [7, 23, 1.0]], "fix_com": true, "fix_orientation": true, "provenance": {"creator": "QCElemental", "version": "v0.22.0", "routine": "qcelemental.molparse.from_schema"}, "id": "82511"}, "charge": 0, "optimize_geometry": false, "conformers": [], "conformer_generation_options": {"n_conformer_pool": 4000, "n_max_conformers": 0, "rms_tolerance": 0.05, "energy_window": 15, "keep_original_conformer": true}, "stage_1_unrestrained_charges": null, "stage_1_restrained_charges": null, "stage_2_unrestrained_charges": null, "stage_2_restrained_charges": null, "keep_original_orientation": false, "reorientations": [], "translations": [], "rotations": []}}, {"index": 5, "molecule": {"qcmol": {"schema_name": "qcschema_molecule", "schema_version": 2, "validated": true, "symbols": ["C", "C", "C", "C", "C", "C", "C", "O", "H", "H", "H", "H", "H", "H", "H", "H", "H", "H", "H", "H", "H", "H", "H", "H"], "geometry": [[0.0, -0.0, 0.0], [2.8933157198996566, 5.892651821369128e-17, 4.832602078569099e-16], [4.117975571001928, 2.644535256076324, 1.1102230246251565e-15], [4.902612417380168, 3.694295693880858, 2.588266422396891], [2.733883537903817, 4.124179792654367, 4.457104361861765], [3.5190069786239544, 5.288048365237919, 6.998253452319186], [4.030123556094798, 8.117256885601826, 6.988668170903402], [6.260098187869479, 8.64123548456241, 5.6444140374244745], [-0.7780569660933593, 0.9537700704108881, 1.6377740755805699], [-0.7316166801919964, -1.9178403783080653, -0.010152039783964062], [-0.7245942349843767, 0.9492669398235792, -1.6702224970943207], [3.5190957866818455, -1.0218044823283468, -1.6680575154073645], [3.5839223545733754, -1.078976562899983, 1.6082758772058066], [2.857715839342032, 3.9811513679357615, -0.9276449937939388], [5.812272349343925, 2.580994116231728, -1.15961982812078], [5.898389072764965, 5.457707394261563, 2.2990145242394022], [6.259832177162227, 2.4036545424981925, 3.442103872778803], [1.8249368590159283, 2.3271760943845745, 4.855250597880386], [1.2946085330953565, 5.3127934078833565, 3.588912169929542], [2.007698374986658, 4.968144875670091, 8.35537267251416], [5.1793137309683335, 4.32777327956331, 7.733513235207648], [2.4327102043712503, 9.108473646584304, 6.149829435071386], [4.2098332666633365, 8.771167075049064, 8.930942452622554], [6.553942328381828, 10.40586916602889, 5.639090701901609]], "name": "C7H16O", "identifiers": {"molecule_hash": "ddf5c5bbefabeeb01388593a216857f57e2d635e", "molecular_formula": "C7H16O"}, "molecular_charge": 0.0, "molecular_multiplicity": 1, "connectivity": [[0, 1, 1.0], [0, 8, 1.0], [0, 9, 1.0], [0, 10, 1.0], [1, 2, 1.0], [1, 11, 1.0], [1, 12, 1.0], [2, 3, 1.0], [2, 13, 1.0], [2, 14, 1.0], [3, 4, 1.0], [3, 15, 1.0], [3, 16, 1.0], [4, 5, 1.0], [4, 17, 1.0], [4, 18, 1.0], [5, 6, 1.0], [5, 19, 1.0], [5, 20, 1.0], [6, 7, 1.0], [6, 21, 1.0], [6, 22, 1.0], [7, 23, 1.0]], "fix_com": true, "fix_orientation": true, "provenance": {"creator": "QCElemental", "version": "v0.22.0", "routine": "qcelemental.molparse.from_schema"}, "id": "82511"}, "charge": 0, "optimize_geometry": false, "conformers": [], "conformer_generation_options": {"n_conformer_pool": 4000, "n_max_conformers": 0, "rms_tolerance": 0.05, "energy_window": 15, "keep_original_conformer": true}, "stage_1_unrestrained_charges": null, "stage_1_restrained_charges": null, "stage_2_unrestrained_charges": null, "stage_2_restrained_charges": null, "keep_original_orientation": false, "reorientations": [], "translations": [], "rotations": []}}, {"index": 6, "molecule": {"qcmol": {"schema_name": "qcschema_molecule", "schema_version": 2, "validated": true, "symbols": ["C", "C", "C", "C", "C", "C", "C", "O", "H", "H", "H", "H", "H", "H", "H", "H", "H", "H", "H", "H", "H", "H", "H", "H"], "geometry": [[0.0, -0.0, 0.0], [2.8933157198996566, 5.892651821369128e-17, 4.832602078569099e-16], [4.117975571001928, 2.644535256076324, 1.1102230246251565e-15], [4.902612417380168, 3.694295693880858, 2.588266422396891], [2.733883537903817, 4.124179792654367, 4.457104361861765], [3.5190069786239544, 5.288048365237919, 6.998253452319186], [4.030123556094798, 8.117256885601826, 6.988668170903402], [6.260098187869479, 8.64123548456241, 5.6444140374244745], [-0.7780569660933593, 0.9537700704108881, 1.6377740755805699], [-0.7316166801919964, -1.9178403783080653, -0.010152039783964062], [-0.7245942349843767, 0.9492669398235792, -1.6702224970943207], [3.5190957866818455, -1.0218044823283468, -1.6680575154073645], [3.5839223545733754, -1.078976562899983, 1.6082758772058066], [2.857715839342032, 3.9811513679357615, -0.9276449937939388], [5.812272349343925, 2.580994116231728, -1.15961982812078], [5.898389072764965, 5.457707394261563, 2.2990145242394022], [6.259832177162227, 2.4036545424981925, 3.442103872778803], [1.8249368590159283, 2.3271760943845745, 4.855250597880386], [1.2946085330953565, 5.3127934078833565, 3.588912169929542], [2.007698374986658, 4.968144875670091, 8.35537267251416], [5.1793137309683335, 4.32777327956331, 7.733513235207648], [2.4327102043712503, 9.108473646584304, 6.149829435071386], [4.2098332666633365, 8.771167075049064, 8.930942452622554], [6.553942328381828, 10.40586916602889, 5.639090701901609]], "name": "C7H16O", "identifiers": {"molecule_hash": "ddf5c5bbefabeeb01388593a216857f57e2d635e", "molecular_formula": "C7H16O"}, "molecular_charge": 0.0, "molecular_multiplicity": 1, "connectivity": [[0, 1, 1.0], [0, 8, 1.0], [0, 9, 1.0], [0, 10, 1.0], [1, 2, 1.0], [1, 11, 1.0], [1, 12, 1.0], [2, 3, 1.0], [2, 13, 1.0], [2, 14, 1.0], [3, 4, 1.0], [3, 15, 1.0], [3, 16, 1.0], [4, 5, 1.0], [4, 17, 1.0], [4, 18, 1.0], [5, 6, 1.0], [5, 19, 1.0], [5, 20, 1.0], [6, 7, 1.0], [6, 21, 1.0], [6, 22, 1.0], [7, 23, 1.0]], "fix_com": true, "fix_orientation": true, "provenance": {"creator": "QCElemental", "version": "v0.22.0", "routine": "qcelemental.molparse.from_schema"}, "id": "82511"}, "charge": 0, "optimize_geometry": false, "conformers": [], "conformer_generation_options": {"n_conformer_pool": 4000, "n_max_conformers": 0, "rms_tolerance": 0.05, "energy_window": 15, "keep_original_conformer": true}, "stage_1_unrestrained_charges": null, "stage_1_restrained_charges": null, "stage_2_unrestrained_charges": null, "stage_2_restrained_charges": null, "keep_original_orientation": false, "reorientations": [], "translations": [], "rotations": []}}]}, "surface_constraints": {"matrix": [[266048859792313.62, 257198753446644.44, 247383204719014.53, 238522845329666.03, 224448905495932.06, 216194848928330.2, 208399125444595.44, 203989274764826.88, 266918749441686.4, 267545095309987.8, 267301917578380.03, 255889593899883.25, 255522838745088.97, 247991604643721.2, 243635539771343.4, 237989454858611.9, 241504799351505.9, 224367071630422.97, 218287638873048.38, 215113366284100.84, 214802956035344.06, 208063618229612.88, 205241655391839.34, 200770050654346.53], [257198753446644.44, 263051103883811.56, 256332046149829.9, 246535377371097.12, 233429460261688.75, 223321809461637.8, 214517712093588.44, 209234877682616.3, 254430431863603.4, 254985693013889.97, 254736916759011.94, 266020904126020.5, 265703705660001.16, 256067234397633.75, 256296748427967.28, 246418751769184.7, 247503521615148.1, 234309714988430.1, 228338667104030.47, 221287892359919.88, 222287391118882.88, 213388070023293.47, 211888069240551.8, 205563167742141.34], [247383204719014.53, 256332046149829.9, 263025270060674.62, 256140750901783.03, 246259907199610.3, 235783051949479.47, 226432307636419.34, 221818173582337.94, 244659963135187.84, 243619219177656.06, 244849867269690.22, 255276641219174.97, 255359284817005.5, 266763719686159.38, 266864747061424.28, 256667867115682.2, 255589118495761.66, 247661647498489.25, 242893518944689.94, 233120279545330.9, 235374209316910.88, 224856834231127.7, 223013272761210.28, 218501296872643.8], [238522845329666.03, 246535377371097.12, 256140750901783.03, 262702830824305.62, 255589627314710.7, 245332841747097.16, 237035060919957.6, 232421650956181.5, 235173384942953.7, 237108919328372.3, 235233979032597.34, 247425780350889.38, 241127773073548.53, 255797733502679.5, 256039954242535.75, 267334491376287.3, 266101017336669.9, 255176488490560.72, 255667679695686.72, 243526887320268.0, 243126986185833.16, 236413612568209.66, 233198122886127.25, 228177675516928.25], [224448905495932.06, 233429460261688.75, 246259907199610.3, 255589627314710.7, 261527286316565.66, 254382064945098.66, 244774261636433.56, 239128999500966.97, 220056909147863.7, 223136171522024.03, 221631208881670.16, 233340342869499.34, 227984964481339.44, 247322114282111.28, 245791289575839.22, 256378905178411.66, 255044421417953.97, 265168666331664.0, 265242055472590.06, 254059856557159.88, 253804772201669.56, 243351526288523.88, 241337215447084.9, 235760323229334.72], [216194848928330.2, 223321809461637.8, 235783051949479.47, 245332841747097.16, 254382064945098.66, 260736891259255.0, 254260384316641.28, 247400074876042.06, 211940747383276.66, 215473986969175.7, 214059453524051.94, 221721079959910.6, 218380633294768.53, 237315354948194.7, 234663482615942.25, 242582482332628.0, 246557753189093.03, 254503692484575.88, 253899342553915.78, 264381171074486.25, 264159848698062.75, 253074124246761.0, 253248732592759.4, 245455477365340.03], [208399125444595.44, 214517712093588.44, 226432307636419.34, 237035060919957.6, 244774261636433.56, 254260384316641.28, 261761240111724.94, 258331018721375.03, 204818194344025.78, 207861745018711.4, 206230125155408.22, 213601919552430.9, 208634563163796.9, 226498854633901.1, 225705717690600.75, 233595684250656.72, 240887106149092.47, 240080535012498.88, 245918130530730.9, 253937046318353.56, 253687607522291.44, 264468216354327.22, 264446091205141.56, 255711069112687.1], [203989274764826.88, 209234877682616.3, 221818173582337.94, 232421650956181.5, 239128999500966.97, 247400074876042.06, 258331018721375.03, 269186346480455.28, 200858765553259.34, 203410925141101.47, 202200932341016.66, 207517427515142.0, 203005864519047.6, 222164190938569.7, 221495856514617.53, 230078759743506.6, 236130732505190.38, 234301801481287.6, 240484065620637.53, 244133396036626.7, 246346449261090.06, 256923498548422.78, 256713038933682.1, 269007736061047.78], [266918749441686.4, 254430431863603.4, 244659963135187.84, 235173384942953.7, 220056909147863.7, 211940747383276.66, 204818194344025.78, 200858765553259.34, 278868036587785.97, 264422893512810.16, 264185479018852.9, 251400122755341.06, 251761018902660.3, 245187927321059.78, 241563685848907.56, 234405077150534.5, 238946000209451.53, 219542798267909.28, 213615285769115.94, 210876053412469.72, 209995016421039.28, 204406228205230.53, 201978737380880.12, 198298694256218.8], [267545095309987.8, 254985693013889.97, 243619219177656.06, 237108919328372.3, 223136171522024.03, 215473986969175.7, 207861745018711.4, 203410925141101.47, 264422893512810.16, 280124119280351.9, 264872565270718.12, 253946837090396.56, 251601800085157.2, 243421123861545.0, 237672980622327.2, 236381363893294.88, 241915986408750.6, 223267759148733.38, 216305354533534.97, 215717537191782.6, 213072049626254.94, 207805106048852.84, 204680742701353.12, 200381904443962.84], [267301917578380.03, 254736916759011.94, 244849867269690.22, 235233979032597.34, 221631208881670.16, 214059453524051.94, 206230125155408.22, 202200932341016.66, 264185479018852.9, 264872565270718.12, 279642089220675.3, 251479029797065.28, 252286572649904.5, 246930891339943.7, 240248059152756.25, 234786806819238.94, 237185338321181.0, 220995654626602.0, 215819196096468.88, 212362445892862.44, 213933542974274.28, 206273115598527.03, 202362735645072.62, 198522176904336.5], [255889593899883.25, 266020904126020.5, 255276641219174.97, 247425780350889.38, 233340342869499.34, 221721079959910.6, 213601919552430.9, 207517427515142.0, 251400122755341.06, 253946837090396.56, 251479029797065.28, 279763472146827.38, 264695910684470.12, 249976559010938.84, 255343460089051.03, 248909445756941.5, 248911457287479.1, 234346206533274.0, 228882207114617.38, 219410001785506.12, 219303989647151.1, 212894947104063.1, 211717432738134.16, 203089296982585.78], [255522838745088.97, 265703705660001.16, 255359284817005.5, 241127773073548.53, 227984964481339.44, 218380633294768.53, 208634563163796.9, 203005864519047.6, 251761018902660.3, 251601800085157.2, 252286572649904.5, 264695910684470.12, 278733461118134.03, 256143191429785.22, 255275652602500.0, 239250906588916.38, 240958487644797.4, 229280053379808.4, 222049762985010.25, 216360188651957.2, 218602734355912.8, 206835845812806.34, 206307171458745.1, 199457385031875.0], [247991604643721.2, 256067234397633.75, 266763719686159.38, 255797733502679.5, 247322114282111.28, 237315354948194.7, 226498854633901.1, 222164190938569.7, 245187927321059.78, 243421123861545.0, 246930891339943.7, 249976559010938.84, 256143191429785.22, 280925474267972.12, 266881981808936.38, 254378502469423.28, 252718576200568.75, 249625635790840.3, 243551889841509.06, 234807561950372.25, 238397720592508.25, 223530631307147.88, 223141371832601.56, 219920083339552.84], [243635539771343.4, 256296748427967.28, 266864747061424.28, 256039954242535.75, 245791289575839.22, 234663482615942.25, 225705717690600.75, 221495856514617.53, 241563685848907.56, 237672980622327.2, 240248059152756.25, 255343460089051.03, 255275652602500.0, 266881981808936.38, 280760973077414.78, 255674931608276.03, 253562485531598.66, 247925883385254.16, 241949301655134.7, 230716549676959.38, 234740557094627.56, 224485677012462.16, 221810346226936.6, 218324941967946.5], [237989454858611.9, 246418751769184.7, 256667867115682.2, 267334491376287.3, 256378905178411.66, 242582482332628.0, 233595684250656.72, 230078759743506.6, 234405077150534.5, 236381363893294.88, 234786806819238.94, 248909445756941.5, 239250906588916.38, 254378502469423.28, 255674931608276.03, 281897320854846.25, 267200464922860.47, 255188096384871.97, 257113308515058.53, 240721814224518.3, 238554230547607.12, 232233339460974.4, 229077576516648.44, 225269028116808.53], [241504799351505.9, 247503521615148.1, 255589118495761.66, 266101017336669.9, 255044421417953.97, 246557753189093.03, 240887106149092.47, 236130732505190.38, 238946000209451.53, 241915986408750.6, 237185338321181.0, 248911457287479.1, 240958487644797.4, 252718576200568.75, 253562485531598.66, 267200464922860.47, 279550585539839.0, 250621845780583.78, 254423146409824.44, 244482414346360.03, 243589108914345.72, 242368000280406.06, 237094450188584.16, 231129726855755.66], [224367071630422.97, 234309714988430.1, 247661647498489.25, 255176488490560.72, 265168666331664.0, 254503692484575.88, 240080535012498.88, 234301801481287.6, 219542798267909.28, 223267759148733.38, 220995654626602.0, 234346206533274.0, 229280053379808.4, 249625635790840.3, 247925883385254.16, 255188096384871.97, 250621845780583.78, 278871241577630.16, 265049625171300.4, 255257030893225.28, 254024981570717.56, 236330966170560.84, 235935824912579.06, 231298247049061.25], [218287638873048.38, 228338667104030.47, 242893518944689.94, 255667679695686.72, 265242055472590.06, 253899342553915.78, 245918130530730.9, 240484065620637.53, 213615285769115.94, 216305354533534.97, 215819196096468.88, 228882207114617.38, 222049762985010.25, 243551889841509.06, 241949301655134.7, 257113308515058.53, 254423146409824.44, 265049625171300.4, 279188058604388.84, 250618110115723.7, 251468295564859.34, 245943425309892.3, 241896224467569.44, 236555371677948.94], [215113366284100.84, 221287892359919.88, 233120279545330.9, 243526887320268.0, 254059856557159.88, 264381171074486.25, 253937046318353.56, 244133396036626.7, 210876053412469.72, 215717537191782.6, 212362445892862.44, 219410001785506.12, 216360188651957.2, 234807561950372.25, 230716549676959.38, 240721814224518.3, 244482414346360.03, 255257030893225.28, 250618110115723.7, 278156051863502.22, 264094530509370.44, 250942721250273.44, 253896921800291.3, 243649131478996.97], [214802956035344.06, 222287391118882.88, 235374209316910.88, 243126986185833.16, 253804772201669.56, 264159848698062.75, 253687607522291.44, 246346449261090.06, 209995016421039.28, 213072049626254.94, 213933542974274.28, 219303989647151.1, 218602734355912.8, 238397720592508.25, 234740557094627.56, 238554230547607.12, 243589108914345.72, 254024981570717.56, 251468295564859.34, 264094530509370.44, 277815119771787.72, 251463544616617.3, 250917652997443.62, 244610222107502.97], [208063618229612.88, 213388070023293.47, 224856834231127.7, 236413612568209.66, 243351526288523.88, 253074124246761.0, 264468216354327.22, 256923498548422.78, 204406228205230.53, 207805106048852.84, 206273115598527.03, 212894947104063.1, 206835845812806.34, 223530631307147.88, 224485677012462.16, 232233339460974.4, 242368000280406.06, 236330966170560.84, 245943425309892.3, 250942721250273.44, 251463544616617.3, 277732946776154.72, 263160072797669.03, 252861721450468.1], [205241655391839.34, 211888069240551.8, 223013272761210.28, 233198122886127.25, 241337215447084.9, 253248732592759.4, 264446091205141.56, 256713038933682.1, 201978737380880.12, 204680742701353.12, 202362735645072.62, 211717432738134.16, 206307171458745.1, 223141371832601.56, 221810346226936.6, 229077576516648.44, 237094450188584.16, 235935824912579.06, 241896224467569.44, 253896921800291.3, 250917652997443.62, 263160072797669.03, 277636822588958.94, 252632992074702.94], [200770050654346.53, 205563167742141.34, 218501296872643.8, 228177675516928.25, 235760323229334.72, 245455477365340.03, 255711069112687.1, 269007736061047.78, 198298694256218.8, 200381904443962.84, 198522176904336.5, 203089296982585.78, 199457385031875.0, 219920083339552.84, 218324941967946.5, 225269028116808.53, 231129726855755.66, 231298247049061.25, 236555371677948.94, 243649131478996.97, 244610222107502.97, 252861721450468.1, 252632992074702.94, 278013571386387.03], [354837660890.63007, 572287021039.1001, 646405025767.7365, 383250705187.7451, 820555327482.8676, 1407883288980.0085, 326550238204.5148, -2149589094349.068, 449405940225.4805, 378894212575.90796, 101189584046.6022, 531856748352.01416, 658574310292.6187, 971383781084.1299, 620610433124.3745, 33170980421.040653, 170661928750.71207, 976911759441.2913, 616462363191.1788, 2455924203769.676, 1611404325702.761, 766868729959.372, 764310344059.4746, 652672066570.634]]}}