{"resp_b": 0.1, "restrained_fit": true, "exclude_hydrogens": true, "convergence_tolerance": 1e-06, "max_iter": 500, "resp_a": 0.0005, "charge_constraints": {"charge_sum_constraints": [], "charge_equivalence_constraints": [], "molecules": [{"qcmol": {"schema_name": "qcschema_molecule", "schema_version": 2, "validated": true, "symbols": ["C", "C", "C", "C", "C", "C", "C", "O", "H", "H", "H", "H", "H", "H", "H", "H", "H", "H", "H", "H", "H", "H", "H", "H"], "geometry": [[0.0, -0.0, 0.0], [2.8933157198996566, 5.892651821369128e-17, 4.832602078569099e-16], [4.117975571001928, 2.644535256076324, 1.1102230246251565e-15], [4.902612417380168, 3.694295693880858, 2.588266422396891], [2.733883537903817, 4.124179792654367, 4.457104361861765], [3.5190069786239544, 5.288048365237919, 6.998253452319186], [4.030123556094798, 8.117256885601826, 6.988668170903402], [6.260098187869479, 8.64123548456241, 5.6444140374244745], [-0.7780569660933593, 0.9537700704108881, 1.6377740755805699], [-0.7316166801919964, -1.9178403783080653, -0.010152039783964062], [-0.7245942349843767, 0.9492669398235792, -1.6702224970943207], [3.5190957866818455, -1.0218044823283468, -1.6680575154073645], [3.5839223545733754, -1.078976562899983, 1.6082758772058066], [2.857715839342032, 3.9811513679357615, -0.9276449937939388], [5.812272349343925, 2.580994116231728, -1.15961982812078], [5.898389072764965, 5.457707394261563, 2.2990145242394022], [6.259832177162227, 2.4036545424981925, 3.442103872778803], [1.8249368590159283, 2.3271760943845745, 4.855250597880386], [1.2946085330953565, 5.3127934078833565, 3.588912169929542], [2.007698374986658, 4.968144875670091, 8.35537267251416], [5.1793137309683335, 4.32777327956331, 7.733513235207648], [2.4327102043712503, 9.108473646584304, 6.149829435071386], [4.2098332666633365, 8.771167075049064, 8.930942452622554], [6.553942328381828, 10.40586916602889, 5.639090701901609]], "name": "C7H16O", "identifiers": {"molecule_hash": "ddf5c5bbefabeeb01388593a216857f57e2d635e", "molecular_formula": "C7H16O"}, "molecular_charge": 0.0, "molecular_multiplicity": 1, "connectivity": [[0, 1, 1.0], [0, 8, 1.0], [0, 9, 1.0], [0, 10, 1.0], [1, 2, 1.0], [1, 11, 1.0], [1, 12, 1.0], [2, 3, 1.0], [2, 13, 1.0], [2, 14, 1.0], [3, 4, 1.0], [3, 15, 1.0], [3, 16, 1.0], [4, 5, 1.0], [4, 17, 1.0], [4, 18, 1.0], [5, 6, 1.0], [5, 19, 1.0], [5, 20, 1.0], [6, 7, 1.0], [6, 21, 1.0], [6, 22, 1.0], [7, 23, 1.0]], "fix_com": true, "fix_orientation": true, "provenance": {"creator": "QCElemental", "version": "v0.22.0", "routine": "qcelemental.molparse.from_schema"}, "id": "82511"}, "charge": 0, "optimize_geometry": false, "conformers": [], "conformer_generation_options": {"n_conformer_pool": 4000, "n_max_conformers": 0, "rms_tolerance": 0.05, "energy_window": 15, "keep_original_conformer": true}, "stage_1_unrestrained_charges": null, "stage_1_restrained_charges": null, "stage_2_unrestrained_charges": null, "stage_2_restrained_charges": null, "keep_original_orientation": false, "reorientations": [], "translations": [], "rotations": []}], "unconstrained_atoms": [{"index": 0, "molecule": {"qcmol": {"schema_name": "qcschema_molecule", "schema_version": 2, "validated": true, "symbols": ["C", "C", "C", "C", "C", "C", "C", "O", "H", "H", "H", "H", "H", "H", "H", "H", "H", "H", "H", "H", "H", "H", "H", "H"], "geometry": [[0.0, -0.0, 0.0], [2.8933157198996566, 5.892651821369128e-17, 4.832602078569099e-16], [4.117975571001928, 2.644535256076324, 1.1102230246251565e-15], [4.902612417380168, 3.694295693880858, 2.588266422396891], [2.733883537903817, 4.124179792654367, 4.457104361861765], [3.5190069786239544, 5.288048365237919, 6.998253452319186], [4.030123556094798, 8.117256885601826, 6.988668170903402], [6.260098187869479, 8.64123548456241, 5.6444140374244745], [-0.7780569660933593, 0.9537700704108881, 1.6377740755805699], [-0.7316166801919964, -1.9178403783080653, -0.010152039783964062], [-0.7245942349843767, 0.9492669398235792, -1.6702224970943207], [3.5190957866818455, -1.0218044823283468, -1.6680575154073645], [3.5839223545733754, -1.078976562899983, 1.6082758772058066], [2.857715839342032, 3.9811513679357615, -0.9276449937939388], [5.812272349343925, 2.580994116231728, -1.15961982812078], [5.898389072764965, 5.457707394261563, 2.2990145242394022], [6.259832177162227, 2.4036545424981925, 3.442103872778803], [1.8249368590159283, 2.3271760943845745, 4.855250597880386], [1.2946085330953565, 5.3127934078833565, 3.588912169929542], [2.007698374986658, 4.968144875670091, 8.35537267251416], [5.1793137309683335, 4.32777327956331, 7.733513235207648], [2.4327102043712503, 9.108473646584304, 6.149829435071386], [4.2098332666633365, 8.771167075049064, 8.930942452622554], [6.553942328381828, 10.40586916602889, 5.639090701901609]], "name": "C7H16O", "identifiers": {"molecule_hash": "ddf5c5bbefabeeb01388593a216857f57e2d635e", "molecular_formula": "C7H16O"}, "molecular_charge": 0.0, "molecular_multiplicity": 1, "connectivity": [[0, 1, 1.0], [0, 8, 1.0], [0, 9, 1.0], [0, 10, 1.0], [1, 2, 1.0], [1, 11, 1.0], [1, 12, 1.0], [2, 3, 1.0], [2, 13, 1.0], [2, 14, 1.0], [3, 4, 1.0], [3, 15, 1.0], [3, 16, 1.0], [4, 5, 1.0], [4, 17, 1.0], [4, 18, 1.0], [5, 6, 1.0], [5, 19, 1.0], [5, 20, 1.0], [6, 7, 1.0], [6, 21, 1.0], [6, 22, 1.0], [7, 23, 1.0]], "fix_com": true, "fix_orientation": true, "provenance": {"creator": "QCElemental", "version": "v0.22.0", "routine": "qcelemental.molparse.from_schema"}, "id": "82511"}, "charge": 0, "optimize_geometry": false, "conformers": [], "conformer_generation_options": {"n_conformer_pool": 4000, "n_max_conformers": 0, "rms_tolerance": 0.05, "energy_window": 15, "keep_original_conformer": true}, "stage_1_unrestrained_charges": null, "stage_1_restrained_charges": null, "stage_2_unrestrained_charges": null, "stage_2_restrained_charges": null, "keep_original_orientation": false, "reorientations": [], "translations": [], "rotations": []}}, {"index": 1, "molecule": {"qcmol": {"schema_name": "qcschema_molecule", "schema_version": 2, "validated": true, "symbols": ["C", "C", "C", "C", "C", "C", "C", "O", "H", "H", "H", "H", "H", "H", "H", "H", "H", "H", "H", "H", "H", "H", "H", "H"], "geometry": [[0.0, -0.0, 0.0], [2.8933157198996566, 5.892651821369128e-17, 4.832602078569099e-16], [4.117975571001928, 2.644535256076324, 1.1102230246251565e-15], [4.902612417380168, 3.694295693880858, 2.588266422396891], [2.733883537903817, 4.124179792654367, 4.457104361861765], [3.5190069786239544, 5.288048365237919, 6.998253452319186], [4.030123556094798, 8.117256885601826, 6.988668170903402], [6.260098187869479, 8.64123548456241, 5.6444140374244745], [-0.7780569660933593, 0.9537700704108881, 1.6377740755805699], [-0.7316166801919964, -1.9178403783080653, -0.010152039783964062], [-0.7245942349843767, 0.9492669398235792, -1.6702224970943207], [3.5190957866818455, -1.0218044823283468, -1.6680575154073645], [3.5839223545733754, -1.078976562899983, 1.6082758772058066], [2.857715839342032, 3.9811513679357615, -0.9276449937939388], [5.812272349343925, 2.580994116231728, -1.15961982812078], [5.898389072764965, 5.457707394261563, 2.2990145242394022], [6.259832177162227, 2.4036545424981925, 3.442103872778803], [1.8249368590159283, 2.3271760943845745, 4.855250597880386], [1.2946085330953565, 5.3127934078833565, 3.588912169929542], [2.007698374986658, 4.968144875670091, 8.35537267251416], [5.1793137309683335, 4.32777327956331, 7.733513235207648], [2.4327102043712503, 9.108473646584304, 6.149829435071386], [4.2098332666633365, 8.771167075049064, 8.930942452622554], [6.553942328381828, 10.40586916602889, 5.639090701901609]], "name": "C7H16O", "identifiers": {"molecule_hash": "ddf5c5bbefabeeb01388593a216857f57e2d635e", "molecular_formula": "C7H16O"}, "molecular_charge": 0.0, "molecular_multiplicity": 1, "connectivity": [[0, 1, 1.0], [0, 8, 1.0], [0, 9, 1.0], [0, 10, 1.0], [1, 2, 1.0], [1, 11, 1.0], [1, 12, 1.0], [2, 3, 1.0], [2, 13, 1.0], [2, 14, 1.0], [3, 4, 1.0], [3, 15, 1.0], [3, 16, 1.0], [4, 5, 1.0], [4, 17, 1.0], [4, 18, 1.0], [5, 6, 1.0], [5, 19, 1.0], [5, 20, 1.0], [6, 7, 1.0], [6, 21, 1.0], [6, 22, 1.0], [7, 23, 1.0]], "fix_com": true, "fix_orientation": true, "provenance": {"creator": "QCElemental", "version": "v0.22.0", "routine": "qcelemental.molparse.from_schema"}, "id": "82511"}, "charge": 0, "optimize_geometry": false, "conformers": [], "conformer_generation_options": {"n_conformer_pool": 4000, "n_max_conformers": 0, "rms_tolerance": 0.05, "energy_window": 15, "keep_original_conformer": true}, "stage_1_unrestrained_charges": null, "stage_1_restrained_charges": null, "stage_2_unrestrained_charges": null, "stage_2_restrained_charges": null, "keep_original_orientation": false, "reorientations": [], "translations": [], "rotations": []}}, {"index": 2, "molecule": {"qcmol": {"schema_name": "qcschema_molecule", "schema_version": 2, "validated": true, "symbols": ["C", "C", "C", "C", "C", "C", "C", "O", "H", "H", "H", "H", "H", "H", "H", "H", "H", "H", "H", "H", "H", "H", "H", "H"], "geometry": [[0.0, -0.0, 0.0], [2.8933157198996566, 5.892651821369128e-17, 4.832602078569099e-16], [4.117975571001928, 2.644535256076324, 1.1102230246251565e-15], [4.902612417380168, 3.694295693880858, 2.588266422396891], [2.733883537903817, 4.124179792654367, 4.457104361861765], [3.5190069786239544, 5.288048365237919, 6.998253452319186], [4.030123556094798, 8.117256885601826, 6.988668170903402], [6.260098187869479, 8.64123548456241, 5.6444140374244745], [-0.7780569660933593, 0.9537700704108881, 1.6377740755805699], [-0.7316166801919964, -1.9178403783080653, -0.010152039783964062], [-0.7245942349843767, 0.9492669398235792, -1.6702224970943207], [3.5190957866818455, -1.0218044823283468, -1.6680575154073645], [3.5839223545733754, -1.078976562899983, 1.6082758772058066], [2.857715839342032, 3.9811513679357615, -0.9276449937939388], [5.812272349343925, 2.580994116231728, -1.15961982812078], [5.898389072764965, 5.457707394261563, 2.2990145242394022], [6.259832177162227, 2.4036545424981925, 3.442103872778803], [1.8249368590159283, 2.3271760943845745, 4.855250597880386], [1.2946085330953565, 5.3127934078833565, 3.588912169929542], [2.007698374986658, 4.968144875670091, 8.35537267251416], [5.1793137309683335, 4.32777327956331, 7.733513235207648], [2.4327102043712503, 9.108473646584304, 6.149829435071386], [4.2098332666633365, 8.771167075049064, 8.930942452622554], [6.553942328381828, 10.40586916602889, 5.639090701901609]], "name": "C7H16O", "identifiers": {"molecule_hash": "ddf5c5bbefabeeb01388593a216857f57e2d635e", "molecular_formula": "C7H16O"}, "molecular_charge": 0.0, "molecular_multiplicity": 1, "connectivity": [[0, 1, 1.0], [0, 8, 1.0], [0, 9, 1.0], [0, 10, 1.0], [1, 2, 1.0], [1, 11, 1.0], [1, 12, 1.0], [2, 3, 1.0], [2, 13, 1.0], [2, 14, 1.0], [3, 4, 1.0], [3, 15, 1.0], [3, 16, 1.0], [4, 5, 1.0], [4, 17, 1.0], [4, 18, 1.0], [5, 6, 1.0], [5, 19, 1.0], [5, 20, 1.0], [6, 7, 1.0], [6, 21, 1.0], [6, 22, 1.0], [7, 23, 1.0]], "fix_com": true, "fix_orientation": true, "provenance": {"creator": "QCElemental", "version": "v0.22.0", "routine": "qcelemental.molparse.from_schema"}, "id": "82511"}, "charge": 0, "optimize_geometry": false, "conformers": [], "conformer_generation_options": {"n_conformer_pool": 4000, "n_max_conformers": 0, "rms_tolerance": 0.05, "energy_window": 15, "keep_original_conformer": true}, "stage_1_unrestrained_charges": null, "stage_1_restrained_charges": null, "stage_2_unrestrained_charges": null, "stage_2_restrained_charges": null, "keep_original_orientation": false, "reorientations": [], "translations": [], "rotations": []}}, {"index": 3, "molecule": {"qcmol": {"schema_name": "qcschema_molecule", "schema_version": 2, "validated": true, "symbols": ["C", "C", "C", "C", "C", "C", "C", "O", "H", "H", "H", "H", "H", "H", "H", "H", "H", "H", "H", "H", "H", "H", "H", "H"], "geometry": [[0.0, -0.0, 0.0], [2.8933157198996566, 5.892651821369128e-17, 4.832602078569099e-16], [4.117975571001928, 2.644535256076324, 1.1102230246251565e-15], [4.902612417380168, 3.694295693880858, 2.588266422396891], [2.733883537903817, 4.124179792654367, 4.457104361861765], [3.5190069786239544, 5.288048365237919, 6.998253452319186], [4.030123556094798, 8.117256885601826, 6.988668170903402], [6.260098187869479, 8.64123548456241, 5.6444140374244745], [-0.7780569660933593, 0.9537700704108881, 1.6377740755805699], [-0.7316166801919964, -1.9178403783080653, -0.010152039783964062], [-0.7245942349843767, 0.9492669398235792, -1.6702224970943207], [3.5190957866818455, -1.0218044823283468, -1.6680575154073645], [3.5839223545733754, -1.078976562899983, 1.6082758772058066], [2.857715839342032, 3.9811513679357615, -0.9276449937939388], [5.812272349343925, 2.580994116231728, -1.15961982812078], [5.898389072764965, 5.457707394261563, 2.2990145242394022], [6.259832177162227, 2.4036545424981925, 3.442103872778803], [1.8249368590159283, 2.3271760943845745, 4.855250597880386], [1.2946085330953565, 5.3127934078833565, 3.588912169929542], [2.007698374986658, 4.968144875670091, 8.35537267251416], [5.1793137309683335, 4.32777327956331, 7.733513235207648], [2.4327102043712503, 9.108473646584304, 6.149829435071386], [4.2098332666633365, 8.771167075049064, 8.930942452622554], [6.553942328381828, 10.40586916602889, 5.639090701901609]], "name": "C7H16O", "identifiers": {"molecule_hash": "ddf5c5bbefabeeb01388593a216857f57e2d635e", "molecular_formula": "C7H16O"}, "molecular_charge": 0.0, "molecular_multiplicity": 1, "connectivity": [[0, 1, 1.0], [0, 8, 1.0], [0, 9, 1.0], [0, 10, 1.0], [1, 2, 1.0], [1, 11, 1.0], [1, 12, 1.0], [2, 3, 1.0], [2, 13, 1.0], [2, 14, 1.0], [3, 4, 1.0], [3, 15, 1.0], [3, 16, 1.0], [4, 5, 1.0], [4, 17, 1.0], [4, 18, 1.0], [5, 6, 1.0], [5, 19, 1.0], [5, 20, 1.0], [6, 7, 1.0], [6, 21, 1.0], [6, 22, 1.0], [7, 23, 1.0]], "fix_com": true, "fix_orientation": true, "provenance": {"creator": "QCElemental", "version": "v0.22.0", "routine": "qcelemental.molparse.from_schema"}, "id": "82511"}, "charge": 0, "optimize_geometry": false, "conformers": [], "conformer_generation_options": {"n_conformer_pool": 4000, "n_max_conformers": 0, "rms_tolerance": 0.05, "energy_window": 15, "keep_original_conformer": true}, "stage_1_unrestrained_charges": null, "stage_1_restrained_charges": null, "stage_2_unrestrained_charges": null, "stage_2_restrained_charges": null, "keep_original_orientation": false, "reorientations": [], "translations": [], "rotations": []}}, {"index": 4, "molecule": {"qcmol": {"schema_name": "qcschema_molecule", "schema_version": 2, "validated": true, "symbols": ["C", "C", "C", "C", "C", "C", "C", "O", "H", "H", "H", "H", "H", "H", "H", "H", "H", "H", "H", "H", "H", "H", "H", "H"], "geometry": [[0.0, -0.0, 0.0], [2.8933157198996566, 5.892651821369128e-17, 4.832602078569099e-16], [4.117975571001928, 2.644535256076324, 1.1102230246251565e-15], [4.902612417380168, 3.694295693880858, 2.588266422396891], [2.733883537903817, 4.124179792654367, 4.457104361861765], [3.5190069786239544, 5.288048365237919, 6.998253452319186], [4.030123556094798, 8.117256885601826, 6.988668170903402], [6.260098187869479, 8.64123548456241, 5.6444140374244745], [-0.7780569660933593, 0.9537700704108881, 1.6377740755805699], [-0.7316166801919964, -1.9178403783080653, -0.010152039783964062], [-0.7245942349843767, 0.9492669398235792, -1.6702224970943207], [3.5190957866818455, -1.0218044823283468, -1.6680575154073645], [3.5839223545733754, -1.078976562899983, 1.6082758772058066], [2.857715839342032, 3.9811513679357615, -0.9276449937939388], [5.812272349343925, 2.580994116231728, -1.15961982812078], [5.898389072764965, 5.457707394261563, 2.2990145242394022], [6.259832177162227, 2.4036545424981925, 3.442103872778803], [1.8249368590159283, 2.3271760943845745, 4.855250597880386], [1.2946085330953565, 5.3127934078833565, 3.588912169929542], [2.007698374986658, 4.968144875670091, 8.35537267251416], [5.1793137309683335, 4.32777327956331, 7.733513235207648], [2.4327102043712503, 9.108473646584304, 6.149829435071386], [4.2098332666633365, 8.771167075049064, 8.930942452622554], [6.553942328381828, 10.40586916602889, 5.639090701901609]], "name": "C7H16O", "identifiers": {"molecule_hash": "ddf5c5bbefabeeb01388593a216857f57e2d635e", "molecular_formula": "C7H16O"}, "molecular_charge": 0.0, "molecular_multiplicity": 1, "connectivity": [[0, 1, 1.0], [0, 8, 1.0], [0, 9, 1.0], [0, 10, 1.0], [1, 2, 1.0], [1, 11, 1.0], [1, 12, 1.0], [2, 3, 1.0], [2, 13, 1.0], [2, 14, 1.0], [3, 4, 1.0], [3, 15, 1.0], [3, 16, 1.0], [4, 5, 1.0], [4, 17, 1.0], [4, 18, 1.0], [5, 6, 1.0], [5, 19, 1.0], [5, 20, 1.0], [6, 7, 1.0], [6, 21, 1.0], [6, 22, 1.0], [7, 23, 1.0]], "fix_com": true, "fix_orientation": true, "provenance": {"creator": "QCElemental", "version": "v0.22.0", "routine": "qcelemental.molparse.from_schema"}, "id": "82511"}, "charge": 0, "optimize_geometry": false, "conformers": [], "conformer_generation_options": {"n_conformer_pool": 4000, "n_max_conformers": 0, "rms_tolerance": 0.05, "energy_window": 15, "keep_original_conformer": true}, "stage_1_unrestrained_charges": null, "stage_1_restrained_charges": null, "stage_2_unrestrained_charges": null, "stage_2_restrained_charges": null, "keep_original_orientation": false, "reorientations": [], "translations": [], "rotations": []}}, {"index": 5, "molecule": {"qcmol": {"schema_name": "qcschema_molecule", "schema_version": 2, "validated": true, "symbols": ["C", "C", "C", "C", "C", "C", "C", "O", "H", "H", "H", "H", "H", "H", "H", "H", "H", "H", "H", "H", "H", "H", "H", "H"], "geometry": [[0.0, -0.0, 0.0], [2.8933157198996566, 5.892651821369128e-17, 4.832602078569099e-16], [4.117975571001928, 2.644535256076324, 1.1102230246251565e-15], [4.902612417380168, 3.694295693880858, 2.588266422396891], [2.733883537903817, 4.124179792654367, 4.457104361861765], [3.5190069786239544, 5.288048365237919, 6.998253452319186], [4.030123556094798, 8.117256885601826, 6.988668170903402], [6.260098187869479, 8.64123548456241, 5.6444140374244745], [-0.7780569660933593, 0.9537700704108881, 1.6377740755805699], [-0.7316166801919964, -1.9178403783080653, -0.010152039783964062], [-0.7245942349843767, 0.9492669398235792, -1.6702224970943207], [3.5190957866818455, -1.0218044823283468, -1.6680575154073645], [3.5839223545733754, -1.078976562899983, 1.6082758772058066], [2.857715839342032, 3.9811513679357615, -0.9276449937939388], [5.812272349343925, 2.580994116231728, -1.15961982812078], [5.898389072764965, 5.457707394261563, 2.2990145242394022], [6.259832177162227, 2.4036545424981925, 3.442103872778803], [1.8249368590159283, 2.3271760943845745, 4.855250597880386], [1.2946085330953565, 5.3127934078833565, 3.588912169929542], [2.007698374986658, 4.968144875670091, 8.35537267251416], [5.1793137309683335, 4.32777327956331, 7.733513235207648], [2.4327102043712503, 9.108473646584304, 6.149829435071386], [4.2098332666633365, 8.771167075049064, 8.930942452622554], [6.553942328381828, 10.40586916602889, 5.639090701901609]], "name": "C7H16O", "identifiers": {"molecule_hash": "ddf5c5bbefabeeb01388593a216857f57e2d635e", "molecular_formula": "C7H16O"}, "molecular_charge": 0.0, "molecular_multiplicity": 1, "connectivity": [[0, 1, 1.0], [0, 8, 1.0], [0, 9, 1.0], [0, 10, 1.0], [1, 2, 1.0], [1, 11, 1.0], [1, 12, 1.0], [2, 3, 1.0], [2, 13, 1.0], [2, 14, 1.0], [3, 4, 1.0], [3, 15, 1.0], [3, 16, 1.0], [4, 5, 1.0], [4, 17, 1.0], [4, 18, 1.0], [5, 6, 1.0], [5, 19, 1.0], [5, 20, 1.0], [6, 7, 1.0], [6, 21, 1.0], [6, 22, 1.0], [7, 23, 1.0]], "fix_com": true, "fix_orientation": true, "provenance": {"creator": "QCElemental", "version": "v0.22.0", "routine": "qcelemental.molparse.from_schema"}, "id": "82511"}, "charge": 0, "optimize_geometry": false, "conformers": [], "conformer_generation_options": {"n_conformer_pool": 4000, "n_max_conformers": 0, "rms_tolerance": 0.05, "energy_window": 15, "keep_original_conformer": true}, "stage_1_unrestrained_charges": null, "stage_1_restrained_charges": null, "stage_2_unrestrained_charges": null, "stage_2_restrained_charges": null, "keep_original_orientation": false, "reorientations": [], "translations": [], "rotations": []}}, {"index": 6, "molecule": {"qcmol": {"schema_name": "qcschema_molecule", "schema_version": 2, "validated": true, "symbols": ["C", "C", "C", "C", "C", "C", "C", "O", "H", "H", "H", "H", "H", "H", "H", "H", "H", "H", "H", "H", "H", "H", "H", "H"], "geometry": [[0.0, -0.0, 0.0], [2.8933157198996566, 5.892651821369128e-17, 4.832602078569099e-16], [4.117975571001928, 2.644535256076324, 1.1102230246251565e-15], [4.902612417380168, 3.694295693880858, 2.588266422396891], [2.733883537903817, 4.124179792654367, 4.457104361861765], [3.5190069786239544, 5.288048365237919, 6.998253452319186], [4.030123556094798, 8.117256885601826, 6.988668170903402], [6.260098187869479, 8.64123548456241, 5.6444140374244745], [-0.7780569660933593, 0.9537700704108881, 1.6377740755805699], [-0.7316166801919964, -1.9178403783080653, -0.010152039783964062], [-0.7245942349843767, 0.9492669398235792, -1.6702224970943207], [3.5190957866818455, -1.0218044823283468, -1.6680575154073645], [3.5839223545733754, -1.078976562899983, 1.6082758772058066], [2.857715839342032, 3.9811513679357615, -0.9276449937939388], [5.812272349343925, 2.580994116231728, -1.15961982812078], [5.898389072764965, 5.457707394261563, 2.2990145242394022], [6.259832177162227, 2.4036545424981925, 3.442103872778803], [1.8249368590159283, 2.3271760943845745, 4.855250597880386], [1.2946085330953565, 5.3127934078833565, 3.588912169929542], [2.007698374986658, 4.968144875670091, 8.35537267251416], [5.1793137309683335, 4.32777327956331, 7.733513235207648], [2.4327102043712503, 9.108473646584304, 6.149829435071386], [4.2098332666633365, 8.771167075049064, 8.930942452622554], [6.553942328381828, 10.40586916602889, 5.639090701901609]], "name": "C7H16O", "identifiers": {"molecule_hash": "ddf5c5bbefabeeb01388593a216857f57e2d635e", "molecular_formula": "C7H16O"}, "molecular_charge": 0.0, "molecular_multiplicity": 1, "connectivity": [[0, 1, 1.0], [0, 8, 1.0], [0, 9, 1.0], [0, 10, 1.0], [1, 2, 1.0], [1, 11, 1.0], [1, 12, 1.0], [2, 3, 1.0], [2, 13, 1.0], [2, 14, 1.0], [3, 4, 1.0], [3, 15, 1.0], [3, 16, 1.0], [4, 5, 1.0], [4, 17, 1.0], [4, 18, 1.0], [5, 6, 1.0], [5, 19, 1.0], [5, 20, 1.0], [6, 7, 1.0], [6, 21, 1.0], [6, 22, 1.0], [7, 23, 1.0]], "fix_com": true, "fix_orientation": true, "provenance": {"creator": "QCElemental", "version": "v0.22.0", "routine": "qcelemental.molparse.from_schema"}, "id": "82511"}, "charge": 0, "optimize_geometry": false, "conformers": [], "conformer_generation_options": {"n_conformer_pool": 4000, "n_max_conformers": 0, "rms_tolerance": 0.05, "energy_window": 15, "keep_original_conformer": true}, "stage_1_unrestrained_charges": null, "stage_1_restrained_charges": null, "stage_2_unrestrained_charges": null, "stage_2_restrained_charges": null, "keep_original_orientation": false, "reorientations": [], "translations": [], "rotations": []}}]}, "surface_constraints": {"matrix": [[4714.015539184551, 4567.24468623694, 4407.195132369747, 4262.59446098372, 4028.7225176219604, 3891.631497458712, 3763.015124434821, 3693.0097397195036, 4737.785402255164, 4750.268327964948, 4743.341457925641, 4552.8472763793625, 4544.876009619146, 4422.357293734516, 4349.620356933233, 4257.122526578637, 4317.420097146499, 4030.1756814290434, 3927.9857600927035, 3876.4524665948347, 3869.6786575533292, 3759.9266339540636, 3711.603583144981, 3644.1163469967455], [4567.24468623694, 4662.840983834876, 4555.415229602041, 4395.942917246756, 4180.397157273283, 4011.8100754932457, 3865.782868355266, 3781.720553723382, 4528.897557782237, 4539.701652019557, 4533.337754309618, 4721.261911714138, 4712.969720094214, 4556.556729847215, 4561.248413753026, 4397.80163716118, 4416.321519647572, 4199.214045650795, 4099.534336046589, 3980.3792309434034, 3996.5415056412794, 3848.519412917304, 3823.748587942242, 3725.6489516245233], [4407.195132369747, 4555.415229602041, 4668.444128611451, 4557.352290914379, 4398.796397404284, 4226.61440600573, 4072.160372542514, 4000.2877784001384, 4367.693766119556, 4352.00011126742, 4370.458139452468, 4545.9985898937, 4544.46331119651, 4737.48898023047, 4739.486110965063, 4569.454810133982, 4552.264759970286, 4427.185951625477, 4348.604115541773, 4185.533233017573, 4223.371242083266, 4047.747994008054, 4017.280357579581, 3952.886917018253], [4262.59446098372, 4395.942917246756, 4557.352290914379, 4667.64510814188, 4554.714079574294, 4388.9971901097015, 4254.440309668963, 4184.933125226365, 4211.902780747327, 4245.634365799913, 4211.997999221599, 4417.528963553775, 4309.956976372848, 4557.247901553476, 4561.981186916021, 4749.077827202975, 4729.993983309028, 4552.378832684717, 4562.503236227689, 4363.316687524733, 4356.05124465425, 4247.313122137485, 4192.783580364543, 4123.578834342578], [4028.7225176219604, 4180.397157273283, 4398.796397404284, 4554.714079574294, 4657.7219872130445, 4544.032257254771, 4388.78081158903, 4303.009146228894, 3957.782249304074, 4012.7005287571624, 3984.8374676391177, 4183.794025279268, 4091.974310320375, 4422.33518928228, 4397.312328696269, 4570.632013051475, 4550.204127330401, 4724.141617153685, 4727.1071926589375, 4543.951156795813, 4539.089547000057, 4369.2015972274985, 4334.323712876245, 4258.883505825814], [3891.631497458712, 4011.8100754932457, 4226.61440600573, 4388.9971901097015, 4544.032257254771, 4653.067236871181, 4551.062909539168, 4447.510689508225, 3822.613435109574, 3885.661592622576, 3858.589044056031, 3988.115249238893, 3930.010878460481, 4257.50373202282, 4213.004565575341, 4345.363217888909, 4413.64322420496, 4550.706928371136, 4542.334061838441, 4719.479117963635, 4715.661386696337, 4535.985467940121, 4538.025358770156, 4430.349097258084], [3763.015124434821, 3865.782868355266, 4072.160372542514, 4254.440309668963, 4388.78081158903, 4551.062909539168, 4680.470802247802, 4635.377644119727, 3704.9793405423334, 3759.998440917963, 3729.3995662469706, 3853.6133093634417, 3766.21118963351, 4077.2537310690295, 4064.1068960199677, 4198.6476287257165, 4323.819482016905, 4312.596736326839, 4414.694540685797, 4550.393461005263, 4546.392644667684, 4731.952347334679, 4730.097997056859, 4610.136145317771], [3693.0097397195036, 3781.720553723382, 4000.2877784001384, 4184.933125226365, 4303.009146228894, 4447.510689508225, 4635.377644119727, 4826.797967151857, 3642.1428040706105, 3688.5925974327797, 3666.446511399817, 3756.0814087697963, 3675.624652540525, 4008.744077493118, 3999.443466246067, 4148.282266073788, 4251.92381039745, 4223.217899958039, 4332.185698708813, 4397.296509427327, 4434.325554726184, 4617.692435112089, 4612.859904523294, 4848.816348916519], [4737.785402255164, 4528.897557782237, 4367.693766119556, 4211.902780747327, 3957.782249304074, 3822.613435109574, 3704.9793405423334, 3642.1428040706105, 4947.913544021888, 4707.466391302927, 4700.556702535213, 4484.96773283572, 4489.30786165595, 4380.82511765699, 4320.364953753174, 4202.667993205589, 4280.860997431545, 3951.197695875241, 3850.924001184084, 3807.656455271121, 3791.0036591213634, 3701.0919654638774, 3658.313902894664, 3604.633284736691], [4750.268327964948, 4539.701652019557, 4352.00011126742, 4245.634365799913, 4012.7005287571624, 3885.661592622576, 3759.998440917963, 3688.5925974327797, 4707.466391302927, 4973.45247242752, 4713.810784689355, 4528.603163824376, 4488.3243185989695, 4353.331175829536, 4256.472632150822, 4236.430537814311, 4331.533363568704, 4017.737717088803, 3899.7063043671187, 3893.7532591189783, 3845.825959944906, 3761.7058545432897, 3708.3459274791167, 3642.636431514749], [4743.341457925641, 4533.337754309618, 4370.458139452468, 4211.997999221599, 3984.8374676391177, 3858.589044056031, 3729.3995662469706, 3666.446511399817, 4700.556702535213, 4713.810784689355, 4959.380502338725, 4485.712035690998, 4497.2908011265135, 4410.827894546991, 4297.4533041989225, 4207.548776907667, 4249.43935927851, 3976.556587988214, 3889.6873512313077, 3832.0510097605084, 3858.277346086221, 3732.649867347324, 3665.5139753232775, 3609.023458303433], [4552.8472763793625, 4721.261911714138, 4545.9985898937, 4417.528963553775, 4183.794025279268, 3988.115249238893, 3853.6133093634417, 3756.0814087697963, 4484.96773283572, 4528.603163824376, 4485.712035690998, 4962.073938089024, 4705.502304017473, 4461.868377771945, 4553.582626325841, 4446.739154129932, 4446.901275145352, 4204.369442255194, 4113.677167007196, 3951.03574766518, 3948.8163985673796, 3843.721318409199, 3823.9088532197934, 3686.1006376175974], [4544.876009619146, 4712.969720094214, 4544.46331119651, 4309.956976372848, 4091.974310320375, 3930.010878460481, 3766.21118963351, 3675.624652540525, 4489.30786165595, 4488.3243185989695, 4497.2908011265135, 4705.502304017473, 4938.402137725191, 4562.463448023843, 4549.478401199804, 4281.9979775555685, 4310.57246690755, 4118.223658100422, 3995.980506972338, 3898.5750878531394, 3935.9427127046574, 3736.4058809124167, 3729.245431932536, 3620.7098556237515], [4422.357293734516, 4556.556729847215, 4737.48898023047, 4557.247901553476, 4422.33518928228, 4257.50373202282, 4077.2537310690295, 4008.744077493118, 4380.82511765699, 4353.331175829536, 4410.827894546991, 4461.868377771945, 4562.463448023843, 4984.434395006455, 4745.292532268084, 4535.197020766955, 4509.023928516838, 4466.502101620483, 4365.27930703931, 4218.994285007646, 4279.9801600404735, 4028.680263967754, 4023.8602418335327, 3980.15838514615], [4349.620356933233, 4561.248413753026, 4739.486110965063, 4561.981186916021, 4397.312328696269, 4213.004565575341, 4064.1068960199677, 3999.443466246067, 4320.364953753174, 4256.472632150822, 4297.4533041989225, 4553.582626325841, 4549.478401199804, 4745.292532268084, 4982.127561525791, 4558.920030163901, 4523.477435094272, 4438.500504688681, 4339.287001360499, 4149.5653963577615, 4218.16655245421, 4045.357100185097, 4000.3663332394676, 3954.4777870111106], [4257.122526578637, 4397.80163716118, 4569.454810133982, 4749.077827202975, 4570.632013051475, 4345.363217888909, 4198.6476287257165, 4148.282266073788, 4202.667993205589, 4236.430537814311, 4207.548776907667, 4446.739154129932, 4281.9979775555685, 4535.197020766955, 4558.920030163901, 4999.42406803307, 4753.333138790571, 4554.48196538764, 4589.129301199147, 4318.982696978743, 4280.7405423994, 4178.5096351037255, 4124.690214649243, 4076.5759778513934], [4317.420097146499, 4416.321519647572, 4552.264759970286, 4729.993983309028, 4550.204127330401, 4413.64322420496, 4323.819482016905, 4251.92381039745, 4280.860997431545, 4331.533363568704, 4249.43935927851, 4446.901275145352, 4310.57246690755, 4509.023928516838, 4523.477435094272, 4753.333138790571, 4962.057724360034, 4479.437564429483, 4545.989028572421, 4382.971821396254, 4367.661008797828, 4352.817033819149, 4262.85227455909, 4177.265975819179], [4030.1756814290434, 4199.214045650795, 4427.185951625477, 4552.378832684717, 4724.141617153685, 4550.706928371136, 4312.596736326839, 4223.217899958039, 3951.197695875241, 4017.737717088803, 3976.556587988214, 4204.369442255194, 4118.223658100422, 4466.502101620483, 4438.500504688681, 4554.48196538764, 4479.437564429483, 4962.709927258558, 4728.250969163137, 4569.437354517965, 4547.186710267424, 4252.802637467448, 4245.3645445801985, 4184.599111481816], [3927.9857600927035, 4099.534336046589, 4348.604115541773, 4562.503236227689, 4727.1071926589375, 4542.334061838441, 4414.694540685797, 4332.185698708813, 3850.924001184084, 3899.7063043671187, 3889.6873512313077, 4113.677167007196, 3995.980506972338, 4365.27930703931, 4339.287001360499, 4589.129301199147, 4545.989028572421, 4728.250969163137, 4971.804367206722, 4491.495881251119, 4505.408981117715, 4420.522827728579, 4350.263051870196, 4277.882975111271], [3876.4524665948347, 3980.3792309434034, 4185.533233017573, 4363.316687524733, 4543.951156795813, 4719.479117963635, 4550.393461005263, 4397.296509427327, 3807.656455271121, 3893.7532591189783, 3832.0510097605084, 3951.03574766518, 3898.5750878531394, 4218.994285007646, 4149.5653963577615, 4318.982696978743, 4382.971821396254, 4569.437354517965, 4491.495881251119, 4959.145077474976, 4718.506785208994, 4503.966425989312, 4553.414931201028, 4404.316249182946], [3869.6786575533292, 3996.5415056412794, 4223.371242083266, 4356.05124465425, 4539.089547000057, 4715.661386696337, 4546.392644667684, 4434.325554726184, 3791.0036591213634, 3845.825959944906, 3858.277346086221, 3948.8163985673796, 3935.9427127046574, 4279.9801600404735, 4218.16655245421, 4280.7405423994, 4367.661008797828, 4547.186710267424, 4505.408981117715, 4718.506785208994, 4953.122141598196, 4513.183801117761, 4503.431824942094, 4420.3167803888855], [3759.9266339540636, 3848.519412917304, 4047.747994008054, 4247.313122137485, 4369.2015972274985, 4535.985467940121, 4731.952347334679, 4617.692435112089, 3701.0919654638774, 3761.7058545432897, 3732.649867347324, 3843.721318409199, 3736.4058809124167, 4028.680263967754, 4045.357100185097, 4178.5096351037255, 4352.817033819149, 4252.802637467448, 4420.522827728579, 4503.966425989312, 4513.183801117761, 4963.418982977814, 4714.071959810795, 4565.4157715559], [3711.603583144981, 3823.748587942242, 4017.280357579581, 4192.783580364543, 4334.323712876245, 4538.025358770156, 4730.097997056859, 4612.859904523294, 3658.313902894664, 3708.3459274791167, 3665.5139753232775, 3823.9088532197934, 3729.245431932536, 4023.8602418335327, 4000.3663332394676, 4124.690214649243, 4262.85227455909, 4245.3645445801985, 4350.263051870196, 4553.414931201028, 4503.431824942094, 4714.071959810795, 4958.639323139866, 4560.67794225111], [3644.1163469967455, 3725.6489516245233, 3952.886917018253, 4123.578834342578, 4258.883505825814, 4430.349097258084, 4610.136145317771, 4848.816348916519, 3604.633284736691, 3642.636431514749, 3609.023458303433, 3686.1006376175974, 3620.7098556237515, 3980.15838514615, 3954.4777870111106, 4076.5759778513934, 4177.265975819179, 4184.599111481816, 4277.882975111271, 4404.316249182946, 4420.3167803888855, 4565.4157715559, 4560.67794225111, 5028.520240131299], [10.408562311431243, 13.820892127307463, 15.772419603612315, 11.239471308530428, 19.154773654259465, 29.543577112894564, 12.112805634598681, -26.245373633809518, 12.25525948015268, 10.856473995976856, 5.712506823119572, 12.6161575031126, 15.079656852536578, 21.95880930670362, 15.180590823529984, 4.88345582357961, 7.462598834242639, 21.86206703896711, 15.491325833306115, 47.11147378804018, 32.98318219879393, 18.376842274655466, 18.433016456558523, 20.74152439578804]]}}