{"resp_b": 0.1, "restrained_fit": true, "exclude_hydrogens": true, "convergence_tolerance": 1e-06, "max_iter": 500, "resp_a": 0.0005, "charge_constraints": {"charge_sum_constraints": [], "charge_equivalence_constraints": [], "molecules": [{"qcmol": {"schema_name": "qcschema_molecule", "schema_version": 2, "validated": true, "symbols": ["C", "C", "C", "C", "C", "C", "C", "O", "H", "H", "H", "H", "H", "H", "H", "H", "H", "H", "H", "H", "H", "H", "H", "H"], "geometry": [[0.0, -0.0, 0.0], [2.8933157198996566, 5.892651821369128e-17, 4.832602078569099e-16], [4.117975571001928, 2.644535256076324, 1.1102230246251565e-15], [4.902612417380168, 3.694295693880858, 2.588266422396891], [2.733883537903817, 4.124179792654367, 4.457104361861765], [3.5190069786239544, 5.288048365237919, 6.998253452319186], [4.030123556094798, 8.117256885601826, 6.988668170903402], [6.260098187869479, 8.64123548456241, 5.6444140374244745], [-0.7780569660933593, 0.9537700704108881, 1.6377740755805699], [-0.7316166801919964, -1.9178403783080653, -0.010152039783964062], [-0.7245942349843767, 0.9492669398235792, -1.6702224970943207], [3.5190957866818455, -1.0218044823283468, -1.6680575154073645], [3.5839223545733754, -1.078976562899983, 1.6082758772058066], [2.857715839342032, 3.9811513679357615, -0.9276449937939388], [5.812272349343925, 2.580994116231728, -1.15961982812078], [5.898389072764965, 5.457707394261563, 2.2990145242394022], [6.259832177162227, 2.4036545424981925, 3.442103872778803], [1.8249368590159283, 2.3271760943845745, 4.855250597880386], [1.2946085330953565, 5.3127934078833565, 3.588912169929542], [2.007698374986658, 4.968144875670091, 8.35537267251416], [5.1793137309683335, 4.32777327956331, 7.733513235207648], [2.4327102043712503, 9.108473646584304, 6.149829435071386], [4.2098332666633365, 8.771167075049064, 8.930942452622554], [6.553942328381828, 10.40586916602889, 5.639090701901609]], "name": "C7H16O", "identifiers": {"molecule_hash": "ddf5c5bbefabeeb01388593a216857f57e2d635e", "molecular_formula": "C7H16O"}, "molecular_charge": 0.0, "molecular_multiplicity": 1, "connectivity": [[0, 1, 1.0], [0, 8, 1.0], [0, 9, 1.0], [0, 10, 1.0], [1, 2, 1.0], [1, 11, 1.0], [1, 12, 1.0], [2, 3, 1.0], [2, 13, 1.0], [2, 14, 1.0], [3, 4, 1.0], [3, 15, 1.0], [3, 16, 1.0], [4, 5, 1.0], [4, 17, 1.0], [4, 18, 1.0], [5, 6, 1.0], [5, 19, 1.0], [5, 20, 1.0], [6, 7, 1.0], [6, 21, 1.0], [6, 22, 1.0], [7, 23, 1.0]], "fix_com": true, "fix_orientation": true, "provenance": {"creator": "QCElemental", "version": "v0.22.0", "routine": "qcelemental.molparse.from_schema"}, "id": "82511"}, "charge": 0, "optimize_geometry": false, "conformers": [], "conformer_generation_options": {"n_conformer_pool": 4000, "n_max_conformers": 0, "rms_tolerance": 0.05, "energy_window": 15, "keep_original_conformer": true}, "stage_1_unrestrained_charges": null, "stage_1_restrained_charges": null, "stage_2_unrestrained_charges": null, "stage_2_restrained_charges": null, "keep_original_orientation": false, "reorientations": [], "translations": [], "rotations": []}], "unconstrained_atoms": [{"index": 0, "molecule": {"qcmol": {"schema_name": "qcschema_molecule", "schema_version": 2, "validated": true, "symbols": ["C", "C", "C", "C", "C", "C", "C", "O", "H", "H", "H", "H", "H", "H", "H", "H", "H", "H", "H", "H", "H", "H", "H", "H"], "geometry": [[0.0, -0.0, 0.0], [2.8933157198996566, 5.892651821369128e-17, 4.832602078569099e-16], [4.117975571001928, 2.644535256076324, 1.1102230246251565e-15], [4.902612417380168, 3.694295693880858, 2.588266422396891], [2.733883537903817, 4.124179792654367, 4.457104361861765], [3.5190069786239544, 5.288048365237919, 6.998253452319186], [4.030123556094798, 8.117256885601826, 6.988668170903402], [6.260098187869479, 8.64123548456241, 5.6444140374244745], [-0.7780569660933593, 0.9537700704108881, 1.6377740755805699], [-0.7316166801919964, -1.9178403783080653, -0.010152039783964062], [-0.7245942349843767, 0.9492669398235792, -1.6702224970943207], [3.5190957866818455, -1.0218044823283468, -1.6680575154073645], [3.5839223545733754, -1.078976562899983, 1.6082758772058066], [2.857715839342032, 3.9811513679357615, -0.9276449937939388], [5.812272349343925, 2.580994116231728, -1.15961982812078], [5.898389072764965, 5.457707394261563, 2.2990145242394022], [6.259832177162227, 2.4036545424981925, 3.442103872778803], [1.8249368590159283, 2.3271760943845745, 4.855250597880386], [1.2946085330953565, 5.3127934078833565, 3.588912169929542], [2.007698374986658, 4.968144875670091, 8.35537267251416], [5.1793137309683335, 4.32777327956331, 7.733513235207648], [2.4327102043712503, 9.108473646584304, 6.149829435071386], [4.2098332666633365, 8.771167075049064, 8.930942452622554], [6.553942328381828, 10.40586916602889, 5.639090701901609]], "name": "C7H16O", "identifiers": {"molecule_hash": "ddf5c5bbefabeeb01388593a216857f57e2d635e", "molecular_formula": "C7H16O"}, "molecular_charge": 0.0, "molecular_multiplicity": 1, "connectivity": [[0, 1, 1.0], [0, 8, 1.0], [0, 9, 1.0], [0, 10, 1.0], [1, 2, 1.0], [1, 11, 1.0], [1, 12, 1.0], [2, 3, 1.0], [2, 13, 1.0], [2, 14, 1.0], [3, 4, 1.0], [3, 15, 1.0], [3, 16, 1.0], [4, 5, 1.0], [4, 17, 1.0], [4, 18, 1.0], [5, 6, 1.0], [5, 19, 1.0], [5, 20, 1.0], [6, 7, 1.0], [6, 21, 1.0], [6, 22, 1.0], [7, 23, 1.0]], "fix_com": true, "fix_orientation": true, "provenance": {"creator": "QCElemental", "version": "v0.22.0", "routine": "qcelemental.molparse.from_schema"}, "id": "82511"}, "charge": 0, "optimize_geometry": false, "conformers": [], "conformer_generation_options": {"n_conformer_pool": 4000, "n_max_conformers": 0, "rms_tolerance": 0.05, "energy_window": 15, "keep_original_conformer": true}, "stage_1_unrestrained_charges": null, "stage_1_restrained_charges": null, "stage_2_unrestrained_charges": null, "stage_2_restrained_charges": null, "keep_original_orientation": false, "reorientations": [], "translations": [], "rotations": []}}, {"index": 1, "molecule": {"qcmol": {"schema_name": "qcschema_molecule", "schema_version": 2, "validated": true, "symbols": ["C", "C", "C", "C", "C", "C", "C", "O", "H", "H", "H", "H", "H", "H", "H", "H", "H", "H", "H", "H", "H", "H", "H", "H"], "geometry": [[0.0, -0.0, 0.0], [2.8933157198996566, 5.892651821369128e-17, 4.832602078569099e-16], [4.117975571001928, 2.644535256076324, 1.1102230246251565e-15], [4.902612417380168, 3.694295693880858, 2.588266422396891], [2.733883537903817, 4.124179792654367, 4.457104361861765], [3.5190069786239544, 5.288048365237919, 6.998253452319186], [4.030123556094798, 8.117256885601826, 6.988668170903402], [6.260098187869479, 8.64123548456241, 5.6444140374244745], [-0.7780569660933593, 0.9537700704108881, 1.6377740755805699], [-0.7316166801919964, -1.9178403783080653, -0.010152039783964062], [-0.7245942349843767, 0.9492669398235792, -1.6702224970943207], [3.5190957866818455, -1.0218044823283468, -1.6680575154073645], [3.5839223545733754, -1.078976562899983, 1.6082758772058066], [2.857715839342032, 3.9811513679357615, -0.9276449937939388], [5.812272349343925, 2.580994116231728, -1.15961982812078], [5.898389072764965, 5.457707394261563, 2.2990145242394022], [6.259832177162227, 2.4036545424981925, 3.442103872778803], [1.8249368590159283, 2.3271760943845745, 4.855250597880386], [1.2946085330953565, 5.3127934078833565, 3.588912169929542], [2.007698374986658, 4.968144875670091, 8.35537267251416], [5.1793137309683335, 4.32777327956331, 7.733513235207648], [2.4327102043712503, 9.108473646584304, 6.149829435071386], [4.2098332666633365, 8.771167075049064, 8.930942452622554], [6.553942328381828, 10.40586916602889, 5.639090701901609]], "name": "C7H16O", "identifiers": {"molecule_hash": "ddf5c5bbefabeeb01388593a216857f57e2d635e", "molecular_formula": "C7H16O"}, "molecular_charge": 0.0, "molecular_multiplicity": 1, "connectivity": [[0, 1, 1.0], [0, 8, 1.0], [0, 9, 1.0], [0, 10, 1.0], [1, 2, 1.0], [1, 11, 1.0], [1, 12, 1.0], [2, 3, 1.0], [2, 13, 1.0], [2, 14, 1.0], [3, 4, 1.0], [3, 15, 1.0], [3, 16, 1.0], [4, 5, 1.0], [4, 17, 1.0], [4, 18, 1.0], [5, 6, 1.0], [5, 19, 1.0], [5, 20, 1.0], [6, 7, 1.0], [6, 21, 1.0], [6, 22, 1.0], [7, 23, 1.0]], "fix_com": true, "fix_orientation": true, "provenance": {"creator": "QCElemental", "version": "v0.22.0", "routine": "qcelemental.molparse.from_schema"}, "id": "82511"}, "charge": 0, "optimize_geometry": false, "conformers": [], "conformer_generation_options": {"n_conformer_pool": 4000, "n_max_conformers": 0, "rms_tolerance": 0.05, "energy_window": 15, "keep_original_conformer": true}, "stage_1_unrestrained_charges": null, "stage_1_restrained_charges": null, "stage_2_unrestrained_charges": null, "stage_2_restrained_charges": null, "keep_original_orientation": false, "reorientations": [], "translations": [], "rotations": []}}, {"index": 2, "molecule": {"qcmol": {"schema_name": "qcschema_molecule", "schema_version": 2, "validated": true, "symbols": ["C", "C", "C", "C", "C", "C", "C", "O", "H", "H", "H", "H", "H", "H", "H", "H", "H", "H", "H", "H", "H", "H", "H", "H"], "geometry": [[0.0, -0.0, 0.0], [2.8933157198996566, 5.892651821369128e-17, 4.832602078569099e-16], [4.117975571001928, 2.644535256076324, 1.1102230246251565e-15], [4.902612417380168, 3.694295693880858, 2.588266422396891], [2.733883537903817, 4.124179792654367, 4.457104361861765], [3.5190069786239544, 5.288048365237919, 6.998253452319186], [4.030123556094798, 8.117256885601826, 6.988668170903402], [6.260098187869479, 8.64123548456241, 5.6444140374244745], [-0.7780569660933593, 0.9537700704108881, 1.6377740755805699], [-0.7316166801919964, -1.9178403783080653, -0.010152039783964062], [-0.7245942349843767, 0.9492669398235792, -1.6702224970943207], [3.5190957866818455, -1.0218044823283468, -1.6680575154073645], [3.5839223545733754, -1.078976562899983, 1.6082758772058066], [2.857715839342032, 3.9811513679357615, -0.9276449937939388], [5.812272349343925, 2.580994116231728, -1.15961982812078], [5.898389072764965, 5.457707394261563, 2.2990145242394022], [6.259832177162227, 2.4036545424981925, 3.442103872778803], [1.8249368590159283, 2.3271760943845745, 4.855250597880386], [1.2946085330953565, 5.3127934078833565, 3.588912169929542], [2.007698374986658, 4.968144875670091, 8.35537267251416], [5.1793137309683335, 4.32777327956331, 7.733513235207648], [2.4327102043712503, 9.108473646584304, 6.149829435071386], [4.2098332666633365, 8.771167075049064, 8.930942452622554], [6.553942328381828, 10.40586916602889, 5.639090701901609]], "name": "C7H16O", "identifiers": {"molecule_hash": "ddf5c5bbefabeeb01388593a216857f57e2d635e", "molecular_formula": "C7H16O"}, "molecular_charge": 0.0, "molecular_multiplicity": 1, "connectivity": [[0, 1, 1.0], [0, 8, 1.0], [0, 9, 1.0], [0, 10, 1.0], [1, 2, 1.0], [1, 11, 1.0], [1, 12, 1.0], [2, 3, 1.0], [2, 13, 1.0], [2, 14, 1.0], [3, 4, 1.0], [3, 15, 1.0], [3, 16, 1.0], [4, 5, 1.0], [4, 17, 1.0], [4, 18, 1.0], [5, 6, 1.0], [5, 19, 1.0], [5, 20, 1.0], [6, 7, 1.0], [6, 21, 1.0], [6, 22, 1.0], [7, 23, 1.0]], "fix_com": true, "fix_orientation": true, "provenance": {"creator": "QCElemental", "version": "v0.22.0", "routine": "qcelemental.molparse.from_schema"}, "id": "82511"}, "charge": 0, "optimize_geometry": false, "conformers": [], "conformer_generation_options": {"n_conformer_pool": 4000, "n_max_conformers": 0, "rms_tolerance": 0.05, "energy_window": 15, "keep_original_conformer": true}, "stage_1_unrestrained_charges": null, "stage_1_restrained_charges": null, "stage_2_unrestrained_charges": null, "stage_2_restrained_charges": null, "keep_original_orientation": false, "reorientations": [], "translations": [], "rotations": []}}, {"index": 3, "molecule": {"qcmol": {"schema_name": "qcschema_molecule", "schema_version": 2, "validated": true, "symbols": ["C", "C", "C", "C", "C", "C", "C", "O", "H", "H", "H", "H", "H", "H", "H", "H", "H", "H", "H", "H", "H", "H", "H", "H"], "geometry": [[0.0, -0.0, 0.0], [2.8933157198996566, 5.892651821369128e-17, 4.832602078569099e-16], [4.117975571001928, 2.644535256076324, 1.1102230246251565e-15], [4.902612417380168, 3.694295693880858, 2.588266422396891], [2.733883537903817, 4.124179792654367, 4.457104361861765], [3.5190069786239544, 5.288048365237919, 6.998253452319186], [4.030123556094798, 8.117256885601826, 6.988668170903402], [6.260098187869479, 8.64123548456241, 5.6444140374244745], [-0.7780569660933593, 0.9537700704108881, 1.6377740755805699], [-0.7316166801919964, -1.9178403783080653, -0.010152039783964062], [-0.7245942349843767, 0.9492669398235792, -1.6702224970943207], [3.5190957866818455, -1.0218044823283468, -1.6680575154073645], [3.5839223545733754, -1.078976562899983, 1.6082758772058066], [2.857715839342032, 3.9811513679357615, -0.9276449937939388], [5.812272349343925, 2.580994116231728, -1.15961982812078], [5.898389072764965, 5.457707394261563, 2.2990145242394022], [6.259832177162227, 2.4036545424981925, 3.442103872778803], [1.8249368590159283, 2.3271760943845745, 4.855250597880386], [1.2946085330953565, 5.3127934078833565, 3.588912169929542], [2.007698374986658, 4.968144875670091, 8.35537267251416], [5.1793137309683335, 4.32777327956331, 7.733513235207648], [2.4327102043712503, 9.108473646584304, 6.149829435071386], [4.2098332666633365, 8.771167075049064, 8.930942452622554], [6.553942328381828, 10.40586916602889, 5.639090701901609]], "name": "C7H16O", "identifiers": {"molecule_hash": "ddf5c5bbefabeeb01388593a216857f57e2d635e", "molecular_formula": "C7H16O"}, "molecular_charge": 0.0, "molecular_multiplicity": 1, "connectivity": [[0, 1, 1.0], [0, 8, 1.0], [0, 9, 1.0], [0, 10, 1.0], [1, 2, 1.0], [1, 11, 1.0], [1, 12, 1.0], [2, 3, 1.0], [2, 13, 1.0], [2, 14, 1.0], [3, 4, 1.0], [3, 15, 1.0], [3, 16, 1.0], [4, 5, 1.0], [4, 17, 1.0], [4, 18, 1.0], [5, 6, 1.0], [5, 19, 1.0], [5, 20, 1.0], [6, 7, 1.0], [6, 21, 1.0], [6, 22, 1.0], [7, 23, 1.0]], "fix_com": true, "fix_orientation": true, "provenance": {"creator": "QCElemental", "version": "v0.22.0", "routine": "qcelemental.molparse.from_schema"}, "id": "82511"}, "charge": 0, "optimize_geometry": false, "conformers": [], "conformer_generation_options": {"n_conformer_pool": 4000, "n_max_conformers": 0, "rms_tolerance": 0.05, "energy_window": 15, "keep_original_conformer": true}, "stage_1_unrestrained_charges": null, "stage_1_restrained_charges": null, "stage_2_unrestrained_charges": null, "stage_2_restrained_charges": null, "keep_original_orientation": false, "reorientations": [], "translations": [], "rotations": []}}, {"index": 4, "molecule": {"qcmol": {"schema_name": "qcschema_molecule", "schema_version": 2, "validated": true, "symbols": ["C", "C", "C", "C", "C", "C", "C", "O", "H", "H", "H", "H", "H", "H", "H", "H", "H", "H", "H", "H", "H", "H", "H", "H"], "geometry": [[0.0, -0.0, 0.0], [2.8933157198996566, 5.892651821369128e-17, 4.832602078569099e-16], [4.117975571001928, 2.644535256076324, 1.1102230246251565e-15], [4.902612417380168, 3.694295693880858, 2.588266422396891], [2.733883537903817, 4.124179792654367, 4.457104361861765], [3.5190069786239544, 5.288048365237919, 6.998253452319186], [4.030123556094798, 8.117256885601826, 6.988668170903402], [6.260098187869479, 8.64123548456241, 5.6444140374244745], [-0.7780569660933593, 0.9537700704108881, 1.6377740755805699], [-0.7316166801919964, -1.9178403783080653, -0.010152039783964062], [-0.7245942349843767, 0.9492669398235792, -1.6702224970943207], [3.5190957866818455, -1.0218044823283468, -1.6680575154073645], [3.5839223545733754, -1.078976562899983, 1.6082758772058066], [2.857715839342032, 3.9811513679357615, -0.9276449937939388], [5.812272349343925, 2.580994116231728, -1.15961982812078], [5.898389072764965, 5.457707394261563, 2.2990145242394022], [6.259832177162227, 2.4036545424981925, 3.442103872778803], [1.8249368590159283, 2.3271760943845745, 4.855250597880386], [1.2946085330953565, 5.3127934078833565, 3.588912169929542], [2.007698374986658, 4.968144875670091, 8.35537267251416], [5.1793137309683335, 4.32777327956331, 7.733513235207648], [2.4327102043712503, 9.108473646584304, 6.149829435071386], [4.2098332666633365, 8.771167075049064, 8.930942452622554], [6.553942328381828, 10.40586916602889, 5.639090701901609]], "name": "C7H16O", "identifiers": {"molecule_hash": "ddf5c5bbefabeeb01388593a216857f57e2d635e", "molecular_formula": "C7H16O"}, "molecular_charge": 0.0, "molecular_multiplicity": 1, "connectivity": [[0, 1, 1.0], [0, 8, 1.0], [0, 9, 1.0], [0, 10, 1.0], [1, 2, 1.0], [1, 11, 1.0], [1, 12, 1.0], [2, 3, 1.0], [2, 13, 1.0], [2, 14, 1.0], [3, 4, 1.0], [3, 15, 1.0], [3, 16, 1.0], [4, 5, 1.0], [4, 17, 1.0], [4, 18, 1.0], [5, 6, 1.0], [5, 19, 1.0], [5, 20, 1.0], [6, 7, 1.0], [6, 21, 1.0], [6, 22, 1.0], [7, 23, 1.0]], "fix_com": true, "fix_orientation": true, "provenance": {"creator": "QCElemental", "version": "v0.22.0", "routine": "qcelemental.molparse.from_schema"}, "id": "82511"}, "charge": 0, "optimize_geometry": false, "conformers": [], "conformer_generation_options": {"n_conformer_pool": 4000, "n_max_conformers": 0, "rms_tolerance": 0.05, "energy_window": 15, "keep_original_conformer": true}, "stage_1_unrestrained_charges": null, "stage_1_restrained_charges": null, "stage_2_unrestrained_charges": null, "stage_2_restrained_charges": null, "keep_original_orientation": false, "reorientations": [], "translations": [], "rotations": []}}, {"index": 5, "molecule": {"qcmol": {"schema_name": "qcschema_molecule", "schema_version": 2, "validated": true, "symbols": ["C", "C", "C", "C", "C", "C", "C", "O", "H", "H", "H", "H", "H", "H", "H", "H", "H", "H", "H", "H", "H", "H", "H", "H"], "geometry": [[0.0, -0.0, 0.0], [2.8933157198996566, 5.892651821369128e-17, 4.832602078569099e-16], [4.117975571001928, 2.644535256076324, 1.1102230246251565e-15], [4.902612417380168, 3.694295693880858, 2.588266422396891], [2.733883537903817, 4.124179792654367, 4.457104361861765], [3.5190069786239544, 5.288048365237919, 6.998253452319186], [4.030123556094798, 8.117256885601826, 6.988668170903402], [6.260098187869479, 8.64123548456241, 5.6444140374244745], [-0.7780569660933593, 0.9537700704108881, 1.6377740755805699], [-0.7316166801919964, -1.9178403783080653, -0.010152039783964062], [-0.7245942349843767, 0.9492669398235792, -1.6702224970943207], [3.5190957866818455, -1.0218044823283468, -1.6680575154073645], [3.5839223545733754, -1.078976562899983, 1.6082758772058066], [2.857715839342032, 3.9811513679357615, -0.9276449937939388], [5.812272349343925, 2.580994116231728, -1.15961982812078], [5.898389072764965, 5.457707394261563, 2.2990145242394022], [6.259832177162227, 2.4036545424981925, 3.442103872778803], [1.8249368590159283, 2.3271760943845745, 4.855250597880386], [1.2946085330953565, 5.3127934078833565, 3.588912169929542], [2.007698374986658, 4.968144875670091, 8.35537267251416], [5.1793137309683335, 4.32777327956331, 7.733513235207648], [2.4327102043712503, 9.108473646584304, 6.149829435071386], [4.2098332666633365, 8.771167075049064, 8.930942452622554], [6.553942328381828, 10.40586916602889, 5.639090701901609]], "name": "C7H16O", "identifiers": {"molecule_hash": "ddf5c5bbefabeeb01388593a216857f57e2d635e", "molecular_formula": "C7H16O"}, "molecular_charge": 0.0, "molecular_multiplicity": 1, "connectivity": [[0, 1, 1.0], [0, 8, 1.0], [0, 9, 1.0], [0, 10, 1.0], [1, 2, 1.0], [1, 11, 1.0], [1, 12, 1.0], [2, 3, 1.0], [2, 13, 1.0], [2, 14, 1.0], [3, 4, 1.0], [3, 15, 1.0], [3, 16, 1.0], [4, 5, 1.0], [4, 17, 1.0], [4, 18, 1.0], [5, 6, 1.0], [5, 19, 1.0], [5, 20, 1.0], [6, 7, 1.0], [6, 21, 1.0], [6, 22, 1.0], [7, 23, 1.0]], "fix_com": true, "fix_orientation": true, "provenance": {"creator": "QCElemental", "version": "v0.22.0", "routine": "qcelemental.molparse.from_schema"}, "id": "82511"}, "charge": 0, "optimize_geometry": false, "conformers": [], "conformer_generation_options": {"n_conformer_pool": 4000, "n_max_conformers": 0, "rms_tolerance": 0.05, "energy_window": 15, "keep_original_conformer": true}, "stage_1_unrestrained_charges": null, "stage_1_restrained_charges": null, "stage_2_unrestrained_charges": null, "stage_2_restrained_charges": null, "keep_original_orientation": false, "reorientations": [], "translations": [], "rotations": []}}, {"index": 6, "molecule": {"qcmol": {"schema_name": "qcschema_molecule", "schema_version": 2, "validated": true, "symbols": ["C", "C", "C", "C", "C", "C", "C", "O", "H", "H", "H", "H", "H", "H", "H", "H", "H", "H", "H", "H", "H", "H", "H", "H"], "geometry": [[0.0, -0.0, 0.0], [2.8933157198996566, 5.892651821369128e-17, 4.832602078569099e-16], [4.117975571001928, 2.644535256076324, 1.1102230246251565e-15], [4.902612417380168, 3.694295693880858, 2.588266422396891], [2.733883537903817, 4.124179792654367, 4.457104361861765], [3.5190069786239544, 5.288048365237919, 6.998253452319186], [4.030123556094798, 8.117256885601826, 6.988668170903402], [6.260098187869479, 8.64123548456241, 5.6444140374244745], [-0.7780569660933593, 0.9537700704108881, 1.6377740755805699], [-0.7316166801919964, -1.9178403783080653, -0.010152039783964062], [-0.7245942349843767, 0.9492669398235792, -1.6702224970943207], [3.5190957866818455, -1.0218044823283468, -1.6680575154073645], [3.5839223545733754, -1.078976562899983, 1.6082758772058066], [2.857715839342032, 3.9811513679357615, -0.9276449937939388], [5.812272349343925, 2.580994116231728, -1.15961982812078], [5.898389072764965, 5.457707394261563, 2.2990145242394022], [6.259832177162227, 2.4036545424981925, 3.442103872778803], [1.8249368590159283, 2.3271760943845745, 4.855250597880386], [1.2946085330953565, 5.3127934078833565, 3.588912169929542], [2.007698374986658, 4.968144875670091, 8.35537267251416], [5.1793137309683335, 4.32777327956331, 7.733513235207648], [2.4327102043712503, 9.108473646584304, 6.149829435071386], [4.2098332666633365, 8.771167075049064, 8.930942452622554], [6.553942328381828, 10.40586916602889, 5.639090701901609]], "name": "C7H16O", "identifiers": {"molecule_hash": "ddf5c5bbefabeeb01388593a216857f57e2d635e", "molecular_formula": "C7H16O"}, "molecular_charge": 0.0, "molecular_multiplicity": 1, "connectivity": [[0, 1, 1.0], [0, 8, 1.0], [0, 9, 1.0], [0, 10, 1.0], [1, 2, 1.0], [1, 11, 1.0], [1, 12, 1.0], [2, 3, 1.0], [2, 13, 1.0], [2, 14, 1.0], [3, 4, 1.0], [3, 15, 1.0], [3, 16, 1.0], [4, 5, 1.0], [4, 17, 1.0], [4, 18, 1.0], [5, 6, 1.0], [5, 19, 1.0], [5, 20, 1.0], [6, 7, 1.0], [6, 21, 1.0], [6, 22, 1.0], [7, 23, 1.0]], "fix_com": true, "fix_orientation": true, "provenance": {"creator": "QCElemental", "version": "v0.22.0", "routine": "qcelemental.molparse.from_schema"}, "id": "82511"}, "charge": 0, "optimize_geometry": false, "conformers": [], "conformer_generation_options": {"n_conformer_pool": 4000, "n_max_conformers": 0, "rms_tolerance": 0.05, "energy_window": 15, "keep_original_conformer": true}, "stage_1_unrestrained_charges": null, "stage_1_restrained_charges": null, "stage_2_unrestrained_charges": null, "stage_2_restrained_charges": null, "keep_original_orientation": false, "reorientations": [], "translations": [], "rotations": []}}]}, "surface_constraints": {"matrix": [[269063931888635.62, 260209360676069.78, 250201788450433.88, 241557265033787.5, 228084437572912.5, 220069654717261.34, 213156664283128.38, 209178377873724.44, 270223450325748.7, 270429918824808.9, 270374548061843.38, 258995189876199.06, 258672797749042.28, 250491971248457.22, 246561111137009.7, 241193697056570.7, 244320325374669.75, 228070309932997.25, 222083377803484.25, 218762684214178.34, 218527955174305.38, 213367250706901.75, 209899492578774.62, 206146697664457.1], [260209360676069.78, 266120402516729.0, 259268178995497.6, 249403050791074.1, 236754936169448.7, 226927763661561.2, 218818333949459.34, 214064707693862.53, 257586116546709.34, 257777210919790.5, 257718004897067.06, 269255571160718.06, 269009563002501.72, 258844216832478.06, 259390073364434.1, 249388382497521.34, 250037157162583.66, 237727157578101.5, 231687586482030.5, 224757021365074.9, 225798898064164.28, 217972590388251.78, 216103270896072.1, 210826457629512.8], [250201788450433.88, 259268178995497.6, 265831636529593.62, 258973537203840.94, 249389939800585.3, 239047867043236.22, 230236933139790.4, 226046653038657.4, 247656022819526.12, 246248180020901.72, 247610968412474.66, 258395890294761.16, 258471980249072.4, 269393889745434.53, 269953065290205.22, 259807862561239.4, 258048040035802.7, 250952964302858.66, 246020210502083.2, 236278305953217.3, 238535948642959.75, 228927366219708.28, 226676087577464.56, 223262623798525.47], [241557265033787.5, 249403050791074.1, 258973537203840.94, 265575257611515.75, 258813611697564.44, 248543053686629.8, 240549536611213.75, 236166419650834.66, 238570502166429.47, 240081228067734.03, 238169562807140.6, 250372540825344.7, 244021226709694.2, 258454886003182.3, 259101258433596.72, 270602846475769.84, 268638090908037.06, 258709655764445.3, 258927444891577.5, 246787837866963.5, 246152362250518.53, 239964793629036.9, 236797633898801.72, 232491385795328.72], [228084437572912.5, 236754936169448.7, 249389939800585.3, 258813611697564.44, 265226893676895.53, 258108050626945.44, 248292754053689.12, 242436546846287.5, 223926537364145.78, 226953903711209.28, 225121593826345.8, 236759180284115.66, 231286215978797.53, 250276471274681.12, 248980988825373.0, 259792099132733.6, 257924365467944.22, 269280794002355.06, 269027422944265.72, 258019852753858.47, 257507310822216.44, 246761225134743.06, 245002452237484.5, 239744948695925.8], [220069654717261.34, 226927763661561.2, 239047867043236.22, 248543053686629.8, 258108050626945.44, 264616649831062.28, 257944043586581.25, 250546577743550.66, 216154466792330.44, 219565458210613.1, 217664299137194.53, 225458582527378.6, 222051197774974.0, 240425523141490.53, 237977348428832.6, 245881536785874.0, 249439715356151.94, 258491253918289.62, 257691482100640.34, 268610278632059.88, 268086319817553.88, 256698680128887.47, 257179066522955.84, 249027709646940.56], [213156664283128.38, 218818333949459.34, 230236933139790.4, 240549536611213.75, 248292754053689.12, 257944043586581.25, 265484051664531.9, 261554862967582.97, 210071785142413.72, 212743337757586.22, 210819274133971.7, 218124089377323.84, 212811304530095.38, 230157667718424.25, 229580191572887.0, 237191341605301.06, 244344536499158.66, 243636460638170.28, 249382512341369.6, 257866776721330.2, 257337254881843.16, 268243127745881.44, 268514082981009.12, 258853378813412.9], [209178377873724.44, 214064707693862.53, 226046653038657.4, 236166419650834.66, 242436546846287.5, 250546577743550.66, 261554862967582.97, 272147568060336.44, 206728882014342.53, 208514792859906.03, 207235545164908.75, 212618045129105.78, 207778908932937.1, 226082773614720.94, 226074055777278.75, 234079600685216.28, 239867191387972.84, 237694540787014.25, 243657903677283.5, 247340277882479.75, 249455545151907.97, 260144859880919.47, 260101082330942.0, 271639537041791.16], [270223450325748.7, 257586116546709.34, 247656022819526.12, 238570502166429.47, 223926537364145.78, 216154466792330.44, 210071785142413.72, 206728882014342.53, 282732395612144.5, 267558230074627.9, 267497313944863.72, 254552663702919.06, 254931322373953.84, 247780924574574.0, 244620535915403.34, 238003184936685.56, 242340200983741.12, 223293204161440.78, 217624926891014.28, 214910451575201.0, 213952111225048.38, 210289020466486.94, 207051049535669.72, 204378612014379.88], [270429918824808.9, 257777210919790.5, 246248180020901.72, 240081228067734.03, 226953903711209.28, 219565458210613.1, 212743337757586.22, 208514792859906.03, 267558230074627.9, 283135884198270.56, 267759936380952.1, 256823350205630.97, 254466079463037.5, 245713814321180.6, 240340975592546.9, 239482244497481.38, 244675436295797.12, 227266495070031.22, 220311299942106.9, 219684068614531.66, 217046051799975.53, 213246144411131.78, 209560432017593.7, 205548389810834.44], [270374548061843.38, 257718004897067.06, 247610968412474.66, 238169562807140.6, 225121593826345.8, 217664299137194.53, 210819274133971.7, 207235545164908.75, 267497313944863.72, 267759936380952.1, 283033427102128.2, 254491881422433.06, 255354610941141.6, 249404953793160.12, 243140798729744.06, 237946455910709.94, 239838524023780.66, 224558682095316.4, 219542647770723.3, 215542100831640.47, 217417162684113.25, 211506374354084.34, 206798743100798.25, 203674224009136.94], [258995189876199.06, 269255571160718.06, 258395890294761.16, 250372540825344.7, 236759180284115.66, 225458582527378.6, 218124089377323.84, 212618045129105.78, 254552663702919.06, 256823350205630.97, 254491881422433.06, 283501376481594.56, 268039147808280.97, 252845175668119.47, 258644126454255.62, 251817860423249.53, 251599332094756.78, 237811246741697.94, 232364044451788.06, 222997538612135.12, 222889500557240.94, 217637780793909.56, 216279206402556.44, 208565077231711.6], [258672797749042.28, 269009563002501.72, 258471980249072.4, 244021226709694.2, 231286215978797.53, 222051197774974.0, 212811304530095.38, 207778908932937.1, 254931322373953.84, 254466079463037.5, 255354610941141.6, 268039147808280.97, 282567686461013.94, 259232767693169.72, 258421732694452.7, 242169533662844.06, 243441084153183.44, 232687614692627.9, 225225164506260.62, 219969841152899.38, 222306877050380.03, 211156151760649.78, 210322301671424.25, 204786634247068.5], [250491971248457.22, 258844216832478.06, 269393889745434.53, 258454886003182.3, 250276471274681.12, 240425523141490.53, 230157667718424.25, 226082773614720.94, 247780924574574.0, 245713814321180.6, 249404953793160.12, 252845175668119.47, 259232767693169.72, 283590374938372.0, 269740417172494.5, 257351235412698.12, 254905179983520.34, 252728386211160.56, 246494318999693.72, 237687478662722.75, 241542091585216.22, 227584014403139.25, 226626986801009.2, 224357628052848.56], [246561111137009.7, 259390073364434.1, 269953065290205.22, 259101258433596.72, 248980988825373.0, 237977348428832.6, 229580191572887.0, 226074055777278.75, 244620535915403.34, 240340975592546.9, 243140798729744.06, 258644126454255.62, 258421732694452.7, 269740417172494.5, 284378236866657.75, 259021116045275.47, 256256939464450.66, 251263594618939.9, 245061622495220.22, 233943839971348.72, 237899591636677.25, 228640757230314.06, 225311776371205.97, 223563208988441.72], [241193697056570.7, 249388382497521.34, 259807862561239.4, 270602846475769.84, 259792099132733.6, 245881536785874.0, 237191341605301.06, 234079600685216.28, 238003184936685.56, 239482244497481.38, 237946455910709.94, 251817860423249.53, 242169533662844.06, 257351235412698.12, 259021116045275.47, 285824661472783.4, 270142810491039.22, 258926258192540.84, 260411728388900.25, 244067568808956.34, 241571661512512.94, 235780788572478.66, 232706004199657.12, 229916582629240.2], [244320325374669.75, 250037157162583.66, 258048040035802.7, 268638090908037.06, 257924365467944.22, 249439715356151.94, 244344536499158.66, 239867191387972.84, 242340200983741.12, 244675436295797.12, 239838524023780.66, 251599332094756.78, 243441084153183.44, 254905179983520.34, 256256939464450.66, 270142810491039.22, 282007100355300.06, 253662528722617.22, 257445198705720.97, 247419642883683.62, 246163077365487.84, 245883624199446.28, 240819151880338.56, 235263991665410.16], [228070309932997.25, 237727157578101.5, 250952964302858.66, 258709655764445.3, 269280794002355.06, 258491253918289.62, 243636460638170.28, 237694540787014.25, 223293204161440.78, 227266495070031.22, 224558682095316.4, 237811246741697.94, 232687614692627.9, 252728386211160.56, 251263594618939.9, 258926258192540.84, 253662528722617.22, 283725790249156.8, 269134347113090.4, 259351688027533.47, 258106055831668.84, 239726273133132.97, 239447947868025.5, 235437983920626.4], [222083377803484.25, 231687586482030.5, 246020210502083.2, 258927444891577.5, 269027422944265.72, 257691482100640.34, 249382512341369.6, 243657903677283.5, 217624926891014.28, 220311299942106.9, 219542647770723.3, 232364044451788.06, 225225164506260.62, 246494318999693.72, 245061622495220.22, 260411728388900.25, 257445198705720.97, 269134347113090.4, 283377374361669.5, 254726536016864.75, 255126583708317.47, 249200431302367.38, 245652287731840.7, 240573246253746.6], [218762684214178.34, 224757021365074.9, 236278305953217.3, 246787837866963.5, 258019852753858.47, 268610278632059.88, 257866776721330.2, 247340277882479.75, 214910451575201.0, 219684068614531.66, 215542100831640.47, 222997538612135.12, 219969841152899.38, 237687478662722.75, 233943839971348.72, 244067568808956.34, 247419642883683.62, 259351688027533.47, 254726536016864.75, 283124284687310.6, 268178516851940.0, 254690228709833.56, 258187043522726.94, 247400366001956.6], [218527955174305.38, 225798898064164.28, 238535948642959.75, 246152362250518.53, 257507310822216.44, 268086319817553.88, 257337254881843.16, 249455545151907.97, 213952111225048.38, 217046051799975.53, 217417162684113.25, 222889500557240.94, 222306877050380.03, 241542091585216.22, 237899591636677.25, 241571661512512.94, 246163077365487.84, 258106055831668.84, 255126583708317.47, 268178516851940.0, 282187786984332.0, 255092823257439.78, 254620426046049.16, 248196670428070.72], [213367250706901.75, 217972590388251.78, 228927366219708.28, 239964793629036.9, 246761225134743.06, 256698680128887.47, 268243127745881.44, 260144859880919.47, 210289020466486.94, 213246144411131.78, 211506374354084.34, 217637780793909.56, 211156151760649.78, 227584014403139.25, 228640757230314.06, 235780788572478.66, 245883624199446.28, 239726273133132.97, 249200431302367.38, 254690228709833.56, 255092823257439.78, 281861825031474.1, 267218428206953.9, 255828376602747.12], [209899492578774.62, 216103270896072.1, 226676087577464.56, 236797633898801.72, 245002452237484.5, 257179066522955.84, 268514082981009.12, 260101082330942.0, 207051049535669.72, 209560432017593.7, 206798743100798.25, 216279206402556.44, 210322301671424.25, 226626986801009.2, 225311776371205.97, 232706004199657.12, 240819151880338.56, 239447947868025.5, 245652287731840.7, 258187043522726.94, 254620426046049.16, 267218428206953.9, 282424590619268.7, 255716956832605.88], [206146697664457.1, 210826457629512.8, 223262623798525.47, 232491385795328.72, 239744948695925.8, 249027709646940.56, 258853378813412.9, 271639537041791.16, 204378612014379.88, 205548389810834.44, 203674224009136.94, 208565077231711.6, 204786634247068.5, 224357628052848.56, 223563208988441.72, 229916582629240.2, 235263991665410.16, 235437983920626.4, 240573246253746.6, 247400366001956.6, 248196670428070.72, 255828376602747.12, 255716956832605.88, 280690553922711.47], [306544539645.255, 489888980782.4225, 581124196466.5306, 408441248379.7557, 888481379575.3687, 1401687463053.553, 458154599733.0313, -1481205543194.0889, 392631726222.86774, 326183951931.0806, 84879392143.37181, 418507765786.5258, 576723187014.314, 875115946837.1611, 542356607947.44617, 109970692155.52417, 181713080883.2434, 1006146271773.3695, 787039756228.6182, 2299785344352.578, 1580793282519.5515, 742202407016.6163, 742377138435.8213, 1117463063189.7751]]}}