{"resp_b": 0.1, "restrained_fit": true, "exclude_hydrogens": true, "convergence_tolerance": 1e-06, "max_iter": 500, "resp_a": 0.0005, "charge_constraints": {"charge_sum_constraints": [], "charge_equivalence_constraints": [], "molecules": [{"qcmol": {"schema_name": "qcschema_molecule", "schema_version": 2, "validated": true, "symbols": ["C", "C", "C", "C", "C", "C", "C", "O", "H", "H", "H", "H", "H", "H", "H", "H", "H", "H", "H", "H", "H", "H", "H", "H"], "geometry": [[0.0, -0.0, 0.0], [2.8933157198996566, 5.892651821369128e-17, 4.832602078569099e-16], [4.117975571001928, 2.644535256076324, 1.1102230246251565e-15], [4.902612417380168, 3.694295693880858, 2.588266422396891], [2.733883537903817, 4.124179792654367, 4.457104361861765], [3.5190069786239544, 5.288048365237919, 6.998253452319186], [4.030123556094798, 8.117256885601826, 6.988668170903402], [6.260098187869479, 8.64123548456241, 5.6444140374244745], [-0.7780569660933593, 0.9537700704108881, 1.6377740755805699], [-0.7316166801919964, -1.9178403783080653, -0.010152039783964062], [-0.7245942349843767, 0.9492669398235792, -1.6702224970943207], [3.5190957866818455, -1.0218044823283468, -1.6680575154073645], [3.5839223545733754, -1.078976562899983, 1.6082758772058066], [2.857715839342032, 3.9811513679357615, -0.9276449937939388], [5.812272349343925, 2.580994116231728, -1.15961982812078], [5.898389072764965, 5.457707394261563, 2.2990145242394022], [6.259832177162227, 2.4036545424981925, 3.442103872778803], [1.8249368590159283, 2.3271760943845745, 4.855250597880386], [1.2946085330953565, 5.3127934078833565, 3.588912169929542], [2.007698374986658, 4.968144875670091, 8.35537267251416], [5.1793137309683335, 4.32777327956331, 7.733513235207648], [2.4327102043712503, 9.108473646584304, 6.149829435071386], [4.2098332666633365, 8.771167075049064, 8.930942452622554], [6.553942328381828, 10.40586916602889, 5.639090701901609]], "name": "C7H16O", "identifiers": {"molecule_hash": "ddf5c5bbefabeeb01388593a216857f57e2d635e", "molecular_formula": "C7H16O"}, "molecular_charge": 0.0, "molecular_multiplicity": 1, "connectivity": [[0, 1, 1.0], [0, 8, 1.0], [0, 9, 1.0], [0, 10, 1.0], [1, 2, 1.0], [1, 11, 1.0], [1, 12, 1.0], [2, 3, 1.0], [2, 13, 1.0], [2, 14, 1.0], [3, 4, 1.0], [3, 15, 1.0], [3, 16, 1.0], [4, 5, 1.0], [4, 17, 1.0], [4, 18, 1.0], [5, 6, 1.0], [5, 19, 1.0], [5, 20, 1.0], [6, 7, 1.0], [6, 21, 1.0], [6, 22, 1.0], [7, 23, 1.0]], "fix_com": true, "fix_orientation": true, "provenance": {"creator": "QCElemental", "version": "v0.22.0", "routine": "qcelemental.molparse.from_schema"}, "id": "82511"}, "charge": 0, "optimize_geometry": false, "conformers": [], "conformer_generation_options": {"n_conformer_pool": 4000, "n_max_conformers": 0, "rms_tolerance": 0.05, "energy_window": 15, "keep_original_conformer": true}, "stage_1_unrestrained_charges": null, "stage_1_restrained_charges": null, "stage_2_unrestrained_charges": null, "stage_2_restrained_charges": null, "keep_original_orientation": false, "reorientations": [], "translations": [], "rotations": []}], "unconstrained_atoms": [{"index": 0, "molecule": {"qcmol": {"schema_name": "qcschema_molecule", "schema_version": 2, "validated": true, "symbols": ["C", "C", "C", "C", "C", "C", "C", "O", "H", "H", "H", "H", "H", "H", "H", "H", "H", "H", "H", "H", "H", "H", "H", "H"], "geometry": [[0.0, -0.0, 0.0], [2.8933157198996566, 5.892651821369128e-17, 4.832602078569099e-16], [4.117975571001928, 2.644535256076324, 1.1102230246251565e-15], [4.902612417380168, 3.694295693880858, 2.588266422396891], [2.733883537903817, 4.124179792654367, 4.457104361861765], [3.5190069786239544, 5.288048365237919, 6.998253452319186], [4.030123556094798, 8.117256885601826, 6.988668170903402], [6.260098187869479, 8.64123548456241, 5.6444140374244745], [-0.7780569660933593, 0.9537700704108881, 1.6377740755805699], [-0.7316166801919964, -1.9178403783080653, -0.010152039783964062], [-0.7245942349843767, 0.9492669398235792, -1.6702224970943207], [3.5190957866818455, -1.0218044823283468, -1.6680575154073645], [3.5839223545733754, -1.078976562899983, 1.6082758772058066], [2.857715839342032, 3.9811513679357615, -0.9276449937939388], [5.812272349343925, 2.580994116231728, -1.15961982812078], [5.898389072764965, 5.457707394261563, 2.2990145242394022], [6.259832177162227, 2.4036545424981925, 3.442103872778803], [1.8249368590159283, 2.3271760943845745, 4.855250597880386], [1.2946085330953565, 5.3127934078833565, 3.588912169929542], [2.007698374986658, 4.968144875670091, 8.35537267251416], [5.1793137309683335, 4.32777327956331, 7.733513235207648], [2.4327102043712503, 9.108473646584304, 6.149829435071386], [4.2098332666633365, 8.771167075049064, 8.930942452622554], [6.553942328381828, 10.40586916602889, 5.639090701901609]], "name": "C7H16O", "identifiers": {"molecule_hash": "ddf5c5bbefabeeb01388593a216857f57e2d635e", "molecular_formula": "C7H16O"}, "molecular_charge": 0.0, "molecular_multiplicity": 1, "connectivity": [[0, 1, 1.0], [0, 8, 1.0], [0, 9, 1.0], [0, 10, 1.0], [1, 2, 1.0], [1, 11, 1.0], [1, 12, 1.0], [2, 3, 1.0], [2, 13, 1.0], [2, 14, 1.0], [3, 4, 1.0], [3, 15, 1.0], [3, 16, 1.0], [4, 5, 1.0], [4, 17, 1.0], [4, 18, 1.0], [5, 6, 1.0], [5, 19, 1.0], [5, 20, 1.0], [6, 7, 1.0], [6, 21, 1.0], [6, 22, 1.0], [7, 23, 1.0]], "fix_com": true, "fix_orientation": true, "provenance": {"creator": "QCElemental", "version": "v0.22.0", "routine": "qcelemental.molparse.from_schema"}, "id": "82511"}, "charge": 0, "optimize_geometry": false, "conformers": [], "conformer_generation_options": {"n_conformer_pool": 4000, "n_max_conformers": 0, "rms_tolerance": 0.05, "energy_window": 15, "keep_original_conformer": true}, "stage_1_unrestrained_charges": null, "stage_1_restrained_charges": null, "stage_2_unrestrained_charges": null, "stage_2_restrained_charges": null, "keep_original_orientation": false, "reorientations": [], "translations": [], "rotations": []}}, {"index": 1, "molecule": {"qcmol": {"schema_name": "qcschema_molecule", "schema_version": 2, "validated": true, "symbols": ["C", "C", "C", "C", "C", "C", "C", "O", "H", "H", "H", "H", "H", "H", "H", "H", "H", "H", "H", "H", "H", "H", "H", "H"], "geometry": [[0.0, -0.0, 0.0], [2.8933157198996566, 5.892651821369128e-17, 4.832602078569099e-16], [4.117975571001928, 2.644535256076324, 1.1102230246251565e-15], [4.902612417380168, 3.694295693880858, 2.588266422396891], [2.733883537903817, 4.124179792654367, 4.457104361861765], [3.5190069786239544, 5.288048365237919, 6.998253452319186], [4.030123556094798, 8.117256885601826, 6.988668170903402], [6.260098187869479, 8.64123548456241, 5.6444140374244745], [-0.7780569660933593, 0.9537700704108881, 1.6377740755805699], [-0.7316166801919964, -1.9178403783080653, -0.010152039783964062], [-0.7245942349843767, 0.9492669398235792, -1.6702224970943207], [3.5190957866818455, -1.0218044823283468, -1.6680575154073645], [3.5839223545733754, -1.078976562899983, 1.6082758772058066], [2.857715839342032, 3.9811513679357615, -0.9276449937939388], [5.812272349343925, 2.580994116231728, -1.15961982812078], [5.898389072764965, 5.457707394261563, 2.2990145242394022], [6.259832177162227, 2.4036545424981925, 3.442103872778803], [1.8249368590159283, 2.3271760943845745, 4.855250597880386], [1.2946085330953565, 5.3127934078833565, 3.588912169929542], [2.007698374986658, 4.968144875670091, 8.35537267251416], [5.1793137309683335, 4.32777327956331, 7.733513235207648], [2.4327102043712503, 9.108473646584304, 6.149829435071386], [4.2098332666633365, 8.771167075049064, 8.930942452622554], [6.553942328381828, 10.40586916602889, 5.639090701901609]], "name": "C7H16O", "identifiers": {"molecule_hash": "ddf5c5bbefabeeb01388593a216857f57e2d635e", "molecular_formula": "C7H16O"}, "molecular_charge": 0.0, "molecular_multiplicity": 1, "connectivity": [[0, 1, 1.0], [0, 8, 1.0], [0, 9, 1.0], [0, 10, 1.0], [1, 2, 1.0], [1, 11, 1.0], [1, 12, 1.0], [2, 3, 1.0], [2, 13, 1.0], [2, 14, 1.0], [3, 4, 1.0], [3, 15, 1.0], [3, 16, 1.0], [4, 5, 1.0], [4, 17, 1.0], [4, 18, 1.0], [5, 6, 1.0], [5, 19, 1.0], [5, 20, 1.0], [6, 7, 1.0], [6, 21, 1.0], [6, 22, 1.0], [7, 23, 1.0]], "fix_com": true, "fix_orientation": true, "provenance": {"creator": "QCElemental", "version": "v0.22.0", "routine": "qcelemental.molparse.from_schema"}, "id": "82511"}, "charge": 0, "optimize_geometry": false, "conformers": [], "conformer_generation_options": {"n_conformer_pool": 4000, "n_max_conformers": 0, "rms_tolerance": 0.05, "energy_window": 15, "keep_original_conformer": true}, "stage_1_unrestrained_charges": null, "stage_1_restrained_charges": null, "stage_2_unrestrained_charges": null, "stage_2_restrained_charges": null, "keep_original_orientation": false, "reorientations": [], "translations": [], "rotations": []}}, {"index": 2, "molecule": {"qcmol": {"schema_name": "qcschema_molecule", "schema_version": 2, "validated": true, "symbols": ["C", "C", "C", "C", "C", "C", "C", "O", "H", "H", "H", "H", "H", "H", "H", "H", "H", "H", "H", "H", "H", "H", "H", "H"], "geometry": [[0.0, -0.0, 0.0], [2.8933157198996566, 5.892651821369128e-17, 4.832602078569099e-16], [4.117975571001928, 2.644535256076324, 1.1102230246251565e-15], [4.902612417380168, 3.694295693880858, 2.588266422396891], [2.733883537903817, 4.124179792654367, 4.457104361861765], [3.5190069786239544, 5.288048365237919, 6.998253452319186], [4.030123556094798, 8.117256885601826, 6.988668170903402], [6.260098187869479, 8.64123548456241, 5.6444140374244745], [-0.7780569660933593, 0.9537700704108881, 1.6377740755805699], [-0.7316166801919964, -1.9178403783080653, -0.010152039783964062], [-0.7245942349843767, 0.9492669398235792, -1.6702224970943207], [3.5190957866818455, -1.0218044823283468, -1.6680575154073645], [3.5839223545733754, -1.078976562899983, 1.6082758772058066], [2.857715839342032, 3.9811513679357615, -0.9276449937939388], [5.812272349343925, 2.580994116231728, -1.15961982812078], [5.898389072764965, 5.457707394261563, 2.2990145242394022], [6.259832177162227, 2.4036545424981925, 3.442103872778803], [1.8249368590159283, 2.3271760943845745, 4.855250597880386], [1.2946085330953565, 5.3127934078833565, 3.588912169929542], [2.007698374986658, 4.968144875670091, 8.35537267251416], [5.1793137309683335, 4.32777327956331, 7.733513235207648], [2.4327102043712503, 9.108473646584304, 6.149829435071386], [4.2098332666633365, 8.771167075049064, 8.930942452622554], [6.553942328381828, 10.40586916602889, 5.639090701901609]], "name": "C7H16O", "identifiers": {"molecule_hash": "ddf5c5bbefabeeb01388593a216857f57e2d635e", "molecular_formula": "C7H16O"}, "molecular_charge": 0.0, "molecular_multiplicity": 1, "connectivity": [[0, 1, 1.0], [0, 8, 1.0], [0, 9, 1.0], [0, 10, 1.0], [1, 2, 1.0], [1, 11, 1.0], [1, 12, 1.0], [2, 3, 1.0], [2, 13, 1.0], [2, 14, 1.0], [3, 4, 1.0], [3, 15, 1.0], [3, 16, 1.0], [4, 5, 1.0], [4, 17, 1.0], [4, 18, 1.0], [5, 6, 1.0], [5, 19, 1.0], [5, 20, 1.0], [6, 7, 1.0], [6, 21, 1.0], [6, 22, 1.0], [7, 23, 1.0]], "fix_com": true, "fix_orientation": true, "provenance": {"creator": "QCElemental", "version": "v0.22.0", "routine": "qcelemental.molparse.from_schema"}, "id": "82511"}, "charge": 0, "optimize_geometry": false, "conformers": [], "conformer_generation_options": {"n_conformer_pool": 4000, "n_max_conformers": 0, "rms_tolerance": 0.05, "energy_window": 15, "keep_original_conformer": true}, "stage_1_unrestrained_charges": null, "stage_1_restrained_charges": null, "stage_2_unrestrained_charges": null, "stage_2_restrained_charges": null, "keep_original_orientation": false, "reorientations": [], "translations": [], "rotations": []}}, {"index": 3, "molecule": {"qcmol": {"schema_name": "qcschema_molecule", "schema_version": 2, "validated": true, "symbols": ["C", "C", "C", "C", "C", "C", "C", "O", "H", "H", "H", "H", "H", "H", "H", "H", "H", "H", "H", "H", "H", "H", "H", "H"], "geometry": [[0.0, -0.0, 0.0], [2.8933157198996566, 5.892651821369128e-17, 4.832602078569099e-16], [4.117975571001928, 2.644535256076324, 1.1102230246251565e-15], [4.902612417380168, 3.694295693880858, 2.588266422396891], [2.733883537903817, 4.124179792654367, 4.457104361861765], [3.5190069786239544, 5.288048365237919, 6.998253452319186], [4.030123556094798, 8.117256885601826, 6.988668170903402], [6.260098187869479, 8.64123548456241, 5.6444140374244745], [-0.7780569660933593, 0.9537700704108881, 1.6377740755805699], [-0.7316166801919964, -1.9178403783080653, -0.010152039783964062], [-0.7245942349843767, 0.9492669398235792, -1.6702224970943207], [3.5190957866818455, -1.0218044823283468, -1.6680575154073645], [3.5839223545733754, -1.078976562899983, 1.6082758772058066], [2.857715839342032, 3.9811513679357615, -0.9276449937939388], [5.812272349343925, 2.580994116231728, -1.15961982812078], [5.898389072764965, 5.457707394261563, 2.2990145242394022], [6.259832177162227, 2.4036545424981925, 3.442103872778803], [1.8249368590159283, 2.3271760943845745, 4.855250597880386], [1.2946085330953565, 5.3127934078833565, 3.588912169929542], [2.007698374986658, 4.968144875670091, 8.35537267251416], [5.1793137309683335, 4.32777327956331, 7.733513235207648], [2.4327102043712503, 9.108473646584304, 6.149829435071386], [4.2098332666633365, 8.771167075049064, 8.930942452622554], [6.553942328381828, 10.40586916602889, 5.639090701901609]], "name": "C7H16O", "identifiers": {"molecule_hash": "ddf5c5bbefabeeb01388593a216857f57e2d635e", "molecular_formula": "C7H16O"}, "molecular_charge": 0.0, "molecular_multiplicity": 1, "connectivity": [[0, 1, 1.0], [0, 8, 1.0], [0, 9, 1.0], [0, 10, 1.0], [1, 2, 1.0], [1, 11, 1.0], [1, 12, 1.0], [2, 3, 1.0], [2, 13, 1.0], [2, 14, 1.0], [3, 4, 1.0], [3, 15, 1.0], [3, 16, 1.0], [4, 5, 1.0], [4, 17, 1.0], [4, 18, 1.0], [5, 6, 1.0], [5, 19, 1.0], [5, 20, 1.0], [6, 7, 1.0], [6, 21, 1.0], [6, 22, 1.0], [7, 23, 1.0]], "fix_com": true, "fix_orientation": true, "provenance": {"creator": "QCElemental", "version": "v0.22.0", "routine": "qcelemental.molparse.from_schema"}, "id": "82511"}, "charge": 0, "optimize_geometry": false, "conformers": [], "conformer_generation_options": {"n_conformer_pool": 4000, "n_max_conformers": 0, "rms_tolerance": 0.05, "energy_window": 15, "keep_original_conformer": true}, "stage_1_unrestrained_charges": null, "stage_1_restrained_charges": null, "stage_2_unrestrained_charges": null, "stage_2_restrained_charges": null, "keep_original_orientation": false, "reorientations": [], "translations": [], "rotations": []}}, {"index": 4, "molecule": {"qcmol": {"schema_name": "qcschema_molecule", "schema_version": 2, "validated": true, "symbols": ["C", "C", "C", "C", "C", "C", "C", "O", "H", "H", "H", "H", "H", "H", "H", "H", "H", "H", "H", "H", "H", "H", "H", "H"], "geometry": [[0.0, -0.0, 0.0], [2.8933157198996566, 5.892651821369128e-17, 4.832602078569099e-16], [4.117975571001928, 2.644535256076324, 1.1102230246251565e-15], [4.902612417380168, 3.694295693880858, 2.588266422396891], [2.733883537903817, 4.124179792654367, 4.457104361861765], [3.5190069786239544, 5.288048365237919, 6.998253452319186], [4.030123556094798, 8.117256885601826, 6.988668170903402], [6.260098187869479, 8.64123548456241, 5.6444140374244745], [-0.7780569660933593, 0.9537700704108881, 1.6377740755805699], [-0.7316166801919964, -1.9178403783080653, -0.010152039783964062], [-0.7245942349843767, 0.9492669398235792, -1.6702224970943207], [3.5190957866818455, -1.0218044823283468, -1.6680575154073645], [3.5839223545733754, -1.078976562899983, 1.6082758772058066], [2.857715839342032, 3.9811513679357615, -0.9276449937939388], [5.812272349343925, 2.580994116231728, -1.15961982812078], [5.898389072764965, 5.457707394261563, 2.2990145242394022], [6.259832177162227, 2.4036545424981925, 3.442103872778803], [1.8249368590159283, 2.3271760943845745, 4.855250597880386], [1.2946085330953565, 5.3127934078833565, 3.588912169929542], [2.007698374986658, 4.968144875670091, 8.35537267251416], [5.1793137309683335, 4.32777327956331, 7.733513235207648], [2.4327102043712503, 9.108473646584304, 6.149829435071386], [4.2098332666633365, 8.771167075049064, 8.930942452622554], [6.553942328381828, 10.40586916602889, 5.639090701901609]], "name": "C7H16O", "identifiers": {"molecule_hash": "ddf5c5bbefabeeb01388593a216857f57e2d635e", "molecular_formula": "C7H16O"}, "molecular_charge": 0.0, "molecular_multiplicity": 1, "connectivity": [[0, 1, 1.0], [0, 8, 1.0], [0, 9, 1.0], [0, 10, 1.0], [1, 2, 1.0], [1, 11, 1.0], [1, 12, 1.0], [2, 3, 1.0], [2, 13, 1.0], [2, 14, 1.0], [3, 4, 1.0], [3, 15, 1.0], [3, 16, 1.0], [4, 5, 1.0], [4, 17, 1.0], [4, 18, 1.0], [5, 6, 1.0], [5, 19, 1.0], [5, 20, 1.0], [6, 7, 1.0], [6, 21, 1.0], [6, 22, 1.0], [7, 23, 1.0]], "fix_com": true, "fix_orientation": true, "provenance": {"creator": "QCElemental", "version": "v0.22.0", "routine": "qcelemental.molparse.from_schema"}, "id": "82511"}, "charge": 0, "optimize_geometry": false, "conformers": [], "conformer_generation_options": {"n_conformer_pool": 4000, "n_max_conformers": 0, "rms_tolerance": 0.05, "energy_window": 15, "keep_original_conformer": true}, "stage_1_unrestrained_charges": null, "stage_1_restrained_charges": null, "stage_2_unrestrained_charges": null, "stage_2_restrained_charges": null, "keep_original_orientation": false, "reorientations": [], "translations": [], "rotations": []}}, {"index": 5, "molecule": {"qcmol": {"schema_name": "qcschema_molecule", "schema_version": 2, "validated": true, "symbols": ["C", "C", "C", "C", "C", "C", "C", "O", "H", "H", "H", "H", "H", "H", "H", "H", "H", "H", "H", "H", "H", "H", "H", "H"], "geometry": [[0.0, -0.0, 0.0], [2.8933157198996566, 5.892651821369128e-17, 4.832602078569099e-16], [4.117975571001928, 2.644535256076324, 1.1102230246251565e-15], [4.902612417380168, 3.694295693880858, 2.588266422396891], [2.733883537903817, 4.124179792654367, 4.457104361861765], [3.5190069786239544, 5.288048365237919, 6.998253452319186], [4.030123556094798, 8.117256885601826, 6.988668170903402], [6.260098187869479, 8.64123548456241, 5.6444140374244745], [-0.7780569660933593, 0.9537700704108881, 1.6377740755805699], [-0.7316166801919964, -1.9178403783080653, -0.010152039783964062], [-0.7245942349843767, 0.9492669398235792, -1.6702224970943207], [3.5190957866818455, -1.0218044823283468, -1.6680575154073645], [3.5839223545733754, -1.078976562899983, 1.6082758772058066], [2.857715839342032, 3.9811513679357615, -0.9276449937939388], [5.812272349343925, 2.580994116231728, -1.15961982812078], [5.898389072764965, 5.457707394261563, 2.2990145242394022], [6.259832177162227, 2.4036545424981925, 3.442103872778803], [1.8249368590159283, 2.3271760943845745, 4.855250597880386], [1.2946085330953565, 5.3127934078833565, 3.588912169929542], [2.007698374986658, 4.968144875670091, 8.35537267251416], [5.1793137309683335, 4.32777327956331, 7.733513235207648], [2.4327102043712503, 9.108473646584304, 6.149829435071386], [4.2098332666633365, 8.771167075049064, 8.930942452622554], [6.553942328381828, 10.40586916602889, 5.639090701901609]], "name": "C7H16O", "identifiers": {"molecule_hash": "ddf5c5bbefabeeb01388593a216857f57e2d635e", "molecular_formula": "C7H16O"}, "molecular_charge": 0.0, "molecular_multiplicity": 1, "connectivity": [[0, 1, 1.0], [0, 8, 1.0], [0, 9, 1.0], [0, 10, 1.0], [1, 2, 1.0], [1, 11, 1.0], [1, 12, 1.0], [2, 3, 1.0], [2, 13, 1.0], [2, 14, 1.0], [3, 4, 1.0], [3, 15, 1.0], [3, 16, 1.0], [4, 5, 1.0], [4, 17, 1.0], [4, 18, 1.0], [5, 6, 1.0], [5, 19, 1.0], [5, 20, 1.0], [6, 7, 1.0], [6, 21, 1.0], [6, 22, 1.0], [7, 23, 1.0]], "fix_com": true, "fix_orientation": true, "provenance": {"creator": "QCElemental", "version": "v0.22.0", "routine": "qcelemental.molparse.from_schema"}, "id": "82511"}, "charge": 0, "optimize_geometry": false, "conformers": [], "conformer_generation_options": {"n_conformer_pool": 4000, "n_max_conformers": 0, "rms_tolerance": 0.05, "energy_window": 15, "keep_original_conformer": true}, "stage_1_unrestrained_charges": null, "stage_1_restrained_charges": null, "stage_2_unrestrained_charges": null, "stage_2_restrained_charges": null, "keep_original_orientation": false, "reorientations": [], "translations": [], "rotations": []}}, {"index": 6, "molecule": {"qcmol": {"schema_name": "qcschema_molecule", "schema_version": 2, "validated": true, "symbols": ["C", "C", "C", "C", "C", "C", "C", "O", "H", "H", "H", "H", "H", "H", "H", "H", "H", "H", "H", "H", "H", "H", "H", "H"], "geometry": [[0.0, -0.0, 0.0], [2.8933157198996566, 5.892651821369128e-17, 4.832602078569099e-16], [4.117975571001928, 2.644535256076324, 1.1102230246251565e-15], [4.902612417380168, 3.694295693880858, 2.588266422396891], [2.733883537903817, 4.124179792654367, 4.457104361861765], [3.5190069786239544, 5.288048365237919, 6.998253452319186], [4.030123556094798, 8.117256885601826, 6.988668170903402], [6.260098187869479, 8.64123548456241, 5.6444140374244745], [-0.7780569660933593, 0.9537700704108881, 1.6377740755805699], [-0.7316166801919964, -1.9178403783080653, -0.010152039783964062], [-0.7245942349843767, 0.9492669398235792, -1.6702224970943207], [3.5190957866818455, -1.0218044823283468, -1.6680575154073645], [3.5839223545733754, -1.078976562899983, 1.6082758772058066], [2.857715839342032, 3.9811513679357615, -0.9276449937939388], [5.812272349343925, 2.580994116231728, -1.15961982812078], [5.898389072764965, 5.457707394261563, 2.2990145242394022], [6.259832177162227, 2.4036545424981925, 3.442103872778803], [1.8249368590159283, 2.3271760943845745, 4.855250597880386], [1.2946085330953565, 5.3127934078833565, 3.588912169929542], [2.007698374986658, 4.968144875670091, 8.35537267251416], [5.1793137309683335, 4.32777327956331, 7.733513235207648], [2.4327102043712503, 9.108473646584304, 6.149829435071386], [4.2098332666633365, 8.771167075049064, 8.930942452622554], [6.553942328381828, 10.40586916602889, 5.639090701901609]], "name": "C7H16O", "identifiers": {"molecule_hash": "ddf5c5bbefabeeb01388593a216857f57e2d635e", "molecular_formula": "C7H16O"}, "molecular_charge": 0.0, "molecular_multiplicity": 1, "connectivity": [[0, 1, 1.0], [0, 8, 1.0], [0, 9, 1.0], [0, 10, 1.0], [1, 2, 1.0], [1, 11, 1.0], [1, 12, 1.0], [2, 3, 1.0], [2, 13, 1.0], [2, 14, 1.0], [3, 4, 1.0], [3, 15, 1.0], [3, 16, 1.0], [4, 5, 1.0], [4, 17, 1.0], [4, 18, 1.0], [5, 6, 1.0], [5, 19, 1.0], [5, 20, 1.0], [6, 7, 1.0], [6, 21, 1.0], [6, 22, 1.0], [7, 23, 1.0]], "fix_com": true, "fix_orientation": true, "provenance": {"creator": "QCElemental", "version": "v0.22.0", "routine": "qcelemental.molparse.from_schema"}, "id": "82511"}, "charge": 0, "optimize_geometry": false, "conformers": [], "conformer_generation_options": {"n_conformer_pool": 4000, "n_max_conformers": 0, "rms_tolerance": 0.05, "energy_window": 15, "keep_original_conformer": true}, "stage_1_unrestrained_charges": null, "stage_1_restrained_charges": null, "stage_2_unrestrained_charges": null, "stage_2_restrained_charges": null, "keep_original_orientation": false, "reorientations": [], "translations": [], "rotations": []}}]}, "surface_constraints": {"matrix": [[652427460712832.2, 632067472527075.8, 609893949263947.5, 590525040558096.9, 559485661349734.06, 541304206997193.25, 526130034203112.94, 518043048261521.0, 656224183874389.4, 657234508383452.2, 656520043287009.4, 630210062581481.8, 628929287579639.6, 611306526201290.5, 602262656150285.0, 590011354984396.8, 597863063013129.5, 559490272340170.44, 546046727176886.2, 538385140300305.9, 538023206237677.94, 526986021000787.3, 518862752159889.8, 511892198218403.9], [632067472527075.8, 644863874697773.2, 629992935655320.9, 607959794217456.6, 579101038306289.5, 556782711845397.9, 538841037617483.3, 529046648577322.94, 627093180571032.1, 628000890401347.1, 627317171128243.1, 653050782065832.2, 651893778187309.6, 629843124318983.1, 631174798074206.8, 608275630586712.2, 610370348888022.0, 581488639338455.0, 568067462018549.2, 551865024676544.4, 554544790678161.1, 537192586336039.75, 532900026181935.8, 522494640421159.75], [609893949263947.5, 629992935655320.9, 645301854100667.8, 629994652194169.1, 608482028797123.0, 585269970402960.9, 565883869699859.2, 557623480080707.2, 604904231635073.9, 601991268041024.8, 604743503785459.0, 628860572593264.4, 628567435873418.9, 654484713021490.8, 655683568061767.2, 632137893604697.9, 628860909213685.9, 612293824791817.6, 601628339263021.6, 579041583139536.5, 584605380178797.6, 563197727572359.2, 558031284104036.2, 552491505808296.2], [590525040558096.9, 607959794217456.6, 629994652194169.1, 645099114120367.4, 629973902204068.4, 607279373096786.0, 590001980633802.9, 581612274501476.6, 584391961882815.5, 588168775068672.6, 583391995950278.5, 610933014286307.6, 595914692851363.8, 629692420738766.9, 631054745709424.5, 656893023863875.6, 653337810322613.9, 629852818119785.0, 631202645217907.6, 603507553900773.9, 602409571068721.8, 589094708685075.2, 581761742180054.0, 574644377093076.1], [559485661349734.06, 579101038306289.5, 608482028797123.0, 629973902204068.4, 644522275959460.2, 629014717146429.1, 607818912253939.1, 596327070949576.4, 550334813737230.5, 557794154343599.94, 553198064262263.75, 579619119991712.0, 566695212765173.8, 611352197464331.1, 608366442629022.1, 632451699042744.2, 629074882181159.9, 654001382427854.1, 654280678345581.6, 629149392886556.5, 628360828364809.2, 604840931383454.1, 600716726620264.1, 591936474206374.2], [541304206997193.25, 556782711845397.9, 585269970402960.9, 607279373096786.0, 629014717146429.1, 644076978564638.4, 630110165891993.0, 615572920200309.6, 532673484235695.56, 541046931611578.2, 536185609902393.1, 553730185537095.9, 545557844592723.2, 589136429421930.4, 583485834347577.6, 601425831483111.5, 610345340466508.8, 630092626859866.6, 629013274785065.5, 653564497116727.4, 652841110277767.9, 627794430837168.5, 628911397402444.9, 614303982584361.4], [526130034203112.94, 538841037617483.3, 565883869699859.2, 590001980633802.9, 607818912253939.1, 630110165891993.0, 648188416753179.5, 641822281898296.5, 519405591880035.75, 526055844930691.9, 521115236054051.8, 537583553102340.5, 524753664854471.25, 566308029206262.9, 564932137559372.9, 582431578324472.1, 599708599909995.8, 597135444358887.8, 611303419692829.5, 630157028452494.2, 629473044401121.5, 655059373422375.5, 655860110180671.6, 638417087853550.2], [518043048261521.0, 529046648577322.94, 557623480080707.2, 581612274501476.6, 596327070949576.4, 615572920200309.6, 641822281898296.5, 668323057564481.2, 512718576132092.6, 517284945748140.75, 514017544201383.4, 526028119058435.75, 514153137646686.3, 558209473211841.0, 558273410805361.06, 576956706998553.8, 591082978520406.6, 585256311339371.1, 600071134665303.2, 608420904364902.1, 613717910997056.5, 639022709954600.4, 639272194351017.0, 670870635854686.9], [656224183874389.4, 627093180571032.1, 604904231635073.9, 584391961882815.5, 550334813737230.5, 532673484235695.56, 519405591880035.75, 512718576132092.6, 686158329088530.1, 651788460924676.2, 651116602477757.4, 620995329752415.4, 621296196557878.0, 605856929285168.2, 598638999191534.9, 583458995981408.8, 594093735891419.8, 548805028499438.44, 536025733929354.8, 529857760642495.2, 527846380052389.1, 520344739659676.3, 512619058608724.1, 508194987446602.4], [657234508383452.2, 628000890401347.1, 601991268041024.8, 588168775068672.6, 557794154343599.94, 541046931611578.2, 526055844930691.9, 517284945748140.75, 651788460924676.2, 688260359729251.0, 652118166712659.4, 626671345195015.0, 620748708234454.5, 601417873085750.2, 588937606832032.2, 587041575215239.2, 599801948152430.0, 558578536564038.1, 542724088270333.75, 541542431856004.56, 535385191842898.44, 527588965601320.56, 518999789220573.1, 511238404588584.4], [656520043287009.4, 627317171128243.1, 604743503785459.0, 583391995950278.5, 553198064262263.75, 536185609902393.1, 521115236054051.8, 514017544201383.4, 651116602477757.4, 652118166712659.4, 686840325506922.5, 620685077945942.1, 622227233036575.9, 609707139790264.5, 595075331564683.1, 583152839689469.2, 588174024334588.8, 551907509713883.25, 540709644338443.0, 531280419556853.56, 535928763639148.4, 523061848046933.7, 511990712291952.8, 506527490529979.94], [630210062581481.8, 653050782065832.2, 628860572593264.4, 610933014286307.6, 579619119991712.0, 553730185537095.9, 537583553102340.5, 526028119058435.75, 620995329752415.4, 626671345195015.0, 620685077945942.1, 687004146843254.6, 650744680144110.9, 616778301535054.5, 630298859016149.2, 614700223686589.4, 614783319937126.0, 582118133367611.8, 570133519337340.8, 548042863778236.1, 548082873809204.9, 536840333497147.6, 533629556928116.56, 517432112779152.56], [628929287579639.6, 651893778187309.6, 628567435873418.9, 595914692851363.8, 566695212765173.8, 545557844592723.2, 524753664854471.25, 514153137646686.3, 621296196557878.0, 620748708234454.5, 622227233036575.9, 650744680144110.9, 683643237433092.9, 631022747121642.6, 629422518680297.4, 591977023100239.8, 595405769895620.8, 570151737132968.5, 553241541970587.4, 540843581811335.5, 546536591829348.25, 521081913161952.6, 519358084958397.25, 508046343710049.5], [611306526201290.5, 629843124318983.1, 654484713021490.8, 629692420738766.9, 611352197464331.1, 589136429421930.4, 566308029206262.9, 558209473211841.0, 605856929285168.2, 601417873085750.2, 609707139790264.5, 616778301535054.5, 631022747121642.6, 688521098262946.8, 656124329582569.5, 627213733095451.6, 622424628005420.5, 617299076750063.4, 603552041117393.8, 582955793724707.1, 592220704666846.9, 560621410875474.06, 558570891396653.6, 555603550456853.2], [602262656150285.0, 631174798074206.8, 655683568061767.2, 631054745709424.5, 608366442629022.1, 583485834347577.6, 564932137559372.9, 558273410805361.06, 598638999191534.9, 588937606832032.2, 595075331564683.1, 630298859016149.2, 629422518680297.4, 656124329582569.5, 690212581314576.9, 631064566127250.2, 625289400598225.8, 613939855304104.4, 600263300833677.4, 574227419899630.4, 583875294971605.4, 563073913763169.9, 555334913320244.2, 553800974546014.6], [590011354984396.8, 608275630586712.2, 632137893604697.9, 656893023863875.6, 632451699042744.2, 601425831483111.5, 582431578324472.1, 576956706998553.8, 583458995981408.8, 587041575215239.2, 583152839689469.2, 614700223686589.4, 591977023100239.8, 627213733095451.6, 631064566127250.2, 692461905721319.1, 657069152146247.4, 630540578706265.1, 634814488621285.1, 597618423616794.2, 592003242759865.5, 579533775412899.0, 572426062878739.1, 568752250029006.9], [597863063013129.5, 610370348888022.0, 628860909213685.9, 653337810322613.9, 629074882181159.9, 610345340466508.8, 599708599909995.8, 591082978520406.6, 594093735891419.8, 599801948152430.0, 588174024334588.8, 614783319937126.0, 595405769895620.8, 622424628005420.5, 625289400598225.8, 657069152146247.4, 685479026141399.1, 619230712050348.2, 628901123100282.8, 605848200489930.6, 603449382354824.5, 603765924972640.9, 591983255079103.6, 581939683303919.4], [559490272340170.44, 581488639338455.0, 612293824791817.6, 629852818119785.0, 654001382427854.1, 630092626859866.6, 597135444358887.8, 585256311339371.1, 548805028499438.44, 558578536564038.1, 551907509713883.25, 582118133367611.8, 570151737132968.5, 617299076750063.4, 613939855304104.4, 630540578706265.1, 619230712050348.2, 687796628747701.0, 654509833499848.5, 632536861828351.0, 629921482671336.1, 588541147697941.0, 587881552654349.0, 581734536273039.0], [546046727176886.2, 568067462018549.2, 601628339263021.6, 631202645217907.6, 654280678345581.6, 629013274785065.5, 611303419692829.5, 600071134665303.2, 536025733929354.8, 542724088270333.75, 540709644338443.0, 570133519337340.8, 553241541970587.4, 603552041117393.8, 600263300833677.4, 634814488621285.1, 628901123100282.8, 654509833499848.5, 688780685670492.0, 622391118819944.1, 623720631671085.4, 611573651440812.8, 603147514327099.0, 594722487919560.5], [538385140300305.9, 551865024676544.4, 579041583139536.5, 603507553900773.9, 629149392886556.5, 653564497116727.4, 630157028452494.2, 608420904364902.1, 529857760642495.2, 541542431856004.56, 531280419556853.56, 548042863778236.1, 540843581811335.5, 582955793724707.1, 574227419899630.4, 597618423616794.2, 605848200489930.6, 632536861828351.0, 622391118819944.1, 687612288420350.0, 653330270168864.6, 623280432956060.8, 631397806515450.5, 610706065330293.1], [538023206237677.94, 554544790678161.1, 584605380178797.6, 602409571068721.8, 628360828364809.2, 652841110277767.9, 629473044401121.5, 613717910997056.5, 527846380052389.1, 535385191842898.44, 535928763639148.4, 548082873809204.9, 546536591829348.25, 592220704666846.9, 583875294971605.4, 592003242759865.5, 603449382354824.5, 629921482671336.1, 623720631671085.4, 653330270168864.6, 686359067417123.2, 624786254205176.4, 623734016607050.9, 612994050093785.9], [526986021000787.3, 537192586336039.75, 563197727572359.2, 589094708685075.2, 604840931383454.1, 627794430837168.5, 655059373422375.5, 639022709954600.4, 520344739659676.3, 527588965601320.56, 523061848046933.7, 536840333497147.6, 521081913161952.6, 560621410875474.06, 563073913763169.9, 579533775412899.0, 603765924972640.9, 588541147697941.0, 611573651440812.8, 623280432956060.8, 624786254205176.4, 687237063699186.8, 653302002451995.6, 631593386454021.6], [518862752159889.8, 532900026181935.8, 558031284104036.2, 581761742180054.0, 600716726620264.1, 628911397402444.9, 655860110180671.6, 639272194351017.0, 512619058608724.1, 518999789220573.1, 511990712291952.8, 533629556928116.56, 519358084958397.25, 558570891396653.6, 555334913320244.2, 572426062878739.1, 591983255079103.6, 587881552654349.0, 603147514327099.0, 631397806515450.5, 623734016607050.9, 653302002451995.6, 688998110408109.9, 631640888146594.1], [511892198218403.9, 522494640421159.75, 552491505808296.2, 574644377093076.1, 591936474206374.2, 614303982584361.4, 638417087853550.2, 670870635854686.9, 508194987446602.4, 511238404588584.4, 506527490529979.94, 517432112779152.56, 508046343710049.5, 555603550456853.2, 553800974546014.6, 568752250029006.9, 581939683303919.4, 581734536273039.0, 594722487919560.5, 610706065330293.1, 612994050093785.9, 631593386454021.6, 631640888146594.1, 695818763101064.2], [1310954581184.0002, 1843266706518.1384, 2090003605825.621, 1440480363275.2095, 2931242627968.038, 4511745215207.426, 1847422319035.805, -3324361554939.7236, 1534515431895.9482, 1460586989043.2795, 545221262074.08264, 1631073616871.622, 2133516944647.4736, 3064488572527.5513, 1932258630948.767, 347675294880.89185, 783445636214.6327, 3408936136246.8945, 2468384682026.7524, 7209960269067.015, 5044744902741.417, 2493184507045.4634, 2611717663518.4844, 3502736829066.2646]]}}