{"resp_b": 0.1, "restrained_fit": true, "exclude_hydrogens": true, "convergence_tolerance": 1e-06, "max_iter": 500, "resp_a": 0.0005, "charge_constraints": {"charge_sum_constraints": [], "charge_equivalence_constraints": [], "molecules": [{"qcmol": {"schema_name": "qcschema_molecule", "schema_version": 2, "validated": true, "symbols": ["C", "C", "C", "C", "H", "H", "H", "H", "H", "H", "H", "H", "H", "H"], "geometry": [[0.0, 0.0, -0.0], [2.896651408210259, -4.770442003010679e-16, 8.597839364838951e-17], [4.035373861310352, 2.665325518168906, 3.3306690738754696e-16], [6.932064486703268, 2.665178520722038, 0.00037233241544432083], [-0.7587724722240268, -1.926092306360054, -8.266449217636529e-05], [-0.7459951675533651, 0.9714100198663274, 1.6709693826703882], [-0.7459870092492162, 0.9715549868859434, -1.6708871093730338], [3.5907671296353536, -1.0369246531095866, 1.6584394572006667], [3.590722052435199, -1.0368582053397146, -1.6585034167856918], [3.3411332682665646, 3.7023073167808986, 1.6583441583619893], [3.341549480965578, 3.702117297624128, -1.6586369832863306], [7.677755970840805, 1.693901343869504, 1.6715522973289554], [7.678195949595578, 1.6933858289597687, -1.6703079910582348], [7.690980408387058, 4.59121257600431, 0.00019678256686050943]], "name": "C4H10", "identifiers": {"molecule_hash": "c01e03ae0ca20cb2646e5f84d63522fb8ea0d114", "molecular_formula": "C4H10"}, "molecular_charge": 0.0, "molecular_multiplicity": 1, "connectivity": [[0, 1, 1.0], [0, 4, 1.0], [0, 5, 1.0], [0, 6, 1.0], [1, 2, 1.0], [1, 7, 1.0], [1, 8, 1.0], [2, 3, 1.0], [2, 9, 1.0], [2, 10, 1.0], [3, 11, 1.0], [3, 12, 1.0], [3, 13, 1.0]], "fix_com": true, "fix_orientation": true, "provenance": {"creator": "QCElemental", "version": "v0.22.0", "routine": "qcelemental.molparse.from_schema"}, "id": "12188"}, "charge": 0, "optimize_geometry": false, "conformers": [], "conformer_generation_options": {"n_conformer_pool": 4000, "n_max_conformers": 0, "rms_tolerance": 0.05, "energy_window": 15, "keep_original_conformer": true}, "stage_1_unrestrained_charges": null, "stage_1_restrained_charges": null, "stage_2_unrestrained_charges": null, "stage_2_restrained_charges": null, "keep_original_orientation": false, "reorientations": [], "translations": [], "rotations": []}], "unconstrained_atoms": [{"index": 0, "molecule": {"qcmol": {"schema_name": "qcschema_molecule", "schema_version": 2, "validated": true, "symbols": ["C", "C", "C", "C", "H", "H", "H", "H", "H", "H", "H", "H", "H", "H"], "geometry": [[0.0, 0.0, -0.0], [2.896651408210259, -4.770442003010679e-16, 8.597839364838951e-17], [4.035373861310352, 2.665325518168906, 3.3306690738754696e-16], [6.932064486703268, 2.665178520722038, 0.00037233241544432083], [-0.7587724722240268, -1.926092306360054, -8.266449217636529e-05], [-0.7459951675533651, 0.9714100198663274, 1.6709693826703882], [-0.7459870092492162, 0.9715549868859434, -1.6708871093730338], [3.5907671296353536, -1.0369246531095866, 1.6584394572006667], [3.590722052435199, -1.0368582053397146, -1.6585034167856918], [3.3411332682665646, 3.7023073167808986, 1.6583441583619893], [3.341549480965578, 3.702117297624128, -1.6586369832863306], [7.677755970840805, 1.693901343869504, 1.6715522973289554], [7.678195949595578, 1.6933858289597687, -1.6703079910582348], [7.690980408387058, 4.59121257600431, 0.00019678256686050943]], "name": "C4H10", "identifiers": {"molecule_hash": "c01e03ae0ca20cb2646e5f84d63522fb8ea0d114", "molecular_formula": "C4H10"}, "molecular_charge": 0.0, "molecular_multiplicity": 1, "connectivity": [[0, 1, 1.0], [0, 4, 1.0], [0, 5, 1.0], [0, 6, 1.0], [1, 2, 1.0], [1, 7, 1.0], [1, 8, 1.0], [2, 3, 1.0], [2, 9, 1.0], [2, 10, 1.0], [3, 11, 1.0], [3, 12, 1.0], [3, 13, 1.0]], "fix_com": true, "fix_orientation": true, "provenance": {"creator": "QCElemental", "version": "v0.22.0", "routine": "qcelemental.molparse.from_schema"}, "id": "12188"}, "charge": 0, "optimize_geometry": false, "conformers": [], "conformer_generation_options": {"n_conformer_pool": 4000, "n_max_conformers": 0, "rms_tolerance": 0.05, "energy_window": 15, "keep_original_conformer": true}, "stage_1_unrestrained_charges": null, "stage_1_restrained_charges": null, "stage_2_unrestrained_charges": null, "stage_2_restrained_charges": null, "keep_original_orientation": false, "reorientations": [], "translations": [], "rotations": []}}, {"index": 1, "molecule": {"qcmol": {"schema_name": "qcschema_molecule", "schema_version": 2, "validated": true, "symbols": ["C", "C", "C", "C", "H", "H", "H", "H", "H", "H", "H", "H", "H", "H"], "geometry": [[0.0, 0.0, -0.0], [2.896651408210259, -4.770442003010679e-16, 8.597839364838951e-17], [4.035373861310352, 2.665325518168906, 3.3306690738754696e-16], [6.932064486703268, 2.665178520722038, 0.00037233241544432083], [-0.7587724722240268, -1.926092306360054, -8.266449217636529e-05], [-0.7459951675533651, 0.9714100198663274, 1.6709693826703882], [-0.7459870092492162, 0.9715549868859434, -1.6708871093730338], [3.5907671296353536, -1.0369246531095866, 1.6584394572006667], [3.590722052435199, -1.0368582053397146, -1.6585034167856918], [3.3411332682665646, 3.7023073167808986, 1.6583441583619893], [3.341549480965578, 3.702117297624128, -1.6586369832863306], [7.677755970840805, 1.693901343869504, 1.6715522973289554], [7.678195949595578, 1.6933858289597687, -1.6703079910582348], [7.690980408387058, 4.59121257600431, 0.00019678256686050943]], "name": "C4H10", "identifiers": {"molecule_hash": "c01e03ae0ca20cb2646e5f84d63522fb8ea0d114", "molecular_formula": "C4H10"}, "molecular_charge": 0.0, "molecular_multiplicity": 1, "connectivity": [[0, 1, 1.0], [0, 4, 1.0], [0, 5, 1.0], [0, 6, 1.0], [1, 2, 1.0], [1, 7, 1.0], [1, 8, 1.0], [2, 3, 1.0], [2, 9, 1.0], [2, 10, 1.0], [3, 11, 1.0], [3, 12, 1.0], [3, 13, 1.0]], "fix_com": true, "fix_orientation": true, "provenance": {"creator": "QCElemental", "version": "v0.22.0", "routine": "qcelemental.molparse.from_schema"}, "id": "12188"}, "charge": 0, "optimize_geometry": false, "conformers": [], "conformer_generation_options": {"n_conformer_pool": 4000, "n_max_conformers": 0, "rms_tolerance": 0.05, "energy_window": 15, "keep_original_conformer": true}, "stage_1_unrestrained_charges": null, "stage_1_restrained_charges": null, "stage_2_unrestrained_charges": null, "stage_2_restrained_charges": null, "keep_original_orientation": false, "reorientations": [], "translations": [], "rotations": []}}, {"index": 2, "molecule": {"qcmol": {"schema_name": "qcschema_molecule", "schema_version": 2, "validated": true, "symbols": ["C", "C", "C", "C", "H", "H", "H", "H", "H", "H", "H", "H", "H", "H"], "geometry": [[0.0, 0.0, -0.0], [2.896651408210259, -4.770442003010679e-16, 8.597839364838951e-17], [4.035373861310352, 2.665325518168906, 3.3306690738754696e-16], [6.932064486703268, 2.665178520722038, 0.00037233241544432083], [-0.7587724722240268, -1.926092306360054, -8.266449217636529e-05], [-0.7459951675533651, 0.9714100198663274, 1.6709693826703882], [-0.7459870092492162, 0.9715549868859434, -1.6708871093730338], [3.5907671296353536, -1.0369246531095866, 1.6584394572006667], [3.590722052435199, -1.0368582053397146, -1.6585034167856918], [3.3411332682665646, 3.7023073167808986, 1.6583441583619893], [3.341549480965578, 3.702117297624128, -1.6586369832863306], [7.677755970840805, 1.693901343869504, 1.6715522973289554], [7.678195949595578, 1.6933858289597687, -1.6703079910582348], [7.690980408387058, 4.59121257600431, 0.00019678256686050943]], "name": "C4H10", "identifiers": {"molecule_hash": "c01e03ae0ca20cb2646e5f84d63522fb8ea0d114", "molecular_formula": "C4H10"}, "molecular_charge": 0.0, "molecular_multiplicity": 1, "connectivity": [[0, 1, 1.0], [0, 4, 1.0], [0, 5, 1.0], [0, 6, 1.0], [1, 2, 1.0], [1, 7, 1.0], [1, 8, 1.0], [2, 3, 1.0], [2, 9, 1.0], [2, 10, 1.0], [3, 11, 1.0], [3, 12, 1.0], [3, 13, 1.0]], "fix_com": true, "fix_orientation": true, "provenance": {"creator": "QCElemental", "version": "v0.22.0", "routine": "qcelemental.molparse.from_schema"}, "id": "12188"}, "charge": 0, "optimize_geometry": false, "conformers": [], "conformer_generation_options": {"n_conformer_pool": 4000, "n_max_conformers": 0, "rms_tolerance": 0.05, "energy_window": 15, "keep_original_conformer": true}, "stage_1_unrestrained_charges": null, "stage_1_restrained_charges": null, "stage_2_unrestrained_charges": null, "stage_2_restrained_charges": null, "keep_original_orientation": false, "reorientations": [], "translations": [], "rotations": []}}, {"index": 3, "molecule": {"qcmol": {"schema_name": "qcschema_molecule", "schema_version": 2, "validated": true, "symbols": ["C", "C", "C", "C", "H", "H", "H", "H", "H", "H", "H", "H", "H", "H"], "geometry": [[0.0, 0.0, -0.0], [2.896651408210259, -4.770442003010679e-16, 8.597839364838951e-17], [4.035373861310352, 2.665325518168906, 3.3306690738754696e-16], [6.932064486703268, 2.665178520722038, 0.00037233241544432083], [-0.7587724722240268, -1.926092306360054, -8.266449217636529e-05], [-0.7459951675533651, 0.9714100198663274, 1.6709693826703882], [-0.7459870092492162, 0.9715549868859434, -1.6708871093730338], [3.5907671296353536, -1.0369246531095866, 1.6584394572006667], [3.590722052435199, -1.0368582053397146, -1.6585034167856918], [3.3411332682665646, 3.7023073167808986, 1.6583441583619893], [3.341549480965578, 3.702117297624128, -1.6586369832863306], [7.677755970840805, 1.693901343869504, 1.6715522973289554], [7.678195949595578, 1.6933858289597687, -1.6703079910582348], [7.690980408387058, 4.59121257600431, 0.00019678256686050943]], "name": "C4H10", "identifiers": {"molecule_hash": "c01e03ae0ca20cb2646e5f84d63522fb8ea0d114", "molecular_formula": "C4H10"}, "molecular_charge": 0.0, "molecular_multiplicity": 1, "connectivity": [[0, 1, 1.0], [0, 4, 1.0], [0, 5, 1.0], [0, 6, 1.0], [1, 2, 1.0], [1, 7, 1.0], [1, 8, 1.0], [2, 3, 1.0], [2, 9, 1.0], [2, 10, 1.0], [3, 11, 1.0], [3, 12, 1.0], [3, 13, 1.0]], "fix_com": true, "fix_orientation": true, "provenance": {"creator": "QCElemental", "version": "v0.22.0", "routine": "qcelemental.molparse.from_schema"}, "id": "12188"}, "charge": 0, "optimize_geometry": false, "conformers": [], "conformer_generation_options": {"n_conformer_pool": 4000, "n_max_conformers": 0, "rms_tolerance": 0.05, "energy_window": 15, "keep_original_conformer": true}, "stage_1_unrestrained_charges": null, "stage_1_restrained_charges": null, "stage_2_unrestrained_charges": null, "stage_2_restrained_charges": null, "keep_original_orientation": false, "reorientations": [], "translations": [], "rotations": []}}]}, "surface_constraints": {"matrix": [[2181.9003788488676, 2109.7820890699595, 2021.6346734410672, 1951.9280929052607, 2198.5681659994502, 2193.330728160668, 2195.4838778675407, 2103.5677952681535, 2103.3166626190123, 2004.701285249448, 2004.3660138611936, 1917.5309094429608, 1967.1272347487495, 1907.3683487709284], [2109.7820890699595, 2160.456947724313, 2099.8925368964588, 2020.2645689417614, 2093.7281865657856, 2090.5355895702223, 2090.475381908727, 2190.9761440638335, 2190.735113652069, 2096.0490336430257, 2095.682428304631, 1990.2692755027495, 2004.840382984822, 1993.703691047569], [2021.6346734410672, 2099.8925368964588, 2156.7496013378636, 2105.0694161483175, 2015.1802920294242, 1973.1398185913918, 2005.165143185182, 2096.4898901335837, 2096.303237331917, 2186.695553678722, 2186.284227021913, 2086.00218249729, 2087.01784467204, 2087.415811845017], [1951.9280929052607, 2020.2645689417614, 2105.0694161483175, 2176.6022579519386, 1926.2854115937225, 1899.9630671239697, 1966.444260997722, 2003.6334734132517, 2003.5993589782968, 2098.2450741722973, 2097.9669318552224, 2189.180590337938, 2191.525873617414, 2190.930299312839], [2198.5681659994502, 2093.7281865657856, 2015.1802920294242, 1926.2854115937225, 2313.058035087042, 2174.8300868614338, 2178.3246773485685, 2070.2326879053116, 2069.8408775481394, 2009.2208958829247, 2008.8833183430847, 1892.0463871516113, 1955.4804445375264, 1852.859992470781], [2193.330728160668, 2090.5355895702223, 1973.1398185913918, 1899.9630671239697, 2174.8300868614338, 2297.629780519635, 2175.03887961811, 2101.862145611823, 2067.959726094546, 1955.0668902350214, 1941.042216237388, 1872.7838075871089, 1899.324935084896, 1861.8600737495706], [2195.4838778675407, 2090.475381908727, 2005.165143185182, 1966.444260997722, 2178.3246773485685, 2175.03887961811, 2303.519568216879, 2053.7207511533175, 2087.2658052269708, 1969.498703914915, 1982.8863068822905, 1921.8117337196288, 2007.4942580692787, 1930.4993664338542], [2103.5677952681535, 2190.9761440638335, 2096.4898901335837, 2003.6334734132517, 2070.2326879053116, 2101.862145611823, 2053.7207511533175, 2315.0877992120622, 2185.9524775900136, 2107.303060899208, 2061.121273325686, 1992.7036225320167, 1965.9092380234426, 1971.3119093008652], [2103.3166626190123, 2190.735113652069, 2096.303237331917, 2003.5993589782968, 2069.8408775481394, 2067.959726094546, 2087.2658052269708, 2185.9524775900136, 2314.5817690992203, 2061.2385177840356, 2106.724408282278, 1951.2552134053765, 1986.874957323573, 1991.7949045420926], [2004.701285249448, 2096.0490336430257, 2186.695553678722, 2098.2450741722973, 2009.2208958829247, 1955.0668902350214, 1969.498703914915, 2107.303060899208, 2061.2385177840356, 2309.891646354511, 2181.1385809084786, 2079.0162018396913, 2066.4624698070647, 2064.201485083088], [2004.3660138611936, 2095.682428304631, 2186.284227021913, 2097.9669318552224, 2008.8833183430847, 1941.042216237388, 1982.8863068822905, 2061.121273325686, 2106.724408282278, 2181.1385809084786, 2308.942457023835, 2063.785242776892, 2066.372289634423, 2078.8029650178314], [1917.5309094429608, 1990.2692755027495, 2086.00218249729, 2189.180590337938, 1892.0463871516113, 1872.7838075871089, 1921.8117337196288, 1992.7036225320167, 1951.2552134053765, 2079.0162018396913, 2063.785242776892, 2295.720825294757, 2172.2316975945155, 2168.675024237105], [1967.1272347487495, 2004.840382984822, 2087.01784467204, 2191.525873617414, 1955.4804445375264, 1899.324935084896, 2007.4942580692787, 1965.9092380234426, 1986.874957323573, 2066.4624698070647, 2066.372289634423, 2172.2316975945155, 2300.3524604547156, 2172.6188259420255], [1907.3683487709284, 1993.703691047569, 2087.415811845017, 2190.930299312839, 1852.859992470781, 1861.8600737495706, 1930.4993664338542, 1971.3119093008652, 1991.7949045420926, 2064.201485083088, 2078.8029650178314, 2168.675024237105, 2172.6188259420255, 2300.9084935431274], [4.9828136578680615, 6.5440947927290996, 6.538605073548605, 4.96070698800962, 5.149014397809043, 4.440362539226688, 4.520024582614827, 6.970735856532697, 6.969711581997923, 6.9678490872874566, 6.96780394254088, 4.635441358215462, 4.502772446739455, 4.893188265899814]]}}