{"resp_b": 0.1, "restrained_fit": true, "exclude_hydrogens": true, "convergence_tolerance": 1e-06, "max_iter": 500, "resp_a": 0.0005, "charge_constraints": {"charge_sum_constraints": [], "charge_equivalence_constraints": [], "molecules": [{"qcmol": {"schema_name": "qcschema_molecule", "schema_version": 2, "validated": true, "symbols": ["C", "C", "C", "C", "H", "H", "H", "H", "H", "H", "H", "H", "H", "H"], "geometry": [[0.0, 0.0, -0.0], [2.896651408210259, -4.770442003010679e-16, 8.597839364838951e-17], [4.035373861310352, 2.665325518168906, 3.3306690738754696e-16], [6.932064486703268, 2.665178520722038, 0.00037233241544432083], [-0.7587724722240268, -1.926092306360054, -8.266449217636529e-05], [-0.7459951675533651, 0.9714100198663274, 1.6709693826703882], [-0.7459870092492162, 0.9715549868859434, -1.6708871093730338], [3.5907671296353536, -1.0369246531095866, 1.6584394572006667], [3.590722052435199, -1.0368582053397146, -1.6585034167856918], [3.3411332682665646, 3.7023073167808986, 1.6583441583619893], [3.341549480965578, 3.702117297624128, -1.6586369832863306], [7.677755970840805, 1.693901343869504, 1.6715522973289554], [7.678195949595578, 1.6933858289597687, -1.6703079910582348], [7.690980408387058, 4.59121257600431, 0.00019678256686050943]], "name": "C4H10", "identifiers": {"molecule_hash": "c01e03ae0ca20cb2646e5f84d63522fb8ea0d114", "molecular_formula": "C4H10"}, "molecular_charge": 0.0, "molecular_multiplicity": 1, "connectivity": [[0, 1, 1.0], [0, 4, 1.0], [0, 5, 1.0], [0, 6, 1.0], [1, 2, 1.0], [1, 7, 1.0], [1, 8, 1.0], [2, 3, 1.0], [2, 9, 1.0], [2, 10, 1.0], [3, 11, 1.0], [3, 12, 1.0], [3, 13, 1.0]], "fix_com": true, "fix_orientation": true, "provenance": {"creator": "QCElemental", "version": "v0.22.0", "routine": "qcelemental.molparse.from_schema"}, "id": "12188"}, "charge": 0, "optimize_geometry": false, "conformers": [], "conformer_generation_options": {"n_conformer_pool": 4000, "n_max_conformers": 0, "rms_tolerance": 0.05, "energy_window": 15, "keep_original_conformer": true}, "stage_1_unrestrained_charges": null, "stage_1_restrained_charges": null, "stage_2_unrestrained_charges": null, "stage_2_restrained_charges": null, "keep_original_orientation": false, "reorientations": [], "translations": [], "rotations": []}], "unconstrained_atoms": [{"index": 0, "molecule": {"qcmol": {"schema_name": "qcschema_molecule", "schema_version": 2, "validated": true, "symbols": ["C", "C", "C", "C", "H", "H", "H", "H", "H", "H", "H", "H", "H", "H"], "geometry": [[0.0, 0.0, -0.0], [2.896651408210259, -4.770442003010679e-16, 8.597839364838951e-17], [4.035373861310352, 2.665325518168906, 3.3306690738754696e-16], [6.932064486703268, 2.665178520722038, 0.00037233241544432083], [-0.7587724722240268, -1.926092306360054, -8.266449217636529e-05], [-0.7459951675533651, 0.9714100198663274, 1.6709693826703882], [-0.7459870092492162, 0.9715549868859434, -1.6708871093730338], [3.5907671296353536, -1.0369246531095866, 1.6584394572006667], [3.590722052435199, -1.0368582053397146, -1.6585034167856918], [3.3411332682665646, 3.7023073167808986, 1.6583441583619893], [3.341549480965578, 3.702117297624128, -1.6586369832863306], [7.677755970840805, 1.693901343869504, 1.6715522973289554], [7.678195949595578, 1.6933858289597687, -1.6703079910582348], [7.690980408387058, 4.59121257600431, 0.00019678256686050943]], "name": "C4H10", "identifiers": {"molecule_hash": "c01e03ae0ca20cb2646e5f84d63522fb8ea0d114", "molecular_formula": "C4H10"}, "molecular_charge": 0.0, "molecular_multiplicity": 1, "connectivity": [[0, 1, 1.0], [0, 4, 1.0], [0, 5, 1.0], [0, 6, 1.0], [1, 2, 1.0], [1, 7, 1.0], [1, 8, 1.0], [2, 3, 1.0], [2, 9, 1.0], [2, 10, 1.0], [3, 11, 1.0], [3, 12, 1.0], [3, 13, 1.0]], "fix_com": true, "fix_orientation": true, "provenance": {"creator": "QCElemental", "version": "v0.22.0", "routine": "qcelemental.molparse.from_schema"}, "id": "12188"}, "charge": 0, "optimize_geometry": false, "conformers": [], "conformer_generation_options": {"n_conformer_pool": 4000, "n_max_conformers": 0, "rms_tolerance": 0.05, "energy_window": 15, "keep_original_conformer": true}, "stage_1_unrestrained_charges": null, "stage_1_restrained_charges": null, "stage_2_unrestrained_charges": null, "stage_2_restrained_charges": null, "keep_original_orientation": false, "reorientations": [], "translations": [], "rotations": []}}, {"index": 1, "molecule": {"qcmol": {"schema_name": "qcschema_molecule", "schema_version": 2, "validated": true, "symbols": ["C", "C", "C", "C", "H", "H", "H", "H", "H", "H", "H", "H", "H", "H"], "geometry": [[0.0, 0.0, -0.0], [2.896651408210259, -4.770442003010679e-16, 8.597839364838951e-17], [4.035373861310352, 2.665325518168906, 3.3306690738754696e-16], [6.932064486703268, 2.665178520722038, 0.00037233241544432083], [-0.7587724722240268, -1.926092306360054, -8.266449217636529e-05], [-0.7459951675533651, 0.9714100198663274, 1.6709693826703882], [-0.7459870092492162, 0.9715549868859434, -1.6708871093730338], [3.5907671296353536, -1.0369246531095866, 1.6584394572006667], [3.590722052435199, -1.0368582053397146, -1.6585034167856918], [3.3411332682665646, 3.7023073167808986, 1.6583441583619893], [3.341549480965578, 3.702117297624128, -1.6586369832863306], [7.677755970840805, 1.693901343869504, 1.6715522973289554], [7.678195949595578, 1.6933858289597687, -1.6703079910582348], [7.690980408387058, 4.59121257600431, 0.00019678256686050943]], "name": "C4H10", "identifiers": {"molecule_hash": "c01e03ae0ca20cb2646e5f84d63522fb8ea0d114", "molecular_formula": "C4H10"}, "molecular_charge": 0.0, "molecular_multiplicity": 1, "connectivity": [[0, 1, 1.0], [0, 4, 1.0], [0, 5, 1.0], [0, 6, 1.0], [1, 2, 1.0], [1, 7, 1.0], [1, 8, 1.0], [2, 3, 1.0], [2, 9, 1.0], [2, 10, 1.0], [3, 11, 1.0], [3, 12, 1.0], [3, 13, 1.0]], "fix_com": true, "fix_orientation": true, "provenance": {"creator": "QCElemental", "version": "v0.22.0", "routine": "qcelemental.molparse.from_schema"}, "id": "12188"}, "charge": 0, "optimize_geometry": false, "conformers": [], "conformer_generation_options": {"n_conformer_pool": 4000, "n_max_conformers": 0, "rms_tolerance": 0.05, "energy_window": 15, "keep_original_conformer": true}, "stage_1_unrestrained_charges": null, "stage_1_restrained_charges": null, "stage_2_unrestrained_charges": null, "stage_2_restrained_charges": null, "keep_original_orientation": false, "reorientations": [], "translations": [], "rotations": []}}, {"index": 2, "molecule": {"qcmol": {"schema_name": "qcschema_molecule", "schema_version": 2, "validated": true, "symbols": ["C", "C", "C", "C", "H", "H", "H", "H", "H", "H", "H", "H", "H", "H"], "geometry": [[0.0, 0.0, -0.0], [2.896651408210259, -4.770442003010679e-16, 8.597839364838951e-17], [4.035373861310352, 2.665325518168906, 3.3306690738754696e-16], [6.932064486703268, 2.665178520722038, 0.00037233241544432083], [-0.7587724722240268, -1.926092306360054, -8.266449217636529e-05], [-0.7459951675533651, 0.9714100198663274, 1.6709693826703882], [-0.7459870092492162, 0.9715549868859434, -1.6708871093730338], [3.5907671296353536, -1.0369246531095866, 1.6584394572006667], [3.590722052435199, -1.0368582053397146, -1.6585034167856918], [3.3411332682665646, 3.7023073167808986, 1.6583441583619893], [3.341549480965578, 3.702117297624128, -1.6586369832863306], [7.677755970840805, 1.693901343869504, 1.6715522973289554], [7.678195949595578, 1.6933858289597687, -1.6703079910582348], [7.690980408387058, 4.59121257600431, 0.00019678256686050943]], "name": "C4H10", "identifiers": {"molecule_hash": "c01e03ae0ca20cb2646e5f84d63522fb8ea0d114", "molecular_formula": "C4H10"}, "molecular_charge": 0.0, "molecular_multiplicity": 1, "connectivity": [[0, 1, 1.0], [0, 4, 1.0], [0, 5, 1.0], [0, 6, 1.0], [1, 2, 1.0], [1, 7, 1.0], [1, 8, 1.0], [2, 3, 1.0], [2, 9, 1.0], [2, 10, 1.0], [3, 11, 1.0], [3, 12, 1.0], [3, 13, 1.0]], "fix_com": true, "fix_orientation": true, "provenance": {"creator": "QCElemental", "version": "v0.22.0", "routine": "qcelemental.molparse.from_schema"}, "id": "12188"}, "charge": 0, "optimize_geometry": false, "conformers": [], "conformer_generation_options": {"n_conformer_pool": 4000, "n_max_conformers": 0, "rms_tolerance": 0.05, "energy_window": 15, "keep_original_conformer": true}, "stage_1_unrestrained_charges": null, "stage_1_restrained_charges": null, "stage_2_unrestrained_charges": null, "stage_2_restrained_charges": null, "keep_original_orientation": false, "reorientations": [], "translations": [], "rotations": []}}, {"index": 3, "molecule": {"qcmol": {"schema_name": "qcschema_molecule", "schema_version": 2, "validated": true, "symbols": ["C", "C", "C", "C", "H", "H", "H", "H", "H", "H", "H", "H", "H", "H"], "geometry": [[0.0, 0.0, -0.0], [2.896651408210259, -4.770442003010679e-16, 8.597839364838951e-17], [4.035373861310352, 2.665325518168906, 3.3306690738754696e-16], [6.932064486703268, 2.665178520722038, 0.00037233241544432083], [-0.7587724722240268, -1.926092306360054, -8.266449217636529e-05], [-0.7459951675533651, 0.9714100198663274, 1.6709693826703882], [-0.7459870092492162, 0.9715549868859434, -1.6708871093730338], [3.5907671296353536, -1.0369246531095866, 1.6584394572006667], [3.590722052435199, -1.0368582053397146, -1.6585034167856918], [3.3411332682665646, 3.7023073167808986, 1.6583441583619893], [3.341549480965578, 3.702117297624128, -1.6586369832863306], [7.677755970840805, 1.693901343869504, 1.6715522973289554], [7.678195949595578, 1.6933858289597687, -1.6703079910582348], [7.690980408387058, 4.59121257600431, 0.00019678256686050943]], "name": "C4H10", "identifiers": {"molecule_hash": "c01e03ae0ca20cb2646e5f84d63522fb8ea0d114", "molecular_formula": "C4H10"}, "molecular_charge": 0.0, "molecular_multiplicity": 1, "connectivity": [[0, 1, 1.0], [0, 4, 1.0], [0, 5, 1.0], [0, 6, 1.0], [1, 2, 1.0], [1, 7, 1.0], [1, 8, 1.0], [2, 3, 1.0], [2, 9, 1.0], [2, 10, 1.0], [3, 11, 1.0], [3, 12, 1.0], [3, 13, 1.0]], "fix_com": true, "fix_orientation": true, "provenance": {"creator": "QCElemental", "version": "v0.22.0", "routine": "qcelemental.molparse.from_schema"}, "id": "12188"}, "charge": 0, "optimize_geometry": false, "conformers": [], "conformer_generation_options": {"n_conformer_pool": 4000, "n_max_conformers": 0, "rms_tolerance": 0.05, "energy_window": 15, "keep_original_conformer": true}, "stage_1_unrestrained_charges": null, "stage_1_restrained_charges": null, "stage_2_unrestrained_charges": null, "stage_2_restrained_charges": null, "keep_original_orientation": false, "reorientations": [], "translations": [], "rotations": []}}]}, "surface_constraints": {"matrix": [[25169175810811.13, 24293074957232.15, 23183716928112.22, 22306558477073.64, 25302126768521.305, 25253735996763.43, 25272488670919.37, 24194832366798.53, 24186019046989.676, 22938790302090.19, 22946010054799.105, 21854226944675.445, 22430892090573.523, 21741210249868.668], [24293074957232.15, 24948357163000.297, 24179833324057.965, 23178574415956.914, 24032479147847.707, 24010619854654.49, 24000977696890.207, 25294771652443.88, 25283738881921.87, 24090106634431.6, 24097044271348.64, 22775989008377.055, 22931375922938.758, 22818423964488.87], [23183716928112.22, 24179833324057.965, 24897045207570.82, 24237293569509.727, 23046319545316.977, 22554555176770.496, 22939269115232.38, 24111434393118.28, 24102977800235.996, 25219835826069.348, 25230092114208.48, 23961055072985.76, 23941438767843.742, 23980473514717.664], [22306558477073.64, 23178574415956.914, 24237293569509.727, 25112988130913.887, 21948484864175.152, 21640442693396.715, 22436478604785.69, 22952374899256.566, 22946884672616.508, 24114830304318.1, 24125226885618.664, 25218020731438.527, 25210426707763.65, 25241384377374.68], [25302126768521.305, 24032479147847.707, 23046319545316.977, 21948484864175.152, 26611163852753.137, 24963216933292.598, 25000164289075.03, 23731683845956.2, 23721295210409.3, 22931790386317.293, 22939586339966.31, 21503264106234.793, 22241840037294.695, 21048414429700.27], [25253735996763.43, 24010619854654.49, 22554555176770.496, 21640442693396.715, 24963216933292.598, 26458947524962.15, 24964057200039.58, 24127157962737.336, 23710392369243.113, 22300187503122.32, 22146322118606.527, 21279047554416.01, 21577627901718.39, 21157832654619.61], [25272488670919.37, 24000977696890.207, 22939269115232.38, 22436478604785.69, 25000164289075.03, 24964057200039.58, 26520749968886.016, 23533164221488.176, 23936246424336.516, 22476280340951.234, 22644197542616.266, 21861952200633.234, 22865403264955.03, 21975809260556.49], [24194832366798.53, 25294771652443.88, 24111434393118.28, 22952374899256.566, 23731683845956.2, 24127157962737.336, 23533164221488.176, 26765773935728.863, 25199594433161.52, 24203671093542.504, 23652232859875.46, 22779537059321.83, 22445651240491.996, 22522083854122.664], [24186019046989.676, 25283738881921.87, 24102977800235.996, 22946884672616.508, 23721295210409.3, 23710392369243.113, 23936246424336.516, 25199594433161.52, 26740554823623.832, 23637807745955.836, 24200385996413.184, 22282162680773.14, 22687927377182.406, 22762671159411.945], [22938790302090.19, 24090106634431.6, 25219835826069.348, 24114830304318.1, 22931790386317.293, 22300187503122.32, 22476280340951.234, 24203671093542.504, 23637807745955.836, 26658146448584.703, 25131491632605.266, 23841708194071.88, 23653467402657.133, 23664895619650.758], [22946010054799.105, 24097044271348.64, 25230092114208.48, 24125226885618.664, 22939586339966.31, 22146322118606.527, 22644197542616.266, 23652232859875.46, 24200385996413.184, 25131491632605.266, 26681015035117.406, 23668719879872.965, 23669460714538.754, 23852415927385.023], [21854226944675.445, 22775989008377.055, 23961055072985.76, 25218020731438.527, 21503264106234.793, 21279047554416.01, 21861952200633.234, 22779537059321.83, 22282162680773.14, 23841708194071.88, 23668719879872.965, 26459604636319.68, 24927614340770.258, 24923623876366.11], [22430892090573.523, 22931375922938.758, 23941438767843.742, 25210426707763.65, 22241840037294.695, 21577627901718.39, 22865403264955.03, 22445651240491.996, 22687927377182.406, 23653467402657.133, 23669460714538.754, 24927614340770.258, 26443005096630.88, 24937662193231.746], [21741210249868.668, 22818423964488.87, 23980473514717.664, 25241384377374.68, 21048414429700.27, 21157832654619.61, 21975809260556.49, 22522083854122.664, 22762671159411.945, 23664895619650.758, 23852415927385.023, 24923623876366.11, 24937662193231.746, 26522443914690.8], [40386578499.17658, 60339526804.72368, 60341992075.86449, 40339293057.225525, 42473322022.16987, 34024613126.4804, 34811650533.15047, 65718004544.529335, 65744567519.01451, 65668677095.79238, 65741823192.586334, 36472021017.84995, 34808302908.91084, 39777670134.06249]]}}