{"resp_b": 0.1, "restrained_fit": true, "exclude_hydrogens": true, "convergence_tolerance": 1e-06, "max_iter": 500, "resp_a": 0.0005, "charge_constraints": {"charge_sum_constraints": [], "charge_equivalence_constraints": [], "molecules": [{"qcmol": {"schema_name": "qcschema_molecule", "schema_version": 2, "validated": true, "symbols": ["C", "C", "C", "C", "H", "H", "H", "H", "H", "H", "H", "H", "H", "H"], "geometry": [[0.0, 0.0, -0.0], [2.896651408210259, -4.770442003010679e-16, 8.597839364838951e-17], [4.035373861310352, 2.665325518168906, 3.3306690738754696e-16], [6.932064486703268, 2.665178520722038, 0.00037233241544432083], [-0.7587724722240268, -1.926092306360054, -8.266449217636529e-05], [-0.7459951675533651, 0.9714100198663274, 1.6709693826703882], [-0.7459870092492162, 0.9715549868859434, -1.6708871093730338], [3.5907671296353536, -1.0369246531095866, 1.6584394572006667], [3.590722052435199, -1.0368582053397146, -1.6585034167856918], [3.3411332682665646, 3.7023073167808986, 1.6583441583619893], [3.341549480965578, 3.702117297624128, -1.6586369832863306], [7.677755970840805, 1.693901343869504, 1.6715522973289554], [7.678195949595578, 1.6933858289597687, -1.6703079910582348], [7.690980408387058, 4.59121257600431, 0.00019678256686050943]], "name": "C4H10", "identifiers": {"molecule_hash": "c01e03ae0ca20cb2646e5f84d63522fb8ea0d114", "molecular_formula": "C4H10"}, "molecular_charge": 0.0, "molecular_multiplicity": 1, "connectivity": [[0, 1, 1.0], [0, 4, 1.0], [0, 5, 1.0], [0, 6, 1.0], [1, 2, 1.0], [1, 7, 1.0], [1, 8, 1.0], [2, 3, 1.0], [2, 9, 1.0], [2, 10, 1.0], [3, 11, 1.0], [3, 12, 1.0], [3, 13, 1.0]], "fix_com": true, "fix_orientation": true, "provenance": {"creator": "QCElemental", "version": "v0.22.0", "routine": "qcelemental.molparse.from_schema"}, "id": "12188"}, "charge": 0, "optimize_geometry": false, "conformers": [], "conformer_generation_options": {"n_conformer_pool": 4000, "n_max_conformers": 0, "rms_tolerance": 0.05, "energy_window": 15, "keep_original_conformer": true}, "stage_1_unrestrained_charges": null, "stage_1_restrained_charges": null, "stage_2_unrestrained_charges": null, "stage_2_restrained_charges": null, "keep_original_orientation": false, "reorientations": [], "translations": [], "rotations": []}], "unconstrained_atoms": [{"index": 0, "molecule": {"qcmol": {"schema_name": "qcschema_molecule", "schema_version": 2, "validated": true, "symbols": ["C", "C", "C", "C", "H", "H", "H", "H", "H", "H", "H", "H", "H", "H"], "geometry": [[0.0, 0.0, -0.0], [2.896651408210259, -4.770442003010679e-16, 8.597839364838951e-17], [4.035373861310352, 2.665325518168906, 3.3306690738754696e-16], [6.932064486703268, 2.665178520722038, 0.00037233241544432083], [-0.7587724722240268, -1.926092306360054, -8.266449217636529e-05], [-0.7459951675533651, 0.9714100198663274, 1.6709693826703882], [-0.7459870092492162, 0.9715549868859434, -1.6708871093730338], [3.5907671296353536, -1.0369246531095866, 1.6584394572006667], [3.590722052435199, -1.0368582053397146, -1.6585034167856918], [3.3411332682665646, 3.7023073167808986, 1.6583441583619893], [3.341549480965578, 3.702117297624128, -1.6586369832863306], [7.677755970840805, 1.693901343869504, 1.6715522973289554], [7.678195949595578, 1.6933858289597687, -1.6703079910582348], [7.690980408387058, 4.59121257600431, 0.00019678256686050943]], "name": "C4H10", "identifiers": {"molecule_hash": "c01e03ae0ca20cb2646e5f84d63522fb8ea0d114", "molecular_formula": "C4H10"}, "molecular_charge": 0.0, "molecular_multiplicity": 1, "connectivity": [[0, 1, 1.0], [0, 4, 1.0], [0, 5, 1.0], [0, 6, 1.0], [1, 2, 1.0], [1, 7, 1.0], [1, 8, 1.0], [2, 3, 1.0], [2, 9, 1.0], [2, 10, 1.0], [3, 11, 1.0], [3, 12, 1.0], [3, 13, 1.0]], "fix_com": true, "fix_orientation": true, "provenance": {"creator": "QCElemental", "version": "v0.22.0", "routine": "qcelemental.molparse.from_schema"}, "id": "12188"}, "charge": 0, "optimize_geometry": false, "conformers": [], "conformer_generation_options": {"n_conformer_pool": 4000, "n_max_conformers": 0, "rms_tolerance": 0.05, "energy_window": 15, "keep_original_conformer": true}, "stage_1_unrestrained_charges": null, "stage_1_restrained_charges": null, "stage_2_unrestrained_charges": null, "stage_2_restrained_charges": null, "keep_original_orientation": false, "reorientations": [], "translations": [], "rotations": []}}, {"index": 1, "molecule": {"qcmol": {"schema_name": "qcschema_molecule", "schema_version": 2, "validated": true, "symbols": ["C", "C", "C", "C", "H", "H", "H", "H", "H", "H", "H", "H", "H", "H"], "geometry": [[0.0, 0.0, -0.0], [2.896651408210259, -4.770442003010679e-16, 8.597839364838951e-17], [4.035373861310352, 2.665325518168906, 3.3306690738754696e-16], [6.932064486703268, 2.665178520722038, 0.00037233241544432083], [-0.7587724722240268, -1.926092306360054, -8.266449217636529e-05], [-0.7459951675533651, 0.9714100198663274, 1.6709693826703882], [-0.7459870092492162, 0.9715549868859434, -1.6708871093730338], [3.5907671296353536, -1.0369246531095866, 1.6584394572006667], [3.590722052435199, -1.0368582053397146, -1.6585034167856918], [3.3411332682665646, 3.7023073167808986, 1.6583441583619893], [3.341549480965578, 3.702117297624128, -1.6586369832863306], [7.677755970840805, 1.693901343869504, 1.6715522973289554], [7.678195949595578, 1.6933858289597687, -1.6703079910582348], [7.690980408387058, 4.59121257600431, 0.00019678256686050943]], "name": "C4H10", "identifiers": {"molecule_hash": "c01e03ae0ca20cb2646e5f84d63522fb8ea0d114", "molecular_formula": "C4H10"}, "molecular_charge": 0.0, "molecular_multiplicity": 1, "connectivity": [[0, 1, 1.0], [0, 4, 1.0], [0, 5, 1.0], [0, 6, 1.0], [1, 2, 1.0], [1, 7, 1.0], [1, 8, 1.0], [2, 3, 1.0], [2, 9, 1.0], [2, 10, 1.0], [3, 11, 1.0], [3, 12, 1.0], [3, 13, 1.0]], "fix_com": true, "fix_orientation": true, "provenance": {"creator": "QCElemental", "version": "v0.22.0", "routine": "qcelemental.molparse.from_schema"}, "id": "12188"}, "charge": 0, "optimize_geometry": false, "conformers": [], "conformer_generation_options": {"n_conformer_pool": 4000, "n_max_conformers": 0, "rms_tolerance": 0.05, "energy_window": 15, "keep_original_conformer": true}, "stage_1_unrestrained_charges": null, "stage_1_restrained_charges": null, "stage_2_unrestrained_charges": null, "stage_2_restrained_charges": null, "keep_original_orientation": false, "reorientations": [], "translations": [], "rotations": []}}, {"index": 2, "molecule": {"qcmol": {"schema_name": "qcschema_molecule", "schema_version": 2, "validated": true, "symbols": ["C", "C", "C", "C", "H", "H", "H", "H", "H", "H", "H", "H", "H", "H"], "geometry": [[0.0, 0.0, -0.0], [2.896651408210259, -4.770442003010679e-16, 8.597839364838951e-17], [4.035373861310352, 2.665325518168906, 3.3306690738754696e-16], [6.932064486703268, 2.665178520722038, 0.00037233241544432083], [-0.7587724722240268, -1.926092306360054, -8.266449217636529e-05], [-0.7459951675533651, 0.9714100198663274, 1.6709693826703882], [-0.7459870092492162, 0.9715549868859434, -1.6708871093730338], [3.5907671296353536, -1.0369246531095866, 1.6584394572006667], [3.590722052435199, -1.0368582053397146, -1.6585034167856918], [3.3411332682665646, 3.7023073167808986, 1.6583441583619893], [3.341549480965578, 3.702117297624128, -1.6586369832863306], [7.677755970840805, 1.693901343869504, 1.6715522973289554], [7.678195949595578, 1.6933858289597687, -1.6703079910582348], [7.690980408387058, 4.59121257600431, 0.00019678256686050943]], "name": "C4H10", "identifiers": {"molecule_hash": "c01e03ae0ca20cb2646e5f84d63522fb8ea0d114", "molecular_formula": "C4H10"}, "molecular_charge": 0.0, "molecular_multiplicity": 1, "connectivity": [[0, 1, 1.0], [0, 4, 1.0], [0, 5, 1.0], [0, 6, 1.0], [1, 2, 1.0], [1, 7, 1.0], [1, 8, 1.0], [2, 3, 1.0], [2, 9, 1.0], [2, 10, 1.0], [3, 11, 1.0], [3, 12, 1.0], [3, 13, 1.0]], "fix_com": true, "fix_orientation": true, "provenance": {"creator": "QCElemental", "version": "v0.22.0", "routine": "qcelemental.molparse.from_schema"}, "id": "12188"}, "charge": 0, "optimize_geometry": false, "conformers": [], "conformer_generation_options": {"n_conformer_pool": 4000, "n_max_conformers": 0, "rms_tolerance": 0.05, "energy_window": 15, "keep_original_conformer": true}, "stage_1_unrestrained_charges": null, "stage_1_restrained_charges": null, "stage_2_unrestrained_charges": null, "stage_2_restrained_charges": null, "keep_original_orientation": false, "reorientations": [], "translations": [], "rotations": []}}, {"index": 3, "molecule": {"qcmol": {"schema_name": "qcschema_molecule", "schema_version": 2, "validated": true, "symbols": ["C", "C", "C", "C", "H", "H", "H", "H", "H", "H", "H", "H", "H", "H"], "geometry": [[0.0, 0.0, -0.0], [2.896651408210259, -4.770442003010679e-16, 8.597839364838951e-17], [4.035373861310352, 2.665325518168906, 3.3306690738754696e-16], [6.932064486703268, 2.665178520722038, 0.00037233241544432083], [-0.7587724722240268, -1.926092306360054, -8.266449217636529e-05], [-0.7459951675533651, 0.9714100198663274, 1.6709693826703882], [-0.7459870092492162, 0.9715549868859434, -1.6708871093730338], [3.5907671296353536, -1.0369246531095866, 1.6584394572006667], [3.590722052435199, -1.0368582053397146, -1.6585034167856918], [3.3411332682665646, 3.7023073167808986, 1.6583441583619893], [3.341549480965578, 3.702117297624128, -1.6586369832863306], [7.677755970840805, 1.693901343869504, 1.6715522973289554], [7.678195949595578, 1.6933858289597687, -1.6703079910582348], [7.690980408387058, 4.59121257600431, 0.00019678256686050943]], "name": "C4H10", "identifiers": {"molecule_hash": "c01e03ae0ca20cb2646e5f84d63522fb8ea0d114", "molecular_formula": "C4H10"}, "molecular_charge": 0.0, "molecular_multiplicity": 1, "connectivity": [[0, 1, 1.0], [0, 4, 1.0], [0, 5, 1.0], [0, 6, 1.0], [1, 2, 1.0], [1, 7, 1.0], [1, 8, 1.0], [2, 3, 1.0], [2, 9, 1.0], [2, 10, 1.0], [3, 11, 1.0], [3, 12, 1.0], [3, 13, 1.0]], "fix_com": true, "fix_orientation": true, "provenance": {"creator": "QCElemental", "version": "v0.22.0", "routine": "qcelemental.molparse.from_schema"}, "id": "12188"}, "charge": 0, "optimize_geometry": false, "conformers": [], "conformer_generation_options": {"n_conformer_pool": 4000, "n_max_conformers": 0, "rms_tolerance": 0.05, "energy_window": 15, "keep_original_conformer": true}, "stage_1_unrestrained_charges": null, "stage_1_restrained_charges": null, "stage_2_unrestrained_charges": null, "stage_2_restrained_charges": null, "keep_original_orientation": false, "reorientations": [], "translations": [], "rotations": []}}]}, "surface_constraints": {"matrix": [[61476176875924.484, 59444207193739.97, 56960608256027.01, 54996584527335.03, 61945799735761.15, 61798232946746.78, 61858898901773.875, 59269116186983.53, 59262040425619.31, 56483503217852.945, 56474056789732.586, 54027426859124.37, 55424826303328.83, 53741088112207.266], [59444207193739.97, 60871998034577.734, 59165564424276.164, 56922004942524.08, 58991879600092.695, 58901927028114.945, 58900230627616.27, 61731892179054.11, 61725101068531.414, 59057271655432.52, 59046942395076.43, 56076873918927.445, 56487421689805.45, 56173634727159.81], [56960608256027.01, 59165564424276.164, 60767541884699.04, 59311425515255.29, 56778747847734.36, 55594243600947.78, 56496571899366.266, 59069692952532.65, 59064433959692.445, 61611284651659.17, 61599695351810.19, 58774196184864.82, 58802813027512.266, 58814025598184.97], [54996584527335.03, 56922004942524.08, 59311425515255.29, 61326899960617.11, 54274085081262.47, 53532444824245.78, 55405583171937.62, 56453417093700.9, 56452455949366.664, 59119146134701.766, 59111309379663.93, 61681300911860.72, 61747380464856.8, 61730599422059.96], [61945799735761.15, 58991879600092.695, 56778747847734.36, 54274085081262.47, 65171610347445.586, 61276967092519.64, 61375428763200.914, 58329883627876.47, 58318844198080.8, 56610838815419.5, 56601327409809.97, 53309384167516.445, 55096668100666.69, 52205284019402.92], [61798232946746.78, 58901927028114.945, 55594243600947.78, 53532444824245.78, 61276967092519.64, 64736913263986.29, 61282850362880.12, 59221058607707.08, 58265837531762.45, 55085035036216.03, 54689878457024.33, 52766656108063.92, 53514462052124.33, 52458870890252.23], [61858898901773.875, 58900230627616.27, 56496571899366.266, 55405583171937.62, 61375428763200.914, 61282850362880.12, 64902860676885.24, 57864647799870.71, 58809799970506.85, 55491653128681.32, 55868859922715.89, 54148037931666.89, 56562185347500.87, 54392814670417.34], [59269116186983.53, 61731892179054.11, 59069692952532.65, 56453417093700.9, 58329883627876.47, 59221058607707.08, 57864647799870.71, 65228802565018.72, 61590347728903.24, 59374359747958.58, 58073161803518.76, 56145467250475.24, 55390518289172.3, 55542735598607.96], [59262040425619.31, 61725101068531.414, 59064433959692.445, 56452455949366.664, 58318844198080.8, 58265837531762.45, 58809799970506.85, 61590347728903.24, 65214545007006.35, 58076465229899.07, 59358055992838.51, 54977634334373.25, 55981242055809.53, 56119853495224.41], [56483503217852.945, 59057271655432.52, 61611284651659.17, 59119146134701.766, 56610838815419.5, 55085035036216.03, 55491653128681.32, 59374359747958.58, 58076465229899.07, 65082398710059.86, 61454714056864.125, 58577363601312.72, 58223651724255.87, 58159951777019.64], [56474056789732.586, 59046942395076.43, 61599695351810.19, 59111309379663.93, 56601327409809.97, 54689878457024.33, 55868859922715.89, 58073161803518.76, 59358055992838.51, 61454714056864.125, 65055654886171.234, 58148219568869.86, 58221115649142.54, 58571355259521.82], [54027426859124.37, 56076873918927.445, 58774196184864.82, 61681300911860.72, 53309384167516.445, 52766656108063.92, 54148037931666.89, 56145467250475.24, 54977634334373.25, 58577363601312.72, 58148219568869.86, 64683127491155.76, 61203756804079.234, 61103545407098.3], [55424826303328.83, 56487421689805.45, 58802813027512.266, 61747380464856.8, 55096668100666.69, 53514462052124.33, 56562185347500.87, 55390518289172.3, 55981242055809.53, 58223651724255.87, 58221115649142.54, 61203756804079.234, 64813626201719.25, 61214663946640.03], [53741088112207.266, 56173634727159.81, 58814025598184.97, 61730599422059.96, 52205284019402.92, 52458870890252.23, 54392814670417.34, 55542735598607.96, 56119853495224.41, 58159951777019.64, 58571355259521.82, 61103545407098.3, 61214663946640.03, 64829291523548.32], [140393398725.47394, 184383306015.08194, 184228630581.1847, 139770532275.8531, 145076136066.07462, 125109582497.12337, 127354097683.06323, 196404133928.74957, 196375274850.91315, 196322798082.8236, 196321526720.59326, 130606017240.50453, 126868009712.13727, 137868115860.76968]]}}