{"resp_b": 0.1, "restrained_fit": true, "exclude_hydrogens": true, "convergence_tolerance": 1e-06, "max_iter": 500, "resp_a": 0.0005, "charge_constraints": {"charge_sum_constraints": [], "charge_equivalence_constraints": [], "molecules": [{"qcmol": {"schema_name": "qcschema_molecule", "schema_version": 2, "validated": true, "symbols": ["C", "C", "C", "C", "H", "H", "H", "H", "H", "H", "H", "H", "H", "H"], "geometry": [[0.0, 0.0, -0.0], [2.896651408210259, -4.770442003010679e-16, 8.597839364838951e-17], [4.035373861310352, 2.665325518168906, 3.3306690738754696e-16], [6.932064486703268, 2.665178520722038, 0.00037233241544432083], [-0.7587724722240268, -1.926092306360054, -8.266449217636529e-05], [-0.7459951675533651, 0.9714100198663274, 1.6709693826703882], [-0.7459870092492162, 0.9715549868859434, -1.6708871093730338], [3.5907671296353536, -1.0369246531095866, 1.6584394572006667], [3.590722052435199, -1.0368582053397146, -1.6585034167856918], [3.3411332682665646, 3.7023073167808986, 1.6583441583619893], [3.341549480965578, 3.702117297624128, -1.6586369832863306], [7.677755970840805, 1.693901343869504, 1.6715522973289554], [7.678195949595578, 1.6933858289597687, -1.6703079910582348], [7.690980408387058, 4.59121257600431, 0.00019678256686050943]], "name": "C4H10", "identifiers": {"molecule_hash": "c01e03ae0ca20cb2646e5f84d63522fb8ea0d114", "molecular_formula": "C4H10"}, "molecular_charge": 0.0, "molecular_multiplicity": 1, "connectivity": [[0, 1, 1.0], [0, 4, 1.0], [0, 5, 1.0], [0, 6, 1.0], [1, 2, 1.0], [1, 7, 1.0], [1, 8, 1.0], [2, 3, 1.0], [2, 9, 1.0], [2, 10, 1.0], [3, 11, 1.0], [3, 12, 1.0], [3, 13, 1.0]], "fix_com": true, "fix_orientation": true, "provenance": {"creator": "QCElemental", "version": "v0.22.0", "routine": "qcelemental.molparse.from_schema"}, "id": "12188"}, "charge": 0, "optimize_geometry": false, "conformers": [], "conformer_generation_options": {"n_conformer_pool": 4000, "n_max_conformers": 0, "rms_tolerance": 0.05, "energy_window": 15, "keep_original_conformer": true}, "stage_1_unrestrained_charges": null, "stage_1_restrained_charges": null, "stage_2_unrestrained_charges": null, "stage_2_restrained_charges": null, "keep_original_orientation": false, "reorientations": [], "translations": [], "rotations": []}], "unconstrained_atoms": [{"index": 0, "molecule": {"qcmol": {"schema_name": "qcschema_molecule", "schema_version": 2, "validated": true, "symbols": ["C", "C", "C", "C", "H", "H", "H", "H", "H", "H", "H", "H", "H", "H"], "geometry": [[0.0, 0.0, -0.0], [2.896651408210259, -4.770442003010679e-16, 8.597839364838951e-17], [4.035373861310352, 2.665325518168906, 3.3306690738754696e-16], [6.932064486703268, 2.665178520722038, 0.00037233241544432083], [-0.7587724722240268, -1.926092306360054, -8.266449217636529e-05], [-0.7459951675533651, 0.9714100198663274, 1.6709693826703882], [-0.7459870092492162, 0.9715549868859434, -1.6708871093730338], [3.5907671296353536, -1.0369246531095866, 1.6584394572006667], [3.590722052435199, -1.0368582053397146, -1.6585034167856918], [3.3411332682665646, 3.7023073167808986, 1.6583441583619893], [3.341549480965578, 3.702117297624128, -1.6586369832863306], [7.677755970840805, 1.693901343869504, 1.6715522973289554], [7.678195949595578, 1.6933858289597687, -1.6703079910582348], [7.690980408387058, 4.59121257600431, 0.00019678256686050943]], "name": "C4H10", "identifiers": {"molecule_hash": "c01e03ae0ca20cb2646e5f84d63522fb8ea0d114", "molecular_formula": "C4H10"}, "molecular_charge": 0.0, "molecular_multiplicity": 1, "connectivity": [[0, 1, 1.0], [0, 4, 1.0], [0, 5, 1.0], [0, 6, 1.0], [1, 2, 1.0], [1, 7, 1.0], [1, 8, 1.0], [2, 3, 1.0], [2, 9, 1.0], [2, 10, 1.0], [3, 11, 1.0], [3, 12, 1.0], [3, 13, 1.0]], "fix_com": true, "fix_orientation": true, "provenance": {"creator": "QCElemental", "version": "v0.22.0", "routine": "qcelemental.molparse.from_schema"}, "id": "12188"}, "charge": 0, "optimize_geometry": false, "conformers": [], "conformer_generation_options": {"n_conformer_pool": 4000, "n_max_conformers": 0, "rms_tolerance": 0.05, "energy_window": 15, "keep_original_conformer": true}, "stage_1_unrestrained_charges": null, "stage_1_restrained_charges": null, "stage_2_unrestrained_charges": null, "stage_2_restrained_charges": null, "keep_original_orientation": false, "reorientations": [], "translations": [], "rotations": []}}, {"index": 1, "molecule": {"qcmol": {"schema_name": "qcschema_molecule", "schema_version": 2, "validated": true, "symbols": ["C", "C", "C", "C", "H", "H", "H", "H", "H", "H", "H", "H", "H", "H"], "geometry": [[0.0, 0.0, -0.0], [2.896651408210259, -4.770442003010679e-16, 8.597839364838951e-17], [4.035373861310352, 2.665325518168906, 3.3306690738754696e-16], [6.932064486703268, 2.665178520722038, 0.00037233241544432083], [-0.7587724722240268, -1.926092306360054, -8.266449217636529e-05], [-0.7459951675533651, 0.9714100198663274, 1.6709693826703882], [-0.7459870092492162, 0.9715549868859434, -1.6708871093730338], [3.5907671296353536, -1.0369246531095866, 1.6584394572006667], [3.590722052435199, -1.0368582053397146, -1.6585034167856918], [3.3411332682665646, 3.7023073167808986, 1.6583441583619893], [3.341549480965578, 3.702117297624128, -1.6586369832863306], [7.677755970840805, 1.693901343869504, 1.6715522973289554], [7.678195949595578, 1.6933858289597687, -1.6703079910582348], [7.690980408387058, 4.59121257600431, 0.00019678256686050943]], "name": "C4H10", "identifiers": {"molecule_hash": "c01e03ae0ca20cb2646e5f84d63522fb8ea0d114", "molecular_formula": "C4H10"}, "molecular_charge": 0.0, "molecular_multiplicity": 1, "connectivity": [[0, 1, 1.0], [0, 4, 1.0], [0, 5, 1.0], [0, 6, 1.0], [1, 2, 1.0], [1, 7, 1.0], [1, 8, 1.0], [2, 3, 1.0], [2, 9, 1.0], [2, 10, 1.0], [3, 11, 1.0], [3, 12, 1.0], [3, 13, 1.0]], "fix_com": true, "fix_orientation": true, "provenance": {"creator": "QCElemental", "version": "v0.22.0", "routine": "qcelemental.molparse.from_schema"}, "id": "12188"}, "charge": 0, "optimize_geometry": false, "conformers": [], "conformer_generation_options": {"n_conformer_pool": 4000, "n_max_conformers": 0, "rms_tolerance": 0.05, "energy_window": 15, "keep_original_conformer": true}, "stage_1_unrestrained_charges": null, "stage_1_restrained_charges": null, "stage_2_unrestrained_charges": null, "stage_2_restrained_charges": null, "keep_original_orientation": false, "reorientations": [], "translations": [], "rotations": []}}, {"index": 2, "molecule": {"qcmol": {"schema_name": "qcschema_molecule", "schema_version": 2, "validated": true, "symbols": ["C", "C", "C", "C", "H", "H", "H", "H", "H", "H", "H", "H", "H", "H"], "geometry": [[0.0, 0.0, -0.0], [2.896651408210259, -4.770442003010679e-16, 8.597839364838951e-17], [4.035373861310352, 2.665325518168906, 3.3306690738754696e-16], [6.932064486703268, 2.665178520722038, 0.00037233241544432083], [-0.7587724722240268, -1.926092306360054, -8.266449217636529e-05], [-0.7459951675533651, 0.9714100198663274, 1.6709693826703882], [-0.7459870092492162, 0.9715549868859434, -1.6708871093730338], [3.5907671296353536, -1.0369246531095866, 1.6584394572006667], [3.590722052435199, -1.0368582053397146, -1.6585034167856918], [3.3411332682665646, 3.7023073167808986, 1.6583441583619893], [3.341549480965578, 3.702117297624128, -1.6586369832863306], [7.677755970840805, 1.693901343869504, 1.6715522973289554], [7.678195949595578, 1.6933858289597687, -1.6703079910582348], [7.690980408387058, 4.59121257600431, 0.00019678256686050943]], "name": "C4H10", "identifiers": {"molecule_hash": "c01e03ae0ca20cb2646e5f84d63522fb8ea0d114", "molecular_formula": "C4H10"}, "molecular_charge": 0.0, "molecular_multiplicity": 1, "connectivity": [[0, 1, 1.0], [0, 4, 1.0], [0, 5, 1.0], [0, 6, 1.0], [1, 2, 1.0], [1, 7, 1.0], [1, 8, 1.0], [2, 3, 1.0], [2, 9, 1.0], [2, 10, 1.0], [3, 11, 1.0], [3, 12, 1.0], [3, 13, 1.0]], "fix_com": true, "fix_orientation": true, "provenance": {"creator": "QCElemental", "version": "v0.22.0", "routine": "qcelemental.molparse.from_schema"}, "id": "12188"}, "charge": 0, "optimize_geometry": false, "conformers": [], "conformer_generation_options": {"n_conformer_pool": 4000, "n_max_conformers": 0, "rms_tolerance": 0.05, "energy_window": 15, "keep_original_conformer": true}, "stage_1_unrestrained_charges": null, "stage_1_restrained_charges": null, "stage_2_unrestrained_charges": null, "stage_2_restrained_charges": null, "keep_original_orientation": false, "reorientations": [], "translations": [], "rotations": []}}, {"index": 3, "molecule": {"qcmol": {"schema_name": "qcschema_molecule", "schema_version": 2, "validated": true, "symbols": ["C", "C", "C", "C", "H", "H", "H", "H", "H", "H", "H", "H", "H", "H"], "geometry": [[0.0, 0.0, -0.0], [2.896651408210259, -4.770442003010679e-16, 8.597839364838951e-17], [4.035373861310352, 2.665325518168906, 3.3306690738754696e-16], [6.932064486703268, 2.665178520722038, 0.00037233241544432083], [-0.7587724722240268, -1.926092306360054, -8.266449217636529e-05], [-0.7459951675533651, 0.9714100198663274, 1.6709693826703882], [-0.7459870092492162, 0.9715549868859434, -1.6708871093730338], [3.5907671296353536, -1.0369246531095866, 1.6584394572006667], [3.590722052435199, -1.0368582053397146, -1.6585034167856918], [3.3411332682665646, 3.7023073167808986, 1.6583441583619893], [3.341549480965578, 3.702117297624128, -1.6586369832863306], [7.677755970840805, 1.693901343869504, 1.6715522973289554], [7.678195949595578, 1.6933858289597687, -1.6703079910582348], [7.690980408387058, 4.59121257600431, 0.00019678256686050943]], "name": "C4H10", "identifiers": {"molecule_hash": "c01e03ae0ca20cb2646e5f84d63522fb8ea0d114", "molecular_formula": "C4H10"}, "molecular_charge": 0.0, "molecular_multiplicity": 1, "connectivity": [[0, 1, 1.0], [0, 4, 1.0], [0, 5, 1.0], [0, 6, 1.0], [1, 2, 1.0], [1, 7, 1.0], [1, 8, 1.0], [2, 3, 1.0], [2, 9, 1.0], [2, 10, 1.0], [3, 11, 1.0], [3, 12, 1.0], [3, 13, 1.0]], "fix_com": true, "fix_orientation": true, "provenance": {"creator": "QCElemental", "version": "v0.22.0", "routine": "qcelemental.molparse.from_schema"}, "id": "12188"}, "charge": 0, "optimize_geometry": false, "conformers": [], "conformer_generation_options": {"n_conformer_pool": 4000, "n_max_conformers": 0, "rms_tolerance": 0.05, "energy_window": 15, "keep_original_conformer": true}, "stage_1_unrestrained_charges": null, "stage_1_restrained_charges": null, "stage_2_unrestrained_charges": null, "stage_2_restrained_charges": null, "keep_original_orientation": false, "reorientations": [], "translations": [], "rotations": []}}]}, "surface_constraints": {"matrix": [[61476510356786.16, 59444529444693.13, 56960916932231.945, 54996884128528.17, 61946136005437.73, 61798568160955.43, 61859234498883.586, 59269437505262.234, 59262361694721.08, 56483808629417.3, 56474362143944.9, 54027720911598.27, 55425128894740.59, 53741381750252.71], [59444529444693.13, 60872327904447.2, 59165884991711.945, 56922313377566.91, 58992199585694.56, 58902246351816.76, 58900549948418.38, 61732226737437.44, 61725435574117.03, 59057591658631.37, 59047262330084.97, 56077177099071.664, 56487727355856.4, 56173940364572.26], [56960916932231.945, 59165884991711.945, 60767871098579.44, 59311746932966.43, 56779057203914.39, 55594543809081.93, 56496877641749.76, 59070013044883.77, 59064754007462.6, 61611618442472.58, 61600029065232.695, 58774514727790.164, 58803131714317.04, 58814344469778.21], [54996884128528.17, 56922313377566.91, 59311746932966.43, 61327232496829.11, 54274381989947.84, 53532735830974.555, 55405885655930.1, 56453722331901.52, 56452761166185.44, 59119466509220.68, 59111629694799.63, 61681635404589.81, 61747715323628.734, 61730934336417.72], [61946136005437.73, 58992199585694.56, 56779057203914.39, 54274381989947.84, 65171964437445.55, 61277299709832.7, 61375761994312.48, 58330199367093.75, 58319159866803.11, 56611147243569.71, 56601635780276.5, 53309675365535.95, 55096970228091.03, 52205570297961.05], [61798568160955.43, 58902246351816.76, 55594543809081.93, 53532735830974.555, 61277299709832.7, 64737264308110.03, 61283182866087.35, 59221379670072.12, 58266154370109.23, 55085330567444.94, 54690173251647.02, 52766942602174.58, 53514754015265.9, 52459156861009.52], [61859234498883.586, 58900549948418.38, 56496877641749.76, 55405885655930.1, 61375761994312.48, 61283182866087.35, 64903212763959.16, 57864962192069.91, 58810118514513.22, 55491952840868.7, 55869160266332.77, 54148333797247.625, 56562495074333.766, 54393112490469.836], [59269437505262.234, 61732226737437.44, 59070013044883.77, 56453722331901.52, 58330199367093.75, 59221379670072.12, 57864962192069.91, 65229156087552.25, 61590681532159.35, 59374681461899.29, 58073477173930.6, 56145769314532.22, 55390817374782.125, 55543037484987.55], [59262361694721.08, 61725435574117.03, 59064754007462.6, 56452761166185.44, 58319159866803.11, 58266154370109.23, 58810118514513.22, 61590681532159.35, 65214898416779.234, 58076780617097.77, 59358377589901.59, 54977930904589.96, 55981543065838.74, 56120158902959.71], [56483808629417.3, 59057591658631.37, 61611618442472.58, 59119466509220.68, 56611147243569.71, 55085330567444.94, 55491952840868.7, 59374681461899.29, 58076780617097.77, 65082751283721.3, 61455046998259.984, 58577680716230.39, 58223968276184.516, 58160266449681.125], [56474362143944.9, 59047262330084.97, 61600029065232.695, 59111629694799.63, 56601635780276.5, 54690173251647.02, 55869160266332.77, 58073477173930.6, 59358377589901.59, 61455046998259.984, 65056007287821.64, 58148535674796.586, 58221430541755.57, 58571672439234.03], [54027720911598.27, 56077177099071.664, 58774514727790.164, 61681635404589.81, 53309675365535.95, 52766942602174.58, 54148333797247.625, 56145769314532.22, 54977930904589.96, 58577680716230.39, 58148535674796.586, 64683478232538.6, 61204088791497.055, 61103876945986.18], [55425128894740.59, 56487727355856.4, 58803131714317.04, 61747715323628.734, 55096970228091.03, 53514754015265.9, 56562495074333.766, 55390817374782.125, 55981543065838.74, 58223968276184.516, 58221430541755.57, 61204088791497.055, 64813977656792.78, 61214996130461.15], [53741381750252.71, 56173940364572.26, 58814344469778.21, 61730934336417.72, 52205570297961.05, 52459156861009.52, 54393112490469.836, 55543037484987.55, 56120158902959.71, 58160266449681.125, 58571672439234.03, 61103876945986.18, 61214996130461.15, 64829643475056.41], [148463208761.04468, 200501347578.226, 199535157209.36884, 146280540702.32495, 154726258251.7161, 128977989420.64967, 131666921411.47572, 215263813278.38818, 215206427733.08582, 214056502915.40622, 214031651423.88974, 134548787020.8814, 130014240158.55597, 143373519966.14462]]}}