{"resp_b": 0.1, "restrained_fit": true, "exclude_hydrogens": true, "convergence_tolerance": 1e-06, "max_iter": 500, "resp_a": 0.0005, "charge_constraints": {"charge_sum_constraints": [], "charge_equivalence_constraints": [], "molecules": [{"qcmol": {"schema_name": "qcschema_molecule", "schema_version": 2, "validated": true, "symbols": ["C", "C", "C", "C", "H", "H", "H", "H", "H", "H", "H", "H", "H", "H"], "geometry": [[0.0, 0.0, -0.0], [2.896651408210259, -4.770442003010679e-16, 8.597839364838951e-17], [4.035373861310352, 2.665325518168906, 3.3306690738754696e-16], [6.932064486703268, 2.665178520722038, 0.00037233241544432083], [-0.7587724722240268, -1.926092306360054, -8.266449217636529e-05], [-0.7459951675533651, 0.9714100198663274, 1.6709693826703882], [-0.7459870092492162, 0.9715549868859434, -1.6708871093730338], [3.5907671296353536, -1.0369246531095866, 1.6584394572006667], [3.590722052435199, -1.0368582053397146, -1.6585034167856918], [3.3411332682665646, 3.7023073167808986, 1.6583441583619893], [3.341549480965578, 3.702117297624128, -1.6586369832863306], [7.677755970840805, 1.693901343869504, 1.6715522973289554], [7.678195949595578, 1.6933858289597687, -1.6703079910582348], [7.690980408387058, 4.59121257600431, 0.00019678256686050943]], "name": "C4H10", "identifiers": {"molecule_hash": "c01e03ae0ca20cb2646e5f84d63522fb8ea0d114", "molecular_formula": "C4H10"}, "molecular_charge": 0.0, "molecular_multiplicity": 1, "connectivity": [[0, 1, 1.0], [0, 4, 1.0], [0, 5, 1.0], [0, 6, 1.0], [1, 2, 1.0], [1, 7, 1.0], [1, 8, 1.0], [2, 3, 1.0], [2, 9, 1.0], [2, 10, 1.0], [3, 11, 1.0], [3, 12, 1.0], [3, 13, 1.0]], "fix_com": true, "fix_orientation": true, "provenance": {"creator": "QCElemental", "version": "v0.22.0", "routine": "qcelemental.molparse.from_schema"}, "id": "12188"}, "charge": 0, "optimize_geometry": false, "conformers": [], "conformer_generation_options": {"n_conformer_pool": 4000, "n_max_conformers": 0, "rms_tolerance": 0.05, "energy_window": 15, "keep_original_conformer": true}, "stage_1_unrestrained_charges": null, "stage_1_restrained_charges": null, "stage_2_unrestrained_charges": null, "stage_2_restrained_charges": null, "keep_original_orientation": false, "reorientations": [], "translations": [], "rotations": []}], "unconstrained_atoms": [{"index": 0, "molecule": {"qcmol": {"schema_name": "qcschema_molecule", "schema_version": 2, "validated": true, "symbols": ["C", "C", "C", "C", "H", "H", "H", "H", "H", "H", "H", "H", "H", "H"], "geometry": [[0.0, 0.0, -0.0], [2.896651408210259, -4.770442003010679e-16, 8.597839364838951e-17], [4.035373861310352, 2.665325518168906, 3.3306690738754696e-16], [6.932064486703268, 2.665178520722038, 0.00037233241544432083], [-0.7587724722240268, -1.926092306360054, -8.266449217636529e-05], [-0.7459951675533651, 0.9714100198663274, 1.6709693826703882], [-0.7459870092492162, 0.9715549868859434, -1.6708871093730338], [3.5907671296353536, -1.0369246531095866, 1.6584394572006667], [3.590722052435199, -1.0368582053397146, -1.6585034167856918], [3.3411332682665646, 3.7023073167808986, 1.6583441583619893], [3.341549480965578, 3.702117297624128, -1.6586369832863306], [7.677755970840805, 1.693901343869504, 1.6715522973289554], [7.678195949595578, 1.6933858289597687, -1.6703079910582348], [7.690980408387058, 4.59121257600431, 0.00019678256686050943]], "name": "C4H10", "identifiers": {"molecule_hash": "c01e03ae0ca20cb2646e5f84d63522fb8ea0d114", "molecular_formula": "C4H10"}, "molecular_charge": 0.0, "molecular_multiplicity": 1, "connectivity": [[0, 1, 1.0], [0, 4, 1.0], [0, 5, 1.0], [0, 6, 1.0], [1, 2, 1.0], [1, 7, 1.0], [1, 8, 1.0], [2, 3, 1.0], [2, 9, 1.0], [2, 10, 1.0], [3, 11, 1.0], [3, 12, 1.0], [3, 13, 1.0]], "fix_com": true, "fix_orientation": true, "provenance": {"creator": "QCElemental", "version": "v0.22.0", "routine": "qcelemental.molparse.from_schema"}, "id": "12188"}, "charge": 0, "optimize_geometry": false, "conformers": [], "conformer_generation_options": {"n_conformer_pool": 4000, "n_max_conformers": 0, "rms_tolerance": 0.05, "energy_window": 15, "keep_original_conformer": true}, "stage_1_unrestrained_charges": null, "stage_1_restrained_charges": null, "stage_2_unrestrained_charges": null, "stage_2_restrained_charges": null, "keep_original_orientation": false, "reorientations": [], "translations": [], "rotations": []}}, {"index": 1, "molecule": {"qcmol": {"schema_name": "qcschema_molecule", "schema_version": 2, "validated": true, "symbols": ["C", "C", "C", "C", "H", "H", "H", "H", "H", "H", "H", "H", "H", "H"], "geometry": [[0.0, 0.0, -0.0], [2.896651408210259, -4.770442003010679e-16, 8.597839364838951e-17], [4.035373861310352, 2.665325518168906, 3.3306690738754696e-16], [6.932064486703268, 2.665178520722038, 0.00037233241544432083], [-0.7587724722240268, -1.926092306360054, -8.266449217636529e-05], [-0.7459951675533651, 0.9714100198663274, 1.6709693826703882], [-0.7459870092492162, 0.9715549868859434, -1.6708871093730338], [3.5907671296353536, -1.0369246531095866, 1.6584394572006667], [3.590722052435199, -1.0368582053397146, -1.6585034167856918], [3.3411332682665646, 3.7023073167808986, 1.6583441583619893], [3.341549480965578, 3.702117297624128, -1.6586369832863306], [7.677755970840805, 1.693901343869504, 1.6715522973289554], [7.678195949595578, 1.6933858289597687, -1.6703079910582348], [7.690980408387058, 4.59121257600431, 0.00019678256686050943]], "name": "C4H10", "identifiers": {"molecule_hash": "c01e03ae0ca20cb2646e5f84d63522fb8ea0d114", "molecular_formula": "C4H10"}, "molecular_charge": 0.0, "molecular_multiplicity": 1, "connectivity": [[0, 1, 1.0], [0, 4, 1.0], [0, 5, 1.0], [0, 6, 1.0], [1, 2, 1.0], [1, 7, 1.0], [1, 8, 1.0], [2, 3, 1.0], [2, 9, 1.0], [2, 10, 1.0], [3, 11, 1.0], [3, 12, 1.0], [3, 13, 1.0]], "fix_com": true, "fix_orientation": true, "provenance": {"creator": "QCElemental", "version": "v0.22.0", "routine": "qcelemental.molparse.from_schema"}, "id": "12188"}, "charge": 0, "optimize_geometry": false, "conformers": [], "conformer_generation_options": {"n_conformer_pool": 4000, "n_max_conformers": 0, "rms_tolerance": 0.05, "energy_window": 15, "keep_original_conformer": true}, "stage_1_unrestrained_charges": null, "stage_1_restrained_charges": null, "stage_2_unrestrained_charges": null, "stage_2_restrained_charges": null, "keep_original_orientation": false, "reorientations": [], "translations": [], "rotations": []}}, {"index": 2, "molecule": {"qcmol": {"schema_name": "qcschema_molecule", "schema_version": 2, "validated": true, "symbols": ["C", "C", "C", "C", "H", "H", "H", "H", "H", "H", "H", "H", "H", "H"], "geometry": [[0.0, 0.0, -0.0], [2.896651408210259, -4.770442003010679e-16, 8.597839364838951e-17], [4.035373861310352, 2.665325518168906, 3.3306690738754696e-16], [6.932064486703268, 2.665178520722038, 0.00037233241544432083], [-0.7587724722240268, -1.926092306360054, -8.266449217636529e-05], [-0.7459951675533651, 0.9714100198663274, 1.6709693826703882], [-0.7459870092492162, 0.9715549868859434, -1.6708871093730338], [3.5907671296353536, -1.0369246531095866, 1.6584394572006667], [3.590722052435199, -1.0368582053397146, -1.6585034167856918], [3.3411332682665646, 3.7023073167808986, 1.6583441583619893], [3.341549480965578, 3.702117297624128, -1.6586369832863306], [7.677755970840805, 1.693901343869504, 1.6715522973289554], [7.678195949595578, 1.6933858289597687, -1.6703079910582348], [7.690980408387058, 4.59121257600431, 0.00019678256686050943]], "name": "C4H10", "identifiers": {"molecule_hash": "c01e03ae0ca20cb2646e5f84d63522fb8ea0d114", "molecular_formula": "C4H10"}, "molecular_charge": 0.0, "molecular_multiplicity": 1, "connectivity": [[0, 1, 1.0], [0, 4, 1.0], [0, 5, 1.0], [0, 6, 1.0], [1, 2, 1.0], [1, 7, 1.0], [1, 8, 1.0], [2, 3, 1.0], [2, 9, 1.0], [2, 10, 1.0], [3, 11, 1.0], [3, 12, 1.0], [3, 13, 1.0]], "fix_com": true, "fix_orientation": true, "provenance": {"creator": "QCElemental", "version": "v0.22.0", "routine": "qcelemental.molparse.from_schema"}, "id": "12188"}, "charge": 0, "optimize_geometry": false, "conformers": [], "conformer_generation_options": {"n_conformer_pool": 4000, "n_max_conformers": 0, "rms_tolerance": 0.05, "energy_window": 15, "keep_original_conformer": true}, "stage_1_unrestrained_charges": null, "stage_1_restrained_charges": null, "stage_2_unrestrained_charges": null, "stage_2_restrained_charges": null, "keep_original_orientation": false, "reorientations": [], "translations": [], "rotations": []}}, {"index": 3, "molecule": {"qcmol": {"schema_name": "qcschema_molecule", "schema_version": 2, "validated": true, "symbols": ["C", "C", "C", "C", "H", "H", "H", "H", "H", "H", "H", "H", "H", "H"], "geometry": [[0.0, 0.0, -0.0], [2.896651408210259, -4.770442003010679e-16, 8.597839364838951e-17], [4.035373861310352, 2.665325518168906, 3.3306690738754696e-16], [6.932064486703268, 2.665178520722038, 0.00037233241544432083], [-0.7587724722240268, -1.926092306360054, -8.266449217636529e-05], [-0.7459951675533651, 0.9714100198663274, 1.6709693826703882], [-0.7459870092492162, 0.9715549868859434, -1.6708871093730338], [3.5907671296353536, -1.0369246531095866, 1.6584394572006667], [3.590722052435199, -1.0368582053397146, -1.6585034167856918], [3.3411332682665646, 3.7023073167808986, 1.6583441583619893], [3.341549480965578, 3.702117297624128, -1.6586369832863306], [7.677755970840805, 1.693901343869504, 1.6715522973289554], [7.678195949595578, 1.6933858289597687, -1.6703079910582348], [7.690980408387058, 4.59121257600431, 0.00019678256686050943]], "name": "C4H10", "identifiers": {"molecule_hash": "c01e03ae0ca20cb2646e5f84d63522fb8ea0d114", "molecular_formula": "C4H10"}, "molecular_charge": 0.0, "molecular_multiplicity": 1, "connectivity": [[0, 1, 1.0], [0, 4, 1.0], [0, 5, 1.0], [0, 6, 1.0], [1, 2, 1.0], [1, 7, 1.0], [1, 8, 1.0], [2, 3, 1.0], [2, 9, 1.0], [2, 10, 1.0], [3, 11, 1.0], [3, 12, 1.0], [3, 13, 1.0]], "fix_com": true, "fix_orientation": true, "provenance": {"creator": "QCElemental", "version": "v0.22.0", "routine": "qcelemental.molparse.from_schema"}, "id": "12188"}, "charge": 0, "optimize_geometry": false, "conformers": [], "conformer_generation_options": {"n_conformer_pool": 4000, "n_max_conformers": 0, "rms_tolerance": 0.05, "energy_window": 15, "keep_original_conformer": true}, "stage_1_unrestrained_charges": null, "stage_1_restrained_charges": null, "stage_2_unrestrained_charges": null, "stage_2_restrained_charges": null, "keep_original_orientation": false, "reorientations": [], "translations": [], "rotations": []}}]}, "surface_constraints": {"matrix": [[893.2994237179356, 862.2050167993334, 822.8318957188069, 791.7000300022155, 898.0181045792526, 896.3006178005642, 896.9661833341522, 858.7182106729911, 858.4054096009405, 814.1389785813739, 814.3952203093738, 775.645954321785, 796.1128824127701, 771.6348411732328], [862.2050167993334, 885.4621578109814, 858.1858599196212, 822.6493766762597, 852.9560099186187, 852.1801784944705, 851.8379588125671, 897.7570326543557, 897.3654593452084, 855.0012990739008, 855.2475282007733, 808.3608641851245, 813.8758378316243, 809.867046192481], [822.8318957188069, 858.1858599196212, 883.6410001310172, 860.2252289180428, 817.955488991045, 800.5017652407504, 814.1559831748135, 855.7582602129816, 855.4581200738278, 895.097420644051, 895.4614347915999, 850.4210280891195, 849.7248094073974, 851.1102310794822], [791.7000300022155, 822.6493766762597, 860.2252289180428, 891.305214225879, 778.991405871873, 768.0583513097679, 796.3111579940321, 814.6211187061109, 814.4262605162535, 855.8787864777115, 856.247780233905, 895.0330105434325, 894.7634857488314, 895.8622404535872], [898.0181045792526, 852.9560099186187, 817.955488991045, 778.991405871873, 944.4782073354726, 885.9895835407859, 887.3009124979131, 842.2802132872436, 841.9115015026292, 813.8906416222184, 814.1673339840618, 763.1896964603682, 789.4031420241931, 747.0463104483291], [896.3006178005642, 852.1801784944705, 800.5017652407504, 768.0583513097679, 885.9895835407859, 939.0757445734014, 886.0193955586466, 856.3163261496495, 841.5246062221532, 791.4737155053778, 786.012815582519, 755.2317694341318, 765.8289855826342, 750.9296874327347], [896.9661833341522, 851.8379588125671, 814.1559831748135, 796.3111579940321, 887.3009124979131, 886.0193955586466, 941.2692247443165, 835.2344456187741, 849.5405163296375, 797.7236512942313, 803.6832745313585, 775.9201870861446, 811.5345086367901, 779.9612105780271], [858.7182106729911, 897.7570326543557, 855.7582602129816, 814.6211187061109, 842.2802132872436, 856.3163261496495, 835.2344456187741, 949.9655547595642, 894.3790205429937, 859.0319059869494, 839.4604005399179, 808.4867259839767, 796.6365648351125, 799.3493862881004], [858.4054096009405, 897.3654593452084, 855.4581200738278, 814.4262605162535, 841.9115015026292, 841.5246062221532, 849.5405163296375, 894.3790205429937, 949.0704822711758, 838.9484268410995, 858.9153113249081, 790.8340488873147, 805.235327401253, 807.8882812482602], [814.1389785813739, 855.0012990739008, 895.097420644051, 855.8787864777115, 813.8906416222184, 791.4737155053778, 797.7236512942313, 859.0319059869494, 838.9484268410995, 946.1456558090483, 891.9619254684171, 846.1851759804681, 839.5042307120689, 839.9097733391833], [814.3952203093738, 855.2475282007733, 895.4614347915999, 856.247780233905, 814.1673339840618, 786.012815582519, 803.6832745313585, 839.4604005399179, 858.9153113249081, 891.9619254684171, 946.9573028427296, 840.0455687340691, 840.071790213641, 846.5652203203912], [775.645954321785, 808.3608641851245, 850.4210280891195, 895.0330105434325, 763.1896964603682, 755.2317694341318, 775.9201870861446, 808.4867259839767, 790.8340488873147, 846.1851759804681, 840.0455687340691, 939.0990586998362, 884.7259658632338, 884.5843467988919], [796.1128824127701, 813.8758378316243, 849.7248094073974, 894.7634857488314, 789.4031420241931, 765.8289855826342, 811.5345086367901, 796.6365648351125, 805.235327401253, 839.5042307120689, 840.071790213641, 884.7259658632338, 938.5099126722297, 885.0825945797612], [771.6348411732328, 809.867046192481, 851.1102310794822, 895.8622404535872, 747.0463104483291, 750.9296874327347, 779.9612105780271, 799.3493862881004, 807.8882812482602, 839.9097733391833, 846.5652203203912, 884.5843467988919, 885.0825945797612, 941.3293680318327], [1.5325117140020739, 2.369108677388072, 2.356966867807956, 1.5084181137766501, 1.628985891894979, 1.24162412198042, 1.2783306148686189, 2.6013970695053947, 2.601786014036078, 2.58222198249696, 2.584592679745394, 1.3311763230034679, 1.2615734607711544, 1.4726333096781432]]}}