{"resp_b": 0.1, "restrained_fit": true, "exclude_hydrogens": true, "convergence_tolerance": 1e-06, "max_iter": 500, "resp_a": 0.0005, "charge_constraints": {"charge_sum_constraints": [], "charge_equivalence_constraints": [], "molecules": [{"qcmol": {"schema_name": "qcschema_molecule", "schema_version": 2, "validated": true, "symbols": ["C", "C", "C", "C", "H", "H", "H", "H", "H", "H", "H", "H", "H", "H"], "geometry": [[0.0, 0.0, -0.0], [2.887846081892732, -6.865953631531251e-16, 7.37954487916854e-18], [4.021150105064722, 2.659351865187359, -2.220446049250313e-16], [6.908996887399001, 2.6592549569013126, 0.0003221104468400515], [-0.744864381506019, -1.9116292143873308, -7.574119658426692e-05], [-0.7406643471708135, 0.9591258793067172, 1.6572745736580268], [-0.7406806678694322, 0.9592533195928017, -1.6571969789854066], [3.570691387165282, -1.02787762003602, 1.6447592338318802], [3.570699355136131, -1.027859884583287, -1.6447678512884534], [3.3381329230949413, 3.687326660014704, 1.6446260982192147], [3.3385069165604024, 3.6871345072298087, -1.6449031464434563], [7.64944546259236, 1.700092947424179, 1.6576772622521534], [7.649827742962255, 1.6999762074410705, -1.6567905172306365], [7.6539549585389635, 4.570847568561579, 0.0003596418318345673]], "name": "C4H10", "identifiers": {"molecule_hash": "6f6fced60bdb69706fd53b9ff4fd40fa5a050982", "molecular_formula": "C4H10"}, "molecular_charge": 0.0, "molecular_multiplicity": 1, "connectivity": [[0, 1, 1.0], [0, 4, 1.0], [0, 5, 1.0], [0, 6, 1.0], [1, 2, 1.0], [1, 7, 1.0], [1, 8, 1.0], [2, 3, 1.0], [2, 9, 1.0], [2, 10, 1.0], [3, 11, 1.0], [3, 12, 1.0], [3, 13, 1.0]], "fix_com": true, "fix_orientation": true, "provenance": {"creator": "QCElemental", "version": "v0.22.0", "routine": "qcelemental.molparse.from_schema"}, "id": "12128"}, "charge": 0, "optimize_geometry": false, "conformers": [], "conformer_generation_options": {"n_conformer_pool": 4000, "n_max_conformers": 0, "rms_tolerance": 0.05, "energy_window": 15, "keep_original_conformer": true}, "stage_1_unrestrained_charges": null, "stage_1_restrained_charges": null, "stage_2_unrestrained_charges": null, "stage_2_restrained_charges": null, "keep_original_orientation": false, "reorientations": [], "translations": [], "rotations": []}], "unconstrained_atoms": [{"index": 0, "molecule": {"qcmol": {"schema_name": "qcschema_molecule", "schema_version": 2, "validated": true, "symbols": ["C", "C", "C", "C", "H", "H", "H", "H", "H", "H", "H", "H", "H", "H"], "geometry": [[0.0, 0.0, -0.0], [2.887846081892732, -6.865953631531251e-16, 7.37954487916854e-18], [4.021150105064722, 2.659351865187359, -2.220446049250313e-16], [6.908996887399001, 2.6592549569013126, 0.0003221104468400515], [-0.744864381506019, -1.9116292143873308, -7.574119658426692e-05], [-0.7406643471708135, 0.9591258793067172, 1.6572745736580268], [-0.7406806678694322, 0.9592533195928017, -1.6571969789854066], [3.570691387165282, -1.02787762003602, 1.6447592338318802], [3.570699355136131, -1.027859884583287, -1.6447678512884534], [3.3381329230949413, 3.687326660014704, 1.6446260982192147], [3.3385069165604024, 3.6871345072298087, -1.6449031464434563], [7.64944546259236, 1.700092947424179, 1.6576772622521534], [7.649827742962255, 1.6999762074410705, -1.6567905172306365], [7.6539549585389635, 4.570847568561579, 0.0003596418318345673]], "name": "C4H10", "identifiers": {"molecule_hash": "6f6fced60bdb69706fd53b9ff4fd40fa5a050982", "molecular_formula": "C4H10"}, "molecular_charge": 0.0, "molecular_multiplicity": 1, "connectivity": [[0, 1, 1.0], [0, 4, 1.0], [0, 5, 1.0], [0, 6, 1.0], [1, 2, 1.0], [1, 7, 1.0], [1, 8, 1.0], [2, 3, 1.0], [2, 9, 1.0], [2, 10, 1.0], [3, 11, 1.0], [3, 12, 1.0], [3, 13, 1.0]], "fix_com": true, "fix_orientation": true, "provenance": {"creator": "QCElemental", "version": "v0.22.0", "routine": "qcelemental.molparse.from_schema"}, "id": "12128"}, "charge": 0, "optimize_geometry": false, "conformers": [], "conformer_generation_options": {"n_conformer_pool": 4000, "n_max_conformers": 0, "rms_tolerance": 0.05, "energy_window": 15, "keep_original_conformer": true}, "stage_1_unrestrained_charges": null, "stage_1_restrained_charges": null, "stage_2_unrestrained_charges": null, "stage_2_restrained_charges": null, "keep_original_orientation": false, "reorientations": [], "translations": [], "rotations": []}}, {"index": 1, "molecule": {"qcmol": {"schema_name": "qcschema_molecule", "schema_version": 2, "validated": true, "symbols": ["C", "C", "C", "C", "H", "H", "H", "H", "H", "H", "H", "H", "H", "H"], "geometry": [[0.0, 0.0, -0.0], [2.887846081892732, -6.865953631531251e-16, 7.37954487916854e-18], [4.021150105064722, 2.659351865187359, -2.220446049250313e-16], [6.908996887399001, 2.6592549569013126, 0.0003221104468400515], [-0.744864381506019, -1.9116292143873308, -7.574119658426692e-05], [-0.7406643471708135, 0.9591258793067172, 1.6572745736580268], [-0.7406806678694322, 0.9592533195928017, -1.6571969789854066], [3.570691387165282, -1.02787762003602, 1.6447592338318802], [3.570699355136131, -1.027859884583287, -1.6447678512884534], [3.3381329230949413, 3.687326660014704, 1.6446260982192147], [3.3385069165604024, 3.6871345072298087, -1.6449031464434563], [7.64944546259236, 1.700092947424179, 1.6576772622521534], [7.649827742962255, 1.6999762074410705, -1.6567905172306365], [7.6539549585389635, 4.570847568561579, 0.0003596418318345673]], "name": "C4H10", "identifiers": {"molecule_hash": "6f6fced60bdb69706fd53b9ff4fd40fa5a050982", "molecular_formula": "C4H10"}, "molecular_charge": 0.0, "molecular_multiplicity": 1, "connectivity": [[0, 1, 1.0], [0, 4, 1.0], [0, 5, 1.0], [0, 6, 1.0], [1, 2, 1.0], [1, 7, 1.0], [1, 8, 1.0], [2, 3, 1.0], [2, 9, 1.0], [2, 10, 1.0], [3, 11, 1.0], [3, 12, 1.0], [3, 13, 1.0]], "fix_com": true, "fix_orientation": true, "provenance": {"creator": "QCElemental", "version": "v0.22.0", "routine": "qcelemental.molparse.from_schema"}, "id": "12128"}, "charge": 0, "optimize_geometry": false, "conformers": [], "conformer_generation_options": {"n_conformer_pool": 4000, "n_max_conformers": 0, "rms_tolerance": 0.05, "energy_window": 15, "keep_original_conformer": true}, "stage_1_unrestrained_charges": null, "stage_1_restrained_charges": null, "stage_2_unrestrained_charges": null, "stage_2_restrained_charges": null, "keep_original_orientation": false, "reorientations": [], "translations": [], "rotations": []}}, {"index": 2, "molecule": {"qcmol": {"schema_name": "qcschema_molecule", "schema_version": 2, "validated": true, "symbols": ["C", "C", "C", "C", "H", "H", "H", "H", "H", "H", "H", "H", "H", "H"], "geometry": [[0.0, 0.0, -0.0], [2.887846081892732, -6.865953631531251e-16, 7.37954487916854e-18], [4.021150105064722, 2.659351865187359, -2.220446049250313e-16], [6.908996887399001, 2.6592549569013126, 0.0003221104468400515], [-0.744864381506019, -1.9116292143873308, -7.574119658426692e-05], [-0.7406643471708135, 0.9591258793067172, 1.6572745736580268], [-0.7406806678694322, 0.9592533195928017, -1.6571969789854066], [3.570691387165282, -1.02787762003602, 1.6447592338318802], [3.570699355136131, -1.027859884583287, -1.6447678512884534], [3.3381329230949413, 3.687326660014704, 1.6446260982192147], [3.3385069165604024, 3.6871345072298087, -1.6449031464434563], [7.64944546259236, 1.700092947424179, 1.6576772622521534], [7.649827742962255, 1.6999762074410705, -1.6567905172306365], [7.6539549585389635, 4.570847568561579, 0.0003596418318345673]], "name": "C4H10", "identifiers": {"molecule_hash": "6f6fced60bdb69706fd53b9ff4fd40fa5a050982", "molecular_formula": "C4H10"}, "molecular_charge": 0.0, "molecular_multiplicity": 1, "connectivity": [[0, 1, 1.0], [0, 4, 1.0], [0, 5, 1.0], [0, 6, 1.0], [1, 2, 1.0], [1, 7, 1.0], [1, 8, 1.0], [2, 3, 1.0], [2, 9, 1.0], [2, 10, 1.0], [3, 11, 1.0], [3, 12, 1.0], [3, 13, 1.0]], "fix_com": true, "fix_orientation": true, "provenance": {"creator": "QCElemental", "version": "v0.22.0", "routine": "qcelemental.molparse.from_schema"}, "id": "12128"}, "charge": 0, "optimize_geometry": false, "conformers": [], "conformer_generation_options": {"n_conformer_pool": 4000, "n_max_conformers": 0, "rms_tolerance": 0.05, "energy_window": 15, "keep_original_conformer": true}, "stage_1_unrestrained_charges": null, "stage_1_restrained_charges": null, "stage_2_unrestrained_charges": null, "stage_2_restrained_charges": null, "keep_original_orientation": false, "reorientations": [], "translations": [], "rotations": []}}, {"index": 3, "molecule": {"qcmol": {"schema_name": "qcschema_molecule", "schema_version": 2, "validated": true, "symbols": ["C", "C", "C", "C", "H", "H", "H", "H", "H", "H", "H", "H", "H", "H"], "geometry": [[0.0, 0.0, -0.0], [2.887846081892732, -6.865953631531251e-16, 7.37954487916854e-18], [4.021150105064722, 2.659351865187359, -2.220446049250313e-16], [6.908996887399001, 2.6592549569013126, 0.0003221104468400515], [-0.744864381506019, -1.9116292143873308, -7.574119658426692e-05], [-0.7406643471708135, 0.9591258793067172, 1.6572745736580268], [-0.7406806678694322, 0.9592533195928017, -1.6571969789854066], [3.570691387165282, -1.02787762003602, 1.6447592338318802], [3.570699355136131, -1.027859884583287, -1.6447678512884534], [3.3381329230949413, 3.687326660014704, 1.6446260982192147], [3.3385069165604024, 3.6871345072298087, -1.6449031464434563], [7.64944546259236, 1.700092947424179, 1.6576772622521534], [7.649827742962255, 1.6999762074410705, -1.6567905172306365], [7.6539549585389635, 4.570847568561579, 0.0003596418318345673]], "name": "C4H10", "identifiers": {"molecule_hash": "6f6fced60bdb69706fd53b9ff4fd40fa5a050982", "molecular_formula": "C4H10"}, "molecular_charge": 0.0, "molecular_multiplicity": 1, "connectivity": [[0, 1, 1.0], [0, 4, 1.0], [0, 5, 1.0], [0, 6, 1.0], [1, 2, 1.0], [1, 7, 1.0], [1, 8, 1.0], [2, 3, 1.0], [2, 9, 1.0], [2, 10, 1.0], [3, 11, 1.0], [3, 12, 1.0], [3, 13, 1.0]], "fix_com": true, "fix_orientation": true, "provenance": {"creator": "QCElemental", "version": "v0.22.0", "routine": "qcelemental.molparse.from_schema"}, "id": "12128"}, "charge": 0, "optimize_geometry": false, "conformers": [], "conformer_generation_options": {"n_conformer_pool": 4000, "n_max_conformers": 0, "rms_tolerance": 0.05, "energy_window": 15, "keep_original_conformer": true}, "stage_1_unrestrained_charges": null, "stage_1_restrained_charges": null, "stage_2_unrestrained_charges": null, "stage_2_restrained_charges": null, "keep_original_orientation": false, "reorientations": [], "translations": [], "rotations": []}}]}, "surface_constraints": {"matrix": [[24822975479565.625, 23966279930915.28, 22866379294132.52, 21958263748377.777, 24962339784842.797, 24909486751270.543, 24906779652933.14, 23874400037493.31, 23868352341887.293, 22638586708154.645, 22644487797785.297, 21510171502888.11, 22058137106541.02, 21395371995039.78], [23966279930915.28, 24623298691894.723, 23864337658227.484, 22851814226816.074, 23718955265902.926, 23693006796103.71, 23663262139575.73, 24965071491089.043, 24956934153447.207, 23785037473038.637, 23790640579719.24, 22455417633890.004, 22594513202398.97, 22496810151332.746], [22866379294132.52, 23864337658227.484, 24567721117303.91, 23897036702585.13, 22735710129886.273, 22250355308267.02, 22607224533290.316, 23801055038129.73, 23794760820041.99, 24891663223287.207, 24899988809977.496, 23627453686523.836, 23596239154075.18, 23646813320947.04], [21958263748377.777, 22851814226816.074, 23897036702585.13, 24744545287041.945, 21601822547123.49, 21306092283188.71, 22059642215433.04, 22638259454719.742, 22634825725692.465, 23786568287953.668, 23794938117222.24, 24850344821668.66, 24827377471784.035, 24872693227652.36], [24962339784842.797, 23718955265902.926, 22735710129886.273, 21601822547123.49, 26245112459650.363, 24637106546851.934, 24650806041639.473, 23431247877427.395, 23423442837957.867, 22637498338059.06, 22643432585165.973, 21159699767273.707, 21857307782249.754, 20717746644492.293], [24909486751270.543, 23693006796103.71, 22250355308267.02, 21306092283188.71, 24637106546851.934, 26085891696772.75, 24612782347808.492, 23812873725908.375, 23409164258798.312, 22009873505396.996, 21863391752047.277, 20947383555363.375, 21224619191224.023, 20821096601485.94], [24906779652933.14, 23663262139575.73, 22607224533290.316, 22059642215433.04, 24650806041639.473, 24612782347808.492, 26100744656739.508, 23212554701934.727, 23607905211183.99, 22169560876273.41, 22328042431973.598, 21490223860767.848, 22455980530973.688, 21593242206793.72], [23874400037493.31, 24965071491089.043, 23801055038129.73, 22638259454719.742, 23431247877427.395, 23812873725908.375, 23212554701934.727, 26401328559096.086, 24877868390523.008, 23892829838732.8, 23365849567517.902, 22467195480711.71, 22126469704876.824, 22217461981890.11], [23868352341887.293, 24956934153447.207, 23794760820041.99, 22634825725692.465, 23423442837957.867, 23409164258798.312, 23607905211183.99, 24877868390523.008, 26381909195046.52, 23354385198370.246, 23890115507584.87, 21981397095244.223, 22368470716451.184, 22452559440315.4], [22638586708154.645, 23785037473038.637, 24891663223287.207, 23786568287953.668, 22637498338059.06, 22009873505396.996, 22169560876273.41, 23892829838732.8, 23354385198370.246, 26301116502045.367, 24811805825928.227, 23521300909283.246, 23325988890703.34, 23350385835600.51], [22644487797785.297, 23790640579719.24, 24899988809977.496, 23794938117222.24, 22643432585165.973, 21863391752047.277, 22328042431973.598, 23365849567517.902, 23890115507584.87, 24811805825928.227, 26319830217184.05, 23351033484088.652, 23340247679347.934, 23531033260155.016], [21510171502888.11, 22455417633890.004, 23627453686523.836, 24850344821668.66, 21159699767273.707, 20947383555363.375, 21490223860767.848, 22467195480711.71, 21981397095244.223, 23521300909283.246, 23351033484088.652, 26059781689349.445, 24556778250724.016, 24569506426633.08], [22058137106541.02, 22594513202398.97, 23596239154075.18, 24827377471784.035, 21857307782249.754, 21224619191224.023, 22455980530973.688, 22126469704876.824, 22368470716451.184, 23325988890703.34, 23340247679347.934, 24556778250724.016, 26008803340417.22, 24565941721212.582], [21395371995039.78, 22496810151332.746, 23646813320947.04, 24872693227652.36, 20717746644492.293, 20821096601485.94, 21593242206793.72, 22217461981890.11, 22452559440315.4, 23350385835600.51, 23531033260155.016, 24569506426633.08, 24565941721212.582, 26119453354930.516], [17611027675.0232, 31055303852.16054, 31089522635.516975, 17736386508.66552, 19348534013.33363, 13043401641.728977, 14986974977.579304, 34319302580.124435, 34363404864.39214, 34317426956.734406, 34391822982.79295, 15213312884.112656, 15216098136.449224, 17308540561.519825]]}}