{"resp_b": 0.1, "restrained_fit": true, "exclude_hydrogens": true, "convergence_tolerance": 1e-06, "max_iter": 500, "resp_a": 0.001, "charge_constraints": {"charge_sum_constraints": [{"atoms": [{"index": 0, "molecule": {"qcmol": {"schema_name": "qcschema_molecule", "schema_version": 2, "validated": true, "symbols": ["C", "C", "C", "C", "H", "H", "H", "H", "H", "H", "H", "H", "H", "H"], "geometry": [[0.0, 0.0, -0.0], [2.887846081892732, -6.865953631531251e-16, 7.37954487916854e-18], [4.021150105064722, 2.659351865187359, -2.220446049250313e-16], [6.908996887399001, 2.6592549569013126, 0.0003221104468400515], [-0.744864381506019, -1.9116292143873308, -7.574119658426692e-05], [-0.7406643471708135, 0.9591258793067172, 1.6572745736580268], [-0.7406806678694322, 0.9592533195928017, -1.6571969789854066], [3.570691387165282, -1.02787762003602, 1.6447592338318802], [3.570699355136131, -1.027859884583287, -1.6447678512884534], [3.3381329230949413, 3.687326660014704, 1.6446260982192147], [3.3385069165604024, 3.6871345072298087, -1.6449031464434563], [7.64944546259236, 1.700092947424179, 1.6576772622521534], [7.649827742962255, 1.6999762074410705, -1.6567905172306365], [7.6539549585389635, 4.570847568561579, 0.0003596418318345673]], "name": "C4H10", "identifiers": {"molecule_hash": "6f6fced60bdb69706fd53b9ff4fd40fa5a050982", "molecular_formula": "C4H10"}, "molecular_charge": 0.0, "molecular_multiplicity": 1, "connectivity": [[0, 1, 1.0], [0, 4, 1.0], [0, 5, 1.0], [0, 6, 1.0], [1, 2, 1.0], [1, 7, 1.0], [1, 8, 1.0], [2, 3, 1.0], [2, 9, 1.0], [2, 10, 1.0], [3, 11, 1.0], [3, 12, 1.0], [3, 13, 1.0]], "fix_com": true, "fix_orientation": true, "provenance": {"creator": "QCElemental", "version": "v0.22.0", "routine": "qcelemental.molparse.from_schema"}, "id": "12128"}, "charge": 0, "optimize_geometry": false, "conformers": [], "conformer_generation_options": {"n_conformer_pool": 4000, "n_max_conformers": 0, "rms_tolerance": 0.05, "energy_window": 15, "keep_original_conformer": true}, "stage_1_unrestrained_charges": null, "stage_1_restrained_charges": null, "stage_2_unrestrained_charges": null, "stage_2_restrained_charges": null, "keep_original_orientation": false, "reorientations": [], "translations": [], "rotations": []}}], "charge": -0.20373486260970897}, {"atoms": [{"index": 1, "molecule": {"qcmol": {"schema_name": "qcschema_molecule", "schema_version": 2, "validated": true, "symbols": ["C", "C", "C", "C", "H", "H", "H", "H", "H", "H", "H", "H", "H", "H"], "geometry": [[0.0, 0.0, -0.0], [2.887846081892732, -6.865953631531251e-16, 7.37954487916854e-18], [4.021150105064722, 2.659351865187359, -2.220446049250313e-16], [6.908996887399001, 2.6592549569013126, 0.0003221104468400515], [-0.744864381506019, -1.9116292143873308, -7.574119658426692e-05], [-0.7406643471708135, 0.9591258793067172, 1.6572745736580268], [-0.7406806678694322, 0.9592533195928017, -1.6571969789854066], [3.570691387165282, -1.02787762003602, 1.6447592338318802], [3.570699355136131, -1.027859884583287, -1.6447678512884534], [3.3381329230949413, 3.687326660014704, 1.6446260982192147], [3.3385069165604024, 3.6871345072298087, -1.6449031464434563], [7.64944546259236, 1.700092947424179, 1.6576772622521534], [7.649827742962255, 1.6999762074410705, -1.6567905172306365], [7.6539549585389635, 4.570847568561579, 0.0003596418318345673]], "name": "C4H10", "identifiers": {"molecule_hash": "6f6fced60bdb69706fd53b9ff4fd40fa5a050982", "molecular_formula": "C4H10"}, "molecular_charge": 0.0, "molecular_multiplicity": 1, "connectivity": [[0, 1, 1.0], [0, 4, 1.0], [0, 5, 1.0], [0, 6, 1.0], [1, 2, 1.0], [1, 7, 1.0], [1, 8, 1.0], [2, 3, 1.0], [2, 9, 1.0], [2, 10, 1.0], [3, 11, 1.0], [3, 12, 1.0], [3, 13, 1.0]], "fix_com": true, "fix_orientation": true, "provenance": {"creator": "QCElemental", "version": "v0.22.0", "routine": "qcelemental.molparse.from_schema"}, "id": "12128"}, "charge": 0, "optimize_geometry": false, "conformers": [], "conformer_generation_options": {"n_conformer_pool": 4000, "n_max_conformers": 0, "rms_tolerance": 0.05, "energy_window": 15, "keep_original_conformer": true}, "stage_1_unrestrained_charges": null, "stage_1_restrained_charges": null, "stage_2_unrestrained_charges": null, "stage_2_restrained_charges": null, "keep_original_orientation": false, "reorientations": [], "translations": [], "rotations": []}}], "charge": 0.13603165793257133}, {"atoms": [{"index": 2, "molecule": {"qcmol": {"schema_name": "qcschema_molecule", "schema_version": 2, "validated": true, "symbols": ["C", "C", "C", "C", "H", "H", "H", "H", "H", "H", "H", "H", "H", "H"], "geometry": [[0.0, 0.0, -0.0], [2.887846081892732, -6.865953631531251e-16, 7.37954487916854e-18], [4.021150105064722, 2.659351865187359, -2.220446049250313e-16], [6.908996887399001, 2.6592549569013126, 0.0003221104468400515], [-0.744864381506019, -1.9116292143873308, -7.574119658426692e-05], [-0.7406643471708135, 0.9591258793067172, 1.6572745736580268], [-0.7406806678694322, 0.9592533195928017, -1.6571969789854066], [3.570691387165282, -1.02787762003602, 1.6447592338318802], [3.570699355136131, -1.027859884583287, -1.6447678512884534], [3.3381329230949413, 3.687326660014704, 1.6446260982192147], [3.3385069165604024, 3.6871345072298087, -1.6449031464434563], [7.64944546259236, 1.700092947424179, 1.6576772622521534], [7.649827742962255, 1.6999762074410705, -1.6567905172306365], [7.6539549585389635, 4.570847568561579, 0.0003596418318345673]], "name": "C4H10", "identifiers": {"molecule_hash": "6f6fced60bdb69706fd53b9ff4fd40fa5a050982", "molecular_formula": "C4H10"}, "molecular_charge": 0.0, "molecular_multiplicity": 1, "connectivity": [[0, 1, 1.0], [0, 4, 1.0], [0, 5, 1.0], [0, 6, 1.0], [1, 2, 1.0], [1, 7, 1.0], [1, 8, 1.0], [2, 3, 1.0], [2, 9, 1.0], [2, 10, 1.0], [3, 11, 1.0], [3, 12, 1.0], [3, 13, 1.0]], "fix_com": true, "fix_orientation": true, "provenance": {"creator": "QCElemental", "version": "v0.22.0", "routine": "qcelemental.molparse.from_schema"}, "id": "12128"}, "charge": 0, "optimize_geometry": false, "conformers": [], "conformer_generation_options": {"n_conformer_pool": 4000, "n_max_conformers": 0, "rms_tolerance": 0.05, "energy_window": 15, "keep_original_conformer": true}, "stage_1_unrestrained_charges": null, "stage_1_restrained_charges": null, "stage_2_unrestrained_charges": null, "stage_2_restrained_charges": null, "keep_original_orientation": false, "reorientations": [], "translations": [], "rotations": []}}], "charge": 0.13292110606227028}, {"atoms": [{"index": 3, "molecule": {"qcmol": {"schema_name": "qcschema_molecule", "schema_version": 2, "validated": true, "symbols": ["C", "C", "C", "C", "H", "H", "H", "H", "H", "H", "H", "H", "H", "H"], "geometry": [[0.0, 0.0, -0.0], [2.887846081892732, -6.865953631531251e-16, 7.37954487916854e-18], [4.021150105064722, 2.659351865187359, -2.220446049250313e-16], [6.908996887399001, 2.6592549569013126, 0.0003221104468400515], [-0.744864381506019, -1.9116292143873308, -7.574119658426692e-05], [-0.7406643471708135, 0.9591258793067172, 1.6572745736580268], [-0.7406806678694322, 0.9592533195928017, -1.6571969789854066], [3.570691387165282, -1.02787762003602, 1.6447592338318802], [3.570699355136131, -1.027859884583287, -1.6447678512884534], [3.3381329230949413, 3.687326660014704, 1.6446260982192147], [3.3385069165604024, 3.6871345072298087, -1.6449031464434563], [7.64944546259236, 1.700092947424179, 1.6576772622521534], [7.649827742962255, 1.6999762074410705, -1.6567905172306365], [7.6539549585389635, 4.570847568561579, 0.0003596418318345673]], "name": "C4H10", "identifiers": {"molecule_hash": "6f6fced60bdb69706fd53b9ff4fd40fa5a050982", "molecular_formula": "C4H10"}, "molecular_charge": 0.0, "molecular_multiplicity": 1, "connectivity": [[0, 1, 1.0], [0, 4, 1.0], [0, 5, 1.0], [0, 6, 1.0], [1, 2, 1.0], [1, 7, 1.0], [1, 8, 1.0], [2, 3, 1.0], [2, 9, 1.0], [2, 10, 1.0], [3, 11, 1.0], [3, 12, 1.0], [3, 13, 1.0]], "fix_com": true, "fix_orientation": true, "provenance": {"creator": "QCElemental", "version": "v0.22.0", "routine": "qcelemental.molparse.from_schema"}, "id": "12128"}, "charge": 0, "optimize_geometry": false, "conformers": [], "conformer_generation_options": {"n_conformer_pool": 4000, "n_max_conformers": 0, "rms_tolerance": 0.05, "energy_window": 15, "keep_original_conformer": true}, "stage_1_unrestrained_charges": null, "stage_1_restrained_charges": null, "stage_2_unrestrained_charges": null, "stage_2_restrained_charges": null, "keep_original_orientation": false, "reorientations": [], "translations": [], "rotations": []}}], "charge": -0.20007387918108413}, {"atoms": [{"index": 4, "molecule": {"qcmol": {"schema_name": "qcschema_molecule", "schema_version": 2, "validated": true, "symbols": ["C", "C", "C", "C", "H", "H", "H", "H", "H", "H", "H", "H", "H", "H"], "geometry": [[0.0, 0.0, -0.0], [2.887846081892732, -6.865953631531251e-16, 7.37954487916854e-18], [4.021150105064722, 2.659351865187359, -2.220446049250313e-16], [6.908996887399001, 2.6592549569013126, 0.0003221104468400515], [-0.744864381506019, -1.9116292143873308, -7.574119658426692e-05], [-0.7406643471708135, 0.9591258793067172, 1.6572745736580268], [-0.7406806678694322, 0.9592533195928017, -1.6571969789854066], [3.570691387165282, -1.02787762003602, 1.6447592338318802], [3.570699355136131, -1.027859884583287, -1.6447678512884534], [3.3381329230949413, 3.687326660014704, 1.6446260982192147], [3.3385069165604024, 3.6871345072298087, -1.6449031464434563], [7.64944546259236, 1.700092947424179, 1.6576772622521534], [7.649827742962255, 1.6999762074410705, -1.6567905172306365], [7.6539549585389635, 4.570847568561579, 0.0003596418318345673]], "name": "C4H10", "identifiers": {"molecule_hash": "6f6fced60bdb69706fd53b9ff4fd40fa5a050982", "molecular_formula": "C4H10"}, "molecular_charge": 0.0, "molecular_multiplicity": 1, "connectivity": [[0, 1, 1.0], [0, 4, 1.0], [0, 5, 1.0], [0, 6, 1.0], [1, 2, 1.0], [1, 7, 1.0], [1, 8, 1.0], [2, 3, 1.0], [2, 9, 1.0], [2, 10, 1.0], [3, 11, 1.0], [3, 12, 1.0], [3, 13, 1.0]], "fix_com": true, "fix_orientation": true, "provenance": {"creator": "QCElemental", "version": "v0.22.0", "routine": "qcelemental.molparse.from_schema"}, "id": "12128"}, "charge": 0, "optimize_geometry": false, "conformers": [], "conformer_generation_options": {"n_conformer_pool": 4000, "n_max_conformers": 0, "rms_tolerance": 0.05, "energy_window": 15, "keep_original_conformer": true}, "stage_1_unrestrained_charges": null, "stage_1_restrained_charges": null, "stage_2_unrestrained_charges": null, "stage_2_restrained_charges": null, "keep_original_orientation": false, "reorientations": [], "translations": [], "rotations": []}}], "charge": 0.045647923228853575}, {"atoms": [{"index": 5, "molecule": {"qcmol": {"schema_name": "qcschema_molecule", "schema_version": 2, "validated": true, "symbols": ["C", "C", "C", "C", "H", "H", "H", "H", "H", "H", "H", "H", "H", "H"], "geometry": [[0.0, 0.0, -0.0], [2.887846081892732, -6.865953631531251e-16, 7.37954487916854e-18], [4.021150105064722, 2.659351865187359, -2.220446049250313e-16], [6.908996887399001, 2.6592549569013126, 0.0003221104468400515], [-0.744864381506019, -1.9116292143873308, -7.574119658426692e-05], [-0.7406643471708135, 0.9591258793067172, 1.6572745736580268], [-0.7406806678694322, 0.9592533195928017, -1.6571969789854066], [3.570691387165282, -1.02787762003602, 1.6447592338318802], [3.570699355136131, -1.027859884583287, -1.6447678512884534], [3.3381329230949413, 3.687326660014704, 1.6446260982192147], [3.3385069165604024, 3.6871345072298087, -1.6449031464434563], [7.64944546259236, 1.700092947424179, 1.6576772622521534], [7.649827742962255, 1.6999762074410705, -1.6567905172306365], [7.6539549585389635, 4.570847568561579, 0.0003596418318345673]], "name": "C4H10", "identifiers": {"molecule_hash": "6f6fced60bdb69706fd53b9ff4fd40fa5a050982", "molecular_formula": "C4H10"}, "molecular_charge": 0.0, "molecular_multiplicity": 1, "connectivity": [[0, 1, 1.0], [0, 4, 1.0], [0, 5, 1.0], [0, 6, 1.0], [1, 2, 1.0], [1, 7, 1.0], [1, 8, 1.0], [2, 3, 1.0], [2, 9, 1.0], [2, 10, 1.0], [3, 11, 1.0], [3, 12, 1.0], [3, 13, 1.0]], "fix_com": true, "fix_orientation": true, "provenance": {"creator": "QCElemental", "version": "v0.22.0", "routine": "qcelemental.molparse.from_schema"}, "id": "12128"}, "charge": 0, "optimize_geometry": false, "conformers": [], "conformer_generation_options": {"n_conformer_pool": 4000, "n_max_conformers": 0, "rms_tolerance": 0.05, "energy_window": 15, "keep_original_conformer": true}, "stage_1_unrestrained_charges": null, "stage_1_restrained_charges": null, "stage_2_unrestrained_charges": null, "stage_2_restrained_charges": null, "keep_original_orientation": false, "reorientations": [], "translations": [], "rotations": []}}], "charge": 0.04396322666375401}, {"atoms": [{"index": 6, "molecule": {"qcmol": {"schema_name": "qcschema_molecule", "schema_version": 2, "validated": true, "symbols": ["C", "C", "C", "C", "H", "H", "H", "H", "H", "H", "H", "H", "H", "H"], "geometry": [[0.0, 0.0, -0.0], [2.887846081892732, -6.865953631531251e-16, 7.37954487916854e-18], [4.021150105064722, 2.659351865187359, -2.220446049250313e-16], [6.908996887399001, 2.6592549569013126, 0.0003221104468400515], [-0.744864381506019, -1.9116292143873308, -7.574119658426692e-05], [-0.7406643471708135, 0.9591258793067172, 1.6572745736580268], [-0.7406806678694322, 0.9592533195928017, -1.6571969789854066], [3.570691387165282, -1.02787762003602, 1.6447592338318802], [3.570699355136131, -1.027859884583287, -1.6447678512884534], [3.3381329230949413, 3.687326660014704, 1.6446260982192147], [3.3385069165604024, 3.6871345072298087, -1.6449031464434563], [7.64944546259236, 1.700092947424179, 1.6576772622521534], [7.649827742962255, 1.6999762074410705, -1.6567905172306365], [7.6539549585389635, 4.570847568561579, 0.0003596418318345673]], "name": "C4H10", "identifiers": {"molecule_hash": "6f6fced60bdb69706fd53b9ff4fd40fa5a050982", "molecular_formula": "C4H10"}, "molecular_charge": 0.0, "molecular_multiplicity": 1, "connectivity": [[0, 1, 1.0], [0, 4, 1.0], [0, 5, 1.0], [0, 6, 1.0], [1, 2, 1.0], [1, 7, 1.0], [1, 8, 1.0], [2, 3, 1.0], [2, 9, 1.0], [2, 10, 1.0], [3, 11, 1.0], [3, 12, 1.0], [3, 13, 1.0]], "fix_com": true, "fix_orientation": true, "provenance": {"creator": "QCElemental", "version": "v0.22.0", "routine": "qcelemental.molparse.from_schema"}, "id": "12128"}, "charge": 0, "optimize_geometry": false, "conformers": [], "conformer_generation_options": {"n_conformer_pool": 4000, "n_max_conformers": 0, "rms_tolerance": 0.05, "energy_window": 15, "keep_original_conformer": true}, "stage_1_unrestrained_charges": null, "stage_1_restrained_charges": null, "stage_2_unrestrained_charges": null, "stage_2_restrained_charges": null, "keep_original_orientation": false, "reorientations": [], "translations": [], "rotations": []}}], "charge": 0.045814249871940244}, {"atoms": [{"index": 7, "molecule": {"qcmol": {"schema_name": "qcschema_molecule", "schema_version": 2, "validated": true, "symbols": ["C", "C", "C", "C", "H", "H", "H", "H", "H", "H", "H", "H", "H", "H"], "geometry": [[0.0, 0.0, -0.0], [2.887846081892732, -6.865953631531251e-16, 7.37954487916854e-18], [4.021150105064722, 2.659351865187359, -2.220446049250313e-16], [6.908996887399001, 2.6592549569013126, 0.0003221104468400515], [-0.744864381506019, -1.9116292143873308, -7.574119658426692e-05], [-0.7406643471708135, 0.9591258793067172, 1.6572745736580268], [-0.7406806678694322, 0.9592533195928017, -1.6571969789854066], [3.570691387165282, -1.02787762003602, 1.6447592338318802], [3.570699355136131, -1.027859884583287, -1.6447678512884534], [3.3381329230949413, 3.687326660014704, 1.6446260982192147], [3.3385069165604024, 3.6871345072298087, -1.6449031464434563], [7.64944546259236, 1.700092947424179, 1.6576772622521534], [7.649827742962255, 1.6999762074410705, -1.6567905172306365], [7.6539549585389635, 4.570847568561579, 0.0003596418318345673]], "name": "C4H10", "identifiers": {"molecule_hash": "6f6fced60bdb69706fd53b9ff4fd40fa5a050982", "molecular_formula": "C4H10"}, "molecular_charge": 0.0, "molecular_multiplicity": 1, "connectivity": [[0, 1, 1.0], [0, 4, 1.0], [0, 5, 1.0], [0, 6, 1.0], [1, 2, 1.0], [1, 7, 1.0], [1, 8, 1.0], [2, 3, 1.0], [2, 9, 1.0], [2, 10, 1.0], [3, 11, 1.0], [3, 12, 1.0], [3, 13, 1.0]], "fix_com": true, "fix_orientation": true, "provenance": {"creator": "QCElemental", "version": "v0.22.0", "routine": "qcelemental.molparse.from_schema"}, "id": "12128"}, "charge": 0, "optimize_geometry": false, "conformers": [], "conformer_generation_options": {"n_conformer_pool": 4000, "n_max_conformers": 0, "rms_tolerance": 0.05, "energy_window": 15, "keep_original_conformer": true}, "stage_1_unrestrained_charges": null, "stage_1_restrained_charges": null, "stage_2_unrestrained_charges": null, "stage_2_restrained_charges": null, "keep_original_orientation": false, "reorientations": [], "translations": [], "rotations": []}}], "charge": -0.03274251297080417}, {"atoms": [{"index": 8, "molecule": {"qcmol": {"schema_name": "qcschema_molecule", "schema_version": 2, "validated": true, "symbols": ["C", "C", "C", "C", "H", "H", "H", "H", "H", "H", "H", "H", "H", "H"], "geometry": [[0.0, 0.0, -0.0], [2.887846081892732, -6.865953631531251e-16, 7.37954487916854e-18], [4.021150105064722, 2.659351865187359, -2.220446049250313e-16], [6.908996887399001, 2.6592549569013126, 0.0003221104468400515], [-0.744864381506019, -1.9116292143873308, -7.574119658426692e-05], [-0.7406643471708135, 0.9591258793067172, 1.6572745736580268], [-0.7406806678694322, 0.9592533195928017, -1.6571969789854066], [3.570691387165282, -1.02787762003602, 1.6447592338318802], [3.570699355136131, -1.027859884583287, -1.6447678512884534], [3.3381329230949413, 3.687326660014704, 1.6446260982192147], [3.3385069165604024, 3.6871345072298087, -1.6449031464434563], [7.64944546259236, 1.700092947424179, 1.6576772622521534], [7.649827742962255, 1.6999762074410705, -1.6567905172306365], [7.6539549585389635, 4.570847568561579, 0.0003596418318345673]], "name": "C4H10", "identifiers": {"molecule_hash": "6f6fced60bdb69706fd53b9ff4fd40fa5a050982", "molecular_formula": "C4H10"}, "molecular_charge": 0.0, "molecular_multiplicity": 1, "connectivity": [[0, 1, 1.0], [0, 4, 1.0], [0, 5, 1.0], [0, 6, 1.0], [1, 2, 1.0], [1, 7, 1.0], [1, 8, 1.0], [2, 3, 1.0], [2, 9, 1.0], [2, 10, 1.0], [3, 11, 1.0], [3, 12, 1.0], [3, 13, 1.0]], "fix_com": true, "fix_orientation": true, "provenance": {"creator": "QCElemental", "version": "v0.22.0", "routine": "qcelemental.molparse.from_schema"}, "id": "12128"}, "charge": 0, "optimize_geometry": false, "conformers": [], "conformer_generation_options": {"n_conformer_pool": 4000, "n_max_conformers": 0, "rms_tolerance": 0.05, "energy_window": 15, "keep_original_conformer": true}, "stage_1_unrestrained_charges": null, "stage_1_restrained_charges": null, "stage_2_unrestrained_charges": null, "stage_2_restrained_charges": null, "keep_original_orientation": false, "reorientations": [], "translations": [], "rotations": []}}], "charge": -0.03350169751604481}, {"atoms": [{"index": 9, "molecule": {"qcmol": {"schema_name": "qcschema_molecule", "schema_version": 2, "validated": true, "symbols": ["C", "C", "C", "C", "H", "H", "H", "H", "H", "H", "H", "H", "H", "H"], "geometry": [[0.0, 0.0, -0.0], [2.887846081892732, -6.865953631531251e-16, 7.37954487916854e-18], [4.021150105064722, 2.659351865187359, -2.220446049250313e-16], [6.908996887399001, 2.6592549569013126, 0.0003221104468400515], [-0.744864381506019, -1.9116292143873308, -7.574119658426692e-05], [-0.7406643471708135, 0.9591258793067172, 1.6572745736580268], [-0.7406806678694322, 0.9592533195928017, -1.6571969789854066], [3.570691387165282, -1.02787762003602, 1.6447592338318802], [3.570699355136131, -1.027859884583287, -1.6447678512884534], [3.3381329230949413, 3.687326660014704, 1.6446260982192147], [3.3385069165604024, 3.6871345072298087, -1.6449031464434563], [7.64944546259236, 1.700092947424179, 1.6576772622521534], [7.649827742962255, 1.6999762074410705, -1.6567905172306365], [7.6539549585389635, 4.570847568561579, 0.0003596418318345673]], "name": "C4H10", "identifiers": {"molecule_hash": "6f6fced60bdb69706fd53b9ff4fd40fa5a050982", "molecular_formula": "C4H10"}, "molecular_charge": 0.0, "molecular_multiplicity": 1, "connectivity": [[0, 1, 1.0], [0, 4, 1.0], [0, 5, 1.0], [0, 6, 1.0], [1, 2, 1.0], [1, 7, 1.0], [1, 8, 1.0], [2, 3, 1.0], [2, 9, 1.0], [2, 10, 1.0], [3, 11, 1.0], [3, 12, 1.0], [3, 13, 1.0]], "fix_com": true, "fix_orientation": true, "provenance": {"creator": "QCElemental", "version": "v0.22.0", "routine": "qcelemental.molparse.from_schema"}, "id": "12128"}, "charge": 0, "optimize_geometry": false, "conformers": [], "conformer_generation_options": {"n_conformer_pool": 4000, "n_max_conformers": 0, "rms_tolerance": 0.05, "energy_window": 15, "keep_original_conformer": true}, "stage_1_unrestrained_charges": null, "stage_1_restrained_charges": null, "stage_2_unrestrained_charges": null, "stage_2_restrained_charges": null, "keep_original_orientation": false, "reorientations": [], "translations": [], "rotations": []}}], "charge": -0.03284895116116927}, {"atoms": [{"index": 10, "molecule": {"qcmol": {"schema_name": "qcschema_molecule", "schema_version": 2, "validated": true, "symbols": ["C", "C", "C", "C", "H", "H", "H", "H", "H", "H", "H", "H", "H", "H"], "geometry": [[0.0, 0.0, -0.0], [2.887846081892732, -6.865953631531251e-16, 7.37954487916854e-18], [4.021150105064722, 2.659351865187359, -2.220446049250313e-16], [6.908996887399001, 2.6592549569013126, 0.0003221104468400515], [-0.744864381506019, -1.9116292143873308, -7.574119658426692e-05], [-0.7406643471708135, 0.9591258793067172, 1.6572745736580268], [-0.7406806678694322, 0.9592533195928017, -1.6571969789854066], [3.570691387165282, -1.02787762003602, 1.6447592338318802], [3.570699355136131, -1.027859884583287, -1.6447678512884534], [3.3381329230949413, 3.687326660014704, 1.6446260982192147], [3.3385069165604024, 3.6871345072298087, -1.6449031464434563], [7.64944546259236, 1.700092947424179, 1.6576772622521534], [7.649827742962255, 1.6999762074410705, -1.6567905172306365], [7.6539549585389635, 4.570847568561579, 0.0003596418318345673]], "name": "C4H10", "identifiers": {"molecule_hash": "6f6fced60bdb69706fd53b9ff4fd40fa5a050982", "molecular_formula": "C4H10"}, "molecular_charge": 0.0, "molecular_multiplicity": 1, "connectivity": [[0, 1, 1.0], [0, 4, 1.0], [0, 5, 1.0], [0, 6, 1.0], [1, 2, 1.0], [1, 7, 1.0], [1, 8, 1.0], [2, 3, 1.0], [2, 9, 1.0], [2, 10, 1.0], [3, 11, 1.0], [3, 12, 1.0], [3, 13, 1.0]], "fix_com": true, "fix_orientation": true, "provenance": {"creator": "QCElemental", "version": "v0.22.0", "routine": "qcelemental.molparse.from_schema"}, "id": "12128"}, "charge": 0, "optimize_geometry": false, "conformers": [], "conformer_generation_options": {"n_conformer_pool": 4000, "n_max_conformers": 0, "rms_tolerance": 0.05, "energy_window": 15, "keep_original_conformer": true}, "stage_1_unrestrained_charges": null, "stage_1_restrained_charges": null, "stage_2_unrestrained_charges": null, "stage_2_restrained_charges": null, "keep_original_orientation": false, "reorientations": [], "translations": [], "rotations": []}}], "charge": -0.03281858746801909}, {"atoms": [{"index": 11, "molecule": {"qcmol": {"schema_name": "qcschema_molecule", "schema_version": 2, "validated": true, "symbols": ["C", "C", "C", "C", "H", "H", "H", "H", "H", "H", "H", "H", "H", "H"], "geometry": [[0.0, 0.0, -0.0], [2.887846081892732, -6.865953631531251e-16, 7.37954487916854e-18], [4.021150105064722, 2.659351865187359, -2.220446049250313e-16], [6.908996887399001, 2.6592549569013126, 0.0003221104468400515], [-0.744864381506019, -1.9116292143873308, -7.574119658426692e-05], [-0.7406643471708135, 0.9591258793067172, 1.6572745736580268], [-0.7406806678694322, 0.9592533195928017, -1.6571969789854066], [3.570691387165282, -1.02787762003602, 1.6447592338318802], [3.570699355136131, -1.027859884583287, -1.6447678512884534], [3.3381329230949413, 3.687326660014704, 1.6446260982192147], [3.3385069165604024, 3.6871345072298087, -1.6449031464434563], [7.64944546259236, 1.700092947424179, 1.6576772622521534], [7.649827742962255, 1.6999762074410705, -1.6567905172306365], [7.6539549585389635, 4.570847568561579, 0.0003596418318345673]], "name": "C4H10", "identifiers": {"molecule_hash": "6f6fced60bdb69706fd53b9ff4fd40fa5a050982", "molecular_formula": "C4H10"}, "molecular_charge": 0.0, "molecular_multiplicity": 1, "connectivity": [[0, 1, 1.0], [0, 4, 1.0], [0, 5, 1.0], [0, 6, 1.0], [1, 2, 1.0], [1, 7, 1.0], [1, 8, 1.0], [2, 3, 1.0], [2, 9, 1.0], [2, 10, 1.0], [3, 11, 1.0], [3, 12, 1.0], [3, 13, 1.0]], "fix_com": true, "fix_orientation": true, "provenance": {"creator": "QCElemental", "version": "v0.22.0", "routine": "qcelemental.molparse.from_schema"}, "id": "12128"}, "charge": 0, "optimize_geometry": false, "conformers": [], "conformer_generation_options": {"n_conformer_pool": 4000, "n_max_conformers": 0, "rms_tolerance": 0.05, "energy_window": 15, "keep_original_conformer": true}, "stage_1_unrestrained_charges": null, "stage_1_restrained_charges": null, "stage_2_unrestrained_charges": null, "stage_2_restrained_charges": null, "keep_original_orientation": false, "reorientations": [], "translations": [], "rotations": []}}], "charge": 0.04370352225954102}, {"atoms": [{"index": 12, "molecule": {"qcmol": {"schema_name": "qcschema_molecule", "schema_version": 2, "validated": true, "symbols": ["C", "C", "C", "C", "H", "H", "H", "H", "H", "H", "H", "H", "H", "H"], "geometry": [[0.0, 0.0, -0.0], [2.887846081892732, -6.865953631531251e-16, 7.37954487916854e-18], [4.021150105064722, 2.659351865187359, -2.220446049250313e-16], [6.908996887399001, 2.6592549569013126, 0.0003221104468400515], [-0.744864381506019, -1.9116292143873308, -7.574119658426692e-05], [-0.7406643471708135, 0.9591258793067172, 1.6572745736580268], [-0.7406806678694322, 0.9592533195928017, -1.6571969789854066], [3.570691387165282, -1.02787762003602, 1.6447592338318802], [3.570699355136131, -1.027859884583287, -1.6447678512884534], [3.3381329230949413, 3.687326660014704, 1.6446260982192147], [3.3385069165604024, 3.6871345072298087, -1.6449031464434563], [7.64944546259236, 1.700092947424179, 1.6576772622521534], [7.649827742962255, 1.6999762074410705, -1.6567905172306365], [7.6539549585389635, 4.570847568561579, 0.0003596418318345673]], "name": "C4H10", "identifiers": {"molecule_hash": "6f6fced60bdb69706fd53b9ff4fd40fa5a050982", "molecular_formula": "C4H10"}, "molecular_charge": 0.0, "molecular_multiplicity": 1, "connectivity": [[0, 1, 1.0], [0, 4, 1.0], [0, 5, 1.0], [0, 6, 1.0], [1, 2, 1.0], [1, 7, 1.0], [1, 8, 1.0], [2, 3, 1.0], [2, 9, 1.0], [2, 10, 1.0], [3, 11, 1.0], [3, 12, 1.0], [3, 13, 1.0]], "fix_com": true, "fix_orientation": true, "provenance": {"creator": "QCElemental", "version": "v0.22.0", "routine": "qcelemental.molparse.from_schema"}, "id": "12128"}, "charge": 0, "optimize_geometry": false, "conformers": [], "conformer_generation_options": {"n_conformer_pool": 4000, "n_max_conformers": 0, "rms_tolerance": 0.05, "energy_window": 15, "keep_original_conformer": true}, "stage_1_unrestrained_charges": null, "stage_1_restrained_charges": null, "stage_2_unrestrained_charges": null, "stage_2_restrained_charges": null, "keep_original_orientation": false, "reorientations": [], "translations": [], "rotations": []}}], "charge": 0.04475450142195778}, {"atoms": [{"index": 13, "molecule": {"qcmol": {"schema_name": "qcschema_molecule", "schema_version": 2, "validated": true, "symbols": ["C", "C", "C", "C", "H", "H", "H", "H", "H", "H", "H", "H", "H", "H"], "geometry": [[0.0, 0.0, -0.0], [2.887846081892732, -6.865953631531251e-16, 7.37954487916854e-18], [4.021150105064722, 2.659351865187359, -2.220446049250313e-16], [6.908996887399001, 2.6592549569013126, 0.0003221104468400515], [-0.744864381506019, -1.9116292143873308, -7.574119658426692e-05], [-0.7406643471708135, 0.9591258793067172, 1.6572745736580268], [-0.7406806678694322, 0.9592533195928017, -1.6571969789854066], [3.570691387165282, -1.02787762003602, 1.6447592338318802], [3.570699355136131, -1.027859884583287, -1.6447678512884534], [3.3381329230949413, 3.687326660014704, 1.6446260982192147], [3.3385069165604024, 3.6871345072298087, -1.6449031464434563], [7.64944546259236, 1.700092947424179, 1.6576772622521534], [7.649827742962255, 1.6999762074410705, -1.6567905172306365], [7.6539549585389635, 4.570847568561579, 0.0003596418318345673]], "name": "C4H10", "identifiers": {"molecule_hash": "6f6fced60bdb69706fd53b9ff4fd40fa5a050982", "molecular_formula": "C4H10"}, "molecular_charge": 0.0, "molecular_multiplicity": 1, "connectivity": [[0, 1, 1.0], [0, 4, 1.0], [0, 5, 1.0], [0, 6, 1.0], [1, 2, 1.0], [1, 7, 1.0], [1, 8, 1.0], [2, 3, 1.0], [2, 9, 1.0], [2, 10, 1.0], [3, 11, 1.0], [3, 12, 1.0], [3, 13, 1.0]], "fix_com": true, "fix_orientation": true, "provenance": {"creator": "QCElemental", "version": "v0.22.0", "routine": "qcelemental.molparse.from_schema"}, "id": "12128"}, "charge": 0, "optimize_geometry": false, "conformers": [], "conformer_generation_options": {"n_conformer_pool": 4000, "n_max_conformers": 0, "rms_tolerance": 0.05, "energy_window": 15, "keep_original_conformer": true}, "stage_1_unrestrained_charges": null, "stage_1_restrained_charges": null, "stage_2_unrestrained_charges": null, "stage_2_restrained_charges": null, "keep_original_orientation": false, "reorientations": [], "translations": [], "rotations": []}}], "charge": 0.044330431213339946}], "charge_equivalence_constraints": [], "molecules": [{"qcmol": {"schema_name": "qcschema_molecule", "schema_version": 2, "validated": true, "symbols": ["C", "C", "C", "C", "H", "H", "H", "H", "H", "H", "H", "H", "H", "H"], "geometry": [[0.0, 0.0, -0.0], [2.887846081892732, -6.865953631531251e-16, 7.37954487916854e-18], [4.021150105064722, 2.659351865187359, -2.220446049250313e-16], [6.908996887399001, 2.6592549569013126, 0.0003221104468400515], [-0.744864381506019, -1.9116292143873308, -7.574119658426692e-05], [-0.7406643471708135, 0.9591258793067172, 1.6572745736580268], [-0.7406806678694322, 0.9592533195928017, -1.6571969789854066], [3.570691387165282, -1.02787762003602, 1.6447592338318802], [3.570699355136131, -1.027859884583287, -1.6447678512884534], [3.3381329230949413, 3.687326660014704, 1.6446260982192147], [3.3385069165604024, 3.6871345072298087, -1.6449031464434563], [7.64944546259236, 1.700092947424179, 1.6576772622521534], [7.649827742962255, 1.6999762074410705, -1.6567905172306365], [7.6539549585389635, 4.570847568561579, 0.0003596418318345673]], "name": "C4H10", "identifiers": {"molecule_hash": "6f6fced60bdb69706fd53b9ff4fd40fa5a050982", "molecular_formula": "C4H10"}, "molecular_charge": 0.0, "molecular_multiplicity": 1, "connectivity": [[0, 1, 1.0], [0, 4, 1.0], [0, 5, 1.0], [0, 6, 1.0], [1, 2, 1.0], [1, 7, 1.0], [1, 8, 1.0], [2, 3, 1.0], [2, 9, 1.0], [2, 10, 1.0], [3, 11, 1.0], [3, 12, 1.0], [3, 13, 1.0]], "fix_com": true, "fix_orientation": true, "provenance": {"creator": "QCElemental", "version": "v0.22.0", "routine": "qcelemental.molparse.from_schema"}, "id": "12128"}, "charge": 0, "optimize_geometry": false, "conformers": [], "conformer_generation_options": {"n_conformer_pool": 4000, "n_max_conformers": 0, "rms_tolerance": 0.05, "energy_window": 15, "keep_original_conformer": true}, "stage_1_unrestrained_charges": null, "stage_1_restrained_charges": null, "stage_2_unrestrained_charges": null, "stage_2_restrained_charges": null, "keep_original_orientation": false, "reorientations": [], "translations": [], "rotations": []}], "unconstrained_atoms": []}, "surface_constraints": {"matrix": [[60511873875713.445, 58505058478417.58, 56066765923645.86, 54105702429146.19, 60938379519016.39, 60841624412512.766, 60920138959368.11, 58333029648817.13, 58328549904424.39, 55606521144934.15, 55597220755351.414, 53153609795940.27, 54521214219763.14, 52851703273830.31], [58505058478417.58, 59889805065085.94, 58223151792222.914, 56035456574569.914, 58038873199912.3, 57996067878715.08, 58003682206522.125, 60723828771813.79, 60718938906906.69, 58114745883309.58, 58103824627394.06, 55217431027107.53, 55621446609880.06, 55291847936987.414], [56066765923645.86, 58223151792222.914, 59802939470721.27, 58394313921549.51, 55859164354841.94, 54744729568486.68, 55635196668448.68, 58125382143197.13, 58121863801500.484, 60623420284090.805, 60611528093035.375, 57883246252794.695, 57916725424065.43, 57898918710178.26], [54105702429146.19, 56035456574569.914, 58394313921549.51, 60384503206942.33, 53353914431306.46, 52677757156109.82, 54511587139073.87, 55582564878889.96, 55583484210732.445, 58208874423192.914, 58200115974937.91, 60740240232498.28, 60817085660819.4, 60758195792422.414], [60938379519016.39, 58038873199912.3, 55859164354841.94, 53353914431306.46, 64023145784345.08, 60310113667571.53, 60422429345437.99, 57401569707817.39, 57393434700497.2, 55703639458925.03, 55693715658044.61, 52406442367335.92, 54131890332711.805, 51322841175052.93], [60841624412512.766, 57996067878715.08, 54744729568486.68, 52677757156109.82, 60310113667571.53, 63715280196944.305, 60369366020947.875, 58311962231685.54, 57383946576739.48, 54246752451755.06, 53876649444475.31, 51931346664900.62, 52646092676827.78, 51596385848446.63], [60920138959368.11, 58003682206522.125, 55635196668448.68, 54511587139073.87, 60422429345437.99, 60369366020947.875, 63918116283008.24, 56991935643232.47, 57915367599343.8, 54667727183881.32, 55021068172410.17, 53260347755883.53, 55652330398400.195, 53476212533975.41], [58333029648817.13, 60723828771813.79, 58125382143197.13, 55582564878889.96, 57401569707817.39, 58311962231685.54, 56991935643232.47, 64106660083125.266, 60595186285545.77, 58398126202293.61, 57172893372991.07, 55294951067563.04, 54548983701848.86, 54686070617493.27], [58328549904424.39, 60718938906906.69, 58121863801500.484, 55583484210732.445, 57393434700497.2, 57383946576739.48, 57915367599343.8, 60595186285545.77, 64095600461143.54, 57178884752218.92, 58382266808211.29, 54148185454316.86, 55139226867482.23, 55248013890349.3], [55606521144934.15, 58114745883309.58, 60623420284090.805, 58208874423192.914, 55703639458925.03, 54246752451755.06, 54667727183881.32, 58398126202293.61, 57178884752218.92, 63984449438351.87, 60478787381942.83, 57696886776091.88, 57355197399016.22, 57273971070409.58], [55597220755351.414, 58103824627394.06, 60611528093035.375, 58200115974937.91, 55693715658044.61, 53876649444475.31, 55021068172410.17, 57172893372991.07, 58382266808211.29, 60478787381942.83, 63957864053882.92, 57281554634675.85, 57350538426176.6, 57669936122216.555], [53153609795940.27, 55217431027107.53, 57883246252794.695, 60740240232498.28, 52406442367335.92, 51931346664900.62, 53260347755883.53, 55294951067563.04, 54148185454316.86, 57696886776091.88, 57281554634675.85, 63667823483577.21, 60294356706061.51, 60161875698752.25], [54521214219763.14, 55621446609880.06, 57916725424065.43, 60817085660819.4, 54131890332711.805, 52646092676827.78, 55652330398400.195, 54548983701848.86, 55139226867482.23, 57355197399016.22, 57350538426176.6, 60294356706061.51, 63823700250621.51, 60280477110735.37], [52851703273830.31, 55291847936987.414, 57898918710178.26, 60758195792422.414, 51322841175052.93, 51596385848446.63, 53476212533975.41, 54686070617493.27, 55248013890349.3, 57273971070409.58, 57669936122216.555, 60161875698752.25, 60280477110735.37, 63738038214889.65], [95690583840.78958, 126973110317.08237, 126294827646.28183, 94278057924.66368, 100459387292.01744, 82144198158.47467, 89246279655.69713, 134697514299.51807, 134704919569.05045, 133792440203.35136, 133811473597.55983, 87062828190.28223, 88203657127.97853, 91810857012.2566]]}}