{"resp_b": 0.1, "restrained_fit": true, "exclude_hydrogens": true, "convergence_tolerance": 1e-06, "max_iter": 500, "resp_a": 0.0005, "charge_constraints": {"charge_sum_constraints": [], "charge_equivalence_constraints": [], "molecules": [{"qcmol": {"schema_name": "qcschema_molecule", "schema_version": 2, "validated": true, "symbols": ["C", "C", "C", "C", "H", "H", "H", "H", "H", "H", "H", "H", "H", "H"], "geometry": [[0.0, 0.0, -0.0], [2.887846081892732, -6.865953631531251e-16, 7.37954487916854e-18], [4.021150105064722, 2.659351865187359, -2.220446049250313e-16], [6.908996887399001, 2.6592549569013126, 0.0003221104468400515], [-0.744864381506019, -1.9116292143873308, -7.574119658426692e-05], [-0.7406643471708135, 0.9591258793067172, 1.6572745736580268], [-0.7406806678694322, 0.9592533195928017, -1.6571969789854066], [3.570691387165282, -1.02787762003602, 1.6447592338318802], [3.570699355136131, -1.027859884583287, -1.6447678512884534], [3.3381329230949413, 3.687326660014704, 1.6446260982192147], [3.3385069165604024, 3.6871345072298087, -1.6449031464434563], [7.64944546259236, 1.700092947424179, 1.6576772622521534], [7.649827742962255, 1.6999762074410705, -1.6567905172306365], [7.6539549585389635, 4.570847568561579, 0.0003596418318345673]], "name": "C4H10", "identifiers": {"molecule_hash": "6f6fced60bdb69706fd53b9ff4fd40fa5a050982", "molecular_formula": "C4H10"}, "molecular_charge": 0.0, "molecular_multiplicity": 1, "connectivity": [[0, 1, 1.0], [0, 4, 1.0], [0, 5, 1.0], [0, 6, 1.0], [1, 2, 1.0], [1, 7, 1.0], [1, 8, 1.0], [2, 3, 1.0], [2, 9, 1.0], [2, 10, 1.0], [3, 11, 1.0], [3, 12, 1.0], [3, 13, 1.0]], "fix_com": true, "fix_orientation": true, "provenance": {"creator": "QCElemental", "version": "v0.22.0", "routine": "qcelemental.molparse.from_schema"}, "id": "12128"}, "charge": 0, "optimize_geometry": false, "conformers": [], "conformer_generation_options": {"n_conformer_pool": 4000, "n_max_conformers": 0, "rms_tolerance": 0.05, "energy_window": 15, "keep_original_conformer": true}, "stage_1_unrestrained_charges": null, "stage_1_restrained_charges": null, "stage_2_unrestrained_charges": null, "stage_2_restrained_charges": null, "keep_original_orientation": false, "reorientations": [], "translations": [], "rotations": []}], "unconstrained_atoms": [{"index": 0, "molecule": {"qcmol": {"schema_name": "qcschema_molecule", "schema_version": 2, "validated": true, "symbols": ["C", "C", "C", "C", "H", "H", "H", "H", "H", "H", "H", "H", "H", "H"], "geometry": [[0.0, 0.0, -0.0], [2.887846081892732, -6.865953631531251e-16, 7.37954487916854e-18], [4.021150105064722, 2.659351865187359, -2.220446049250313e-16], [6.908996887399001, 2.6592549569013126, 0.0003221104468400515], [-0.744864381506019, -1.9116292143873308, -7.574119658426692e-05], [-0.7406643471708135, 0.9591258793067172, 1.6572745736580268], [-0.7406806678694322, 0.9592533195928017, -1.6571969789854066], [3.570691387165282, -1.02787762003602, 1.6447592338318802], [3.570699355136131, -1.027859884583287, -1.6447678512884534], [3.3381329230949413, 3.687326660014704, 1.6446260982192147], [3.3385069165604024, 3.6871345072298087, -1.6449031464434563], [7.64944546259236, 1.700092947424179, 1.6576772622521534], [7.649827742962255, 1.6999762074410705, -1.6567905172306365], [7.6539549585389635, 4.570847568561579, 0.0003596418318345673]], "name": "C4H10", "identifiers": {"molecule_hash": "6f6fced60bdb69706fd53b9ff4fd40fa5a050982", "molecular_formula": "C4H10"}, "molecular_charge": 0.0, "molecular_multiplicity": 1, "connectivity": [[0, 1, 1.0], [0, 4, 1.0], [0, 5, 1.0], [0, 6, 1.0], [1, 2, 1.0], [1, 7, 1.0], [1, 8, 1.0], [2, 3, 1.0], [2, 9, 1.0], [2, 10, 1.0], [3, 11, 1.0], [3, 12, 1.0], [3, 13, 1.0]], "fix_com": true, "fix_orientation": true, "provenance": {"creator": "QCElemental", "version": "v0.22.0", "routine": "qcelemental.molparse.from_schema"}, "id": "12128"}, "charge": 0, "optimize_geometry": false, "conformers": [], "conformer_generation_options": {"n_conformer_pool": 4000, "n_max_conformers": 0, "rms_tolerance": 0.05, "energy_window": 15, "keep_original_conformer": true}, "stage_1_unrestrained_charges": null, "stage_1_restrained_charges": null, "stage_2_unrestrained_charges": null, "stage_2_restrained_charges": null, "keep_original_orientation": false, "reorientations": [], "translations": [], "rotations": []}}, {"index": 1, "molecule": {"qcmol": {"schema_name": "qcschema_molecule", "schema_version": 2, "validated": true, "symbols": ["C", "C", "C", "C", "H", "H", "H", "H", "H", "H", "H", "H", "H", "H"], "geometry": [[0.0, 0.0, -0.0], [2.887846081892732, -6.865953631531251e-16, 7.37954487916854e-18], [4.021150105064722, 2.659351865187359, -2.220446049250313e-16], [6.908996887399001, 2.6592549569013126, 0.0003221104468400515], [-0.744864381506019, -1.9116292143873308, -7.574119658426692e-05], [-0.7406643471708135, 0.9591258793067172, 1.6572745736580268], [-0.7406806678694322, 0.9592533195928017, -1.6571969789854066], [3.570691387165282, -1.02787762003602, 1.6447592338318802], [3.570699355136131, -1.027859884583287, -1.6447678512884534], [3.3381329230949413, 3.687326660014704, 1.6446260982192147], [3.3385069165604024, 3.6871345072298087, -1.6449031464434563], [7.64944546259236, 1.700092947424179, 1.6576772622521534], [7.649827742962255, 1.6999762074410705, -1.6567905172306365], [7.6539549585389635, 4.570847568561579, 0.0003596418318345673]], "name": "C4H10", "identifiers": {"molecule_hash": "6f6fced60bdb69706fd53b9ff4fd40fa5a050982", "molecular_formula": "C4H10"}, "molecular_charge": 0.0, "molecular_multiplicity": 1, "connectivity": [[0, 1, 1.0], [0, 4, 1.0], [0, 5, 1.0], [0, 6, 1.0], [1, 2, 1.0], [1, 7, 1.0], [1, 8, 1.0], [2, 3, 1.0], [2, 9, 1.0], [2, 10, 1.0], [3, 11, 1.0], [3, 12, 1.0], [3, 13, 1.0]], "fix_com": true, "fix_orientation": true, "provenance": {"creator": "QCElemental", "version": "v0.22.0", "routine": "qcelemental.molparse.from_schema"}, "id": "12128"}, "charge": 0, "optimize_geometry": false, "conformers": [], "conformer_generation_options": {"n_conformer_pool": 4000, "n_max_conformers": 0, "rms_tolerance": 0.05, "energy_window": 15, "keep_original_conformer": true}, "stage_1_unrestrained_charges": null, "stage_1_restrained_charges": null, "stage_2_unrestrained_charges": null, "stage_2_restrained_charges": null, "keep_original_orientation": false, "reorientations": [], "translations": [], "rotations": []}}, {"index": 2, "molecule": {"qcmol": {"schema_name": "qcschema_molecule", "schema_version": 2, "validated": true, "symbols": ["C", "C", "C", "C", "H", "H", "H", "H", "H", "H", "H", "H", "H", "H"], "geometry": [[0.0, 0.0, -0.0], [2.887846081892732, -6.865953631531251e-16, 7.37954487916854e-18], [4.021150105064722, 2.659351865187359, -2.220446049250313e-16], [6.908996887399001, 2.6592549569013126, 0.0003221104468400515], [-0.744864381506019, -1.9116292143873308, -7.574119658426692e-05], [-0.7406643471708135, 0.9591258793067172, 1.6572745736580268], [-0.7406806678694322, 0.9592533195928017, -1.6571969789854066], [3.570691387165282, -1.02787762003602, 1.6447592338318802], [3.570699355136131, -1.027859884583287, -1.6447678512884534], [3.3381329230949413, 3.687326660014704, 1.6446260982192147], [3.3385069165604024, 3.6871345072298087, -1.6449031464434563], [7.64944546259236, 1.700092947424179, 1.6576772622521534], [7.649827742962255, 1.6999762074410705, -1.6567905172306365], [7.6539549585389635, 4.570847568561579, 0.0003596418318345673]], "name": "C4H10", "identifiers": {"molecule_hash": "6f6fced60bdb69706fd53b9ff4fd40fa5a050982", "molecular_formula": "C4H10"}, "molecular_charge": 0.0, "molecular_multiplicity": 1, "connectivity": [[0, 1, 1.0], [0, 4, 1.0], [0, 5, 1.0], [0, 6, 1.0], [1, 2, 1.0], [1, 7, 1.0], [1, 8, 1.0], [2, 3, 1.0], [2, 9, 1.0], [2, 10, 1.0], [3, 11, 1.0], [3, 12, 1.0], [3, 13, 1.0]], "fix_com": true, "fix_orientation": true, "provenance": {"creator": "QCElemental", "version": "v0.22.0", "routine": "qcelemental.molparse.from_schema"}, "id": "12128"}, "charge": 0, "optimize_geometry": false, "conformers": [], "conformer_generation_options": {"n_conformer_pool": 4000, "n_max_conformers": 0, "rms_tolerance": 0.05, "energy_window": 15, "keep_original_conformer": true}, "stage_1_unrestrained_charges": null, "stage_1_restrained_charges": null, "stage_2_unrestrained_charges": null, "stage_2_restrained_charges": null, "keep_original_orientation": false, "reorientations": [], "translations": [], "rotations": []}}, {"index": 3, "molecule": {"qcmol": {"schema_name": "qcschema_molecule", "schema_version": 2, "validated": true, "symbols": ["C", "C", "C", "C", "H", "H", "H", "H", "H", "H", "H", "H", "H", "H"], "geometry": [[0.0, 0.0, -0.0], [2.887846081892732, -6.865953631531251e-16, 7.37954487916854e-18], [4.021150105064722, 2.659351865187359, -2.220446049250313e-16], [6.908996887399001, 2.6592549569013126, 0.0003221104468400515], [-0.744864381506019, -1.9116292143873308, -7.574119658426692e-05], [-0.7406643471708135, 0.9591258793067172, 1.6572745736580268], [-0.7406806678694322, 0.9592533195928017, -1.6571969789854066], [3.570691387165282, -1.02787762003602, 1.6447592338318802], [3.570699355136131, -1.027859884583287, -1.6447678512884534], [3.3381329230949413, 3.687326660014704, 1.6446260982192147], [3.3385069165604024, 3.6871345072298087, -1.6449031464434563], [7.64944546259236, 1.700092947424179, 1.6576772622521534], [7.649827742962255, 1.6999762074410705, -1.6567905172306365], [7.6539549585389635, 4.570847568561579, 0.0003596418318345673]], "name": "C4H10", "identifiers": {"molecule_hash": "6f6fced60bdb69706fd53b9ff4fd40fa5a050982", "molecular_formula": "C4H10"}, "molecular_charge": 0.0, "molecular_multiplicity": 1, "connectivity": [[0, 1, 1.0], [0, 4, 1.0], [0, 5, 1.0], [0, 6, 1.0], [1, 2, 1.0], [1, 7, 1.0], [1, 8, 1.0], [2, 3, 1.0], [2, 9, 1.0], [2, 10, 1.0], [3, 11, 1.0], [3, 12, 1.0], [3, 13, 1.0]], "fix_com": true, "fix_orientation": true, "provenance": {"creator": "QCElemental", "version": "v0.22.0", "routine": "qcelemental.molparse.from_schema"}, "id": "12128"}, "charge": 0, "optimize_geometry": false, "conformers": [], "conformer_generation_options": {"n_conformer_pool": 4000, "n_max_conformers": 0, "rms_tolerance": 0.05, "energy_window": 15, "keep_original_conformer": true}, "stage_1_unrestrained_charges": null, "stage_1_restrained_charges": null, "stage_2_unrestrained_charges": null, "stage_2_restrained_charges": null, "keep_original_orientation": false, "reorientations": [], "translations": [], "rotations": []}}]}, "surface_constraints": {"matrix": [[894.3874209024639, 863.5201256623834, 823.8900033731827, 791.1701560997421, 899.4088293554765, 897.504477757041, 897.4069346731666, 860.2096371858167, 859.9917333237983, 815.6824391268663, 815.895056910566, 775.025083325104, 794.7687063619445, 770.8888854103295], [863.5201256623834, 887.1929147483952, 859.8470683104408, 823.3652098554805, 854.6088797189219, 853.6739277551177, 852.6022016005052, 899.5072050277752, 899.2140098193681, 856.9898369945981, 857.1917182501056, 809.0827329563185, 814.0944533181737, 810.574301264979], [823.8900033731827, 859.8470683104408, 885.1904117491356, 861.0252355666568, 819.1820539936245, 801.6941844530623, 814.5524546784999, 857.5669603966041, 857.3401736913922, 896.8622506714145, 897.1622245157232, 851.3119930608294, 850.1873092130768, 852.0095472679751], [791.1701560997421, 823.3652098554805, 861.0252355666568, 891.5615140792539, 778.3274578537395, 767.6719533885586, 794.8229362953122, 815.6706431360577, 815.5469224396084, 857.0449902699224, 857.3465590478737, 895.3735383634563, 894.5460078782781, 896.1787890424886], [899.4088293554765, 854.6088797189219, 819.1820539936245, 778.3274578537395, 945.6279699001234, 887.6904713170209, 888.1840706155555, 844.2425467663473, 843.9613249943552, 815.6434220228898, 815.8572350428583, 762.3974533544164, 787.5328080706383, 746.4736981427891], [897.504477757041, 853.6739277551177, 801.6941844530623, 767.6719533885586, 887.6904713170209, 939.8910818727506, 886.8140300397508, 857.9928095004619, 843.4469841429769, 793.0293187359293, 787.7516026664725, 754.7474195709314, 764.7365080241196, 750.1973219553792], [897.4069346731666, 852.6022016005052, 814.5524546784999, 794.8229362953122, 888.1840706155555, 886.8140300397508, 940.4262363207325, 836.3629883145891, 850.6076319783929, 798.7831121497055, 804.4931837685015, 774.3064473750561, 809.1033296216018, 778.0183214801343], [860.2096371858167, 899.5072050277752, 857.5669603966041, 815.6706431360577, 844.2425467663473, 857.9928095004619, 836.3629883145891, 951.2564500108597, 896.3652208879532, 860.8736629308564, 841.8862927833989, 809.5069746841245, 797.2304997992582, 800.5091843644997], [859.9917333237983, 899.2140098193681, 857.3401736913922, 815.5469224396084, 843.9613249943552, 843.4469841429769, 850.6076319783929, 896.3652208879532, 950.556754648191, 841.4732241724522, 860.775859422574, 792.003421308648, 805.9498444250878, 808.9799264600957], [815.6824391268663, 856.9898369945981, 896.8622506714145, 857.0449902699224, 815.6434220228898, 793.0293187359293, 798.7831121497055, 860.8736629308564, 841.4732241724522, 947.6457372534452, 893.9849373386791, 847.4872124068557, 840.4501086640624, 841.329024527072], [815.895056910566, 857.1917182501056, 897.1622245157232, 857.3465590478737, 815.8572350428583, 787.7516026664725, 804.4931837685015, 841.8862927833989, 860.775859422574, 893.9849373386791, 948.3199990670898, 841.3524826428868, 840.9637221848152, 847.8378879809716], [775.025083325104, 809.0827329563185, 851.3119930608294, 895.3735383634563, 762.3974533544164, 754.7474195709314, 774.3064473750561, 809.5069746841245, 792.003421308648, 847.4872124068557, 841.3524826428868, 938.9503039588667, 884.7961507387942, 885.2547775147353], [794.7687063619445, 814.0944533181737, 850.1873092130768, 894.5460078782781, 787.5328080706383, 764.7365080241196, 809.1033296216018, 797.2304997992582, 805.9498444250878, 840.4501086640624, 840.9637221848152, 884.7961507387942, 937.1135166344484, 885.126339698251], [770.8888854103295, 810.574301264979, 852.0095472679751, 896.1787890424886, 746.4736981427891, 750.1973219553792, 778.0183214801343, 800.5091843644997, 808.9799264600957, 841.329024527072, 847.8378879809716, 885.2547775147353, 885.126339698251, 941.1003702602112], [0.6345365970711051, 1.1189420721800096, 1.120175012623774, 0.6390534449924248, 0.6971411256337745, 0.46996162476263276, 0.539990090303904, 1.236545990911112, 1.2381350234181043, 1.2364784283185493, 1.2391589298113708, 0.5481453220559983, 0.5482456233185459, 0.6236386653183019]]}}