{"resp_b": 0.1, "restrained_fit": true, "exclude_hydrogens": true, "convergence_tolerance": 1e-06, "max_iter": 500, "resp_a": 0.0005, "charge_constraints": {"charge_sum_constraints": [], "charge_equivalence_constraints": [], "molecules": [{"qcmol": {"schema_name": "qcschema_molecule", "schema_version": 2, "validated": true, "symbols": ["C", "C", "C", "C", "H", "H", "H", "H", "H", "H", "H", "H", "H", "H"], "geometry": [[0.0, 0.0, -0.0], [2.887846081892732, -6.865953631531251e-16, 7.37954487916854e-18], [4.021150105064722, 2.659351865187359, -2.220446049250313e-16], [6.908996887399001, 2.6592549569013126, 0.0003221104468400515], [-0.744864381506019, -1.9116292143873308, -7.574119658426692e-05], [-0.7406643471708135, 0.9591258793067172, 1.6572745736580268], [-0.7406806678694322, 0.9592533195928017, -1.6571969789854066], [3.570691387165282, -1.02787762003602, 1.6447592338318802], [3.570699355136131, -1.027859884583287, -1.6447678512884534], [3.3381329230949413, 3.687326660014704, 1.6446260982192147], [3.3385069165604024, 3.6871345072298087, -1.6449031464434563], [7.64944546259236, 1.700092947424179, 1.6576772622521534], [7.649827742962255, 1.6999762074410705, -1.6567905172306365], [7.6539549585389635, 4.570847568561579, 0.0003596418318345673]], "name": "C4H10", "identifiers": {"molecule_hash": "6f6fced60bdb69706fd53b9ff4fd40fa5a050982", "molecular_formula": "C4H10"}, "molecular_charge": 0.0, "molecular_multiplicity": 1, "connectivity": [[0, 1, 1.0], [0, 4, 1.0], [0, 5, 1.0], [0, 6, 1.0], [1, 2, 1.0], [1, 7, 1.0], [1, 8, 1.0], [2, 3, 1.0], [2, 9, 1.0], [2, 10, 1.0], [3, 11, 1.0], [3, 12, 1.0], [3, 13, 1.0]], "fix_com": true, "fix_orientation": true, "provenance": {"creator": "QCElemental", "version": "v0.22.0", "routine": "qcelemental.molparse.from_schema"}, "id": "12128"}, "charge": 0, "optimize_geometry": false, "conformers": [], "conformer_generation_options": {"n_conformer_pool": 4000, "n_max_conformers": 0, "rms_tolerance": 0.05, "energy_window": 15, "keep_original_conformer": true}, "stage_1_unrestrained_charges": null, "stage_1_restrained_charges": null, "stage_2_unrestrained_charges": null, "stage_2_restrained_charges": null, "keep_original_orientation": false, "reorientations": [], "translations": [], "rotations": []}], "unconstrained_atoms": [{"index": 0, "molecule": {"qcmol": {"schema_name": "qcschema_molecule", "schema_version": 2, "validated": true, "symbols": ["C", "C", "C", "C", "H", "H", "H", "H", "H", "H", "H", "H", "H", "H"], "geometry": [[0.0, 0.0, -0.0], [2.887846081892732, -6.865953631531251e-16, 7.37954487916854e-18], [4.021150105064722, 2.659351865187359, -2.220446049250313e-16], [6.908996887399001, 2.6592549569013126, 0.0003221104468400515], [-0.744864381506019, -1.9116292143873308, -7.574119658426692e-05], [-0.7406643471708135, 0.9591258793067172, 1.6572745736580268], [-0.7406806678694322, 0.9592533195928017, -1.6571969789854066], [3.570691387165282, -1.02787762003602, 1.6447592338318802], [3.570699355136131, -1.027859884583287, -1.6447678512884534], [3.3381329230949413, 3.687326660014704, 1.6446260982192147], [3.3385069165604024, 3.6871345072298087, -1.6449031464434563], [7.64944546259236, 1.700092947424179, 1.6576772622521534], [7.649827742962255, 1.6999762074410705, -1.6567905172306365], [7.6539549585389635, 4.570847568561579, 0.0003596418318345673]], "name": "C4H10", "identifiers": {"molecule_hash": "6f6fced60bdb69706fd53b9ff4fd40fa5a050982", "molecular_formula": "C4H10"}, "molecular_charge": 0.0, "molecular_multiplicity": 1, "connectivity": [[0, 1, 1.0], [0, 4, 1.0], [0, 5, 1.0], [0, 6, 1.0], [1, 2, 1.0], [1, 7, 1.0], [1, 8, 1.0], [2, 3, 1.0], [2, 9, 1.0], [2, 10, 1.0], [3, 11, 1.0], [3, 12, 1.0], [3, 13, 1.0]], "fix_com": true, "fix_orientation": true, "provenance": {"creator": "QCElemental", "version": "v0.22.0", "routine": "qcelemental.molparse.from_schema"}, "id": "12128"}, "charge": 0, "optimize_geometry": false, "conformers": [], "conformer_generation_options": {"n_conformer_pool": 4000, "n_max_conformers": 0, "rms_tolerance": 0.05, "energy_window": 15, "keep_original_conformer": true}, "stage_1_unrestrained_charges": null, "stage_1_restrained_charges": null, "stage_2_unrestrained_charges": null, "stage_2_restrained_charges": null, "keep_original_orientation": false, "reorientations": [], "translations": [], "rotations": []}}, {"index": 1, "molecule": {"qcmol": {"schema_name": "qcschema_molecule", "schema_version": 2, "validated": true, "symbols": ["C", "C", "C", "C", "H", "H", "H", "H", "H", "H", "H", "H", "H", "H"], "geometry": [[0.0, 0.0, -0.0], [2.887846081892732, -6.865953631531251e-16, 7.37954487916854e-18], [4.021150105064722, 2.659351865187359, -2.220446049250313e-16], [6.908996887399001, 2.6592549569013126, 0.0003221104468400515], [-0.744864381506019, -1.9116292143873308, -7.574119658426692e-05], [-0.7406643471708135, 0.9591258793067172, 1.6572745736580268], [-0.7406806678694322, 0.9592533195928017, -1.6571969789854066], [3.570691387165282, -1.02787762003602, 1.6447592338318802], [3.570699355136131, -1.027859884583287, -1.6447678512884534], [3.3381329230949413, 3.687326660014704, 1.6446260982192147], [3.3385069165604024, 3.6871345072298087, -1.6449031464434563], [7.64944546259236, 1.700092947424179, 1.6576772622521534], [7.649827742962255, 1.6999762074410705, -1.6567905172306365], [7.6539549585389635, 4.570847568561579, 0.0003596418318345673]], "name": "C4H10", "identifiers": {"molecule_hash": "6f6fced60bdb69706fd53b9ff4fd40fa5a050982", "molecular_formula": "C4H10"}, "molecular_charge": 0.0, "molecular_multiplicity": 1, "connectivity": [[0, 1, 1.0], [0, 4, 1.0], [0, 5, 1.0], [0, 6, 1.0], [1, 2, 1.0], [1, 7, 1.0], [1, 8, 1.0], [2, 3, 1.0], [2, 9, 1.0], [2, 10, 1.0], [3, 11, 1.0], [3, 12, 1.0], [3, 13, 1.0]], "fix_com": true, "fix_orientation": true, "provenance": {"creator": "QCElemental", "version": "v0.22.0", "routine": "qcelemental.molparse.from_schema"}, "id": "12128"}, "charge": 0, "optimize_geometry": false, "conformers": [], "conformer_generation_options": {"n_conformer_pool": 4000, "n_max_conformers": 0, "rms_tolerance": 0.05, "energy_window": 15, "keep_original_conformer": true}, "stage_1_unrestrained_charges": null, "stage_1_restrained_charges": null, "stage_2_unrestrained_charges": null, "stage_2_restrained_charges": null, "keep_original_orientation": false, "reorientations": [], "translations": [], "rotations": []}}, {"index": 2, "molecule": {"qcmol": {"schema_name": "qcschema_molecule", "schema_version": 2, "validated": true, "symbols": ["C", "C", "C", "C", "H", "H", "H", "H", "H", "H", "H", "H", "H", "H"], "geometry": [[0.0, 0.0, -0.0], [2.887846081892732, -6.865953631531251e-16, 7.37954487916854e-18], [4.021150105064722, 2.659351865187359, -2.220446049250313e-16], [6.908996887399001, 2.6592549569013126, 0.0003221104468400515], [-0.744864381506019, -1.9116292143873308, -7.574119658426692e-05], [-0.7406643471708135, 0.9591258793067172, 1.6572745736580268], [-0.7406806678694322, 0.9592533195928017, -1.6571969789854066], [3.570691387165282, -1.02787762003602, 1.6447592338318802], [3.570699355136131, -1.027859884583287, -1.6447678512884534], [3.3381329230949413, 3.687326660014704, 1.6446260982192147], [3.3385069165604024, 3.6871345072298087, -1.6449031464434563], [7.64944546259236, 1.700092947424179, 1.6576772622521534], [7.649827742962255, 1.6999762074410705, -1.6567905172306365], [7.6539549585389635, 4.570847568561579, 0.0003596418318345673]], "name": "C4H10", "identifiers": {"molecule_hash": "6f6fced60bdb69706fd53b9ff4fd40fa5a050982", "molecular_formula": "C4H10"}, "molecular_charge": 0.0, "molecular_multiplicity": 1, "connectivity": [[0, 1, 1.0], [0, 4, 1.0], [0, 5, 1.0], [0, 6, 1.0], [1, 2, 1.0], [1, 7, 1.0], [1, 8, 1.0], [2, 3, 1.0], [2, 9, 1.0], [2, 10, 1.0], [3, 11, 1.0], [3, 12, 1.0], [3, 13, 1.0]], "fix_com": true, "fix_orientation": true, "provenance": {"creator": "QCElemental", "version": "v0.22.0", "routine": "qcelemental.molparse.from_schema"}, "id": "12128"}, "charge": 0, "optimize_geometry": false, "conformers": [], "conformer_generation_options": {"n_conformer_pool": 4000, "n_max_conformers": 0, "rms_tolerance": 0.05, "energy_window": 15, "keep_original_conformer": true}, "stage_1_unrestrained_charges": null, "stage_1_restrained_charges": null, "stage_2_unrestrained_charges": null, "stage_2_restrained_charges": null, "keep_original_orientation": false, "reorientations": [], "translations": [], "rotations": []}}, {"index": 3, "molecule": {"qcmol": {"schema_name": "qcschema_molecule", "schema_version": 2, "validated": true, "symbols": ["C", "C", "C", "C", "H", "H", "H", "H", "H", "H", "H", "H", "H", "H"], "geometry": [[0.0, 0.0, -0.0], [2.887846081892732, -6.865953631531251e-16, 7.37954487916854e-18], [4.021150105064722, 2.659351865187359, -2.220446049250313e-16], [6.908996887399001, 2.6592549569013126, 0.0003221104468400515], [-0.744864381506019, -1.9116292143873308, -7.574119658426692e-05], [-0.7406643471708135, 0.9591258793067172, 1.6572745736580268], [-0.7406806678694322, 0.9592533195928017, -1.6571969789854066], [3.570691387165282, -1.02787762003602, 1.6447592338318802], [3.570699355136131, -1.027859884583287, -1.6447678512884534], [3.3381329230949413, 3.687326660014704, 1.6446260982192147], [3.3385069165604024, 3.6871345072298087, -1.6449031464434563], [7.64944546259236, 1.700092947424179, 1.6576772622521534], [7.649827742962255, 1.6999762074410705, -1.6567905172306365], [7.6539549585389635, 4.570847568561579, 0.0003596418318345673]], "name": "C4H10", "identifiers": {"molecule_hash": "6f6fced60bdb69706fd53b9ff4fd40fa5a050982", "molecular_formula": "C4H10"}, "molecular_charge": 0.0, "molecular_multiplicity": 1, "connectivity": [[0, 1, 1.0], [0, 4, 1.0], [0, 5, 1.0], [0, 6, 1.0], [1, 2, 1.0], [1, 7, 1.0], [1, 8, 1.0], [2, 3, 1.0], [2, 9, 1.0], [2, 10, 1.0], [3, 11, 1.0], [3, 12, 1.0], [3, 13, 1.0]], "fix_com": true, "fix_orientation": true, "provenance": {"creator": "QCElemental", "version": "v0.22.0", "routine": "qcelemental.molparse.from_schema"}, "id": "12128"}, "charge": 0, "optimize_geometry": false, "conformers": [], "conformer_generation_options": {"n_conformer_pool": 4000, "n_max_conformers": 0, "rms_tolerance": 0.05, "energy_window": 15, "keep_original_conformer": true}, "stage_1_unrestrained_charges": null, "stage_1_restrained_charges": null, "stage_2_unrestrained_charges": null, "stage_2_restrained_charges": null, "keep_original_orientation": false, "reorientations": [], "translations": [], "rotations": []}}]}, "surface_constraints": {"matrix": [[2180.271850630585, 2107.96528719191, 2020.1124168045706, 1949.4546291641127, 2195.6390999038213, 2192.1529173666627, 2194.98184460423, 2101.767006914427, 2101.605598863958, 2003.529461222867, 2003.1943615101172, 1915.1502223413718, 1964.4258314853216, 1904.272583548664], [2107.96528719191, 2157.8583427228873, 2097.8080189636294, 2018.9843215556402, 2091.1684426053066, 2089.6261148645845, 2089.9004642356804, 2187.9086182752894, 2187.732432747783, 2093.9021058909925, 2093.5086046176743, 1989.5103515670182, 2004.06727316951, 1992.1919661671222], [2020.1124168045706, 2097.8080189636294, 2154.728520735074, 2103.9750915076515, 2012.6327195618844, 1972.4786316377104, 2004.5626982777665, 2094.2853377361093, 2094.158568579552, 2184.2908371186513, 2183.8623517062206, 2085.5610834705335, 2086.7673543185147, 2086.1257956170434], [1949.4546291641127, 2018.9843215556402, 2103.9750915076515, 2175.6826050998493, 1922.3675544686912, 1898.0049636303993, 1964.078963118598, 2002.6663032593742, 2002.6994258491518, 2097.2936170037183, 2096.978041776901, 2188.4999831040222, 2191.2687658460973, 2189.1469681007234], [2195.6390999038213, 2091.1684426053066, 2012.6327195618844, 1922.3675544686912, 2306.7847692833975, 2173.0023746412735, 2177.0491770147414, 2068.205978034749, 2067.9128691275782, 2007.029080952532, 2006.6715195436755, 1888.2295971680842, 1950.398525086273, 1849.1871138547156], [2192.1529173666627, 2089.6261148645845, 1972.4786316377104, 1898.0049636303993, 2173.0023746412735, 2295.692094542022, 2175.137235460181, 2101.007940051811, 2067.5712554837473, 1954.5359496967662, 1941.2012018103944, 1871.1113724408494, 1896.8642551492533, 1859.042771309631], [2194.98184460423, 2089.9004642356804, 2004.5626982777665, 1964.078963118598, 2177.0491770147414, 2175.137235460181, 2303.00040276431, 2053.4468660374473, 2086.718396790186, 1969.7042108853916, 1982.4350113622615, 1918.9962380978527, 2005.180656511334, 1926.7740596460462], [2101.767006914427, 2187.9086182752894, 2094.2853377361093, 2002.6663032593742, 2068.205978034749, 2101.007940051811, 2053.4468660374473, 2309.7936479145433, 2183.2735693798227, 2104.112429031819, 2059.9668290050495, 1992.3031808496416, 1965.4258104507853, 1970.365462423589], [2101.605598863958, 2187.732432747783, 2094.158568579552, 2002.6994258491518, 2067.9128691275782, 2067.5712554837473, 2086.718396790186, 2183.2735693798227, 2309.3951615316532, 2060.1827027497457, 2103.5410025640845, 1950.9848098733228, 1986.6923390431484, 1990.6126158179811], [2003.529461222867, 2093.9021058909925, 2184.2908371186513, 2097.2936170037183, 2007.029080952532, 1954.5359496967662, 1969.7042108853916, 2104.112429031819, 2060.1827027497457, 2305.3903201964667, 2179.079642394465, 2078.8464003851955, 2066.5354019514834, 2063.6085207629408], [2003.1943615101172, 2093.5086046176743, 2183.8623517062206, 2096.978041776901, 2006.6715195436755, 1941.2012018103944, 1982.4350113622615, 2059.9668290050495, 2103.5410025640845, 2179.079642394465, 2304.432427589292, 2063.8820095815627, 2066.3672540401503, 2077.8753768077586], [1915.1502223413718, 1989.5103515670182, 2085.5610834705335, 2188.4999831040222, 1888.2295971680842, 1871.1113724408494, 1918.9962380978527, 1992.3031808496416, 1950.9848098733228, 2078.8464003851955, 2063.8820095815627, 2293.9822023088013, 2172.4346006700903, 2167.6612695409176], [1964.4258314853216, 2004.06727316951, 2086.7673543185147, 2191.2687658460973, 1950.398525086273, 1896.8642551492533, 2005.180656511334, 1965.4258104507853, 1986.6923390431484, 2066.5354019514834, 2066.3672540401503, 2172.4346006700903, 2299.5985268960503, 2171.934545915908], [1904.272583548664, 1992.1919661671222, 2086.1257956170434, 2189.1469681007234, 1849.1871138547156, 1859.042771309631, 1926.7740596460462, 1970.365462423589, 1990.6126158179811, 2063.6085207629408, 2077.8753768077586, 2167.6612695409176, 2171.934545915908, 2296.51216896256], [3.2460214535085474, 4.256124431104315, 4.255305542802729, 3.2390704370164, 3.374266410617007, 2.8537272309418995, 3.0528013490275505, 4.496910871888715, 4.4978278256390585, 4.497677831525077, 4.498953554781911, 3.028221267180623, 3.0478760449210163, 3.1798466886031287]]}}