{"resp_b": 0.1, "restrained_fit": true, "exclude_hydrogens": true, "convergence_tolerance": 1e-06, "max_iter": 500, "resp_a": 0.001, "charge_constraints": {"charge_sum_constraints": [{"atoms": [{"index": 0, "molecule": {"qcmol": {"schema_name": "qcschema_molecule", "schema_version": 2, "validated": true, "symbols": ["C", "C", "C", "C", "H", "H", "H", "H", "H", "H", "H", "H", "H", "H"], "geometry": [[0.0, 0.0, -0.0], [2.887846081892732, -6.865953631531251e-16, 7.37954487916854e-18], [4.021150105064722, 2.659351865187359, -2.220446049250313e-16], [6.908996887399001, 2.6592549569013126, 0.0003221104468400515], [-0.744864381506019, -1.9116292143873308, -7.574119658426692e-05], [-0.7406643471708135, 0.9591258793067172, 1.6572745736580268], [-0.7406806678694322, 0.9592533195928017, -1.6571969789854066], [3.570691387165282, -1.02787762003602, 1.6447592338318802], [3.570699355136131, -1.027859884583287, -1.6447678512884534], [3.3381329230949413, 3.687326660014704, 1.6446260982192147], [3.3385069165604024, 3.6871345072298087, -1.6449031464434563], [7.64944546259236, 1.700092947424179, 1.6576772622521534], [7.649827742962255, 1.6999762074410705, -1.6567905172306365], [7.6539549585389635, 4.570847568561579, 0.0003596418318345673]], "name": "C4H10", "identifiers": {"molecule_hash": "6f6fced60bdb69706fd53b9ff4fd40fa5a050982", "molecular_formula": "C4H10"}, "molecular_charge": 0.0, "molecular_multiplicity": 1, "connectivity": [[0, 1, 1.0], [0, 4, 1.0], [0, 5, 1.0], [0, 6, 1.0], [1, 2, 1.0], [1, 7, 1.0], [1, 8, 1.0], [2, 3, 1.0], [2, 9, 1.0], [2, 10, 1.0], [3, 11, 1.0], [3, 12, 1.0], [3, 13, 1.0]], "fix_com": true, "fix_orientation": true, "provenance": {"creator": "QCElemental", "version": "v0.22.0", "routine": "qcelemental.molparse.from_schema"}, "id": "12128"}, "charge": 0, "optimize_geometry": false, "conformers": [], "conformer_generation_options": {"n_conformer_pool": 4000, "n_max_conformers": 0, "rms_tolerance": 0.05, "energy_window": 15, "keep_original_conformer": true}, "stage_1_unrestrained_charges": null, "stage_1_restrained_charges": null, "stage_2_unrestrained_charges": null, "stage_2_restrained_charges": null, "keep_original_orientation": false, "reorientations": [], "translations": [], "rotations": []}}], "charge": -0.19193711723889179}, {"atoms": [{"index": 1, "molecule": {"qcmol": {"schema_name": "qcschema_molecule", "schema_version": 2, "validated": true, "symbols": ["C", "C", "C", "C", "H", "H", "H", "H", "H", "H", "H", "H", "H", "H"], "geometry": [[0.0, 0.0, -0.0], [2.887846081892732, -6.865953631531251e-16, 7.37954487916854e-18], [4.021150105064722, 2.659351865187359, -2.220446049250313e-16], [6.908996887399001, 2.6592549569013126, 0.0003221104468400515], [-0.744864381506019, -1.9116292143873308, -7.574119658426692e-05], [-0.7406643471708135, 0.9591258793067172, 1.6572745736580268], [-0.7406806678694322, 0.9592533195928017, -1.6571969789854066], [3.570691387165282, -1.02787762003602, 1.6447592338318802], [3.570699355136131, -1.027859884583287, -1.6447678512884534], [3.3381329230949413, 3.687326660014704, 1.6446260982192147], [3.3385069165604024, 3.6871345072298087, -1.6449031464434563], [7.64944546259236, 1.700092947424179, 1.6576772622521534], [7.649827742962255, 1.6999762074410705, -1.6567905172306365], [7.6539549585389635, 4.570847568561579, 0.0003596418318345673]], "name": "C4H10", "identifiers": {"molecule_hash": "6f6fced60bdb69706fd53b9ff4fd40fa5a050982", "molecular_formula": "C4H10"}, "molecular_charge": 0.0, "molecular_multiplicity": 1, "connectivity": [[0, 1, 1.0], [0, 4, 1.0], [0, 5, 1.0], [0, 6, 1.0], [1, 2, 1.0], [1, 7, 1.0], [1, 8, 1.0], [2, 3, 1.0], [2, 9, 1.0], [2, 10, 1.0], [3, 11, 1.0], [3, 12, 1.0], [3, 13, 1.0]], "fix_com": true, "fix_orientation": true, "provenance": {"creator": "QCElemental", "version": "v0.22.0", "routine": "qcelemental.molparse.from_schema"}, "id": "12128"}, "charge": 0, "optimize_geometry": false, "conformers": [], "conformer_generation_options": {"n_conformer_pool": 4000, "n_max_conformers": 0, "rms_tolerance": 0.05, "energy_window": 15, "keep_original_conformer": true}, "stage_1_unrestrained_charges": null, "stage_1_restrained_charges": null, "stage_2_unrestrained_charges": null, "stage_2_restrained_charges": null, "keep_original_orientation": false, "reorientations": [], "translations": [], "rotations": []}}], "charge": 0.12241617028460765}, {"atoms": [{"index": 2, "molecule": {"qcmol": {"schema_name": "qcschema_molecule", "schema_version": 2, "validated": true, "symbols": ["C", "C", "C", "C", "H", "H", "H", "H", "H", "H", "H", "H", "H", "H"], "geometry": [[0.0, 0.0, -0.0], [2.887846081892732, -6.865953631531251e-16, 7.37954487916854e-18], [4.021150105064722, 2.659351865187359, -2.220446049250313e-16], [6.908996887399001, 2.6592549569013126, 0.0003221104468400515], [-0.744864381506019, -1.9116292143873308, -7.574119658426692e-05], [-0.7406643471708135, 0.9591258793067172, 1.6572745736580268], [-0.7406806678694322, 0.9592533195928017, -1.6571969789854066], [3.570691387165282, -1.02787762003602, 1.6447592338318802], [3.570699355136131, -1.027859884583287, -1.6447678512884534], [3.3381329230949413, 3.687326660014704, 1.6446260982192147], [3.3385069165604024, 3.6871345072298087, -1.6449031464434563], [7.64944546259236, 1.700092947424179, 1.6576772622521534], [7.649827742962255, 1.6999762074410705, -1.6567905172306365], [7.6539549585389635, 4.570847568561579, 0.0003596418318345673]], "name": "C4H10", "identifiers": {"molecule_hash": "6f6fced60bdb69706fd53b9ff4fd40fa5a050982", "molecular_formula": "C4H10"}, "molecular_charge": 0.0, "molecular_multiplicity": 1, "connectivity": [[0, 1, 1.0], [0, 4, 1.0], [0, 5, 1.0], [0, 6, 1.0], [1, 2, 1.0], [1, 7, 1.0], [1, 8, 1.0], [2, 3, 1.0], [2, 9, 1.0], [2, 10, 1.0], [3, 11, 1.0], [3, 12, 1.0], [3, 13, 1.0]], "fix_com": true, "fix_orientation": true, "provenance": {"creator": "QCElemental", "version": "v0.22.0", "routine": "qcelemental.molparse.from_schema"}, "id": "12128"}, "charge": 0, "optimize_geometry": false, "conformers": [], "conformer_generation_options": {"n_conformer_pool": 4000, "n_max_conformers": 0, "rms_tolerance": 0.05, "energy_window": 15, "keep_original_conformer": true}, "stage_1_unrestrained_charges": null, "stage_1_restrained_charges": null, "stage_2_unrestrained_charges": null, "stage_2_restrained_charges": null, "keep_original_orientation": false, "reorientations": [], "translations": [], "rotations": []}}], "charge": 0.11973911103437355}, {"atoms": [{"index": 3, "molecule": {"qcmol": {"schema_name": "qcschema_molecule", "schema_version": 2, "validated": true, "symbols": ["C", "C", "C", "C", "H", "H", "H", "H", "H", "H", "H", "H", "H", "H"], "geometry": [[0.0, 0.0, -0.0], [2.887846081892732, -6.865953631531251e-16, 7.37954487916854e-18], [4.021150105064722, 2.659351865187359, -2.220446049250313e-16], [6.908996887399001, 2.6592549569013126, 0.0003221104468400515], [-0.744864381506019, -1.9116292143873308, -7.574119658426692e-05], [-0.7406643471708135, 0.9591258793067172, 1.6572745736580268], [-0.7406806678694322, 0.9592533195928017, -1.6571969789854066], [3.570691387165282, -1.02787762003602, 1.6447592338318802], [3.570699355136131, -1.027859884583287, -1.6447678512884534], [3.3381329230949413, 3.687326660014704, 1.6446260982192147], [3.3385069165604024, 3.6871345072298087, -1.6449031464434563], [7.64944546259236, 1.700092947424179, 1.6576772622521534], [7.649827742962255, 1.6999762074410705, -1.6567905172306365], [7.6539549585389635, 4.570847568561579, 0.0003596418318345673]], "name": "C4H10", "identifiers": {"molecule_hash": "6f6fced60bdb69706fd53b9ff4fd40fa5a050982", "molecular_formula": "C4H10"}, "molecular_charge": 0.0, "molecular_multiplicity": 1, "connectivity": [[0, 1, 1.0], [0, 4, 1.0], [0, 5, 1.0], [0, 6, 1.0], [1, 2, 1.0], [1, 7, 1.0], [1, 8, 1.0], [2, 3, 1.0], [2, 9, 1.0], [2, 10, 1.0], [3, 11, 1.0], [3, 12, 1.0], [3, 13, 1.0]], "fix_com": true, "fix_orientation": true, "provenance": {"creator": "QCElemental", "version": "v0.22.0", "routine": "qcelemental.molparse.from_schema"}, "id": "12128"}, "charge": 0, "optimize_geometry": false, "conformers": [], "conformer_generation_options": {"n_conformer_pool": 4000, "n_max_conformers": 0, "rms_tolerance": 0.05, "energy_window": 15, "keep_original_conformer": true}, "stage_1_unrestrained_charges": null, "stage_1_restrained_charges": null, "stage_2_unrestrained_charges": null, "stage_2_restrained_charges": null, "keep_original_orientation": false, "reorientations": [], "translations": [], "rotations": []}}], "charge": -0.18861531551021482}, {"atoms": [{"index": 4, "molecule": {"qcmol": {"schema_name": "qcschema_molecule", "schema_version": 2, "validated": true, "symbols": ["C", "C", "C", "C", "H", "H", "H", "H", "H", "H", "H", "H", "H", "H"], "geometry": [[0.0, 0.0, -0.0], [2.887846081892732, -6.865953631531251e-16, 7.37954487916854e-18], [4.021150105064722, 2.659351865187359, -2.220446049250313e-16], [6.908996887399001, 2.6592549569013126, 0.0003221104468400515], [-0.744864381506019, -1.9116292143873308, -7.574119658426692e-05], [-0.7406643471708135, 0.9591258793067172, 1.6572745736580268], [-0.7406806678694322, 0.9592533195928017, -1.6571969789854066], [3.570691387165282, -1.02787762003602, 1.6447592338318802], [3.570699355136131, -1.027859884583287, -1.6447678512884534], [3.3381329230949413, 3.687326660014704, 1.6446260982192147], [3.3385069165604024, 3.6871345072298087, -1.6449031464434563], [7.64944546259236, 1.700092947424179, 1.6576772622521534], [7.649827742962255, 1.6999762074410705, -1.6567905172306365], [7.6539549585389635, 4.570847568561579, 0.0003596418318345673]], "name": "C4H10", "identifiers": {"molecule_hash": "6f6fced60bdb69706fd53b9ff4fd40fa5a050982", "molecular_formula": "C4H10"}, "molecular_charge": 0.0, "molecular_multiplicity": 1, "connectivity": [[0, 1, 1.0], [0, 4, 1.0], [0, 5, 1.0], [0, 6, 1.0], [1, 2, 1.0], [1, 7, 1.0], [1, 8, 1.0], [2, 3, 1.0], [2, 9, 1.0], [2, 10, 1.0], [3, 11, 1.0], [3, 12, 1.0], [3, 13, 1.0]], "fix_com": true, "fix_orientation": true, "provenance": {"creator": "QCElemental", "version": "v0.22.0", "routine": "qcelemental.molparse.from_schema"}, "id": "12128"}, "charge": 0, "optimize_geometry": false, "conformers": [], "conformer_generation_options": {"n_conformer_pool": 4000, "n_max_conformers": 0, "rms_tolerance": 0.05, "energy_window": 15, "keep_original_conformer": true}, "stage_1_unrestrained_charges": null, "stage_1_restrained_charges": null, "stage_2_unrestrained_charges": null, "stage_2_restrained_charges": null, "keep_original_orientation": false, "reorientations": [], "translations": [], "rotations": []}}], "charge": 0.04380022159791485}, {"atoms": [{"index": 5, "molecule": {"qcmol": {"schema_name": "qcschema_molecule", "schema_version": 2, "validated": true, "symbols": ["C", "C", "C", "C", "H", "H", "H", "H", "H", "H", "H", "H", "H", "H"], "geometry": [[0.0, 0.0, -0.0], [2.887846081892732, -6.865953631531251e-16, 7.37954487916854e-18], [4.021150105064722, 2.659351865187359, -2.220446049250313e-16], [6.908996887399001, 2.6592549569013126, 0.0003221104468400515], [-0.744864381506019, -1.9116292143873308, -7.574119658426692e-05], [-0.7406643471708135, 0.9591258793067172, 1.6572745736580268], [-0.7406806678694322, 0.9592533195928017, -1.6571969789854066], [3.570691387165282, -1.02787762003602, 1.6447592338318802], [3.570699355136131, -1.027859884583287, -1.6447678512884534], [3.3381329230949413, 3.687326660014704, 1.6446260982192147], [3.3385069165604024, 3.6871345072298087, -1.6449031464434563], [7.64944546259236, 1.700092947424179, 1.6576772622521534], [7.649827742962255, 1.6999762074410705, -1.6567905172306365], [7.6539549585389635, 4.570847568561579, 0.0003596418318345673]], "name": "C4H10", "identifiers": {"molecule_hash": "6f6fced60bdb69706fd53b9ff4fd40fa5a050982", "molecular_formula": "C4H10"}, "molecular_charge": 0.0, "molecular_multiplicity": 1, "connectivity": [[0, 1, 1.0], [0, 4, 1.0], [0, 5, 1.0], [0, 6, 1.0], [1, 2, 1.0], [1, 7, 1.0], [1, 8, 1.0], [2, 3, 1.0], [2, 9, 1.0], [2, 10, 1.0], [3, 11, 1.0], [3, 12, 1.0], [3, 13, 1.0]], "fix_com": true, "fix_orientation": true, "provenance": {"creator": "QCElemental", "version": "v0.22.0", "routine": "qcelemental.molparse.from_schema"}, "id": "12128"}, "charge": 0, "optimize_geometry": false, "conformers": [], "conformer_generation_options": {"n_conformer_pool": 4000, "n_max_conformers": 0, "rms_tolerance": 0.05, "energy_window": 15, "keep_original_conformer": true}, "stage_1_unrestrained_charges": null, "stage_1_restrained_charges": null, "stage_2_unrestrained_charges": null, "stage_2_restrained_charges": null, "keep_original_orientation": false, "reorientations": [], "translations": [], "rotations": []}}], "charge": 0.04177164420419193}, {"atoms": [{"index": 6, "molecule": {"qcmol": {"schema_name": "qcschema_molecule", "schema_version": 2, "validated": true, "symbols": ["C", "C", "C", "C", "H", "H", "H", "H", "H", "H", "H", "H", "H", "H"], "geometry": [[0.0, 0.0, -0.0], [2.887846081892732, -6.865953631531251e-16, 7.37954487916854e-18], [4.021150105064722, 2.659351865187359, -2.220446049250313e-16], [6.908996887399001, 2.6592549569013126, 0.0003221104468400515], [-0.744864381506019, -1.9116292143873308, -7.574119658426692e-05], [-0.7406643471708135, 0.9591258793067172, 1.6572745736580268], [-0.7406806678694322, 0.9592533195928017, -1.6571969789854066], [3.570691387165282, -1.02787762003602, 1.6447592338318802], [3.570699355136131, -1.027859884583287, -1.6447678512884534], [3.3381329230949413, 3.687326660014704, 1.6446260982192147], [3.3385069165604024, 3.6871345072298087, -1.6449031464434563], [7.64944546259236, 1.700092947424179, 1.6576772622521534], [7.649827742962255, 1.6999762074410705, -1.6567905172306365], [7.6539549585389635, 4.570847568561579, 0.0003596418318345673]], "name": "C4H10", "identifiers": {"molecule_hash": "6f6fced60bdb69706fd53b9ff4fd40fa5a050982", "molecular_formula": "C4H10"}, "molecular_charge": 0.0, "molecular_multiplicity": 1, "connectivity": [[0, 1, 1.0], [0, 4, 1.0], [0, 5, 1.0], [0, 6, 1.0], [1, 2, 1.0], [1, 7, 1.0], [1, 8, 1.0], [2, 3, 1.0], [2, 9, 1.0], [2, 10, 1.0], [3, 11, 1.0], [3, 12, 1.0], [3, 13, 1.0]], "fix_com": true, "fix_orientation": true, "provenance": {"creator": "QCElemental", "version": "v0.22.0", "routine": "qcelemental.molparse.from_schema"}, "id": "12128"}, "charge": 0, "optimize_geometry": false, "conformers": [], "conformer_generation_options": {"n_conformer_pool": 4000, "n_max_conformers": 0, "rms_tolerance": 0.05, "energy_window": 15, "keep_original_conformer": true}, "stage_1_unrestrained_charges": null, "stage_1_restrained_charges": null, "stage_2_unrestrained_charges": null, "stage_2_restrained_charges": null, "keep_original_orientation": false, "reorientations": [], "translations": [], "rotations": []}}], "charge": 0.04361470136445894}, {"atoms": [{"index": 7, "molecule": {"qcmol": {"schema_name": "qcschema_molecule", "schema_version": 2, "validated": true, "symbols": ["C", "C", "C", "C", "H", "H", "H", "H", "H", "H", "H", "H", "H", "H"], "geometry": [[0.0, 0.0, -0.0], [2.887846081892732, -6.865953631531251e-16, 7.37954487916854e-18], [4.021150105064722, 2.659351865187359, -2.220446049250313e-16], [6.908996887399001, 2.6592549569013126, 0.0003221104468400515], [-0.744864381506019, -1.9116292143873308, -7.574119658426692e-05], [-0.7406643471708135, 0.9591258793067172, 1.6572745736580268], [-0.7406806678694322, 0.9592533195928017, -1.6571969789854066], [3.570691387165282, -1.02787762003602, 1.6447592338318802], [3.570699355136131, -1.027859884583287, -1.6447678512884534], [3.3381329230949413, 3.687326660014704, 1.6446260982192147], [3.3385069165604024, 3.6871345072298087, -1.6449031464434563], [7.64944546259236, 1.700092947424179, 1.6576772622521534], [7.649827742962255, 1.6999762074410705, -1.6567905172306365], [7.6539549585389635, 4.570847568561579, 0.0003596418318345673]], "name": "C4H10", "identifiers": {"molecule_hash": "6f6fced60bdb69706fd53b9ff4fd40fa5a050982", "molecular_formula": "C4H10"}, "molecular_charge": 0.0, "molecular_multiplicity": 1, "connectivity": [[0, 1, 1.0], [0, 4, 1.0], [0, 5, 1.0], [0, 6, 1.0], [1, 2, 1.0], [1, 7, 1.0], [1, 8, 1.0], [2, 3, 1.0], [2, 9, 1.0], [2, 10, 1.0], [3, 11, 1.0], [3, 12, 1.0], [3, 13, 1.0]], "fix_com": true, "fix_orientation": true, "provenance": {"creator": "QCElemental", "version": "v0.22.0", "routine": "qcelemental.molparse.from_schema"}, "id": "12128"}, "charge": 0, "optimize_geometry": false, "conformers": [], "conformer_generation_options": {"n_conformer_pool": 4000, "n_max_conformers": 0, "rms_tolerance": 0.05, "energy_window": 15, "keep_original_conformer": true}, "stage_1_unrestrained_charges": null, "stage_1_restrained_charges": null, "stage_2_unrestrained_charges": null, "stage_2_restrained_charges": null, "keep_original_orientation": false, "reorientations": [], "translations": [], "rotations": []}}], "charge": -0.028829650046056178}, {"atoms": [{"index": 8, "molecule": {"qcmol": {"schema_name": "qcschema_molecule", "schema_version": 2, "validated": true, "symbols": ["C", "C", "C", "C", "H", "H", "H", "H", "H", "H", "H", "H", "H", "H"], "geometry": [[0.0, 0.0, -0.0], [2.887846081892732, -6.865953631531251e-16, 7.37954487916854e-18], [4.021150105064722, 2.659351865187359, -2.220446049250313e-16], [6.908996887399001, 2.6592549569013126, 0.0003221104468400515], [-0.744864381506019, -1.9116292143873308, -7.574119658426692e-05], [-0.7406643471708135, 0.9591258793067172, 1.6572745736580268], [-0.7406806678694322, 0.9592533195928017, -1.6571969789854066], [3.570691387165282, -1.02787762003602, 1.6447592338318802], [3.570699355136131, -1.027859884583287, -1.6447678512884534], [3.3381329230949413, 3.687326660014704, 1.6446260982192147], [3.3385069165604024, 3.6871345072298087, -1.6449031464434563], [7.64944546259236, 1.700092947424179, 1.6576772622521534], [7.649827742962255, 1.6999762074410705, -1.6567905172306365], [7.6539549585389635, 4.570847568561579, 0.0003596418318345673]], "name": "C4H10", "identifiers": {"molecule_hash": "6f6fced60bdb69706fd53b9ff4fd40fa5a050982", "molecular_formula": "C4H10"}, "molecular_charge": 0.0, "molecular_multiplicity": 1, "connectivity": [[0, 1, 1.0], [0, 4, 1.0], [0, 5, 1.0], [0, 6, 1.0], [1, 2, 1.0], [1, 7, 1.0], [1, 8, 1.0], [2, 3, 1.0], [2, 9, 1.0], [2, 10, 1.0], [3, 11, 1.0], [3, 12, 1.0], [3, 13, 1.0]], "fix_com": true, "fix_orientation": true, "provenance": {"creator": "QCElemental", "version": "v0.22.0", "routine": "qcelemental.molparse.from_schema"}, "id": "12128"}, "charge": 0, "optimize_geometry": false, "conformers": [], "conformer_generation_options": {"n_conformer_pool": 4000, "n_max_conformers": 0, "rms_tolerance": 0.05, "energy_window": 15, "keep_original_conformer": true}, "stage_1_unrestrained_charges": null, "stage_1_restrained_charges": null, "stage_2_unrestrained_charges": null, "stage_2_restrained_charges": null, "keep_original_orientation": false, "reorientations": [], "translations": [], "rotations": []}}], "charge": -0.029590961269434203}, {"atoms": [{"index": 9, "molecule": {"qcmol": {"schema_name": "qcschema_molecule", "schema_version": 2, "validated": true, "symbols": ["C", "C", "C", "C", "H", "H", "H", "H", "H", "H", "H", "H", "H", "H"], "geometry": [[0.0, 0.0, -0.0], [2.887846081892732, -6.865953631531251e-16, 7.37954487916854e-18], [4.021150105064722, 2.659351865187359, -2.220446049250313e-16], [6.908996887399001, 2.6592549569013126, 0.0003221104468400515], [-0.744864381506019, -1.9116292143873308, -7.574119658426692e-05], [-0.7406643471708135, 0.9591258793067172, 1.6572745736580268], [-0.7406806678694322, 0.9592533195928017, -1.6571969789854066], [3.570691387165282, -1.02787762003602, 1.6447592338318802], [3.570699355136131, -1.027859884583287, -1.6447678512884534], [3.3381329230949413, 3.687326660014704, 1.6446260982192147], [3.3385069165604024, 3.6871345072298087, -1.6449031464434563], [7.64944546259236, 1.700092947424179, 1.6576772622521534], [7.649827742962255, 1.6999762074410705, -1.6567905172306365], [7.6539549585389635, 4.570847568561579, 0.0003596418318345673]], "name": "C4H10", "identifiers": {"molecule_hash": "6f6fced60bdb69706fd53b9ff4fd40fa5a050982", "molecular_formula": "C4H10"}, "molecular_charge": 0.0, "molecular_multiplicity": 1, "connectivity": [[0, 1, 1.0], [0, 4, 1.0], [0, 5, 1.0], [0, 6, 1.0], [1, 2, 1.0], [1, 7, 1.0], [1, 8, 1.0], [2, 3, 1.0], [2, 9, 1.0], [2, 10, 1.0], [3, 11, 1.0], [3, 12, 1.0], [3, 13, 1.0]], "fix_com": true, "fix_orientation": true, "provenance": {"creator": "QCElemental", "version": "v0.22.0", "routine": "qcelemental.molparse.from_schema"}, "id": "12128"}, "charge": 0, "optimize_geometry": false, "conformers": [], "conformer_generation_options": {"n_conformer_pool": 4000, "n_max_conformers": 0, "rms_tolerance": 0.05, "energy_window": 15, "keep_original_conformer": true}, "stage_1_unrestrained_charges": null, "stage_1_restrained_charges": null, "stage_2_unrestrained_charges": null, "stage_2_restrained_charges": null, "keep_original_orientation": false, "reorientations": [], "translations": [], "rotations": []}}], "charge": -0.029110022108082306}, {"atoms": [{"index": 10, "molecule": {"qcmol": {"schema_name": "qcschema_molecule", "schema_version": 2, "validated": true, "symbols": ["C", "C", "C", "C", "H", "H", "H", "H", "H", "H", "H", "H", "H", "H"], "geometry": [[0.0, 0.0, -0.0], [2.887846081892732, -6.865953631531251e-16, 7.37954487916854e-18], [4.021150105064722, 2.659351865187359, -2.220446049250313e-16], [6.908996887399001, 2.6592549569013126, 0.0003221104468400515], [-0.744864381506019, -1.9116292143873308, -7.574119658426692e-05], [-0.7406643471708135, 0.9591258793067172, 1.6572745736580268], [-0.7406806678694322, 0.9592533195928017, -1.6571969789854066], [3.570691387165282, -1.02787762003602, 1.6447592338318802], [3.570699355136131, -1.027859884583287, -1.6447678512884534], [3.3381329230949413, 3.687326660014704, 1.6446260982192147], [3.3385069165604024, 3.6871345072298087, -1.6449031464434563], [7.64944546259236, 1.700092947424179, 1.6576772622521534], [7.649827742962255, 1.6999762074410705, -1.6567905172306365], [7.6539549585389635, 4.570847568561579, 0.0003596418318345673]], "name": "C4H10", "identifiers": {"molecule_hash": "6f6fced60bdb69706fd53b9ff4fd40fa5a050982", "molecular_formula": "C4H10"}, "molecular_charge": 0.0, "molecular_multiplicity": 1, "connectivity": [[0, 1, 1.0], [0, 4, 1.0], [0, 5, 1.0], [0, 6, 1.0], [1, 2, 1.0], [1, 7, 1.0], [1, 8, 1.0], [2, 3, 1.0], [2, 9, 1.0], [2, 10, 1.0], [3, 11, 1.0], [3, 12, 1.0], [3, 13, 1.0]], "fix_com": true, "fix_orientation": true, "provenance": {"creator": "QCElemental", "version": "v0.22.0", "routine": "qcelemental.molparse.from_schema"}, "id": "12128"}, "charge": 0, "optimize_geometry": false, "conformers": [], "conformer_generation_options": {"n_conformer_pool": 4000, "n_max_conformers": 0, "rms_tolerance": 0.05, "energy_window": 15, "keep_original_conformer": true}, "stage_1_unrestrained_charges": null, "stage_1_restrained_charges": null, "stage_2_unrestrained_charges": null, "stage_2_restrained_charges": null, "keep_original_orientation": false, "reorientations": [], "translations": [], "rotations": []}}], "charge": -0.02908191289403676}, {"atoms": [{"index": 11, "molecule": {"qcmol": {"schema_name": "qcschema_molecule", "schema_version": 2, "validated": true, "symbols": ["C", "C", "C", "C", "H", "H", "H", "H", "H", "H", "H", "H", "H", "H"], "geometry": [[0.0, 0.0, -0.0], [2.887846081892732, -6.865953631531251e-16, 7.37954487916854e-18], [4.021150105064722, 2.659351865187359, -2.220446049250313e-16], [6.908996887399001, 2.6592549569013126, 0.0003221104468400515], [-0.744864381506019, -1.9116292143873308, -7.574119658426692e-05], [-0.7406643471708135, 0.9591258793067172, 1.6572745736580268], [-0.7406806678694322, 0.9592533195928017, -1.6571969789854066], [3.570691387165282, -1.02787762003602, 1.6447592338318802], [3.570699355136131, -1.027859884583287, -1.6447678512884534], [3.3381329230949413, 3.687326660014704, 1.6446260982192147], [3.3385069165604024, 3.6871345072298087, -1.6449031464434563], [7.64944546259236, 1.700092947424179, 1.6576772622521534], [7.649827742962255, 1.6999762074410705, -1.6567905172306365], [7.6539549585389635, 4.570847568561579, 0.0003596418318345673]], "name": "C4H10", "identifiers": {"molecule_hash": "6f6fced60bdb69706fd53b9ff4fd40fa5a050982", "molecular_formula": "C4H10"}, "molecular_charge": 0.0, "molecular_multiplicity": 1, "connectivity": [[0, 1, 1.0], [0, 4, 1.0], [0, 5, 1.0], [0, 6, 1.0], [1, 2, 1.0], [1, 7, 1.0], [1, 8, 1.0], [2, 3, 1.0], [2, 9, 1.0], [2, 10, 1.0], [3, 11, 1.0], [3, 12, 1.0], [3, 13, 1.0]], "fix_com": true, "fix_orientation": true, "provenance": {"creator": "QCElemental", "version": "v0.22.0", "routine": "qcelemental.molparse.from_schema"}, "id": "12128"}, "charge": 0, "optimize_geometry": false, "conformers": [], "conformer_generation_options": {"n_conformer_pool": 4000, "n_max_conformers": 0, "rms_tolerance": 0.05, "energy_window": 15, "keep_original_conformer": true}, "stage_1_unrestrained_charges": null, "stage_1_restrained_charges": null, "stage_2_unrestrained_charges": null, "stage_2_restrained_charges": null, "keep_original_orientation": false, "reorientations": [], "translations": [], "rotations": []}}], "charge": 0.041619346488881055}, {"atoms": [{"index": 12, "molecule": {"qcmol": {"schema_name": "qcschema_molecule", "schema_version": 2, "validated": true, "symbols": ["C", "C", "C", "C", "H", "H", "H", "H", "H", "H", "H", "H", "H", "H"], "geometry": [[0.0, 0.0, -0.0], [2.887846081892732, -6.865953631531251e-16, 7.37954487916854e-18], [4.021150105064722, 2.659351865187359, -2.220446049250313e-16], [6.908996887399001, 2.6592549569013126, 0.0003221104468400515], [-0.744864381506019, -1.9116292143873308, -7.574119658426692e-05], [-0.7406643471708135, 0.9591258793067172, 1.6572745736580268], [-0.7406806678694322, 0.9592533195928017, -1.6571969789854066], [3.570691387165282, -1.02787762003602, 1.6447592338318802], [3.570699355136131, -1.027859884583287, -1.6447678512884534], [3.3381329230949413, 3.687326660014704, 1.6446260982192147], [3.3385069165604024, 3.6871345072298087, -1.6449031464434563], [7.64944546259236, 1.700092947424179, 1.6576772622521534], [7.649827742962255, 1.6999762074410705, -1.6567905172306365], [7.6539549585389635, 4.570847568561579, 0.0003596418318345673]], "name": "C4H10", "identifiers": {"molecule_hash": "6f6fced60bdb69706fd53b9ff4fd40fa5a050982", "molecular_formula": "C4H10"}, "molecular_charge": 0.0, "molecular_multiplicity": 1, "connectivity": [[0, 1, 1.0], [0, 4, 1.0], [0, 5, 1.0], [0, 6, 1.0], [1, 2, 1.0], [1, 7, 1.0], [1, 8, 1.0], [2, 3, 1.0], [2, 9, 1.0], [2, 10, 1.0], [3, 11, 1.0], [3, 12, 1.0], [3, 13, 1.0]], "fix_com": true, "fix_orientation": true, "provenance": {"creator": "QCElemental", "version": "v0.22.0", "routine": "qcelemental.molparse.from_schema"}, "id": "12128"}, "charge": 0, "optimize_geometry": false, "conformers": [], "conformer_generation_options": {"n_conformer_pool": 4000, "n_max_conformers": 0, "rms_tolerance": 0.05, "energy_window": 15, "keep_original_conformer": true}, "stage_1_unrestrained_charges": null, "stage_1_restrained_charges": null, "stage_2_unrestrained_charges": null, "stage_2_restrained_charges": null, "keep_original_orientation": false, "reorientations": [], "translations": [], "rotations": []}}], "charge": 0.042632441017070054}, {"atoms": [{"index": 13, "molecule": {"qcmol": {"schema_name": "qcschema_molecule", "schema_version": 2, "validated": true, "symbols": ["C", "C", "C", "C", "H", "H", "H", "H", "H", "H", "H", "H", "H", "H"], "geometry": [[0.0, 0.0, -0.0], [2.887846081892732, -6.865953631531251e-16, 7.37954487916854e-18], [4.021150105064722, 2.659351865187359, -2.220446049250313e-16], [6.908996887399001, 2.6592549569013126, 0.0003221104468400515], [-0.744864381506019, -1.9116292143873308, -7.574119658426692e-05], [-0.7406643471708135, 0.9591258793067172, 1.6572745736580268], [-0.7406806678694322, 0.9592533195928017, -1.6571969789854066], [3.570691387165282, -1.02787762003602, 1.6447592338318802], [3.570699355136131, -1.027859884583287, -1.6447678512884534], [3.3381329230949413, 3.687326660014704, 1.6446260982192147], [3.3385069165604024, 3.6871345072298087, -1.6449031464434563], [7.64944546259236, 1.700092947424179, 1.6576772622521534], [7.649827742962255, 1.6999762074410705, -1.6567905172306365], [7.6539549585389635, 4.570847568561579, 0.0003596418318345673]], "name": "C4H10", "identifiers": {"molecule_hash": "6f6fced60bdb69706fd53b9ff4fd40fa5a050982", "molecular_formula": "C4H10"}, "molecular_charge": 0.0, "molecular_multiplicity": 1, "connectivity": [[0, 1, 1.0], [0, 4, 1.0], [0, 5, 1.0], [0, 6, 1.0], [1, 2, 1.0], [1, 7, 1.0], [1, 8, 1.0], [2, 3, 1.0], [2, 9, 1.0], [2, 10, 1.0], [3, 11, 1.0], [3, 12, 1.0], [3, 13, 1.0]], "fix_com": true, "fix_orientation": true, "provenance": {"creator": "QCElemental", "version": "v0.22.0", "routine": "qcelemental.molparse.from_schema"}, "id": "12128"}, "charge": 0, "optimize_geometry": false, "conformers": [], "conformer_generation_options": {"n_conformer_pool": 4000, "n_max_conformers": 0, "rms_tolerance": 0.05, "energy_window": 15, "keep_original_conformer": true}, "stage_1_unrestrained_charges": null, "stage_1_restrained_charges": null, "stage_2_unrestrained_charges": null, "stage_2_restrained_charges": null, "keep_original_orientation": false, "reorientations": [], "translations": [], "rotations": []}}], "charge": 0.042526013619964304}], "charge_equivalence_constraints": [], "molecules": [{"qcmol": {"schema_name": "qcschema_molecule", "schema_version": 2, "validated": true, "symbols": ["C", "C", "C", "C", "H", "H", "H", "H", "H", "H", "H", "H", "H", "H"], "geometry": [[0.0, 0.0, -0.0], [2.887846081892732, -6.865953631531251e-16, 7.37954487916854e-18], [4.021150105064722, 2.659351865187359, -2.220446049250313e-16], [6.908996887399001, 2.6592549569013126, 0.0003221104468400515], [-0.744864381506019, -1.9116292143873308, -7.574119658426692e-05], [-0.7406643471708135, 0.9591258793067172, 1.6572745736580268], [-0.7406806678694322, 0.9592533195928017, -1.6571969789854066], [3.570691387165282, -1.02787762003602, 1.6447592338318802], [3.570699355136131, -1.027859884583287, -1.6447678512884534], [3.3381329230949413, 3.687326660014704, 1.6446260982192147], [3.3385069165604024, 3.6871345072298087, -1.6449031464434563], [7.64944546259236, 1.700092947424179, 1.6576772622521534], [7.649827742962255, 1.6999762074410705, -1.6567905172306365], [7.6539549585389635, 4.570847568561579, 0.0003596418318345673]], "name": "C4H10", "identifiers": {"molecule_hash": "6f6fced60bdb69706fd53b9ff4fd40fa5a050982", "molecular_formula": "C4H10"}, "molecular_charge": 0.0, "molecular_multiplicity": 1, "connectivity": [[0, 1, 1.0], [0, 4, 1.0], [0, 5, 1.0], [0, 6, 1.0], [1, 2, 1.0], [1, 7, 1.0], [1, 8, 1.0], [2, 3, 1.0], [2, 9, 1.0], [2, 10, 1.0], [3, 11, 1.0], [3, 12, 1.0], [3, 13, 1.0]], "fix_com": true, "fix_orientation": true, "provenance": {"creator": "QCElemental", "version": "v0.22.0", "routine": "qcelemental.molparse.from_schema"}, "id": "12128"}, "charge": 0, "optimize_geometry": false, "conformers": [], "conformer_generation_options": {"n_conformer_pool": 4000, "n_max_conformers": 0, "rms_tolerance": 0.05, "energy_window": 15, "keep_original_conformer": true}, "stage_1_unrestrained_charges": null, "stage_1_restrained_charges": null, "stage_2_unrestrained_charges": null, "stage_2_restrained_charges": null, "keep_original_orientation": false, "reorientations": [], "translations": [], "rotations": []}], "unconstrained_atoms": []}, "surface_constraints": {"matrix": [[24823078870399.277, 23966379696229.43, 22866474440182.88, 21958355574157.066, 24962443846544.094, 24909590507279.613, 24906883380822.43, 23874499426917.316, 23868451700352.285, 22638680708705.484, 22644581815016.08, 21510261363004.746, 22058229531406.617, 21395461742734.312], [23966379696229.43, 24623401156800.418, 23864436951171.88, 22851909294033.383, 23719054063990.062, 23693105441571.23, 23663360633974.7, 24965175384362.492, 24957038006225.254, 23785136451137.895, 23790739573135.23, 22455510838004.016, 22594607056872.68, 22496904145644.492], [22866474440182.88, 23864436951171.88, 24567823321652.7, 23897136132186.51, 22735805251027.316, 22250447571334.22, 22607318455770.152, 23801154084540.234, 23794859832714.348, 24891766780836.348, 24900092393898.52, 23627552004678.26, 23596337325445.445, 23646911772154.883], [21958355574157.066, 22851909294033.383, 23897136132186.51, 24744648286998.746, 21601913260858.215, 21306181194078.395, 22059734646294.133, 22638353436247.582, 22634919688197.19, 23786667261724.402, 23795037120625.25, 24850448264102.832, 24827480809737.05, 24872796848877.324], [24962443846544.094, 23719054063990.062, 22735805251027.316, 21601913260858.215, 26245221988484.543, 24637209254364.973, 24650908798504.277, 23431345277917.36, 23423540201297.957, 22637593052529.047, 22643527318518.176, 21159788484443.305, 21857399765561.062, 20717833862058.266], [24909590507279.613, 23693105441571.23, 22250447571334.22, 21306181194078.395, 24637209254364.973, 26086000330657.137, 24612884862860.074, 23812972873747.086, 23409262018612.19, 22009964202761.402, 21863482252669.957, 20947470853215.754, 21224708058776.73, 20821183739796.254], [24906883380822.43, 23663360633974.7, 22607318455770.152, 22059734646294.133, 24650908798504.277, 24612884862860.074, 26100853326850.145, 23212651534398.895, 23608003385211.75, 22169652809741.113, 22328134594523.996, 21490313965706.383, 22456074883628.46, 21593332952786.195], [23874499426917.316, 24965175384362.492, 23801154084540.234, 22638353436247.582, 23431345277917.36, 23812972873747.086, 23212651534398.895, 26401438432253.53, 24877971914837.945, 23892929262845.023, 23365947016734.113, 22467288292003.29, 22126561421172.555, 22217554715805.36], [23868451700352.285, 24957038006225.254, 23794859832714.348, 22634919688197.19, 23423540201297.957, 23409262018612.19, 23608003385211.75, 24877971914837.945, 26382018974726.168, 23354482599254.45, 23890214904200.062, 21981488130481.418, 22368563062211.844, 22452653272603.523], [22638680708705.484, 23785136451137.895, 24891766780836.348, 23786667261724.402, 22637593052529.047, 22009964202761.402, 22169652809741.113, 23892929262845.023, 23354482599254.45, 26301225924219.406, 24811909046977.79, 23521398678702.727, 23326086250813.543, 23350482855865.375], [22644581815016.08, 23790739573135.23, 24900092393898.52, 23795037120625.25, 22643527318518.176, 21863482252669.957, 22328134594523.996, 23365947016734.113, 23890214904200.062, 24811909046977.79, 26319939698688.0, 23351130954061.535, 23340344591154.8, 23531131116877.957], [21510261363004.746, 22455510838004.016, 23627552004678.26, 24850448264102.832, 21159788484443.305, 20947470853215.754, 21490313965706.383, 22467288292003.29, 21981488130481.418, 23521398678702.727, 23351130954061.535, 26059890149162.023, 24556880472534.02, 24569608783676.14], [22058229531406.617, 22594607056872.68, 23596337325445.445, 24827480809737.05, 21857399765561.062, 21224708058776.73, 22456074883628.46, 22126561421172.555, 22368563062211.844, 23326086250813.543, 23340344591154.8, 24556880472534.02, 26008911568432.453, 24566044066168.914], [21395461742734.312, 22496904145644.492, 23646911772154.883, 24872796848877.324, 20717833862058.266, 20821183739796.254, 21593332952786.195, 22217554715805.36, 22452653272603.523, 23350482855865.375, 23531131116877.957, 24569608783676.14, 24566044066168.914, 26119562276690.707], [19271523019.23345, 34265738151.880966, 34021482834.46995, 18889470639.622868, 21512259147.591476, 13533367247.419405, 16164253552.441505, 37995177796.673225, 38029955676.32734, 37600013722.00135, 37665966884.52907, 15755823313.137934, 16026082105.467373, 18097978917.376247]]}}