{"resp_b": 0.1, "restrained_fit": true, "exclude_hydrogens": true, "convergence_tolerance": 1e-06, "max_iter": 500, "resp_a": 0.0005, "charge_constraints": {"charge_sum_constraints": [], "charge_equivalence_constraints": [], "molecules": [{"qcmol": {"schema_name": "qcschema_molecule", "schema_version": 2, "validated": true, "symbols": ["C", "C", "C", "C", "H", "H", "H", "H", "H", "H", "H", "H", "H", "H"], "geometry": [[0.0, 0.0, -0.0], [2.871629658641141, -1.4400277659089171e-15, -6.598648080925849e-16], [4.006347982719825, 2.642926970111332, -2.220446049250313e-16], [6.877943514419416, 2.642936126374006, -0.00934850852870639], [-0.7669662372344905, -1.9251727735765773, -0.0012138961829858963], [-0.749636564387299, 0.9739715241225992, 1.6724184044430435], [-0.7497563602566664, 0.9760654323297795, -1.671137376031085], [3.5715416550610852, -1.0411235631946103, 1.6594871141032317], [3.57193392597517, -1.041258178742709, -1.6592344875792104], [3.3118060129770677, 3.6818445299567584, 1.663084343676716], [3.3010283370035705, 3.68630709535586, -1.6557684043081649], [7.632951997626205, 1.6636224424347257, 1.657560628114177], [7.62203902997056, 1.6720344501657876, -1.6860240154741635], [7.645066344011902, 4.568051123010905, -0.006871949506813468]], "name": "C4H10", "identifiers": {"molecule_hash": "193b4c249f850f5a6539517c5243c86da74a72b9", "molecular_formula": "C4H10"}, "molecular_charge": 0.0, "molecular_multiplicity": 1, "connectivity": [[0, 1, 1.0], [0, 4, 1.0], [0, 5, 1.0], [0, 6, 1.0], [1, 2, 1.0], [1, 7, 1.0], [1, 8, 1.0], [2, 3, 1.0], [2, 9, 1.0], [2, 10, 1.0], [3, 11, 1.0], [3, 12, 1.0], [3, 13, 1.0]], "fix_com": true, "fix_orientation": true, "provenance": {"creator": "QCElemental", "version": "v0.22.0", "routine": "qcelemental.molparse.from_schema"}, "id": "12248"}, "charge": 0, "optimize_geometry": false, "conformers": [], "conformer_generation_options": {"n_conformer_pool": 4000, "n_max_conformers": 0, "rms_tolerance": 0.05, "energy_window": 15, "keep_original_conformer": true}, "stage_1_unrestrained_charges": null, "stage_1_restrained_charges": null, "stage_2_unrestrained_charges": null, "stage_2_restrained_charges": null, "keep_original_orientation": false, "reorientations": [], "translations": [], "rotations": []}], "unconstrained_atoms": [{"index": 0, "molecule": {"qcmol": {"schema_name": "qcschema_molecule", "schema_version": 2, "validated": true, "symbols": ["C", "C", "C", "C", "H", "H", "H", "H", "H", "H", "H", "H", "H", "H"], "geometry": [[0.0, 0.0, -0.0], [2.871629658641141, -1.4400277659089171e-15, -6.598648080925849e-16], [4.006347982719825, 2.642926970111332, -2.220446049250313e-16], [6.877943514419416, 2.642936126374006, -0.00934850852870639], [-0.7669662372344905, -1.9251727735765773, -0.0012138961829858963], [-0.749636564387299, 0.9739715241225992, 1.6724184044430435], [-0.7497563602566664, 0.9760654323297795, -1.671137376031085], [3.5715416550610852, -1.0411235631946103, 1.6594871141032317], [3.57193392597517, -1.041258178742709, -1.6592344875792104], [3.3118060129770677, 3.6818445299567584, 1.663084343676716], [3.3010283370035705, 3.68630709535586, -1.6557684043081649], [7.632951997626205, 1.6636224424347257, 1.657560628114177], [7.62203902997056, 1.6720344501657876, -1.6860240154741635], [7.645066344011902, 4.568051123010905, -0.006871949506813468]], "name": "C4H10", "identifiers": {"molecule_hash": "193b4c249f850f5a6539517c5243c86da74a72b9", "molecular_formula": "C4H10"}, "molecular_charge": 0.0, "molecular_multiplicity": 1, "connectivity": [[0, 1, 1.0], [0, 4, 1.0], [0, 5, 1.0], [0, 6, 1.0], [1, 2, 1.0], [1, 7, 1.0], [1, 8, 1.0], [2, 3, 1.0], [2, 9, 1.0], [2, 10, 1.0], [3, 11, 1.0], [3, 12, 1.0], [3, 13, 1.0]], "fix_com": true, "fix_orientation": true, "provenance": {"creator": "QCElemental", "version": "v0.22.0", "routine": "qcelemental.molparse.from_schema"}, "id": "12248"}, "charge": 0, "optimize_geometry": false, "conformers": [], "conformer_generation_options": {"n_conformer_pool": 4000, "n_max_conformers": 0, "rms_tolerance": 0.05, "energy_window": 15, "keep_original_conformer": true}, "stage_1_unrestrained_charges": null, "stage_1_restrained_charges": null, "stage_2_unrestrained_charges": null, "stage_2_restrained_charges": null, "keep_original_orientation": false, "reorientations": [], "translations": [], "rotations": []}}, {"index": 1, "molecule": {"qcmol": {"schema_name": "qcschema_molecule", "schema_version": 2, "validated": true, "symbols": ["C", "C", "C", "C", "H", "H", "H", "H", "H", "H", "H", "H", "H", "H"], "geometry": [[0.0, 0.0, -0.0], [2.871629658641141, -1.4400277659089171e-15, -6.598648080925849e-16], [4.006347982719825, 2.642926970111332, -2.220446049250313e-16], [6.877943514419416, 2.642936126374006, -0.00934850852870639], [-0.7669662372344905, -1.9251727735765773, -0.0012138961829858963], [-0.749636564387299, 0.9739715241225992, 1.6724184044430435], [-0.7497563602566664, 0.9760654323297795, -1.671137376031085], [3.5715416550610852, -1.0411235631946103, 1.6594871141032317], [3.57193392597517, -1.041258178742709, -1.6592344875792104], [3.3118060129770677, 3.6818445299567584, 1.663084343676716], [3.3010283370035705, 3.68630709535586, -1.6557684043081649], [7.632951997626205, 1.6636224424347257, 1.657560628114177], [7.62203902997056, 1.6720344501657876, -1.6860240154741635], [7.645066344011902, 4.568051123010905, -0.006871949506813468]], "name": "C4H10", "identifiers": {"molecule_hash": "193b4c249f850f5a6539517c5243c86da74a72b9", "molecular_formula": "C4H10"}, "molecular_charge": 0.0, "molecular_multiplicity": 1, "connectivity": [[0, 1, 1.0], [0, 4, 1.0], [0, 5, 1.0], [0, 6, 1.0], [1, 2, 1.0], [1, 7, 1.0], [1, 8, 1.0], [2, 3, 1.0], [2, 9, 1.0], [2, 10, 1.0], [3, 11, 1.0], [3, 12, 1.0], [3, 13, 1.0]], "fix_com": true, "fix_orientation": true, "provenance": {"creator": "QCElemental", "version": "v0.22.0", "routine": "qcelemental.molparse.from_schema"}, "id": "12248"}, "charge": 0, "optimize_geometry": false, "conformers": [], "conformer_generation_options": {"n_conformer_pool": 4000, "n_max_conformers": 0, "rms_tolerance": 0.05, "energy_window": 15, "keep_original_conformer": true}, "stage_1_unrestrained_charges": null, "stage_1_restrained_charges": null, "stage_2_unrestrained_charges": null, "stage_2_restrained_charges": null, "keep_original_orientation": false, "reorientations": [], "translations": [], "rotations": []}}, {"index": 2, "molecule": {"qcmol": {"schema_name": "qcschema_molecule", "schema_version": 2, "validated": true, "symbols": ["C", "C", "C", "C", "H", "H", "H", "H", "H", "H", "H", "H", "H", "H"], "geometry": [[0.0, 0.0, -0.0], [2.871629658641141, -1.4400277659089171e-15, -6.598648080925849e-16], [4.006347982719825, 2.642926970111332, -2.220446049250313e-16], [6.877943514419416, 2.642936126374006, -0.00934850852870639], [-0.7669662372344905, -1.9251727735765773, -0.0012138961829858963], [-0.749636564387299, 0.9739715241225992, 1.6724184044430435], [-0.7497563602566664, 0.9760654323297795, -1.671137376031085], [3.5715416550610852, -1.0411235631946103, 1.6594871141032317], [3.57193392597517, -1.041258178742709, -1.6592344875792104], [3.3118060129770677, 3.6818445299567584, 1.663084343676716], [3.3010283370035705, 3.68630709535586, -1.6557684043081649], [7.632951997626205, 1.6636224424347257, 1.657560628114177], [7.62203902997056, 1.6720344501657876, -1.6860240154741635], [7.645066344011902, 4.568051123010905, -0.006871949506813468]], "name": "C4H10", "identifiers": {"molecule_hash": "193b4c249f850f5a6539517c5243c86da74a72b9", "molecular_formula": "C4H10"}, "molecular_charge": 0.0, "molecular_multiplicity": 1, "connectivity": [[0, 1, 1.0], [0, 4, 1.0], [0, 5, 1.0], [0, 6, 1.0], [1, 2, 1.0], [1, 7, 1.0], [1, 8, 1.0], [2, 3, 1.0], [2, 9, 1.0], [2, 10, 1.0], [3, 11, 1.0], [3, 12, 1.0], [3, 13, 1.0]], "fix_com": true, "fix_orientation": true, "provenance": {"creator": "QCElemental", "version": "v0.22.0", "routine": "qcelemental.molparse.from_schema"}, "id": "12248"}, "charge": 0, "optimize_geometry": false, "conformers": [], "conformer_generation_options": {"n_conformer_pool": 4000, "n_max_conformers": 0, "rms_tolerance": 0.05, "energy_window": 15, "keep_original_conformer": true}, "stage_1_unrestrained_charges": null, "stage_1_restrained_charges": null, "stage_2_unrestrained_charges": null, "stage_2_restrained_charges": null, "keep_original_orientation": false, "reorientations": [], "translations": [], "rotations": []}}, {"index": 3, "molecule": {"qcmol": {"schema_name": "qcschema_molecule", "schema_version": 2, "validated": true, "symbols": ["C", "C", "C", "C", "H", "H", "H", "H", "H", "H", "H", "H", "H", "H"], "geometry": [[0.0, 0.0, -0.0], [2.871629658641141, -1.4400277659089171e-15, -6.598648080925849e-16], [4.006347982719825, 2.642926970111332, -2.220446049250313e-16], [6.877943514419416, 2.642936126374006, -0.00934850852870639], [-0.7669662372344905, -1.9251727735765773, -0.0012138961829858963], [-0.749636564387299, 0.9739715241225992, 1.6724184044430435], [-0.7497563602566664, 0.9760654323297795, -1.671137376031085], [3.5715416550610852, -1.0411235631946103, 1.6594871141032317], [3.57193392597517, -1.041258178742709, -1.6592344875792104], [3.3118060129770677, 3.6818445299567584, 1.663084343676716], [3.3010283370035705, 3.68630709535586, -1.6557684043081649], [7.632951997626205, 1.6636224424347257, 1.657560628114177], [7.62203902997056, 1.6720344501657876, -1.6860240154741635], [7.645066344011902, 4.568051123010905, -0.006871949506813468]], "name": "C4H10", "identifiers": {"molecule_hash": "193b4c249f850f5a6539517c5243c86da74a72b9", "molecular_formula": "C4H10"}, "molecular_charge": 0.0, "molecular_multiplicity": 1, "connectivity": [[0, 1, 1.0], [0, 4, 1.0], [0, 5, 1.0], [0, 6, 1.0], [1, 2, 1.0], [1, 7, 1.0], [1, 8, 1.0], [2, 3, 1.0], [2, 9, 1.0], [2, 10, 1.0], [3, 11, 1.0], [3, 12, 1.0], [3, 13, 1.0]], "fix_com": true, "fix_orientation": true, "provenance": {"creator": "QCElemental", "version": "v0.22.0", "routine": "qcelemental.molparse.from_schema"}, "id": "12248"}, "charge": 0, "optimize_geometry": false, "conformers": [], "conformer_generation_options": {"n_conformer_pool": 4000, "n_max_conformers": 0, "rms_tolerance": 0.05, "energy_window": 15, "keep_original_conformer": true}, "stage_1_unrestrained_charges": null, "stage_1_restrained_charges": null, "stage_2_unrestrained_charges": null, "stage_2_restrained_charges": null, "keep_original_orientation": false, "reorientations": [], "translations": [], "rotations": []}}]}, "surface_constraints": {"matrix": [[2180.505398025446, 2108.7770290019944, 2021.9087147754508, 1952.9100851238798, 2197.455146880965, 2192.4853267232, 2193.85024179461, 2102.506759728142, 2101.9843887070915, 2005.550177400545, 2004.9330222195952, 1918.9099233600418, 1968.4296565508243, 1907.491655328851], [2108.7770290019944, 2157.9156008513373, 2098.779567255612, 2020.7247252584893, 2093.042645661286, 2089.9597209902204, 2089.29351669943, 2188.1969392989836, 2187.6769395675133, 2095.413957777737, 2094.6795033572857, 1991.0786786683268, 2005.5394388288223, 1993.9238831040188], [2021.9087147754508, 2098.779567255612, 2155.6504048631095, 2105.5404569934244, 2015.0740434020777, 1973.8346716203118, 2005.6636985267824, 2095.3801415272665, 2094.9419362331487, 2185.8883504302694, 2185.0819978190684, 2086.9443728223373, 2087.2819616242728, 2088.091225276757], [1952.9100851238798, 2020.7247252584893, 2105.5404569934244, 2176.787366395272, 1925.9389726577272, 1901.7291299630492, 1967.7501186858544, 2004.1941890017913, 2004.0789690061074, 2099.0682164067402, 2098.484725969326, 2189.84425255016, 2191.488569494406, 2191.3969367390087], [2197.455146880965, 2093.042645661286, 2015.0740434020777, 1925.9389726577272, 2312.472027372464, 2174.2438188364745, 2177.1278800557834, 2069.534869966341, 2068.875250057967, 2010.0268719651824, 2009.4437014653506, 1891.982233019437, 1954.5320412638587, 1851.7443593802689], [2192.4853267232, 2089.9597209902204, 1973.8346716203118, 1901.7291299630492, 2174.2438188364745, 2297.64218586101, 2174.0875612237855, 2100.918500006765, 2067.1243142865, 1955.8459692519484, 1941.9389085068324, 1875.0485485800941, 1901.90619732595, 1862.4495645035256], [2193.85024179461, 2089.29351669943, 2005.6636985267824, 1967.7501186858544, 2177.1278800557834, 2174.0875612237855, 2301.834839934183, 2052.3244219606204, 2085.241310510978, 1970.6811497420404, 1983.4202308416347, 1923.531355987452, 2010.0741309375703, 1930.5092774953678], [2102.506759728142, 2188.1969392989836, 2095.3801415272665, 2004.1941890017913, 2069.534869966341, 2100.918500006765, 2052.3244219606204, 2312.154642993815, 2182.9615872210547, 2106.2047357097217, 2060.4805671030826, 1993.7723983233886, 1966.3703148867166, 1971.7967945307253], [2101.9843887070915, 2187.6769395675133, 2094.9419362331487, 2004.0789690061074, 2068.875250057967, 2067.1243142865, 2085.241310510978, 2182.9615872210547, 2311.0778379539274, 2060.6606413855457, 2104.930632723584, 1951.759531802845, 1987.820042348713, 1992.247249967203], [2005.550177400545, 2095.413957777737, 2185.8883504302694, 2099.0682164067402, 2010.0268719651824, 1955.8459692519484, 1970.6811497420404, 2106.2047357097217, 2060.6606413855457, 2309.640879210997, 2180.4888971327255, 2080.6686355041998, 2066.4533238120102, 2064.952392966111], [2004.9330222195952, 2094.6795033572857, 2185.0819978190684, 2098.484725969326, 2009.4437014653506, 1941.9389085068324, 1983.4202308416347, 2060.4805671030826, 2104.930632723584, 2180.4888971327255, 2307.8076559674846, 2064.1903018248745, 2066.600628042249, 2079.7396877768006], [1918.9099233600418, 1991.0786786683268, 2086.9443728223373, 2189.84425255016, 1891.982233019437, 1875.0485485800941, 1923.531355987452, 1993.7723983233886, 1951.759531802845, 2080.6686355041998, 2064.1903018248745, 2297.2634809165797, 2172.774371384377, 2169.525095329584], [1968.4296565508243, 2005.5394388288223, 2087.2819616242728, 2191.488569494406, 1954.5320412638587, 1901.90619732595, 2010.0741309375703, 1966.3703148867166, 1987.820042348713, 2066.4533238120102, 2066.600628042249, 2172.774371384377, 2300.37976659283, 2172.9821971908073], [1907.491655328851, 1993.9238831040188, 2088.091225276757, 2191.3969367390087, 1851.7443593802689, 1862.4495645035256, 1930.5092774953678, 1971.7967945307253, 1992.247249967203, 2064.952392966111, 2079.7396877768006, 2169.525095329584, 2172.9821971908073, 2302.0504196862703], [4.085711338794748, 4.955433989909672, 4.926808150823051, 4.028119513608384, 4.245068792280718, 3.7604330780490125, 3.898818725149467, 5.196097993782013, 5.191140972649926, 5.156350750894539, 5.1533392366278505, 3.861222655459437, 3.8561260524530567, 3.992135232430024]]}}