{"resp_b": 0.1, "restrained_fit": true, "exclude_hydrogens": true, "convergence_tolerance": 1e-06, "max_iter": 500, "resp_a": 0.001, "charge_constraints": {"charge_sum_constraints": [{"atoms": [{"index": 0, "molecule": {"qcmol": {"schema_name": "qcschema_molecule", "schema_version": 2, "validated": true, "symbols": ["C", "C", "C", "C", "H", "H", "H", "H", "H", "H", "H", "H", "H", "H"], "geometry": [[0.0, 0.0, -0.0], [2.871629658641141, -1.4400277659089171e-15, -6.598648080925849e-16], [4.006347982719825, 2.642926970111332, -2.220446049250313e-16], [6.877943514419416, 2.642936126374006, -0.00934850852870639], [-0.7669662372344905, -1.9251727735765773, -0.0012138961829858963], [-0.749636564387299, 0.9739715241225992, 1.6724184044430435], [-0.7497563602566664, 0.9760654323297795, -1.671137376031085], [3.5715416550610852, -1.0411235631946103, 1.6594871141032317], [3.57193392597517, -1.041258178742709, -1.6592344875792104], [3.3118060129770677, 3.6818445299567584, 1.663084343676716], [3.3010283370035705, 3.68630709535586, -1.6557684043081649], [7.632951997626205, 1.6636224424347257, 1.657560628114177], [7.62203902997056, 1.6720344501657876, -1.6860240154741635], [7.645066344011902, 4.568051123010905, -0.006871949506813468]], "name": "C4H10", "identifiers": {"molecule_hash": "193b4c249f850f5a6539517c5243c86da74a72b9", "molecular_formula": "C4H10"}, "molecular_charge": 0.0, "molecular_multiplicity": 1, "connectivity": [[0, 1, 1.0], [0, 4, 1.0], [0, 5, 1.0], [0, 6, 1.0], [1, 2, 1.0], [1, 7, 1.0], [1, 8, 1.0], [2, 3, 1.0], [2, 9, 1.0], [2, 10, 1.0], [3, 11, 1.0], [3, 12, 1.0], [3, 13, 1.0]], "fix_com": true, "fix_orientation": true, "provenance": {"creator": "QCElemental", "version": "v0.22.0", "routine": "qcelemental.molparse.from_schema"}, "id": "12248"}, "charge": 0, "optimize_geometry": false, "conformers": [], "conformer_generation_options": {"n_conformer_pool": 4000, "n_max_conformers": 0, "rms_tolerance": 0.05, "energy_window": 15, "keep_original_conformer": true}, "stage_1_unrestrained_charges": null, "stage_1_restrained_charges": null, "stage_2_unrestrained_charges": null, "stage_2_restrained_charges": null, "keep_original_orientation": false, "reorientations": [], "translations": [], "rotations": []}}], "charge": -0.1717191776138974}, {"atoms": [{"index": 1, "molecule": {"qcmol": {"schema_name": "qcschema_molecule", "schema_version": 2, "validated": true, "symbols": ["C", "C", "C", "C", "H", "H", "H", "H", "H", "H", "H", "H", "H", "H"], "geometry": [[0.0, 0.0, -0.0], [2.871629658641141, -1.4400277659089171e-15, -6.598648080925849e-16], [4.006347982719825, 2.642926970111332, -2.220446049250313e-16], [6.877943514419416, 2.642936126374006, -0.00934850852870639], [-0.7669662372344905, -1.9251727735765773, -0.0012138961829858963], [-0.749636564387299, 0.9739715241225992, 1.6724184044430435], [-0.7497563602566664, 0.9760654323297795, -1.671137376031085], [3.5715416550610852, -1.0411235631946103, 1.6594871141032317], [3.57193392597517, -1.041258178742709, -1.6592344875792104], [3.3118060129770677, 3.6818445299567584, 1.663084343676716], [3.3010283370035705, 3.68630709535586, -1.6557684043081649], [7.632951997626205, 1.6636224424347257, 1.657560628114177], [7.62203902997056, 1.6720344501657876, -1.6860240154741635], [7.645066344011902, 4.568051123010905, -0.006871949506813468]], "name": "C4H10", "identifiers": {"molecule_hash": "193b4c249f850f5a6539517c5243c86da74a72b9", "molecular_formula": "C4H10"}, "molecular_charge": 0.0, "molecular_multiplicity": 1, "connectivity": [[0, 1, 1.0], [0, 4, 1.0], [0, 5, 1.0], [0, 6, 1.0], [1, 2, 1.0], [1, 7, 1.0], [1, 8, 1.0], [2, 3, 1.0], [2, 9, 1.0], [2, 10, 1.0], [3, 11, 1.0], [3, 12, 1.0], [3, 13, 1.0]], "fix_com": true, "fix_orientation": true, "provenance": {"creator": "QCElemental", "version": "v0.22.0", "routine": "qcelemental.molparse.from_schema"}, "id": "12248"}, "charge": 0, "optimize_geometry": false, "conformers": [], "conformer_generation_options": {"n_conformer_pool": 4000, "n_max_conformers": 0, "rms_tolerance": 0.05, "energy_window": 15, "keep_original_conformer": true}, "stage_1_unrestrained_charges": null, "stage_1_restrained_charges": null, "stage_2_unrestrained_charges": null, "stage_2_restrained_charges": null, "keep_original_orientation": false, "reorientations": [], "translations": [], "rotations": []}}], "charge": 0.08892158829650475}, {"atoms": [{"index": 2, "molecule": {"qcmol": {"schema_name": "qcschema_molecule", "schema_version": 2, "validated": true, "symbols": ["C", "C", "C", "C", "H", "H", "H", "H", "H", "H", "H", "H", "H", "H"], "geometry": [[0.0, 0.0, -0.0], [2.871629658641141, -1.4400277659089171e-15, -6.598648080925849e-16], [4.006347982719825, 2.642926970111332, -2.220446049250313e-16], [6.877943514419416, 2.642936126374006, -0.00934850852870639], [-0.7669662372344905, -1.9251727735765773, -0.0012138961829858963], [-0.749636564387299, 0.9739715241225992, 1.6724184044430435], [-0.7497563602566664, 0.9760654323297795, -1.671137376031085], [3.5715416550610852, -1.0411235631946103, 1.6594871141032317], [3.57193392597517, -1.041258178742709, -1.6592344875792104], [3.3118060129770677, 3.6818445299567584, 1.663084343676716], [3.3010283370035705, 3.68630709535586, -1.6557684043081649], [7.632951997626205, 1.6636224424347257, 1.657560628114177], [7.62203902997056, 1.6720344501657876, -1.6860240154741635], [7.645066344011902, 4.568051123010905, -0.006871949506813468]], "name": "C4H10", "identifiers": {"molecule_hash": "193b4c249f850f5a6539517c5243c86da74a72b9", "molecular_formula": "C4H10"}, "molecular_charge": 0.0, "molecular_multiplicity": 1, "connectivity": [[0, 1, 1.0], [0, 4, 1.0], [0, 5, 1.0], [0, 6, 1.0], [1, 2, 1.0], [1, 7, 1.0], [1, 8, 1.0], [2, 3, 1.0], [2, 9, 1.0], [2, 10, 1.0], [3, 11, 1.0], [3, 12, 1.0], [3, 13, 1.0]], "fix_com": true, "fix_orientation": true, "provenance": {"creator": "QCElemental", "version": "v0.22.0", "routine": "qcelemental.molparse.from_schema"}, "id": "12248"}, "charge": 0, "optimize_geometry": false, "conformers": [], "conformer_generation_options": {"n_conformer_pool": 4000, "n_max_conformers": 0, "rms_tolerance": 0.05, "energy_window": 15, "keep_original_conformer": true}, "stage_1_unrestrained_charges": null, "stage_1_restrained_charges": null, "stage_2_unrestrained_charges": null, "stage_2_restrained_charges": null, "keep_original_orientation": false, "reorientations": [], "translations": [], "rotations": []}}], "charge": 0.08588784344144046}, {"atoms": [{"index": 3, "molecule": {"qcmol": {"schema_name": "qcschema_molecule", "schema_version": 2, "validated": true, "symbols": ["C", "C", "C", "C", "H", "H", "H", "H", "H", "H", "H", "H", "H", "H"], "geometry": [[0.0, 0.0, -0.0], [2.871629658641141, -1.4400277659089171e-15, -6.598648080925849e-16], [4.006347982719825, 2.642926970111332, -2.220446049250313e-16], [6.877943514419416, 2.642936126374006, -0.00934850852870639], [-0.7669662372344905, -1.9251727735765773, -0.0012138961829858963], [-0.749636564387299, 0.9739715241225992, 1.6724184044430435], [-0.7497563602566664, 0.9760654323297795, -1.671137376031085], [3.5715416550610852, -1.0411235631946103, 1.6594871141032317], [3.57193392597517, -1.041258178742709, -1.6592344875792104], [3.3118060129770677, 3.6818445299567584, 1.663084343676716], [3.3010283370035705, 3.68630709535586, -1.6557684043081649], [7.632951997626205, 1.6636224424347257, 1.657560628114177], [7.62203902997056, 1.6720344501657876, -1.6860240154741635], [7.645066344011902, 4.568051123010905, -0.006871949506813468]], "name": "C4H10", "identifiers": {"molecule_hash": "193b4c249f850f5a6539517c5243c86da74a72b9", "molecular_formula": "C4H10"}, "molecular_charge": 0.0, "molecular_multiplicity": 1, "connectivity": [[0, 1, 1.0], [0, 4, 1.0], [0, 5, 1.0], [0, 6, 1.0], [1, 2, 1.0], [1, 7, 1.0], [1, 8, 1.0], [2, 3, 1.0], [2, 9, 1.0], [2, 10, 1.0], [3, 11, 1.0], [3, 12, 1.0], [3, 13, 1.0]], "fix_com": true, "fix_orientation": true, "provenance": {"creator": "QCElemental", "version": "v0.22.0", "routine": "qcelemental.molparse.from_schema"}, "id": "12248"}, "charge": 0, "optimize_geometry": false, "conformers": [], "conformer_generation_options": {"n_conformer_pool": 4000, "n_max_conformers": 0, "rms_tolerance": 0.05, "energy_window": 15, "keep_original_conformer": true}, "stage_1_unrestrained_charges": null, "stage_1_restrained_charges": null, "stage_2_unrestrained_charges": null, "stage_2_restrained_charges": null, "keep_original_orientation": false, "reorientations": [], "translations": [], "rotations": []}}], "charge": -0.1681071854262018}, {"atoms": [{"index": 4, "molecule": {"qcmol": {"schema_name": "qcschema_molecule", "schema_version": 2, "validated": true, "symbols": ["C", "C", "C", "C", "H", "H", "H", "H", "H", "H", "H", "H", "H", "H"], "geometry": [[0.0, 0.0, -0.0], [2.871629658641141, -1.4400277659089171e-15, -6.598648080925849e-16], [4.006347982719825, 2.642926970111332, -2.220446049250313e-16], [6.877943514419416, 2.642936126374006, -0.00934850852870639], [-0.7669662372344905, -1.9251727735765773, -0.0012138961829858963], [-0.749636564387299, 0.9739715241225992, 1.6724184044430435], [-0.7497563602566664, 0.9760654323297795, -1.671137376031085], [3.5715416550610852, -1.0411235631946103, 1.6594871141032317], [3.57193392597517, -1.041258178742709, -1.6592344875792104], [3.3118060129770677, 3.6818445299567584, 1.663084343676716], [3.3010283370035705, 3.68630709535586, -1.6557684043081649], [7.632951997626205, 1.6636224424347257, 1.657560628114177], [7.62203902997056, 1.6720344501657876, -1.6860240154741635], [7.645066344011902, 4.568051123010905, -0.006871949506813468]], "name": "C4H10", "identifiers": {"molecule_hash": "193b4c249f850f5a6539517c5243c86da74a72b9", "molecular_formula": "C4H10"}, "molecular_charge": 0.0, "molecular_multiplicity": 1, "connectivity": [[0, 1, 1.0], [0, 4, 1.0], [0, 5, 1.0], [0, 6, 1.0], [1, 2, 1.0], [1, 7, 1.0], [1, 8, 1.0], [2, 3, 1.0], [2, 9, 1.0], [2, 10, 1.0], [3, 11, 1.0], [3, 12, 1.0], [3, 13, 1.0]], "fix_com": true, "fix_orientation": true, "provenance": {"creator": "QCElemental", "version": "v0.22.0", "routine": "qcelemental.molparse.from_schema"}, "id": "12248"}, "charge": 0, "optimize_geometry": false, "conformers": [], "conformer_generation_options": {"n_conformer_pool": 4000, "n_max_conformers": 0, "rms_tolerance": 0.05, "energy_window": 15, "keep_original_conformer": true}, "stage_1_unrestrained_charges": null, "stage_1_restrained_charges": null, "stage_2_unrestrained_charges": null, "stage_2_restrained_charges": null, "keep_original_orientation": false, "reorientations": [], "translations": [], "rotations": []}}], "charge": 0.040876188928634545}, {"atoms": [{"index": 5, "molecule": {"qcmol": {"schema_name": "qcschema_molecule", "schema_version": 2, "validated": true, "symbols": ["C", "C", "C", "C", "H", "H", "H", "H", "H", "H", "H", "H", "H", "H"], "geometry": [[0.0, 0.0, -0.0], [2.871629658641141, -1.4400277659089171e-15, -6.598648080925849e-16], [4.006347982719825, 2.642926970111332, -2.220446049250313e-16], [6.877943514419416, 2.642936126374006, -0.00934850852870639], [-0.7669662372344905, -1.9251727735765773, -0.0012138961829858963], [-0.749636564387299, 0.9739715241225992, 1.6724184044430435], [-0.7497563602566664, 0.9760654323297795, -1.671137376031085], [3.5715416550610852, -1.0411235631946103, 1.6594871141032317], [3.57193392597517, -1.041258178742709, -1.6592344875792104], [3.3118060129770677, 3.6818445299567584, 1.663084343676716], [3.3010283370035705, 3.68630709535586, -1.6557684043081649], [7.632951997626205, 1.6636224424347257, 1.657560628114177], [7.62203902997056, 1.6720344501657876, -1.6860240154741635], [7.645066344011902, 4.568051123010905, -0.006871949506813468]], "name": "C4H10", "identifiers": {"molecule_hash": "193b4c249f850f5a6539517c5243c86da74a72b9", "molecular_formula": "C4H10"}, "molecular_charge": 0.0, "molecular_multiplicity": 1, "connectivity": [[0, 1, 1.0], [0, 4, 1.0], [0, 5, 1.0], [0, 6, 1.0], [1, 2, 1.0], [1, 7, 1.0], [1, 8, 1.0], [2, 3, 1.0], [2, 9, 1.0], [2, 10, 1.0], [3, 11, 1.0], [3, 12, 1.0], [3, 13, 1.0]], "fix_com": true, "fix_orientation": true, "provenance": {"creator": "QCElemental", "version": "v0.22.0", "routine": "qcelemental.molparse.from_schema"}, "id": "12248"}, "charge": 0, "optimize_geometry": false, "conformers": [], "conformer_generation_options": {"n_conformer_pool": 4000, "n_max_conformers": 0, "rms_tolerance": 0.05, "energy_window": 15, "keep_original_conformer": true}, "stage_1_unrestrained_charges": null, "stage_1_restrained_charges": null, "stage_2_unrestrained_charges": null, "stage_2_restrained_charges": null, "keep_original_orientation": false, "reorientations": [], "translations": [], "rotations": []}}], "charge": 0.039406283192542677}, {"atoms": [{"index": 6, "molecule": {"qcmol": {"schema_name": "qcschema_molecule", "schema_version": 2, "validated": true, "symbols": ["C", "C", "C", "C", "H", "H", "H", "H", "H", "H", "H", "H", "H", "H"], "geometry": [[0.0, 0.0, -0.0], [2.871629658641141, -1.4400277659089171e-15, -6.598648080925849e-16], [4.006347982719825, 2.642926970111332, -2.220446049250313e-16], [6.877943514419416, 2.642936126374006, -0.00934850852870639], [-0.7669662372344905, -1.9251727735765773, -0.0012138961829858963], [-0.749636564387299, 0.9739715241225992, 1.6724184044430435], [-0.7497563602566664, 0.9760654323297795, -1.671137376031085], [3.5715416550610852, -1.0411235631946103, 1.6594871141032317], [3.57193392597517, -1.041258178742709, -1.6592344875792104], [3.3118060129770677, 3.6818445299567584, 1.663084343676716], [3.3010283370035705, 3.68630709535586, -1.6557684043081649], [7.632951997626205, 1.6636224424347257, 1.657560628114177], [7.62203902997056, 1.6720344501657876, -1.6860240154741635], [7.645066344011902, 4.568051123010905, -0.006871949506813468]], "name": "C4H10", "identifiers": {"molecule_hash": "193b4c249f850f5a6539517c5243c86da74a72b9", "molecular_formula": "C4H10"}, "molecular_charge": 0.0, "molecular_multiplicity": 1, "connectivity": [[0, 1, 1.0], [0, 4, 1.0], [0, 5, 1.0], [0, 6, 1.0], [1, 2, 1.0], [1, 7, 1.0], [1, 8, 1.0], [2, 3, 1.0], [2, 9, 1.0], [2, 10, 1.0], [3, 11, 1.0], [3, 12, 1.0], [3, 13, 1.0]], "fix_com": true, "fix_orientation": true, "provenance": {"creator": "QCElemental", "version": "v0.22.0", "routine": "qcelemental.molparse.from_schema"}, "id": "12248"}, "charge": 0, "optimize_geometry": false, "conformers": [], "conformer_generation_options": {"n_conformer_pool": 4000, "n_max_conformers": 0, "rms_tolerance": 0.05, "energy_window": 15, "keep_original_conformer": true}, "stage_1_unrestrained_charges": null, "stage_1_restrained_charges": null, "stage_2_unrestrained_charges": null, "stage_2_restrained_charges": null, "keep_original_orientation": false, "reorientations": [], "translations": [], "rotations": []}}], "charge": 0.04041437064635853}, {"atoms": [{"index": 7, "molecule": {"qcmol": {"schema_name": "qcschema_molecule", "schema_version": 2, "validated": true, "symbols": ["C", "C", "C", "C", "H", "H", "H", "H", "H", "H", "H", "H", "H", "H"], "geometry": [[0.0, 0.0, -0.0], [2.871629658641141, -1.4400277659089171e-15, -6.598648080925849e-16], [4.006347982719825, 2.642926970111332, -2.220446049250313e-16], [6.877943514419416, 2.642936126374006, -0.00934850852870639], [-0.7669662372344905, -1.9251727735765773, -0.0012138961829858963], [-0.749636564387299, 0.9739715241225992, 1.6724184044430435], [-0.7497563602566664, 0.9760654323297795, -1.671137376031085], [3.5715416550610852, -1.0411235631946103, 1.6594871141032317], [3.57193392597517, -1.041258178742709, -1.6592344875792104], [3.3118060129770677, 3.6818445299567584, 1.663084343676716], [3.3010283370035705, 3.68630709535586, -1.6557684043081649], [7.632951997626205, 1.6636224424347257, 1.657560628114177], [7.62203902997056, 1.6720344501657876, -1.6860240154741635], [7.645066344011902, 4.568051123010905, -0.006871949506813468]], "name": "C4H10", "identifiers": {"molecule_hash": "193b4c249f850f5a6539517c5243c86da74a72b9", "molecular_formula": "C4H10"}, "molecular_charge": 0.0, "molecular_multiplicity": 1, "connectivity": [[0, 1, 1.0], [0, 4, 1.0], [0, 5, 1.0], [0, 6, 1.0], [1, 2, 1.0], [1, 7, 1.0], [1, 8, 1.0], [2, 3, 1.0], [2, 9, 1.0], [2, 10, 1.0], [3, 11, 1.0], [3, 12, 1.0], [3, 13, 1.0]], "fix_com": true, "fix_orientation": true, "provenance": {"creator": "QCElemental", "version": "v0.22.0", "routine": "qcelemental.molparse.from_schema"}, "id": "12248"}, "charge": 0, "optimize_geometry": false, "conformers": [], "conformer_generation_options": {"n_conformer_pool": 4000, "n_max_conformers": 0, "rms_tolerance": 0.05, "energy_window": 15, "keep_original_conformer": true}, "stage_1_unrestrained_charges": null, "stage_1_restrained_charges": null, "stage_2_unrestrained_charges": null, "stage_2_restrained_charges": null, "keep_original_orientation": false, "reorientations": [], "translations": [], "rotations": []}}], "charge": -0.01786191842738795}, {"atoms": [{"index": 8, "molecule": {"qcmol": {"schema_name": "qcschema_molecule", "schema_version": 2, "validated": true, "symbols": ["C", "C", "C", "C", "H", "H", "H", "H", "H", "H", "H", "H", "H", "H"], "geometry": [[0.0, 0.0, -0.0], [2.871629658641141, -1.4400277659089171e-15, -6.598648080925849e-16], [4.006347982719825, 2.642926970111332, -2.220446049250313e-16], [6.877943514419416, 2.642936126374006, -0.00934850852870639], [-0.7669662372344905, -1.9251727735765773, -0.0012138961829858963], [-0.749636564387299, 0.9739715241225992, 1.6724184044430435], [-0.7497563602566664, 0.9760654323297795, -1.671137376031085], [3.5715416550610852, -1.0411235631946103, 1.6594871141032317], [3.57193392597517, -1.041258178742709, -1.6592344875792104], [3.3118060129770677, 3.6818445299567584, 1.663084343676716], [3.3010283370035705, 3.68630709535586, -1.6557684043081649], [7.632951997626205, 1.6636224424347257, 1.657560628114177], [7.62203902997056, 1.6720344501657876, -1.6860240154741635], [7.645066344011902, 4.568051123010905, -0.006871949506813468]], "name": "C4H10", "identifiers": {"molecule_hash": "193b4c249f850f5a6539517c5243c86da74a72b9", "molecular_formula": "C4H10"}, "molecular_charge": 0.0, "molecular_multiplicity": 1, "connectivity": [[0, 1, 1.0], [0, 4, 1.0], [0, 5, 1.0], [0, 6, 1.0], [1, 2, 1.0], [1, 7, 1.0], [1, 8, 1.0], [2, 3, 1.0], [2, 9, 1.0], [2, 10, 1.0], [3, 11, 1.0], [3, 12, 1.0], [3, 13, 1.0]], "fix_com": true, "fix_orientation": true, "provenance": {"creator": "QCElemental", "version": "v0.22.0", "routine": "qcelemental.molparse.from_schema"}, "id": "12248"}, "charge": 0, "optimize_geometry": false, "conformers": [], "conformer_generation_options": {"n_conformer_pool": 4000, "n_max_conformers": 0, "rms_tolerance": 0.05, "energy_window": 15, "keep_original_conformer": true}, "stage_1_unrestrained_charges": null, "stage_1_restrained_charges": null, "stage_2_unrestrained_charges": null, "stage_2_restrained_charges": null, "keep_original_orientation": false, "reorientations": [], "translations": [], "rotations": []}}], "charge": -0.01833048363311984}, {"atoms": [{"index": 9, "molecule": {"qcmol": {"schema_name": "qcschema_molecule", "schema_version": 2, "validated": true, "symbols": ["C", "C", "C", "C", "H", "H", "H", "H", "H", "H", "H", "H", "H", "H"], "geometry": [[0.0, 0.0, -0.0], [2.871629658641141, -1.4400277659089171e-15, -6.598648080925849e-16], [4.006347982719825, 2.642926970111332, -2.220446049250313e-16], [6.877943514419416, 2.642936126374006, -0.00934850852870639], [-0.7669662372344905, -1.9251727735765773, -0.0012138961829858963], [-0.749636564387299, 0.9739715241225992, 1.6724184044430435], [-0.7497563602566664, 0.9760654323297795, -1.671137376031085], [3.5715416550610852, -1.0411235631946103, 1.6594871141032317], [3.57193392597517, -1.041258178742709, -1.6592344875792104], [3.3118060129770677, 3.6818445299567584, 1.663084343676716], [3.3010283370035705, 3.68630709535586, -1.6557684043081649], [7.632951997626205, 1.6636224424347257, 1.657560628114177], [7.62203902997056, 1.6720344501657876, -1.6860240154741635], [7.645066344011902, 4.568051123010905, -0.006871949506813468]], "name": "C4H10", "identifiers": {"molecule_hash": "193b4c249f850f5a6539517c5243c86da74a72b9", "molecular_formula": "C4H10"}, "molecular_charge": 0.0, "molecular_multiplicity": 1, "connectivity": [[0, 1, 1.0], [0, 4, 1.0], [0, 5, 1.0], [0, 6, 1.0], [1, 2, 1.0], [1, 7, 1.0], [1, 8, 1.0], [2, 3, 1.0], [2, 9, 1.0], [2, 10, 1.0], [3, 11, 1.0], [3, 12, 1.0], [3, 13, 1.0]], "fix_com": true, "fix_orientation": true, "provenance": {"creator": "QCElemental", "version": "v0.22.0", "routine": "qcelemental.molparse.from_schema"}, "id": "12248"}, "charge": 0, "optimize_geometry": false, "conformers": [], "conformer_generation_options": {"n_conformer_pool": 4000, "n_max_conformers": 0, "rms_tolerance": 0.05, "energy_window": 15, "keep_original_conformer": true}, "stage_1_unrestrained_charges": null, "stage_1_restrained_charges": null, "stage_2_unrestrained_charges": null, "stage_2_restrained_charges": null, "keep_original_orientation": false, "reorientations": [], "translations": [], "rotations": []}}], "charge": -0.017916238480129517}, {"atoms": [{"index": 10, "molecule": {"qcmol": {"schema_name": "qcschema_molecule", "schema_version": 2, "validated": true, "symbols": ["C", "C", "C", "C", "H", "H", "H", "H", "H", "H", "H", "H", "H", "H"], "geometry": [[0.0, 0.0, -0.0], [2.871629658641141, -1.4400277659089171e-15, -6.598648080925849e-16], [4.006347982719825, 2.642926970111332, -2.220446049250313e-16], [6.877943514419416, 2.642936126374006, -0.00934850852870639], [-0.7669662372344905, -1.9251727735765773, -0.0012138961829858963], [-0.749636564387299, 0.9739715241225992, 1.6724184044430435], [-0.7497563602566664, 0.9760654323297795, -1.671137376031085], [3.5715416550610852, -1.0411235631946103, 1.6594871141032317], [3.57193392597517, -1.041258178742709, -1.6592344875792104], [3.3118060129770677, 3.6818445299567584, 1.663084343676716], [3.3010283370035705, 3.68630709535586, -1.6557684043081649], [7.632951997626205, 1.6636224424347257, 1.657560628114177], [7.62203902997056, 1.6720344501657876, -1.6860240154741635], [7.645066344011902, 4.568051123010905, -0.006871949506813468]], "name": "C4H10", "identifiers": {"molecule_hash": "193b4c249f850f5a6539517c5243c86da74a72b9", "molecular_formula": "C4H10"}, "molecular_charge": 0.0, "molecular_multiplicity": 1, "connectivity": [[0, 1, 1.0], [0, 4, 1.0], [0, 5, 1.0], [0, 6, 1.0], [1, 2, 1.0], [1, 7, 1.0], [1, 8, 1.0], [2, 3, 1.0], [2, 9, 1.0], [2, 10, 1.0], [3, 11, 1.0], [3, 12, 1.0], [3, 13, 1.0]], "fix_com": true, "fix_orientation": true, "provenance": {"creator": "QCElemental", "version": "v0.22.0", "routine": "qcelemental.molparse.from_schema"}, "id": "12248"}, "charge": 0, "optimize_geometry": false, "conformers": [], "conformer_generation_options": {"n_conformer_pool": 4000, "n_max_conformers": 0, "rms_tolerance": 0.05, "energy_window": 15, "keep_original_conformer": true}, "stage_1_unrestrained_charges": null, "stage_1_restrained_charges": null, "stage_2_unrestrained_charges": null, "stage_2_restrained_charges": null, "keep_original_orientation": false, "reorientations": [], "translations": [], "rotations": []}}], "charge": -0.017910419502514343}, {"atoms": [{"index": 11, "molecule": {"qcmol": {"schema_name": "qcschema_molecule", "schema_version": 2, "validated": true, "symbols": ["C", "C", "C", "C", "H", "H", "H", "H", "H", "H", "H", "H", "H", "H"], "geometry": [[0.0, 0.0, -0.0], [2.871629658641141, -1.4400277659089171e-15, -6.598648080925849e-16], [4.006347982719825, 2.642926970111332, -2.220446049250313e-16], [6.877943514419416, 2.642936126374006, -0.00934850852870639], [-0.7669662372344905, -1.9251727735765773, -0.0012138961829858963], [-0.749636564387299, 0.9739715241225992, 1.6724184044430435], [-0.7497563602566664, 0.9760654323297795, -1.671137376031085], [3.5715416550610852, -1.0411235631946103, 1.6594871141032317], [3.57193392597517, -1.041258178742709, -1.6592344875792104], [3.3118060129770677, 3.6818445299567584, 1.663084343676716], [3.3010283370035705, 3.68630709535586, -1.6557684043081649], [7.632951997626205, 1.6636224424347257, 1.657560628114177], [7.62203902997056, 1.6720344501657876, -1.6860240154741635], [7.645066344011902, 4.568051123010905, -0.006871949506813468]], "name": "C4H10", "identifiers": {"molecule_hash": "193b4c249f850f5a6539517c5243c86da74a72b9", "molecular_formula": "C4H10"}, "molecular_charge": 0.0, "molecular_multiplicity": 1, "connectivity": [[0, 1, 1.0], [0, 4, 1.0], [0, 5, 1.0], [0, 6, 1.0], [1, 2, 1.0], [1, 7, 1.0], [1, 8, 1.0], [2, 3, 1.0], [2, 9, 1.0], [2, 10, 1.0], [3, 11, 1.0], [3, 12, 1.0], [3, 13, 1.0]], "fix_com": true, "fix_orientation": true, "provenance": {"creator": "QCElemental", "version": "v0.22.0", "routine": "qcelemental.molparse.from_schema"}, "id": "12248"}, "charge": 0, "optimize_geometry": false, "conformers": [], "conformer_generation_options": {"n_conformer_pool": 4000, "n_max_conformers": 0, "rms_tolerance": 0.05, "energy_window": 15, "keep_original_conformer": true}, "stage_1_unrestrained_charges": null, "stage_1_restrained_charges": null, "stage_2_unrestrained_charges": null, "stage_2_restrained_charges": null, "keep_original_orientation": false, "reorientations": [], "translations": [], "rotations": []}}], "charge": 0.03895014464019701}, {"atoms": [{"index": 12, "molecule": {"qcmol": {"schema_name": "qcschema_molecule", "schema_version": 2, "validated": true, "symbols": ["C", "C", "C", "C", "H", "H", "H", "H", "H", "H", "H", "H", "H", "H"], "geometry": [[0.0, 0.0, -0.0], [2.871629658641141, -1.4400277659089171e-15, -6.598648080925849e-16], [4.006347982719825, 2.642926970111332, -2.220446049250313e-16], [6.877943514419416, 2.642936126374006, -0.00934850852870639], [-0.7669662372344905, -1.9251727735765773, -0.0012138961829858963], [-0.749636564387299, 0.9739715241225992, 1.6724184044430435], [-0.7497563602566664, 0.9760654323297795, -1.671137376031085], [3.5715416550610852, -1.0411235631946103, 1.6594871141032317], [3.57193392597517, -1.041258178742709, -1.6592344875792104], [3.3118060129770677, 3.6818445299567584, 1.663084343676716], [3.3010283370035705, 3.68630709535586, -1.6557684043081649], [7.632951997626205, 1.6636224424347257, 1.657560628114177], [7.62203902997056, 1.6720344501657876, -1.6860240154741635], [7.645066344011902, 4.568051123010905, -0.006871949506813468]], "name": "C4H10", "identifiers": {"molecule_hash": "193b4c249f850f5a6539517c5243c86da74a72b9", "molecular_formula": "C4H10"}, "molecular_charge": 0.0, "molecular_multiplicity": 1, "connectivity": [[0, 1, 1.0], [0, 4, 1.0], [0, 5, 1.0], [0, 6, 1.0], [1, 2, 1.0], [1, 7, 1.0], [1, 8, 1.0], [2, 3, 1.0], [2, 9, 1.0], [2, 10, 1.0], [3, 11, 1.0], [3, 12, 1.0], [3, 13, 1.0]], "fix_com": true, "fix_orientation": true, "provenance": {"creator": "QCElemental", "version": "v0.22.0", "routine": "qcelemental.molparse.from_schema"}, "id": "12248"}, "charge": 0, "optimize_geometry": false, "conformers": [], "conformer_generation_options": {"n_conformer_pool": 4000, "n_max_conformers": 0, "rms_tolerance": 0.05, "energy_window": 15, "keep_original_conformer": true}, "stage_1_unrestrained_charges": null, "stage_1_restrained_charges": null, "stage_2_unrestrained_charges": null, "stage_2_restrained_charges": null, "keep_original_orientation": false, "reorientations": [], "translations": [], "rotations": []}}], "charge": 0.039422956084833524}, {"atoms": [{"index": 13, "molecule": {"qcmol": {"schema_name": "qcschema_molecule", "schema_version": 2, "validated": true, "symbols": ["C", "C", "C", "C", "H", "H", "H", "H", "H", "H", "H", "H", "H", "H"], "geometry": [[0.0, 0.0, -0.0], [2.871629658641141, -1.4400277659089171e-15, -6.598648080925849e-16], [4.006347982719825, 2.642926970111332, -2.220446049250313e-16], [6.877943514419416, 2.642936126374006, -0.00934850852870639], [-0.7669662372344905, -1.9251727735765773, -0.0012138961829858963], [-0.749636564387299, 0.9739715241225992, 1.6724184044430435], [-0.7497563602566664, 0.9760654323297795, -1.671137376031085], [3.5715416550610852, -1.0411235631946103, 1.6594871141032317], [3.57193392597517, -1.041258178742709, -1.6592344875792104], [3.3118060129770677, 3.6818445299567584, 1.663084343676716], [3.3010283370035705, 3.68630709535586, -1.6557684043081649], [7.632951997626205, 1.6636224424347257, 1.657560628114177], [7.62203902997056, 1.6720344501657876, -1.6860240154741635], [7.645066344011902, 4.568051123010905, -0.006871949506813468]], "name": "C4H10", "identifiers": {"molecule_hash": "193b4c249f850f5a6539517c5243c86da74a72b9", "molecular_formula": "C4H10"}, "molecular_charge": 0.0, "molecular_multiplicity": 1, "connectivity": [[0, 1, 1.0], [0, 4, 1.0], [0, 5, 1.0], [0, 6, 1.0], [1, 2, 1.0], [1, 7, 1.0], [1, 8, 1.0], [2, 3, 1.0], [2, 9, 1.0], [2, 10, 1.0], [3, 11, 1.0], [3, 12, 1.0], [3, 13, 1.0]], "fix_com": true, "fix_orientation": true, "provenance": {"creator": "QCElemental", "version": "v0.22.0", "routine": "qcelemental.molparse.from_schema"}, "id": "12248"}, "charge": 0, "optimize_geometry": false, "conformers": [], "conformer_generation_options": {"n_conformer_pool": 4000, "n_max_conformers": 0, "rms_tolerance": 0.05, "energy_window": 15, "keep_original_conformer": true}, "stage_1_unrestrained_charges": null, "stage_1_restrained_charges": null, "stage_2_unrestrained_charges": null, "stage_2_restrained_charges": null, "keep_original_orientation": false, "reorientations": [], "translations": [], "rotations": []}}], "charge": 0.039749103837512303}], "charge_equivalence_constraints": [], "molecules": [{"qcmol": {"schema_name": "qcschema_molecule", "schema_version": 2, "validated": true, "symbols": ["C", "C", "C", "C", "H", "H", "H", "H", "H", "H", "H", "H", "H", "H"], "geometry": [[0.0, 0.0, -0.0], [2.871629658641141, -1.4400277659089171e-15, -6.598648080925849e-16], [4.006347982719825, 2.642926970111332, -2.220446049250313e-16], [6.877943514419416, 2.642936126374006, -0.00934850852870639], [-0.7669662372344905, -1.9251727735765773, -0.0012138961829858963], [-0.749636564387299, 0.9739715241225992, 1.6724184044430435], [-0.7497563602566664, 0.9760654323297795, -1.671137376031085], [3.5715416550610852, -1.0411235631946103, 1.6594871141032317], [3.57193392597517, -1.041258178742709, -1.6592344875792104], [3.3118060129770677, 3.6818445299567584, 1.663084343676716], [3.3010283370035705, 3.68630709535586, -1.6557684043081649], [7.632951997626205, 1.6636224424347257, 1.657560628114177], [7.62203902997056, 1.6720344501657876, -1.6860240154741635], [7.645066344011902, 4.568051123010905, -0.006871949506813468]], "name": "C4H10", "identifiers": {"molecule_hash": "193b4c249f850f5a6539517c5243c86da74a72b9", "molecular_formula": "C4H10"}, "molecular_charge": 0.0, "molecular_multiplicity": 1, "connectivity": [[0, 1, 1.0], [0, 4, 1.0], [0, 5, 1.0], [0, 6, 1.0], [1, 2, 1.0], [1, 7, 1.0], [1, 8, 1.0], [2, 3, 1.0], [2, 9, 1.0], [2, 10, 1.0], [3, 11, 1.0], [3, 12, 1.0], [3, 13, 1.0]], "fix_com": true, "fix_orientation": true, "provenance": {"creator": "QCElemental", "version": "v0.22.0", "routine": "qcelemental.molparse.from_schema"}, "id": "12248"}, "charge": 0, "optimize_geometry": false, "conformers": [], "conformer_generation_options": {"n_conformer_pool": 4000, "n_max_conformers": 0, "rms_tolerance": 0.05, "energy_window": 15, "keep_original_conformer": true}, "stage_1_unrestrained_charges": null, "stage_1_restrained_charges": null, "stage_2_unrestrained_charges": null, "stage_2_restrained_charges": null, "keep_original_orientation": false, "reorientations": [], "translations": [], "rotations": []}], "unconstrained_atoms": []}, "surface_constraints": {"matrix": [[897.4022662901875, 866.0477434091196, 827.0321756266037, 795.8516369515565, 902.3109334728186, 900.5913562421155, 900.9321432121071, 862.2829191461676, 862.0009676305385, 818.4668166002011, 818.7189895897725, 779.747420847471, 800.2820062763849, 775.2420804413117], [866.0477434091196, 888.6329251665217, 861.8794984803478, 826.6946993230634, 856.9639592979966, 856.0507255607198, 855.4440488724927, 900.6688659065705, 900.332342766201, 858.7747324743526, 859.0035015323963, 812.3574034717753, 817.8032431613119, 813.6972393432706], [827.0321756266037, 861.8794984803478, 887.5128004840117, 864.4761507587258, 822.0251069029479, 804.6555479456363, 818.3108501477014, 859.23507916801, 858.9756967586613, 899.0498276039359, 899.4063344269671, 854.6771252347392, 853.6029420048161, 855.3881054839312], [795.8516369515565, 826.6946993230634, 864.4761507587258, 895.4909772607963, 782.5475793307787, 772.3572904358789, 800.4799354821619, 818.5553469692686, 818.4270150695693, 860.1431410088824, 860.4976606672863, 899.3309242117905, 898.602832603394, 900.16787335091], [902.3109334728186, 856.9639592979966, 822.0251069029479, 782.5475793307787, 949.2471192678239, 890.3671816728977, 891.4595974401542, 845.9909518948759, 845.6501481299471, 818.278899743131, 818.535755153105, 766.6432548786569, 792.6358231411579, 750.0424176063353], [900.5913562421155, 856.0507255607198, 804.6555479456363, 772.3572904358789, 890.3671816728977, 943.8898088271014, 890.2128759625629, 859.835193209154, 845.1326044915891, 795.5423734303569, 790.2047538853483, 759.5299213370492, 770.3537841808447, 754.5915266672293], [900.9321432121071, 855.4440488724927, 818.3108501477014, 800.4799354821619, 891.4595974401542, 890.2128759625629, 945.3379191207898, 838.4390926757465, 852.6907627471028, 802.0273054268976, 807.8811361109944, 780.0505605651662, 816.135476787714, 783.3930696579944], [862.2829191461676, 900.6688659065705, 859.23507916801, 818.5553469692686, 845.9909518948759, 859.835193209154, 838.4390926757465, 952.885633452337, 897.1343516041255, 862.4584719002264, 842.9833886398001, 812.4806358532293, 800.2966986400268, 803.1653488910262], [862.0009676305385, 900.332342766201, 858.9756967586613, 818.4270150695693, 845.6501481299471, 845.1326044915891, 852.6907627471028, 897.1343516041255, 952.1023003274, 842.5219450874756, 862.3291290811802, 794.6421783629327, 809.2143969120409, 811.7822789802058], [818.4668166002011, 858.7747324743526, 899.0498276039359, 860.1431410088824, 818.278899743131, 795.5423734303569, 802.0273054268976, 862.4584719002264, 842.5219450874756, 950.5015252277541, 896.0281757793141, 850.5421508177004, 843.1908519449854, 844.0642640482602], [818.7189895897725, 859.0035015323963, 899.4063344269671, 860.4976606672863, 818.535755153105, 790.2047538853483, 807.8811361109944, 842.9833886398001, 862.3291290811802, 896.0281757793141, 951.302171474744, 844.059631280557, 843.82636103982, 850.9430586364133], [779.747420847471, 812.3574034717753, 854.6771252347392, 899.3309242117905, 766.6432548786569, 759.5299213370492, 780.0505605651662, 812.4806358532293, 794.6421783629327, 850.5421508177004, 844.059631280557, 943.8096019945458, 888.6566647455395, 888.9704374063092], [800.2820062763849, 817.8032431613119, 853.6029420048161, 898.602832603394, 792.6358231411579, 770.3537841808447, 816.135476787714, 800.2966986400268, 809.2143969120409, 843.1908519449854, 843.82636103982, 888.6566647455395, 942.3270601135375, 889.0011562915474], [775.2420804413117, 813.6972393432706, 855.3881054839312, 900.16787335091, 750.0424176063353, 754.5915266672293, 783.3930696579944, 803.1653488910262, 811.7822789802058, 844.0642640482602, 850.9430586364133, 888.9704374063092, 889.0011562915474, 946.0169894215355], [1.1409549655704165, 1.5517967532217614, 1.5384695817482408, 1.1217075406775836, 1.2134726851261801, 1.0030416448793291, 1.052891129436018, 1.6659211144359838, 1.6645760691761233, 1.6432563300544396, 1.6448092552697047, 1.0500226193422049, 1.0408359513007246, 1.1152000172103176]]}}