{"resp_b": 0.1, "restrained_fit": true, "exclude_hydrogens": true, "convergence_tolerance": 1e-06, "max_iter": 500, "resp_a": 0.001, "charge_constraints": {"charge_sum_constraints": [{"atoms": [{"index": 0, "molecule": {"qcmol": {"schema_name": "qcschema_molecule", "schema_version": 2, "validated": true, "symbols": ["C", "C", "C", "C", "H", "H", "H", "H", "H", "H", "H", "H", "H", "H"], "geometry": [[0.0, 0.0, -0.0], [2.871629658641141, -1.4400277659089171e-15, -6.598648080925849e-16], [4.006347982719825, 2.642926970111332, -2.220446049250313e-16], [6.877943514419416, 2.642936126374006, -0.00934850852870639], [-0.7669662372344905, -1.9251727735765773, -0.0012138961829858963], [-0.749636564387299, 0.9739715241225992, 1.6724184044430435], [-0.7497563602566664, 0.9760654323297795, -1.671137376031085], [3.5715416550610852, -1.0411235631946103, 1.6594871141032317], [3.57193392597517, -1.041258178742709, -1.6592344875792104], [3.3118060129770677, 3.6818445299567584, 1.663084343676716], [3.3010283370035705, 3.68630709535586, -1.6557684043081649], [7.632951997626205, 1.6636224424347257, 1.657560628114177], [7.62203902997056, 1.6720344501657876, -1.6860240154741635], [7.645066344011902, 4.568051123010905, -0.006871949506813468]], "name": "C4H10", "identifiers": {"molecule_hash": "193b4c249f850f5a6539517c5243c86da74a72b9", "molecular_formula": "C4H10"}, "molecular_charge": 0.0, "molecular_multiplicity": 1, "connectivity": [[0, 1, 1.0], [0, 4, 1.0], [0, 5, 1.0], [0, 6, 1.0], [1, 2, 1.0], [1, 7, 1.0], [1, 8, 1.0], [2, 3, 1.0], [2, 9, 1.0], [2, 10, 1.0], [3, 11, 1.0], [3, 12, 1.0], [3, 13, 1.0]], "fix_com": true, "fix_orientation": true, "provenance": {"creator": "QCElemental", "version": "v0.22.0", "routine": "qcelemental.molparse.from_schema"}, "id": "12248"}, "charge": 0, "optimize_geometry": false, "conformers": [], "conformer_generation_options": {"n_conformer_pool": 4000, "n_max_conformers": 0, "rms_tolerance": 0.05, "energy_window": 15, "keep_original_conformer": true}, "stage_1_unrestrained_charges": null, "stage_1_restrained_charges": null, "stage_2_unrestrained_charges": null, "stage_2_restrained_charges": null, "keep_original_orientation": false, "reorientations": [], "translations": [], "rotations": []}}], "charge": -0.171719200728324}, {"atoms": [{"index": 1, "molecule": {"qcmol": {"schema_name": "qcschema_molecule", "schema_version": 2, "validated": true, "symbols": ["C", "C", "C", "C", "H", "H", "H", "H", "H", "H", "H", "H", "H", "H"], "geometry": [[0.0, 0.0, -0.0], [2.871629658641141, -1.4400277659089171e-15, -6.598648080925849e-16], [4.006347982719825, 2.642926970111332, -2.220446049250313e-16], [6.877943514419416, 2.642936126374006, -0.00934850852870639], [-0.7669662372344905, -1.9251727735765773, -0.0012138961829858963], [-0.749636564387299, 0.9739715241225992, 1.6724184044430435], [-0.7497563602566664, 0.9760654323297795, -1.671137376031085], [3.5715416550610852, -1.0411235631946103, 1.6594871141032317], [3.57193392597517, -1.041258178742709, -1.6592344875792104], [3.3118060129770677, 3.6818445299567584, 1.663084343676716], [3.3010283370035705, 3.68630709535586, -1.6557684043081649], [7.632951997626205, 1.6636224424347257, 1.657560628114177], [7.62203902997056, 1.6720344501657876, -1.6860240154741635], [7.645066344011902, 4.568051123010905, -0.006871949506813468]], "name": "C4H10", "identifiers": {"molecule_hash": "193b4c249f850f5a6539517c5243c86da74a72b9", "molecular_formula": "C4H10"}, "molecular_charge": 0.0, "molecular_multiplicity": 1, "connectivity": [[0, 1, 1.0], [0, 4, 1.0], [0, 5, 1.0], [0, 6, 1.0], [1, 2, 1.0], [1, 7, 1.0], [1, 8, 1.0], [2, 3, 1.0], [2, 9, 1.0], [2, 10, 1.0], [3, 11, 1.0], [3, 12, 1.0], [3, 13, 1.0]], "fix_com": true, "fix_orientation": true, "provenance": {"creator": "QCElemental", "version": "v0.22.0", "routine": "qcelemental.molparse.from_schema"}, "id": "12248"}, "charge": 0, "optimize_geometry": false, "conformers": [], "conformer_generation_options": {"n_conformer_pool": 4000, "n_max_conformers": 0, "rms_tolerance": 0.05, "energy_window": 15, "keep_original_conformer": true}, "stage_1_unrestrained_charges": null, "stage_1_restrained_charges": null, "stage_2_unrestrained_charges": null, "stage_2_restrained_charges": null, "keep_original_orientation": false, "reorientations": [], "translations": [], "rotations": []}}], "charge": 0.08892164986778668}, {"atoms": [{"index": 2, "molecule": {"qcmol": {"schema_name": "qcschema_molecule", "schema_version": 2, "validated": true, "symbols": ["C", "C", "C", "C", "H", "H", "H", "H", "H", "H", "H", "H", "H", "H"], "geometry": [[0.0, 0.0, -0.0], [2.871629658641141, -1.4400277659089171e-15, -6.598648080925849e-16], [4.006347982719825, 2.642926970111332, -2.220446049250313e-16], [6.877943514419416, 2.642936126374006, -0.00934850852870639], [-0.7669662372344905, -1.9251727735765773, -0.0012138961829858963], [-0.749636564387299, 0.9739715241225992, 1.6724184044430435], [-0.7497563602566664, 0.9760654323297795, -1.671137376031085], [3.5715416550610852, -1.0411235631946103, 1.6594871141032317], [3.57193392597517, -1.041258178742709, -1.6592344875792104], [3.3118060129770677, 3.6818445299567584, 1.663084343676716], [3.3010283370035705, 3.68630709535586, -1.6557684043081649], [7.632951997626205, 1.6636224424347257, 1.657560628114177], [7.62203902997056, 1.6720344501657876, -1.6860240154741635], [7.645066344011902, 4.568051123010905, -0.006871949506813468]], "name": "C4H10", "identifiers": {"molecule_hash": "193b4c249f850f5a6539517c5243c86da74a72b9", "molecular_formula": "C4H10"}, "molecular_charge": 0.0, "molecular_multiplicity": 1, "connectivity": [[0, 1, 1.0], [0, 4, 1.0], [0, 5, 1.0], [0, 6, 1.0], [1, 2, 1.0], [1, 7, 1.0], [1, 8, 1.0], [2, 3, 1.0], [2, 9, 1.0], [2, 10, 1.0], [3, 11, 1.0], [3, 12, 1.0], [3, 13, 1.0]], "fix_com": true, "fix_orientation": true, "provenance": {"creator": "QCElemental", "version": "v0.22.0", "routine": "qcelemental.molparse.from_schema"}, "id": "12248"}, "charge": 0, "optimize_geometry": false, "conformers": [], "conformer_generation_options": {"n_conformer_pool": 4000, "n_max_conformers": 0, "rms_tolerance": 0.05, "energy_window": 15, "keep_original_conformer": true}, "stage_1_unrestrained_charges": null, "stage_1_restrained_charges": null, "stage_2_unrestrained_charges": null, "stage_2_restrained_charges": null, "keep_original_orientation": false, "reorientations": [], "translations": [], "rotations": []}}], "charge": 0.08588790674792517}, {"atoms": [{"index": 3, "molecule": {"qcmol": {"schema_name": "qcschema_molecule", "schema_version": 2, "validated": true, "symbols": ["C", "C", "C", "C", "H", "H", "H", "H", "H", "H", "H", "H", "H", "H"], "geometry": [[0.0, 0.0, -0.0], [2.871629658641141, -1.4400277659089171e-15, -6.598648080925849e-16], [4.006347982719825, 2.642926970111332, -2.220446049250313e-16], [6.877943514419416, 2.642936126374006, -0.00934850852870639], [-0.7669662372344905, -1.9251727735765773, -0.0012138961829858963], [-0.749636564387299, 0.9739715241225992, 1.6724184044430435], [-0.7497563602566664, 0.9760654323297795, -1.671137376031085], [3.5715416550610852, -1.0411235631946103, 1.6594871141032317], [3.57193392597517, -1.041258178742709, -1.6592344875792104], [3.3118060129770677, 3.6818445299567584, 1.663084343676716], [3.3010283370035705, 3.68630709535586, -1.6557684043081649], [7.632951997626205, 1.6636224424347257, 1.657560628114177], [7.62203902997056, 1.6720344501657876, -1.6860240154741635], [7.645066344011902, 4.568051123010905, -0.006871949506813468]], "name": "C4H10", "identifiers": {"molecule_hash": "193b4c249f850f5a6539517c5243c86da74a72b9", "molecular_formula": "C4H10"}, "molecular_charge": 0.0, "molecular_multiplicity": 1, "connectivity": [[0, 1, 1.0], [0, 4, 1.0], [0, 5, 1.0], [0, 6, 1.0], [1, 2, 1.0], [1, 7, 1.0], [1, 8, 1.0], [2, 3, 1.0], [2, 9, 1.0], [2, 10, 1.0], [3, 11, 1.0], [3, 12, 1.0], [3, 13, 1.0]], "fix_com": true, "fix_orientation": true, "provenance": {"creator": "QCElemental", "version": "v0.22.0", "routine": "qcelemental.molparse.from_schema"}, "id": "12248"}, "charge": 0, "optimize_geometry": false, "conformers": [], "conformer_generation_options": {"n_conformer_pool": 4000, "n_max_conformers": 0, "rms_tolerance": 0.05, "energy_window": 15, "keep_original_conformer": true}, "stage_1_unrestrained_charges": null, "stage_1_restrained_charges": null, "stage_2_unrestrained_charges": null, "stage_2_restrained_charges": null, "keep_original_orientation": false, "reorientations": [], "translations": [], "rotations": []}}], "charge": -0.16810722027163646}, {"atoms": [{"index": 4, "molecule": {"qcmol": {"schema_name": "qcschema_molecule", "schema_version": 2, "validated": true, "symbols": ["C", "C", "C", "C", "H", "H", "H", "H", "H", "H", "H", "H", "H", "H"], "geometry": [[0.0, 0.0, -0.0], [2.871629658641141, -1.4400277659089171e-15, -6.598648080925849e-16], [4.006347982719825, 2.642926970111332, -2.220446049250313e-16], [6.877943514419416, 2.642936126374006, -0.00934850852870639], [-0.7669662372344905, -1.9251727735765773, -0.0012138961829858963], [-0.749636564387299, 0.9739715241225992, 1.6724184044430435], [-0.7497563602566664, 0.9760654323297795, -1.671137376031085], [3.5715416550610852, -1.0411235631946103, 1.6594871141032317], [3.57193392597517, -1.041258178742709, -1.6592344875792104], [3.3118060129770677, 3.6818445299567584, 1.663084343676716], [3.3010283370035705, 3.68630709535586, -1.6557684043081649], [7.632951997626205, 1.6636224424347257, 1.657560628114177], [7.62203902997056, 1.6720344501657876, -1.6860240154741635], [7.645066344011902, 4.568051123010905, -0.006871949506813468]], "name": "C4H10", "identifiers": {"molecule_hash": "193b4c249f850f5a6539517c5243c86da74a72b9", "molecular_formula": "C4H10"}, "molecular_charge": 0.0, "molecular_multiplicity": 1, "connectivity": [[0, 1, 1.0], [0, 4, 1.0], [0, 5, 1.0], [0, 6, 1.0], [1, 2, 1.0], [1, 7, 1.0], [1, 8, 1.0], [2, 3, 1.0], [2, 9, 1.0], [2, 10, 1.0], [3, 11, 1.0], [3, 12, 1.0], [3, 13, 1.0]], "fix_com": true, "fix_orientation": true, "provenance": {"creator": "QCElemental", "version": "v0.22.0", "routine": "qcelemental.molparse.from_schema"}, "id": "12248"}, "charge": 0, "optimize_geometry": false, "conformers": [], "conformer_generation_options": {"n_conformer_pool": 4000, "n_max_conformers": 0, "rms_tolerance": 0.05, "energy_window": 15, "keep_original_conformer": true}, "stage_1_unrestrained_charges": null, "stage_1_restrained_charges": null, "stage_2_unrestrained_charges": null, "stage_2_restrained_charges": null, "keep_original_orientation": false, "reorientations": [], "translations": [], "rotations": []}}], "charge": 0.04087619192434904}, {"atoms": [{"index": 5, "molecule": {"qcmol": {"schema_name": "qcschema_molecule", "schema_version": 2, "validated": true, "symbols": ["C", "C", "C", "C", "H", "H", "H", "H", "H", "H", "H", "H", "H", "H"], "geometry": [[0.0, 0.0, -0.0], [2.871629658641141, -1.4400277659089171e-15, -6.598648080925849e-16], [4.006347982719825, 2.642926970111332, -2.220446049250313e-16], [6.877943514419416, 2.642936126374006, -0.00934850852870639], [-0.7669662372344905, -1.9251727735765773, -0.0012138961829858963], [-0.749636564387299, 0.9739715241225992, 1.6724184044430435], [-0.7497563602566664, 0.9760654323297795, -1.671137376031085], [3.5715416550610852, -1.0411235631946103, 1.6594871141032317], [3.57193392597517, -1.041258178742709, -1.6592344875792104], [3.3118060129770677, 3.6818445299567584, 1.663084343676716], [3.3010283370035705, 3.68630709535586, -1.6557684043081649], [7.632951997626205, 1.6636224424347257, 1.657560628114177], [7.62203902997056, 1.6720344501657876, -1.6860240154741635], [7.645066344011902, 4.568051123010905, -0.006871949506813468]], "name": "C4H10", "identifiers": {"molecule_hash": "193b4c249f850f5a6539517c5243c86da74a72b9", "molecular_formula": "C4H10"}, "molecular_charge": 0.0, "molecular_multiplicity": 1, "connectivity": [[0, 1, 1.0], [0, 4, 1.0], [0, 5, 1.0], [0, 6, 1.0], [1, 2, 1.0], [1, 7, 1.0], [1, 8, 1.0], [2, 3, 1.0], [2, 9, 1.0], [2, 10, 1.0], [3, 11, 1.0], [3, 12, 1.0], [3, 13, 1.0]], "fix_com": true, "fix_orientation": true, "provenance": {"creator": "QCElemental", "version": "v0.22.0", "routine": "qcelemental.molparse.from_schema"}, "id": "12248"}, "charge": 0, "optimize_geometry": false, "conformers": [], "conformer_generation_options": {"n_conformer_pool": 4000, "n_max_conformers": 0, "rms_tolerance": 0.05, "energy_window": 15, "keep_original_conformer": true}, "stage_1_unrestrained_charges": null, "stage_1_restrained_charges": null, "stage_2_unrestrained_charges": null, "stage_2_restrained_charges": null, "keep_original_orientation": false, "reorientations": [], "translations": [], "rotations": []}}], "charge": 0.03940627977489459}, {"atoms": [{"index": 6, "molecule": {"qcmol": {"schema_name": "qcschema_molecule", "schema_version": 2, "validated": true, "symbols": ["C", "C", "C", "C", "H", "H", "H", "H", "H", "H", "H", "H", "H", "H"], "geometry": [[0.0, 0.0, -0.0], [2.871629658641141, -1.4400277659089171e-15, -6.598648080925849e-16], [4.006347982719825, 2.642926970111332, -2.220446049250313e-16], [6.877943514419416, 2.642936126374006, -0.00934850852870639], [-0.7669662372344905, -1.9251727735765773, -0.0012138961829858963], [-0.749636564387299, 0.9739715241225992, 1.6724184044430435], [-0.7497563602566664, 0.9760654323297795, -1.671137376031085], [3.5715416550610852, -1.0411235631946103, 1.6594871141032317], [3.57193392597517, -1.041258178742709, -1.6592344875792104], [3.3118060129770677, 3.6818445299567584, 1.663084343676716], [3.3010283370035705, 3.68630709535586, -1.6557684043081649], [7.632951997626205, 1.6636224424347257, 1.657560628114177], [7.62203902997056, 1.6720344501657876, -1.6860240154741635], [7.645066344011902, 4.568051123010905, -0.006871949506813468]], "name": "C4H10", "identifiers": {"molecule_hash": "193b4c249f850f5a6539517c5243c86da74a72b9", "molecular_formula": "C4H10"}, "molecular_charge": 0.0, "molecular_multiplicity": 1, "connectivity": [[0, 1, 1.0], [0, 4, 1.0], [0, 5, 1.0], [0, 6, 1.0], [1, 2, 1.0], [1, 7, 1.0], [1, 8, 1.0], [2, 3, 1.0], [2, 9, 1.0], [2, 10, 1.0], [3, 11, 1.0], [3, 12, 1.0], [3, 13, 1.0]], "fix_com": true, "fix_orientation": true, "provenance": {"creator": "QCElemental", "version": "v0.22.0", "routine": "qcelemental.molparse.from_schema"}, "id": "12248"}, "charge": 0, "optimize_geometry": false, "conformers": [], "conformer_generation_options": {"n_conformer_pool": 4000, "n_max_conformers": 0, "rms_tolerance": 0.05, "energy_window": 15, "keep_original_conformer": true}, "stage_1_unrestrained_charges": null, "stage_1_restrained_charges": null, "stage_2_unrestrained_charges": null, "stage_2_restrained_charges": null, "keep_original_orientation": false, "reorientations": [], "translations": [], "rotations": []}}], "charge": 0.040414368942802106}, {"atoms": [{"index": 7, "molecule": {"qcmol": {"schema_name": "qcschema_molecule", "schema_version": 2, "validated": true, "symbols": ["C", "C", "C", "C", "H", "H", "H", "H", "H", "H", "H", "H", "H", "H"], "geometry": [[0.0, 0.0, -0.0], [2.871629658641141, -1.4400277659089171e-15, -6.598648080925849e-16], [4.006347982719825, 2.642926970111332, -2.220446049250313e-16], [6.877943514419416, 2.642936126374006, -0.00934850852870639], [-0.7669662372344905, -1.9251727735765773, -0.0012138961829858963], [-0.749636564387299, 0.9739715241225992, 1.6724184044430435], [-0.7497563602566664, 0.9760654323297795, -1.671137376031085], [3.5715416550610852, -1.0411235631946103, 1.6594871141032317], [3.57193392597517, -1.041258178742709, -1.6592344875792104], [3.3118060129770677, 3.6818445299567584, 1.663084343676716], [3.3010283370035705, 3.68630709535586, -1.6557684043081649], [7.632951997626205, 1.6636224424347257, 1.657560628114177], [7.62203902997056, 1.6720344501657876, -1.6860240154741635], [7.645066344011902, 4.568051123010905, -0.006871949506813468]], "name": "C4H10", "identifiers": {"molecule_hash": "193b4c249f850f5a6539517c5243c86da74a72b9", "molecular_formula": "C4H10"}, "molecular_charge": 0.0, "molecular_multiplicity": 1, "connectivity": [[0, 1, 1.0], [0, 4, 1.0], [0, 5, 1.0], [0, 6, 1.0], [1, 2, 1.0], [1, 7, 1.0], [1, 8, 1.0], [2, 3, 1.0], [2, 9, 1.0], [2, 10, 1.0], [3, 11, 1.0], [3, 12, 1.0], [3, 13, 1.0]], "fix_com": true, "fix_orientation": true, "provenance": {"creator": "QCElemental", "version": "v0.22.0", "routine": "qcelemental.molparse.from_schema"}, "id": "12248"}, "charge": 0, "optimize_geometry": false, "conformers": [], "conformer_generation_options": {"n_conformer_pool": 4000, "n_max_conformers": 0, "rms_tolerance": 0.05, "energy_window": 15, "keep_original_conformer": true}, "stage_1_unrestrained_charges": null, "stage_1_restrained_charges": null, "stage_2_unrestrained_charges": null, "stage_2_restrained_charges": null, "keep_original_orientation": false, "reorientations": [], "translations": [], "rotations": []}}], "charge": -0.017861934912578113}, {"atoms": [{"index": 8, "molecule": {"qcmol": {"schema_name": "qcschema_molecule", "schema_version": 2, "validated": true, "symbols": ["C", "C", "C", "C", "H", "H", "H", "H", "H", "H", "H", "H", "H", "H"], "geometry": [[0.0, 0.0, -0.0], [2.871629658641141, -1.4400277659089171e-15, -6.598648080925849e-16], [4.006347982719825, 2.642926970111332, -2.220446049250313e-16], [6.877943514419416, 2.642936126374006, -0.00934850852870639], [-0.7669662372344905, -1.9251727735765773, -0.0012138961829858963], [-0.749636564387299, 0.9739715241225992, 1.6724184044430435], [-0.7497563602566664, 0.9760654323297795, -1.671137376031085], [3.5715416550610852, -1.0411235631946103, 1.6594871141032317], [3.57193392597517, -1.041258178742709, -1.6592344875792104], [3.3118060129770677, 3.6818445299567584, 1.663084343676716], [3.3010283370035705, 3.68630709535586, -1.6557684043081649], [7.632951997626205, 1.6636224424347257, 1.657560628114177], [7.62203902997056, 1.6720344501657876, -1.6860240154741635], [7.645066344011902, 4.568051123010905, -0.006871949506813468]], "name": "C4H10", "identifiers": {"molecule_hash": "193b4c249f850f5a6539517c5243c86da74a72b9", "molecular_formula": "C4H10"}, "molecular_charge": 0.0, "molecular_multiplicity": 1, "connectivity": [[0, 1, 1.0], [0, 4, 1.0], [0, 5, 1.0], [0, 6, 1.0], [1, 2, 1.0], [1, 7, 1.0], [1, 8, 1.0], [2, 3, 1.0], [2, 9, 1.0], [2, 10, 1.0], [3, 11, 1.0], [3, 12, 1.0], [3, 13, 1.0]], "fix_com": true, "fix_orientation": true, "provenance": {"creator": "QCElemental", "version": "v0.22.0", "routine": "qcelemental.molparse.from_schema"}, "id": "12248"}, "charge": 0, "optimize_geometry": false, "conformers": [], "conformer_generation_options": {"n_conformer_pool": 4000, "n_max_conformers": 0, "rms_tolerance": 0.05, "energy_window": 15, "keep_original_conformer": true}, "stage_1_unrestrained_charges": null, "stage_1_restrained_charges": null, "stage_2_unrestrained_charges": null, "stage_2_restrained_charges": null, "keep_original_orientation": false, "reorientations": [], "translations": [], "rotations": []}}], "charge": -0.018330502824472194}, {"atoms": [{"index": 9, "molecule": {"qcmol": {"schema_name": "qcschema_molecule", "schema_version": 2, "validated": true, "symbols": ["C", "C", "C", "C", "H", "H", "H", "H", "H", "H", "H", "H", "H", "H"], "geometry": [[0.0, 0.0, -0.0], [2.871629658641141, -1.4400277659089171e-15, -6.598648080925849e-16], [4.006347982719825, 2.642926970111332, -2.220446049250313e-16], [6.877943514419416, 2.642936126374006, -0.00934850852870639], [-0.7669662372344905, -1.9251727735765773, -0.0012138961829858963], [-0.749636564387299, 0.9739715241225992, 1.6724184044430435], [-0.7497563602566664, 0.9760654323297795, -1.671137376031085], [3.5715416550610852, -1.0411235631946103, 1.6594871141032317], [3.57193392597517, -1.041258178742709, -1.6592344875792104], [3.3118060129770677, 3.6818445299567584, 1.663084343676716], [3.3010283370035705, 3.68630709535586, -1.6557684043081649], [7.632951997626205, 1.6636224424347257, 1.657560628114177], [7.62203902997056, 1.6720344501657876, -1.6860240154741635], [7.645066344011902, 4.568051123010905, -0.006871949506813468]], "name": "C4H10", "identifiers": {"molecule_hash": "193b4c249f850f5a6539517c5243c86da74a72b9", "molecular_formula": "C4H10"}, "molecular_charge": 0.0, "molecular_multiplicity": 1, "connectivity": [[0, 1, 1.0], [0, 4, 1.0], [0, 5, 1.0], [0, 6, 1.0], [1, 2, 1.0], [1, 7, 1.0], [1, 8, 1.0], [2, 3, 1.0], [2, 9, 1.0], [2, 10, 1.0], [3, 11, 1.0], [3, 12, 1.0], [3, 13, 1.0]], "fix_com": true, "fix_orientation": true, "provenance": {"creator": "QCElemental", "version": "v0.22.0", "routine": "qcelemental.molparse.from_schema"}, "id": "12248"}, "charge": 0, "optimize_geometry": false, "conformers": [], "conformer_generation_options": {"n_conformer_pool": 4000, "n_max_conformers": 0, "rms_tolerance": 0.05, "energy_window": 15, "keep_original_conformer": true}, "stage_1_unrestrained_charges": null, "stage_1_restrained_charges": null, "stage_2_unrestrained_charges": null, "stage_2_restrained_charges": null, "keep_original_orientation": false, "reorientations": [], "translations": [], "rotations": []}}], "charge": -0.017916255367277804}, {"atoms": [{"index": 10, "molecule": {"qcmol": {"schema_name": "qcschema_molecule", "schema_version": 2, "validated": true, "symbols": ["C", "C", "C", "C", "H", "H", "H", "H", "H", "H", "H", "H", "H", "H"], "geometry": [[0.0, 0.0, -0.0], [2.871629658641141, -1.4400277659089171e-15, -6.598648080925849e-16], [4.006347982719825, 2.642926970111332, -2.220446049250313e-16], [6.877943514419416, 2.642936126374006, -0.00934850852870639], [-0.7669662372344905, -1.9251727735765773, -0.0012138961829858963], [-0.749636564387299, 0.9739715241225992, 1.6724184044430435], [-0.7497563602566664, 0.9760654323297795, -1.671137376031085], [3.5715416550610852, -1.0411235631946103, 1.6594871141032317], [3.57193392597517, -1.041258178742709, -1.6592344875792104], [3.3118060129770677, 3.6818445299567584, 1.663084343676716], [3.3010283370035705, 3.68630709535586, -1.6557684043081649], [7.632951997626205, 1.6636224424347257, 1.657560628114177], [7.62203902997056, 1.6720344501657876, -1.6860240154741635], [7.645066344011902, 4.568051123010905, -0.006871949506813468]], "name": "C4H10", "identifiers": {"molecule_hash": "193b4c249f850f5a6539517c5243c86da74a72b9", "molecular_formula": "C4H10"}, "molecular_charge": 0.0, "molecular_multiplicity": 1, "connectivity": [[0, 1, 1.0], [0, 4, 1.0], [0, 5, 1.0], [0, 6, 1.0], [1, 2, 1.0], [1, 7, 1.0], [1, 8, 1.0], [2, 3, 1.0], [2, 9, 1.0], [2, 10, 1.0], [3, 11, 1.0], [3, 12, 1.0], [3, 13, 1.0]], "fix_com": true, "fix_orientation": true, "provenance": {"creator": "QCElemental", "version": "v0.22.0", "routine": "qcelemental.molparse.from_schema"}, "id": "12248"}, "charge": 0, "optimize_geometry": false, "conformers": [], "conformer_generation_options": {"n_conformer_pool": 4000, "n_max_conformers": 0, "rms_tolerance": 0.05, "energy_window": 15, "keep_original_conformer": true}, "stage_1_unrestrained_charges": null, "stage_1_restrained_charges": null, "stage_2_unrestrained_charges": null, "stage_2_restrained_charges": null, "keep_original_orientation": false, "reorientations": [], "translations": [], "rotations": []}}], "charge": -0.017910437897376768}, {"atoms": [{"index": 11, "molecule": {"qcmol": {"schema_name": "qcschema_molecule", "schema_version": 2, "validated": true, "symbols": ["C", "C", "C", "C", "H", "H", "H", "H", "H", "H", "H", "H", "H", "H"], "geometry": [[0.0, 0.0, -0.0], [2.871629658641141, -1.4400277659089171e-15, -6.598648080925849e-16], [4.006347982719825, 2.642926970111332, -2.220446049250313e-16], [6.877943514419416, 2.642936126374006, -0.00934850852870639], [-0.7669662372344905, -1.9251727735765773, -0.0012138961829858963], [-0.749636564387299, 0.9739715241225992, 1.6724184044430435], [-0.7497563602566664, 0.9760654323297795, -1.671137376031085], [3.5715416550610852, -1.0411235631946103, 1.6594871141032317], [3.57193392597517, -1.041258178742709, -1.6592344875792104], [3.3118060129770677, 3.6818445299567584, 1.663084343676716], [3.3010283370035705, 3.68630709535586, -1.6557684043081649], [7.632951997626205, 1.6636224424347257, 1.657560628114177], [7.62203902997056, 1.6720344501657876, -1.6860240154741635], [7.645066344011902, 4.568051123010905, -0.006871949506813468]], "name": "C4H10", "identifiers": {"molecule_hash": "193b4c249f850f5a6539517c5243c86da74a72b9", "molecular_formula": "C4H10"}, "molecular_charge": 0.0, "molecular_multiplicity": 1, "connectivity": [[0, 1, 1.0], [0, 4, 1.0], [0, 5, 1.0], [0, 6, 1.0], [1, 2, 1.0], [1, 7, 1.0], [1, 8, 1.0], [2, 3, 1.0], [2, 9, 1.0], [2, 10, 1.0], [3, 11, 1.0], [3, 12, 1.0], [3, 13, 1.0]], "fix_com": true, "fix_orientation": true, "provenance": {"creator": "QCElemental", "version": "v0.22.0", "routine": "qcelemental.molparse.from_schema"}, "id": "12248"}, "charge": 0, "optimize_geometry": false, "conformers": [], "conformer_generation_options": {"n_conformer_pool": 4000, "n_max_conformers": 0, "rms_tolerance": 0.05, "energy_window": 15, "keep_original_conformer": true}, "stage_1_unrestrained_charges": null, "stage_1_restrained_charges": null, "stage_2_unrestrained_charges": null, "stage_2_restrained_charges": null, "keep_original_orientation": false, "reorientations": [], "translations": [], "rotations": []}}], "charge": 0.03895014336316418}, {"atoms": [{"index": 12, "molecule": {"qcmol": {"schema_name": "qcschema_molecule", "schema_version": 2, "validated": true, "symbols": ["C", "C", "C", "C", "H", "H", "H", "H", "H", "H", "H", "H", "H", "H"], "geometry": [[0.0, 0.0, -0.0], [2.871629658641141, -1.4400277659089171e-15, -6.598648080925849e-16], [4.006347982719825, 2.642926970111332, -2.220446049250313e-16], [6.877943514419416, 2.642936126374006, -0.00934850852870639], [-0.7669662372344905, -1.9251727735765773, -0.0012138961829858963], [-0.749636564387299, 0.9739715241225992, 1.6724184044430435], [-0.7497563602566664, 0.9760654323297795, -1.671137376031085], [3.5715416550610852, -1.0411235631946103, 1.6594871141032317], [3.57193392597517, -1.041258178742709, -1.6592344875792104], [3.3118060129770677, 3.6818445299567584, 1.663084343676716], [3.3010283370035705, 3.68630709535586, -1.6557684043081649], [7.632951997626205, 1.6636224424347257, 1.657560628114177], [7.62203902997056, 1.6720344501657876, -1.6860240154741635], [7.645066344011902, 4.568051123010905, -0.006871949506813468]], "name": "C4H10", "identifiers": {"molecule_hash": "193b4c249f850f5a6539517c5243c86da74a72b9", "molecular_formula": "C4H10"}, "molecular_charge": 0.0, "molecular_multiplicity": 1, "connectivity": [[0, 1, 1.0], [0, 4, 1.0], [0, 5, 1.0], [0, 6, 1.0], [1, 2, 1.0], [1, 7, 1.0], [1, 8, 1.0], [2, 3, 1.0], [2, 9, 1.0], [2, 10, 1.0], [3, 11, 1.0], [3, 12, 1.0], [3, 13, 1.0]], "fix_com": true, "fix_orientation": true, "provenance": {"creator": "QCElemental", "version": "v0.22.0", "routine": "qcelemental.molparse.from_schema"}, "id": "12248"}, "charge": 0, "optimize_geometry": false, "conformers": [], "conformer_generation_options": {"n_conformer_pool": 4000, "n_max_conformers": 0, "rms_tolerance": 0.05, "energy_window": 15, "keep_original_conformer": true}, "stage_1_unrestrained_charges": null, "stage_1_restrained_charges": null, "stage_2_unrestrained_charges": null, "stage_2_restrained_charges": null, "keep_original_orientation": false, "reorientations": [], "translations": [], "rotations": []}}], "charge": 0.039422956688064684}, {"atoms": [{"index": 13, "molecule": {"qcmol": {"schema_name": "qcschema_molecule", "schema_version": 2, "validated": true, "symbols": ["C", "C", "C", "C", "H", "H", "H", "H", "H", "H", "H", "H", "H", "H"], "geometry": [[0.0, 0.0, -0.0], [2.871629658641141, -1.4400277659089171e-15, -6.598648080925849e-16], [4.006347982719825, 2.642926970111332, -2.220446049250313e-16], [6.877943514419416, 2.642936126374006, -0.00934850852870639], [-0.7669662372344905, -1.9251727735765773, -0.0012138961829858963], [-0.749636564387299, 0.9739715241225992, 1.6724184044430435], [-0.7497563602566664, 0.9760654323297795, -1.671137376031085], [3.5715416550610852, -1.0411235631946103, 1.6594871141032317], [3.57193392597517, -1.041258178742709, -1.6592344875792104], [3.3118060129770677, 3.6818445299567584, 1.663084343676716], [3.3010283370035705, 3.68630709535586, -1.6557684043081649], [7.632951997626205, 1.6636224424347257, 1.657560628114177], [7.62203902997056, 1.6720344501657876, -1.6860240154741635], [7.645066344011902, 4.568051123010905, -0.006871949506813468]], "name": "C4H10", "identifiers": {"molecule_hash": "193b4c249f850f5a6539517c5243c86da74a72b9", "molecular_formula": "C4H10"}, "molecular_charge": 0.0, "molecular_multiplicity": 1, "connectivity": [[0, 1, 1.0], [0, 4, 1.0], [0, 5, 1.0], [0, 6, 1.0], [1, 2, 1.0], [1, 7, 1.0], [1, 8, 1.0], [2, 3, 1.0], [2, 9, 1.0], [2, 10, 1.0], [3, 11, 1.0], [3, 12, 1.0], [3, 13, 1.0]], "fix_com": true, "fix_orientation": true, "provenance": {"creator": "QCElemental", "version": "v0.22.0", "routine": "qcelemental.molparse.from_schema"}, "id": "12248"}, "charge": 0, "optimize_geometry": false, "conformers": [], "conformer_generation_options": {"n_conformer_pool": 4000, "n_max_conformers": 0, "rms_tolerance": 0.05, "energy_window": 15, "keep_original_conformer": true}, "stage_1_unrestrained_charges": null, "stage_1_restrained_charges": null, "stage_2_unrestrained_charges": null, "stage_2_restrained_charges": null, "keep_original_orientation": false, "reorientations": [], "translations": [], "rotations": []}}], "charge": 0.03974911008038537}], "charge_equivalence_constraints": [], "molecules": [{"qcmol": {"schema_name": "qcschema_molecule", "schema_version": 2, "validated": true, "symbols": ["C", "C", "C", "C", "H", "H", "H", "H", "H", "H", "H", "H", "H", "H"], "geometry": [[0.0, 0.0, -0.0], [2.871629658641141, -1.4400277659089171e-15, -6.598648080925849e-16], [4.006347982719825, 2.642926970111332, -2.220446049250313e-16], [6.877943514419416, 2.642936126374006, -0.00934850852870639], [-0.7669662372344905, -1.9251727735765773, -0.0012138961829858963], [-0.749636564387299, 0.9739715241225992, 1.6724184044430435], [-0.7497563602566664, 0.9760654323297795, -1.671137376031085], [3.5715416550610852, -1.0411235631946103, 1.6594871141032317], [3.57193392597517, -1.041258178742709, -1.6592344875792104], [3.3118060129770677, 3.6818445299567584, 1.663084343676716], [3.3010283370035705, 3.68630709535586, -1.6557684043081649], [7.632951997626205, 1.6636224424347257, 1.657560628114177], [7.62203902997056, 1.6720344501657876, -1.6860240154741635], [7.645066344011902, 4.568051123010905, -0.006871949506813468]], "name": "C4H10", "identifiers": {"molecule_hash": "193b4c249f850f5a6539517c5243c86da74a72b9", "molecular_formula": "C4H10"}, "molecular_charge": 0.0, "molecular_multiplicity": 1, "connectivity": [[0, 1, 1.0], [0, 4, 1.0], [0, 5, 1.0], [0, 6, 1.0], [1, 2, 1.0], [1, 7, 1.0], [1, 8, 1.0], [2, 3, 1.0], [2, 9, 1.0], [2, 10, 1.0], [3, 11, 1.0], [3, 12, 1.0], [3, 13, 1.0]], "fix_com": true, "fix_orientation": true, "provenance": {"creator": "QCElemental", "version": "v0.22.0", "routine": "qcelemental.molparse.from_schema"}, "id": "12248"}, "charge": 0, "optimize_geometry": false, "conformers": [], "conformer_generation_options": {"n_conformer_pool": 4000, "n_max_conformers": 0, "rms_tolerance": 0.05, "energy_window": 15, "keep_original_conformer": true}, "stage_1_unrestrained_charges": null, "stage_1_restrained_charges": null, "stage_2_unrestrained_charges": null, "stage_2_restrained_charges": null, "keep_original_orientation": false, "reorientations": [], "translations": [], "rotations": []}], "unconstrained_atoms": []}, "surface_constraints": {"matrix": [[25337754137249.76, 24452473400263.85, 23350886317273.133, 22470515581154.01, 25476347800617.727, 25427796645479.875, 25437418655376.344, 24346175255784.484, 24338214495228.117, 23109048102457.43, 23116168134946.207, 22015820611821.867, 22595604229238.023, 21888612738524.547], [24452473400263.85, 25090156162273.99, 24334785072491.973, 23341357875359.227, 24195996522721.09, 24170211965730.293, 24153082803552.348, 25429985608691.11, 25420484040516.95, 24247123339397.99, 24253582560998.215, 22936551622412.48, 23090312141308.23, 22974378594601.1], [23350886317273.133, 24334785072491.973, 25058530008941.453, 24408100308109.105, 23209511694757.88, 22719093571191.63, 23104644155621.668, 24260121027080.598, 24252797498182.52, 25384272840850.99, 25394338684716.87, 24131429117009.598, 24101100097834.65, 24151503106959.816], [22470515581154.01, 23341357875359.227, 24408100308109.105, 25283789918179.27, 22094879800865.47, 21807164001704.723, 22601192671781.02, 23111547774958.145, 23107924400419.13, 24285759700726.71, 24295769427411.85, 25392209090367.69, 25371651776048.07, 25415839628131.32], [25476347800617.727, 24195996522721.09, 23209511694757.88, 22094879800865.47, 26801569617306.79, 25139121270702.574, 25169965135207.28, 23886179437149.375, 23876557005778.965, 23103739204305.78, 23110991431188.01, 21645828933145.45, 22379715924152.617, 21177110193661.42], [25427796645479.875, 24170211965730.293, 22719093571191.63, 21807164001704.723, 25139121270702.574, 26650309294943.117, 25134764860963.36, 24277064740881.004, 23861942372361.938, 22461789673701.207, 22311082531359.71, 21444989430962.48, 21750594511699.156, 21305554468745.547], [25437418655376.344, 24153082803552.348, 23104644155621.668, 22601192671781.02, 25169965135207.28, 25134764860963.36, 26691196092130.73, 23672954495127.316, 24075345410973.047, 22644886267184.48, 22810168501610.11, 22024378107023.684, 23043218649869.047, 22118751473907.645], [24346175255784.484, 25429985608691.11, 24260121027080.598, 23111547774958.145, 23886179437149.375, 24277064740881.004, 23672954495127.316, 26904302877745.16, 25330190211010.24, 24351132121570.285, 23801260830029.45, 22940033030889.61, 22596023504436.46, 22677015802289.58], [24338214495228.117, 25420484040516.95, 24252797498182.52, 23107924400419.13, 23876557005778.965, 23861942372361.938, 24075345410973.047, 25330190211010.24, 26882185835377.523, 23788232172163.42, 24347480226288.34, 22436371017967.25, 22847812434624.816, 22920310463224.21], [23109048102457.43, 24247123339397.99, 25384272840850.99, 24285759700726.71, 23103739204305.78, 22461789673701.207, 22644886267184.48, 24351132121570.285, 23788232172163.42, 26836988696221.83, 25298957875129.88, 24014680424438.812, 23807117997953.074, 23831780366423.21], [23116168134946.207, 24253582560998.215, 25394338684716.87, 24295769427411.85, 23110991431188.01, 22311082531359.71, 22810168501610.11, 23801260830029.45, 24347480226288.34, 25298957875129.88, 26859594663316.457, 23831647576727.12, 23825063551096.535, 24025999686469.473], [22015820611821.867, 22936551622412.48, 24131429117009.598, 25392209090367.69, 21645828933145.45, 21444989430962.48, 22024378107023.684, 22940033030889.61, 22436371017967.25, 24014680424438.812, 23831647576727.12, 26648044854025.8, 25090826098535.637, 25099684995590.324], [22595604229238.023, 23090312141308.23, 24101100097834.65, 25371651776048.07, 22379715924152.617, 21750594511699.156, 23043218649869.047, 22596023504436.46, 22847812434624.816, 23807117997953.074, 23825063551096.535, 25090826098535.637, 26606185996614.38, 25100552303933.26], [21888612738524.547, 22974378594601.1, 24151503106959.816, 25415839628131.32, 21177110193661.42, 21305554468745.547, 22118751473907.645, 22677015802289.58, 22920310463224.21, 23831780366423.21, 24025999686469.473, 25099684995590.324, 25100552303933.26, 26710368571526.133], [32214361840.26222, 43814299646.24254, 43438010342.44643, 31670914133.56762, 34261856286.259712, 28320445332.987835, 29727919951.20482, 47036550845.60865, 46998573633.838745, 46396617131.90327, 46440463320.76657, 29646923998.96646, 29387543571.105488, 31487165925.9555]]}}