{"resp_b": 0.1, "restrained_fit": true, "exclude_hydrogens": true, "convergence_tolerance": 1e-06, "max_iter": 500, "resp_a": 0.0005, "charge_constraints": {"charge_sum_constraints": [], "charge_equivalence_constraints": [], "molecules": [{"qcmol": {"schema_name": "qcschema_molecule", "schema_version": 2, "validated": true, "symbols": ["C", "C", "C", "C", "H", "H", "H", "H", "H", "H", "H", "H", "H", "H"], "geometry": [[0.0, 0.0, -0.0], [2.871629658641141, -1.4400277659089171e-15, -6.598648080925849e-16], [4.006347982719825, 2.642926970111332, -2.220446049250313e-16], [6.877943514419416, 2.642936126374006, -0.00934850852870639], [-0.7669662372344905, -1.9251727735765773, -0.0012138961829858963], [-0.749636564387299, 0.9739715241225992, 1.6724184044430435], [-0.7497563602566664, 0.9760654323297795, -1.671137376031085], [3.5715416550610852, -1.0411235631946103, 1.6594871141032317], [3.57193392597517, -1.041258178742709, -1.6592344875792104], [3.3118060129770677, 3.6818445299567584, 1.663084343676716], [3.3010283370035705, 3.68630709535586, -1.6557684043081649], [7.632951997626205, 1.6636224424347257, 1.657560628114177], [7.62203902997056, 1.6720344501657876, -1.6860240154741635], [7.645066344011902, 4.568051123010905, -0.006871949506813468]], "name": "C4H10", "identifiers": {"molecule_hash": "193b4c249f850f5a6539517c5243c86da74a72b9", "molecular_formula": "C4H10"}, "molecular_charge": 0.0, "molecular_multiplicity": 1, "connectivity": [[0, 1, 1.0], [0, 4, 1.0], [0, 5, 1.0], [0, 6, 1.0], [1, 2, 1.0], [1, 7, 1.0], [1, 8, 1.0], [2, 3, 1.0], [2, 9, 1.0], [2, 10, 1.0], [3, 11, 1.0], [3, 12, 1.0], [3, 13, 1.0]], "fix_com": true, "fix_orientation": true, "provenance": {"creator": "QCElemental", "version": "v0.22.0", "routine": "qcelemental.molparse.from_schema"}, "id": "12248"}, "charge": 0, "optimize_geometry": false, "conformers": [], "conformer_generation_options": {"n_conformer_pool": 4000, "n_max_conformers": 0, "rms_tolerance": 0.05, "energy_window": 15, "keep_original_conformer": true}, "stage_1_unrestrained_charges": null, "stage_1_restrained_charges": null, "stage_2_unrestrained_charges": null, "stage_2_restrained_charges": null, "keep_original_orientation": false, "reorientations": [], "translations": [], "rotations": []}], "unconstrained_atoms": [{"index": 0, "molecule": {"qcmol": {"schema_name": "qcschema_molecule", "schema_version": 2, "validated": true, "symbols": ["C", "C", "C", "C", "H", "H", "H", "H", "H", "H", "H", "H", "H", "H"], "geometry": [[0.0, 0.0, -0.0], [2.871629658641141, -1.4400277659089171e-15, -6.598648080925849e-16], [4.006347982719825, 2.642926970111332, -2.220446049250313e-16], [6.877943514419416, 2.642936126374006, -0.00934850852870639], [-0.7669662372344905, -1.9251727735765773, -0.0012138961829858963], [-0.749636564387299, 0.9739715241225992, 1.6724184044430435], [-0.7497563602566664, 0.9760654323297795, -1.671137376031085], [3.5715416550610852, -1.0411235631946103, 1.6594871141032317], [3.57193392597517, -1.041258178742709, -1.6592344875792104], [3.3118060129770677, 3.6818445299567584, 1.663084343676716], [3.3010283370035705, 3.68630709535586, -1.6557684043081649], [7.632951997626205, 1.6636224424347257, 1.657560628114177], [7.62203902997056, 1.6720344501657876, -1.6860240154741635], [7.645066344011902, 4.568051123010905, -0.006871949506813468]], "name": "C4H10", "identifiers": {"molecule_hash": "193b4c249f850f5a6539517c5243c86da74a72b9", "molecular_formula": "C4H10"}, "molecular_charge": 0.0, "molecular_multiplicity": 1, "connectivity": [[0, 1, 1.0], [0, 4, 1.0], [0, 5, 1.0], [0, 6, 1.0], [1, 2, 1.0], [1, 7, 1.0], [1, 8, 1.0], [2, 3, 1.0], [2, 9, 1.0], [2, 10, 1.0], [3, 11, 1.0], [3, 12, 1.0], [3, 13, 1.0]], "fix_com": true, "fix_orientation": true, "provenance": {"creator": "QCElemental", "version": "v0.22.0", "routine": "qcelemental.molparse.from_schema"}, "id": "12248"}, "charge": 0, "optimize_geometry": false, "conformers": [], "conformer_generation_options": {"n_conformer_pool": 4000, "n_max_conformers": 0, "rms_tolerance": 0.05, "energy_window": 15, "keep_original_conformer": true}, "stage_1_unrestrained_charges": null, "stage_1_restrained_charges": null, "stage_2_unrestrained_charges": null, "stage_2_restrained_charges": null, "keep_original_orientation": false, "reorientations": [], "translations": [], "rotations": []}}, {"index": 1, "molecule": {"qcmol": {"schema_name": "qcschema_molecule", "schema_version": 2, "validated": true, "symbols": ["C", "C", "C", "C", "H", "H", "H", "H", "H", "H", "H", "H", "H", "H"], "geometry": [[0.0, 0.0, -0.0], [2.871629658641141, -1.4400277659089171e-15, -6.598648080925849e-16], [4.006347982719825, 2.642926970111332, -2.220446049250313e-16], [6.877943514419416, 2.642936126374006, -0.00934850852870639], [-0.7669662372344905, -1.9251727735765773, -0.0012138961829858963], [-0.749636564387299, 0.9739715241225992, 1.6724184044430435], [-0.7497563602566664, 0.9760654323297795, -1.671137376031085], [3.5715416550610852, -1.0411235631946103, 1.6594871141032317], [3.57193392597517, -1.041258178742709, -1.6592344875792104], [3.3118060129770677, 3.6818445299567584, 1.663084343676716], [3.3010283370035705, 3.68630709535586, -1.6557684043081649], [7.632951997626205, 1.6636224424347257, 1.657560628114177], [7.62203902997056, 1.6720344501657876, -1.6860240154741635], [7.645066344011902, 4.568051123010905, -0.006871949506813468]], "name": "C4H10", "identifiers": {"molecule_hash": "193b4c249f850f5a6539517c5243c86da74a72b9", "molecular_formula": "C4H10"}, "molecular_charge": 0.0, "molecular_multiplicity": 1, "connectivity": [[0, 1, 1.0], [0, 4, 1.0], [0, 5, 1.0], [0, 6, 1.0], [1, 2, 1.0], [1, 7, 1.0], [1, 8, 1.0], [2, 3, 1.0], [2, 9, 1.0], [2, 10, 1.0], [3, 11, 1.0], [3, 12, 1.0], [3, 13, 1.0]], "fix_com": true, "fix_orientation": true, "provenance": {"creator": "QCElemental", "version": "v0.22.0", "routine": "qcelemental.molparse.from_schema"}, "id": "12248"}, "charge": 0, "optimize_geometry": false, "conformers": [], "conformer_generation_options": {"n_conformer_pool": 4000, "n_max_conformers": 0, "rms_tolerance": 0.05, "energy_window": 15, "keep_original_conformer": true}, "stage_1_unrestrained_charges": null, "stage_1_restrained_charges": null, "stage_2_unrestrained_charges": null, "stage_2_restrained_charges": null, "keep_original_orientation": false, "reorientations": [], "translations": [], "rotations": []}}, {"index": 2, "molecule": {"qcmol": {"schema_name": "qcschema_molecule", "schema_version": 2, "validated": true, "symbols": ["C", "C", "C", "C", "H", "H", "H", "H", "H", "H", "H", "H", "H", "H"], "geometry": [[0.0, 0.0, -0.0], [2.871629658641141, -1.4400277659089171e-15, -6.598648080925849e-16], [4.006347982719825, 2.642926970111332, -2.220446049250313e-16], [6.877943514419416, 2.642936126374006, -0.00934850852870639], [-0.7669662372344905, -1.9251727735765773, -0.0012138961829858963], [-0.749636564387299, 0.9739715241225992, 1.6724184044430435], [-0.7497563602566664, 0.9760654323297795, -1.671137376031085], [3.5715416550610852, -1.0411235631946103, 1.6594871141032317], [3.57193392597517, -1.041258178742709, -1.6592344875792104], [3.3118060129770677, 3.6818445299567584, 1.663084343676716], [3.3010283370035705, 3.68630709535586, -1.6557684043081649], [7.632951997626205, 1.6636224424347257, 1.657560628114177], [7.62203902997056, 1.6720344501657876, -1.6860240154741635], [7.645066344011902, 4.568051123010905, -0.006871949506813468]], "name": "C4H10", "identifiers": {"molecule_hash": "193b4c249f850f5a6539517c5243c86da74a72b9", "molecular_formula": "C4H10"}, "molecular_charge": 0.0, "molecular_multiplicity": 1, "connectivity": [[0, 1, 1.0], [0, 4, 1.0], [0, 5, 1.0], [0, 6, 1.0], [1, 2, 1.0], [1, 7, 1.0], [1, 8, 1.0], [2, 3, 1.0], [2, 9, 1.0], [2, 10, 1.0], [3, 11, 1.0], [3, 12, 1.0], [3, 13, 1.0]], "fix_com": true, "fix_orientation": true, "provenance": {"creator": "QCElemental", "version": "v0.22.0", "routine": "qcelemental.molparse.from_schema"}, "id": "12248"}, "charge": 0, "optimize_geometry": false, "conformers": [], "conformer_generation_options": {"n_conformer_pool": 4000, "n_max_conformers": 0, "rms_tolerance": 0.05, "energy_window": 15, "keep_original_conformer": true}, "stage_1_unrestrained_charges": null, "stage_1_restrained_charges": null, "stage_2_unrestrained_charges": null, "stage_2_restrained_charges": null, "keep_original_orientation": false, "reorientations": [], "translations": [], "rotations": []}}, {"index": 3, "molecule": {"qcmol": {"schema_name": "qcschema_molecule", "schema_version": 2, "validated": true, "symbols": ["C", "C", "C", "C", "H", "H", "H", "H", "H", "H", "H", "H", "H", "H"], "geometry": [[0.0, 0.0, -0.0], [2.871629658641141, -1.4400277659089171e-15, -6.598648080925849e-16], [4.006347982719825, 2.642926970111332, -2.220446049250313e-16], [6.877943514419416, 2.642936126374006, -0.00934850852870639], [-0.7669662372344905, -1.9251727735765773, -0.0012138961829858963], [-0.749636564387299, 0.9739715241225992, 1.6724184044430435], [-0.7497563602566664, 0.9760654323297795, -1.671137376031085], [3.5715416550610852, -1.0411235631946103, 1.6594871141032317], [3.57193392597517, -1.041258178742709, -1.6592344875792104], [3.3118060129770677, 3.6818445299567584, 1.663084343676716], [3.3010283370035705, 3.68630709535586, -1.6557684043081649], [7.632951997626205, 1.6636224424347257, 1.657560628114177], [7.62203902997056, 1.6720344501657876, -1.6860240154741635], [7.645066344011902, 4.568051123010905, -0.006871949506813468]], "name": "C4H10", "identifiers": {"molecule_hash": "193b4c249f850f5a6539517c5243c86da74a72b9", "molecular_formula": "C4H10"}, "molecular_charge": 0.0, "molecular_multiplicity": 1, "connectivity": [[0, 1, 1.0], [0, 4, 1.0], [0, 5, 1.0], [0, 6, 1.0], [1, 2, 1.0], [1, 7, 1.0], [1, 8, 1.0], [2, 3, 1.0], [2, 9, 1.0], [2, 10, 1.0], [3, 11, 1.0], [3, 12, 1.0], [3, 13, 1.0]], "fix_com": true, "fix_orientation": true, "provenance": {"creator": "QCElemental", "version": "v0.22.0", "routine": "qcelemental.molparse.from_schema"}, "id": "12248"}, "charge": 0, "optimize_geometry": false, "conformers": [], "conformer_generation_options": {"n_conformer_pool": 4000, "n_max_conformers": 0, "rms_tolerance": 0.05, "energy_window": 15, "keep_original_conformer": true}, "stage_1_unrestrained_charges": null, "stage_1_restrained_charges": null, "stage_2_unrestrained_charges": null, "stage_2_restrained_charges": null, "keep_original_orientation": false, "reorientations": [], "translations": [], "rotations": []}}]}, "surface_constraints": {"matrix": [[61565600289790.93, 59540382309581.66, 57087694365042.61, 55139543864771.08, 62044168211049.87, 61903848292285.53, 61942385863144.04, 59363344036499.97, 59348595076558.71, 56625820467235.586, 56608395338084.414, 54179565328662.266, 55577729920953.164, 53857172093269.38], [59540382309581.66, 60927788385570.1, 59258108886378.25, 57054265030114.555, 59096128439085.22, 59009083960308.72, 58990273918583.63, 61782768475957.9, 61768086475150.51, 59163082351740.37, 59142345324109.84, 56217224210400.37, 56625516469056.25, 56297551266105.42], [57087694365042.61, 59258108886378.25, 60863831775895.086, 59448999395748.09, 56894715287080.305, 55730348472166.3, 56629024818068.016, 59162127518795.86, 59149754959908.18, 61717586735943.98, 61694819692644.336, 58923947114680.234, 58933478801856.24, 58956327660292.08], [55139543864771.08, 57054265030114.555, 59448999395748.09, 61460623638082.445, 54378022729933.46, 53694474381717.766, 55558543478505.15, 56587534772068.63, 56584281588818.92, 59266258582824.58, 59249783971858.83, 61829278903587.94, 61875705418231.72, 61873117824516.99], [62044168211049.87, 59096128439085.22, 56894715287080.305, 54378022729933.46, 65291617719893.9, 61388806764939.86, 61470236669681.11, 58432398948491.336, 58413774831594.48, 56752210667212.42, 56735745087618.164, 53419270789773.18, 55185332938060.3, 52283168998239.37], [61903848292285.53, 59009083960308.72, 55730348472166.3, 53694474381717.766, 61388806764939.86, 64872905800397.38, 61384395262632.664, 59318500254054.08, 58364333303719.516, 55222451560230.79, 54829787345557.28, 52941161145354.05, 53699470379291.38, 52585430919393.33], [61942385863144.04, 58990273918583.63, 56629024818068.016, 55558543478505.15, 61470236669681.11, 61384395262632.664, 64991283015622.586, 57946465825252.83, 58875862584632.734, 55641309910955.49, 56000996685819.734, 54310045700323.23, 56753540009171.47, 54507062363752.78], [59363344036499.97, 61782768475957.9, 59162127518795.86, 56587534772068.63, 58432398948491.336, 59318500254054.08, 57946465825252.83, 65282659172456.33, 61634950541537.27, 59467755289483.17, 58176751311975.484, 56293284914413.836, 55519595680869.47, 55672803802012.81], [59348595076558.71, 61768086475150.51, 59149754959908.18, 56584281588818.92, 58413774831594.48, 58364333303719.516, 58875862584632.734, 61634950541537.27, 65252255979298.766, 58181835627663.44, 59431781487281.72, 55107067624775.945, 56125223197394.95, 56250212032573.51], [56625820467235.586, 59163082351740.37, 61717586735943.98, 59266258582824.58, 56752210667212.42, 55222451560230.79, 55641309910955.49, 59467755289483.17, 58181835627663.44, 65211684508066.46, 61565135495872.86, 58746755599104.95, 58345388328422.29, 58303015105555.68], [56608395338084.414, 59142345324109.84, 61694819692644.336, 59249783971858.83, 56735745087618.164, 54829787345557.28, 56000996685819.734, 58176751311975.484, 59431781487281.72, 61565135495872.86, 65159924174653.734, 58281492977777.45, 58349552533260.97, 58720526823292.34], [54179565328662.266, 56217224210400.37, 58923947114680.234, 61829278903587.94, 53419270789773.18, 52941161145354.05, 54310045700323.23, 56293284914413.836, 55107067624775.945, 58746755599104.95, 58281492977777.45, 64862213146948.87, 61347318107023.586, 61255576040924.27], [55577729920953.164, 56625516469056.25, 58933478801856.24, 61875705418231.72, 55185332938060.3, 53699470379291.38, 56753540009171.47, 55519595680869.47, 56125223197394.95, 58345388328422.29, 58349552533260.97, 61347318107023.586, 64950200040489.86, 61353185609002.88], [53857172093269.38, 56297551266105.42, 58956327660292.08, 61873117824516.99, 52283168998239.37, 52585430919393.33, 54507062363752.78, 55672803802012.81, 56250212032573.51, 58303015105555.68, 58720526823292.34, 61255576040924.27, 61353185609002.88, 64997369022856.08], [115358272740.36433, 139914514246.9251, 139106270519.6672, 113732182551.07379, 119857628785.47845, 106174198555.86754, 110081446363.92691, 146709557493.14386, 146569597415.55298, 145587303424.90918, 145502273884.9287, 109019930088.26083, 108876030184.32127, 112716151744.01225]]}}