{"resp_b": 0.1, "restrained_fit": true, "exclude_hydrogens": true, "convergence_tolerance": 1e-06, "max_iter": 500, "resp_a": 0.0005, "charge_constraints": {"charge_sum_constraints": [], "charge_equivalence_constraints": [], "molecules": [{"qcmol": {"schema_name": "qcschema_molecule", "schema_version": 2, "validated": true, "symbols": ["C", "C", "C", "C", "H", "H", "H", "H", "H", "H", "H", "H", "H", "H"], "geometry": [[0.0, 0.0, -0.0], [2.871629658641141, -1.4400277659089171e-15, -6.598648080925849e-16], [4.006347982719825, 2.642926970111332, -2.220446049250313e-16], [6.877943514419416, 2.642936126374006, -0.00934850852870639], [-0.7669662372344905, -1.9251727735765773, -0.0012138961829858963], [-0.749636564387299, 0.9739715241225992, 1.6724184044430435], [-0.7497563602566664, 0.9760654323297795, -1.671137376031085], [3.5715416550610852, -1.0411235631946103, 1.6594871141032317], [3.57193392597517, -1.041258178742709, -1.6592344875792104], [3.3118060129770677, 3.6818445299567584, 1.663084343676716], [3.3010283370035705, 3.68630709535586, -1.6557684043081649], [7.632951997626205, 1.6636224424347257, 1.657560628114177], [7.62203902997056, 1.6720344501657876, -1.6860240154741635], [7.645066344011902, 4.568051123010905, -0.006871949506813468]], "name": "C4H10", "identifiers": {"molecule_hash": "193b4c249f850f5a6539517c5243c86da74a72b9", "molecular_formula": "C4H10"}, "molecular_charge": 0.0, "molecular_multiplicity": 1, "connectivity": [[0, 1, 1.0], [0, 4, 1.0], [0, 5, 1.0], [0, 6, 1.0], [1, 2, 1.0], [1, 7, 1.0], [1, 8, 1.0], [2, 3, 1.0], [2, 9, 1.0], [2, 10, 1.0], [3, 11, 1.0], [3, 12, 1.0], [3, 13, 1.0]], "fix_com": true, "fix_orientation": true, "provenance": {"creator": "QCElemental", "version": "v0.22.0", "routine": "qcelemental.molparse.from_schema"}, "id": "12248"}, "charge": 0, "optimize_geometry": false, "conformers": [], "conformer_generation_options": {"n_conformer_pool": 4000, "n_max_conformers": 0, "rms_tolerance": 0.05, "energy_window": 15, "keep_original_conformer": true}, "stage_1_unrestrained_charges": null, "stage_1_restrained_charges": null, "stage_2_unrestrained_charges": null, "stage_2_restrained_charges": null, "keep_original_orientation": false, "reorientations": [], "translations": [], "rotations": []}], "unconstrained_atoms": [{"index": 0, "molecule": {"qcmol": {"schema_name": "qcschema_molecule", "schema_version": 2, "validated": true, "symbols": ["C", "C", "C", "C", "H", "H", "H", "H", "H", "H", "H", "H", "H", "H"], "geometry": [[0.0, 0.0, -0.0], [2.871629658641141, -1.4400277659089171e-15, -6.598648080925849e-16], [4.006347982719825, 2.642926970111332, -2.220446049250313e-16], [6.877943514419416, 2.642936126374006, -0.00934850852870639], [-0.7669662372344905, -1.9251727735765773, -0.0012138961829858963], [-0.749636564387299, 0.9739715241225992, 1.6724184044430435], [-0.7497563602566664, 0.9760654323297795, -1.671137376031085], [3.5715416550610852, -1.0411235631946103, 1.6594871141032317], [3.57193392597517, -1.041258178742709, -1.6592344875792104], [3.3118060129770677, 3.6818445299567584, 1.663084343676716], [3.3010283370035705, 3.68630709535586, -1.6557684043081649], [7.632951997626205, 1.6636224424347257, 1.657560628114177], [7.62203902997056, 1.6720344501657876, -1.6860240154741635], [7.645066344011902, 4.568051123010905, -0.006871949506813468]], "name": "C4H10", "identifiers": {"molecule_hash": "193b4c249f850f5a6539517c5243c86da74a72b9", "molecular_formula": "C4H10"}, "molecular_charge": 0.0, "molecular_multiplicity": 1, "connectivity": [[0, 1, 1.0], [0, 4, 1.0], [0, 5, 1.0], [0, 6, 1.0], [1, 2, 1.0], [1, 7, 1.0], [1, 8, 1.0], [2, 3, 1.0], [2, 9, 1.0], [2, 10, 1.0], [3, 11, 1.0], [3, 12, 1.0], [3, 13, 1.0]], "fix_com": true, "fix_orientation": true, "provenance": {"creator": "QCElemental", "version": "v0.22.0", "routine": "qcelemental.molparse.from_schema"}, "id": "12248"}, "charge": 0, "optimize_geometry": false, "conformers": [], "conformer_generation_options": {"n_conformer_pool": 4000, "n_max_conformers": 0, "rms_tolerance": 0.05, "energy_window": 15, "keep_original_conformer": true}, "stage_1_unrestrained_charges": null, "stage_1_restrained_charges": null, "stage_2_unrestrained_charges": null, "stage_2_restrained_charges": null, "keep_original_orientation": false, "reorientations": [], "translations": [], "rotations": []}}, {"index": 1, "molecule": {"qcmol": {"schema_name": "qcschema_molecule", "schema_version": 2, "validated": true, "symbols": ["C", "C", "C", "C", "H", "H", "H", "H", "H", "H", "H", "H", "H", "H"], "geometry": [[0.0, 0.0, -0.0], [2.871629658641141, -1.4400277659089171e-15, -6.598648080925849e-16], [4.006347982719825, 2.642926970111332, -2.220446049250313e-16], [6.877943514419416, 2.642936126374006, -0.00934850852870639], [-0.7669662372344905, -1.9251727735765773, -0.0012138961829858963], [-0.749636564387299, 0.9739715241225992, 1.6724184044430435], [-0.7497563602566664, 0.9760654323297795, -1.671137376031085], [3.5715416550610852, -1.0411235631946103, 1.6594871141032317], [3.57193392597517, -1.041258178742709, -1.6592344875792104], [3.3118060129770677, 3.6818445299567584, 1.663084343676716], [3.3010283370035705, 3.68630709535586, -1.6557684043081649], [7.632951997626205, 1.6636224424347257, 1.657560628114177], [7.62203902997056, 1.6720344501657876, -1.6860240154741635], [7.645066344011902, 4.568051123010905, -0.006871949506813468]], "name": "C4H10", "identifiers": {"molecule_hash": "193b4c249f850f5a6539517c5243c86da74a72b9", "molecular_formula": "C4H10"}, "molecular_charge": 0.0, "molecular_multiplicity": 1, "connectivity": [[0, 1, 1.0], [0, 4, 1.0], [0, 5, 1.0], [0, 6, 1.0], [1, 2, 1.0], [1, 7, 1.0], [1, 8, 1.0], [2, 3, 1.0], [2, 9, 1.0], [2, 10, 1.0], [3, 11, 1.0], [3, 12, 1.0], [3, 13, 1.0]], "fix_com": true, "fix_orientation": true, "provenance": {"creator": "QCElemental", "version": "v0.22.0", "routine": "qcelemental.molparse.from_schema"}, "id": "12248"}, "charge": 0, "optimize_geometry": false, "conformers": [], "conformer_generation_options": {"n_conformer_pool": 4000, "n_max_conformers": 0, "rms_tolerance": 0.05, "energy_window": 15, "keep_original_conformer": true}, "stage_1_unrestrained_charges": null, "stage_1_restrained_charges": null, "stage_2_unrestrained_charges": null, "stage_2_restrained_charges": null, "keep_original_orientation": false, "reorientations": [], "translations": [], "rotations": []}}, {"index": 2, "molecule": {"qcmol": {"schema_name": "qcschema_molecule", "schema_version": 2, "validated": true, "symbols": ["C", "C", "C", "C", "H", "H", "H", "H", "H", "H", "H", "H", "H", "H"], "geometry": [[0.0, 0.0, -0.0], [2.871629658641141, -1.4400277659089171e-15, -6.598648080925849e-16], [4.006347982719825, 2.642926970111332, -2.220446049250313e-16], [6.877943514419416, 2.642936126374006, -0.00934850852870639], [-0.7669662372344905, -1.9251727735765773, -0.0012138961829858963], [-0.749636564387299, 0.9739715241225992, 1.6724184044430435], [-0.7497563602566664, 0.9760654323297795, -1.671137376031085], [3.5715416550610852, -1.0411235631946103, 1.6594871141032317], [3.57193392597517, -1.041258178742709, -1.6592344875792104], [3.3118060129770677, 3.6818445299567584, 1.663084343676716], [3.3010283370035705, 3.68630709535586, -1.6557684043081649], [7.632951997626205, 1.6636224424347257, 1.657560628114177], [7.62203902997056, 1.6720344501657876, -1.6860240154741635], [7.645066344011902, 4.568051123010905, -0.006871949506813468]], "name": "C4H10", "identifiers": {"molecule_hash": "193b4c249f850f5a6539517c5243c86da74a72b9", "molecular_formula": "C4H10"}, "molecular_charge": 0.0, "molecular_multiplicity": 1, "connectivity": [[0, 1, 1.0], [0, 4, 1.0], [0, 5, 1.0], [0, 6, 1.0], [1, 2, 1.0], [1, 7, 1.0], [1, 8, 1.0], [2, 3, 1.0], [2, 9, 1.0], [2, 10, 1.0], [3, 11, 1.0], [3, 12, 1.0], [3, 13, 1.0]], "fix_com": true, "fix_orientation": true, "provenance": {"creator": "QCElemental", "version": "v0.22.0", "routine": "qcelemental.molparse.from_schema"}, "id": "12248"}, "charge": 0, "optimize_geometry": false, "conformers": [], "conformer_generation_options": {"n_conformer_pool": 4000, "n_max_conformers": 0, "rms_tolerance": 0.05, "energy_window": 15, "keep_original_conformer": true}, "stage_1_unrestrained_charges": null, "stage_1_restrained_charges": null, "stage_2_unrestrained_charges": null, "stage_2_restrained_charges": null, "keep_original_orientation": false, "reorientations": [], "translations": [], "rotations": []}}, {"index": 3, "molecule": {"qcmol": {"schema_name": "qcschema_molecule", "schema_version": 2, "validated": true, "symbols": ["C", "C", "C", "C", "H", "H", "H", "H", "H", "H", "H", "H", "H", "H"], "geometry": [[0.0, 0.0, -0.0], [2.871629658641141, -1.4400277659089171e-15, -6.598648080925849e-16], [4.006347982719825, 2.642926970111332, -2.220446049250313e-16], [6.877943514419416, 2.642936126374006, -0.00934850852870639], [-0.7669662372344905, -1.9251727735765773, -0.0012138961829858963], [-0.749636564387299, 0.9739715241225992, 1.6724184044430435], [-0.7497563602566664, 0.9760654323297795, -1.671137376031085], [3.5715416550610852, -1.0411235631946103, 1.6594871141032317], [3.57193392597517, -1.041258178742709, -1.6592344875792104], [3.3118060129770677, 3.6818445299567584, 1.663084343676716], [3.3010283370035705, 3.68630709535586, -1.6557684043081649], [7.632951997626205, 1.6636224424347257, 1.657560628114177], [7.62203902997056, 1.6720344501657876, -1.6860240154741635], [7.645066344011902, 4.568051123010905, -0.006871949506813468]], "name": "C4H10", "identifiers": {"molecule_hash": "193b4c249f850f5a6539517c5243c86da74a72b9", "molecular_formula": "C4H10"}, "molecular_charge": 0.0, "molecular_multiplicity": 1, "connectivity": [[0, 1, 1.0], [0, 4, 1.0], [0, 5, 1.0], [0, 6, 1.0], [1, 2, 1.0], [1, 7, 1.0], [1, 8, 1.0], [2, 3, 1.0], [2, 9, 1.0], [2, 10, 1.0], [3, 11, 1.0], [3, 12, 1.0], [3, 13, 1.0]], "fix_com": true, "fix_orientation": true, "provenance": {"creator": "QCElemental", "version": "v0.22.0", "routine": "qcelemental.molparse.from_schema"}, "id": "12248"}, "charge": 0, "optimize_geometry": false, "conformers": [], "conformer_generation_options": {"n_conformer_pool": 4000, "n_max_conformers": 0, "rms_tolerance": 0.05, "energy_window": 15, "keep_original_conformer": true}, "stage_1_unrestrained_charges": null, "stage_1_restrained_charges": null, "stage_2_unrestrained_charges": null, "stage_2_restrained_charges": null, "keep_original_orientation": false, "reorientations": [], "translations": [], "rotations": []}}]}, "surface_constraints": {"matrix": [[25337664186633.38, 24452386656737.617, 23350803514810.645, 22470435426942.41, 25476257272660.066, 25427706368506.91, 25437328353727.934, 24346088888552.676, 24338128159725.367, 23108966362142.375, 23116086378859.332, 22015742167269.06, 22595523433178.246, 21888534381594.79], [24452386656737.617, 25090067199110.363, 24334698795959.992, 23341275118503.73, 24195910627809.645, 24170126206182.83, 24152997124221.098, 25429895441182.83, 25420393909732.008, 24247037363791.305, 24253496569084.83, 22936470514011.453, 23090230407779.336, 22974296734633.86], [23350803514810.645, 24334698795959.992, 25058441173795.117, 24408013751261.523, 23209428876413.746, 22719013330385.508, 23104562361295.8, 24260035006136.05, 24252711507386.117, 25384182848994.348, 25394248664508.3, 24131343528486.566, 24101014632351.863, 24151417396481.176], [22470435426942.41, 23341275118503.73, 24408013751261.523, 25283700199584.44, 22094800607993.668, 21807086398293.902, 22601111855732.156, 23111466039100.02, 23107842681608.395, 24285673577498.926, 24295683273637.004, 25392118981546.465, 25371561746802.57, 25415749355485.55], [25476257272660.066, 24195910627809.645, 23209428876413.746, 22094800607993.668, 26801474263809.637, 25139031938486.582, 25169875691397.13, 23886094848285.984, 23876472453954.91, 23103656762012.594, 23110908970246.805, 21645751487237.25, 22379635500269.7, 21177034072995.086], [25427706368506.91, 24170126206182.83, 22719013330385.508, 21807086398293.902, 25139031938486.582, 26650214697364.117, 25134675622787.87, 24276978605031.703, 23861857409853.863, 22461710926158.348, 22311003901107.0, 21444913227226.152, 21750516792189.77, 21305478397253.062], [25437328353727.934, 24152997124221.098, 23104562361295.8, 22601111855732.156, 25169875691397.13, 25134675622787.87, 26691101360125.07, 23672870307995.156, 24075260103414.613, 22644806278774.402, 22810088367590.984, 22024299283343.332, 23043135972284.074, 22118672111011.02], [24346088888552.676, 25429895441182.83, 24260035006136.05, 23111466039100.02, 23886094848285.984, 24276978605031.703, 23672870307995.156, 26904207486683.36, 25330100407555.258, 24351045785143.816, 23801176223234.617, 22939952366994.555, 22595943724198.773, 22676935102378.777], [24338128159725.367, 25420393909732.008, 24252711507386.117, 23107842681608.395, 23876472453954.91, 23861857409853.863, 24075260103414.613, 25330100407555.258, 26882090527425.695, 23788147610914.906, 24347393912376.215, 22436291891736.324, 22847732145470.387, 22920228777327.82], [23108966362142.375, 24247037363791.305, 25384182848994.348, 24285673577498.926, 23103656762012.594, 22461710926158.348, 22644806278774.402, 24351045785143.816, 23788147610914.906, 26836893556401.215, 25298868193132.81, 24014595358067.74, 23807033264036.297, 23831695994627.81], [23116086378859.332, 24253496569084.83, 25394248664508.3, 24295683273637.004, 23110908970246.805, 22311003901107.0, 22810088367590.984, 23801176223234.617, 24347393912376.215, 25298868193132.81, 26859499460733.633, 23831562751229.977, 23824979265128.29, 24025914535930.945], [22015742167269.06, 22936470514011.453, 24131343528486.566, 25392118981546.465, 21645751487237.25, 21444913227226.152, 22024299283343.332, 22939952366994.555, 22436291891736.324, 24014595358067.74, 23831562751229.977, 26647950301786.89, 25090737055105.42, 25099595844116.996], [22595523433178.246, 23090230407779.336, 24101014632351.863, 25371561746802.57, 22379635500269.7, 21750516792189.77, 23043135972284.074, 22595943724198.773, 22847732145470.387, 23807033264036.297, 23824979265128.29, 25090737055105.42, 26606091605335.863, 25100463143490.51], [21888534381594.79, 22974296734633.86, 24151417396481.176, 25415749355485.55, 21177034072995.086, 21305478397253.062, 22118672111011.02, 22676935102378.777, 22920228777327.82, 23831695994627.81, 24025914535930.945, 25099595844116.996, 25100463143490.51, 26710273595390.133], [31179337088.99817, 41369922267.38893, 41297195557.59806, 31158635524.355743, 32735937346.33519, 28288815292.578026, 29226550103.974476, 44123856372.54493, 44103085865.85219, 43929815130.04789, 43983515436.8836, 29654517416.22203, 29248913897.533867, 31285561042.804325]]}}