{"resp_b": 0.1, "restrained_fit": true, "exclude_hydrogens": true, "convergence_tolerance": 1e-06, "max_iter": 500, "resp_a": 0.0005, "charge_constraints": {"charge_sum_constraints": [], "charge_equivalence_constraints": [], "molecules": [{"qcmol": {"schema_name": "qcschema_molecule", "schema_version": 2, "validated": true, "symbols": ["C", "C", "C", "C", "C", "C", "H", "H", "H", "H", "H", "H", "H", "H", "H", "H", "H", "H", "H", "H"], "geometry": [[0.0, 0.0, 0.0], [2.8891801249596365, -9.931366864664225e-17, 3.19124947308111e-16], [3.992513068415306, 2.6736612242812043, 8.881784197001252e-16], [6.875579750896758, 2.8672010455581125, -0.24851061184720802], [8.427249136060558, 1.710382303739702, 1.9284265541642858], [9.276717148947162, -1.0219166114193317, 1.5006885339255431], [-0.7401512241986548, 0.9742890969174433, 1.6488322096959058], [-0.7416601062451573, 0.9439589767796129, -1.6653472876692414], [-0.744404194781014, -1.9118093793719964, 0.01870324730347228], [3.554162691679949, -1.0335983434934952, 1.64367588343694], [3.5703313757991317, -1.023884272780743, -1.6479587079044136], [3.149783720340692, 3.725963068633436, -1.5536656091840468], [3.4066170583672077, 3.6378348775486735, 1.7211924277836372], [7.335676142822123, 4.864022166931051, -0.3900509298466741], [7.46625554020417, 2.028129565775278, -2.031705272984931], [10.109536664451424, 2.8519973103254617, 2.218247997764432], [7.3564651342906044, 1.8360444392835171, 3.6792203426714893], [10.373789964763107, -1.7021127540172865, 3.0963153832161967], [10.46146495957738, -1.1593700265969342, -0.17045526604487565], [7.695884075175028, -2.298792117120507, 1.244085115443545]], "name": "C6H14", "identifiers": {"molecule_hash": "bb79c1d25668475ca5493f5d83a15f921d49613b", "molecular_formula": "C6H14"}, "molecular_charge": 0.0, "molecular_multiplicity": 1, "connectivity": [[0, 1, 1.0], [0, 6, 1.0], [0, 7, 1.0], [0, 8, 1.0], [1, 2, 1.0], [1, 9, 1.0], [1, 10, 1.0], [2, 3, 1.0], [2, 11, 1.0], [2, 12, 1.0], [3, 4, 1.0], [3, 13, 1.0], [3, 14, 1.0], [4, 5, 1.0], [4, 15, 1.0], [4, 16, 1.0], [5, 17, 1.0], [5, 18, 1.0], [5, 19, 1.0]], "fix_com": true, "fix_orientation": true, "provenance": {"creator": "QCElemental", "version": "v0.22.0", "routine": "qcelemental.molparse.from_schema"}, "id": "32872"}, "charge": 0, "optimize_geometry": false, "conformers": [], "conformer_generation_options": {"n_conformer_pool": 4000, "n_max_conformers": 0, "rms_tolerance": 0.05, "energy_window": 15, "keep_original_conformer": true}, "stage_1_unrestrained_charges": null, "stage_1_restrained_charges": null, "stage_2_unrestrained_charges": null, "stage_2_restrained_charges": null, "keep_original_orientation": false, "reorientations": [], "translations": [], "rotations": []}], "unconstrained_atoms": [{"index": 0, "molecule": {"qcmol": {"schema_name": "qcschema_molecule", "schema_version": 2, "validated": true, "symbols": ["C", "C", "C", "C", "C", "C", "H", "H", "H", "H", "H", "H", "H", "H", "H", "H", "H", "H", "H", "H"], "geometry": [[0.0, 0.0, 0.0], [2.8891801249596365, -9.931366864664225e-17, 3.19124947308111e-16], [3.992513068415306, 2.6736612242812043, 8.881784197001252e-16], [6.875579750896758, 2.8672010455581125, -0.24851061184720802], [8.427249136060558, 1.710382303739702, 1.9284265541642858], [9.276717148947162, -1.0219166114193317, 1.5006885339255431], [-0.7401512241986548, 0.9742890969174433, 1.6488322096959058], [-0.7416601062451573, 0.9439589767796129, -1.6653472876692414], [-0.744404194781014, -1.9118093793719964, 0.01870324730347228], [3.554162691679949, -1.0335983434934952, 1.64367588343694], [3.5703313757991317, -1.023884272780743, -1.6479587079044136], [3.149783720340692, 3.725963068633436, -1.5536656091840468], [3.4066170583672077, 3.6378348775486735, 1.7211924277836372], [7.335676142822123, 4.864022166931051, -0.3900509298466741], [7.46625554020417, 2.028129565775278, -2.031705272984931], [10.109536664451424, 2.8519973103254617, 2.218247997764432], [7.3564651342906044, 1.8360444392835171, 3.6792203426714893], [10.373789964763107, -1.7021127540172865, 3.0963153832161967], [10.46146495957738, -1.1593700265969342, -0.17045526604487565], [7.695884075175028, -2.298792117120507, 1.244085115443545]], "name": "C6H14", "identifiers": {"molecule_hash": "bb79c1d25668475ca5493f5d83a15f921d49613b", "molecular_formula": "C6H14"}, "molecular_charge": 0.0, "molecular_multiplicity": 1, "connectivity": [[0, 1, 1.0], [0, 6, 1.0], [0, 7, 1.0], [0, 8, 1.0], [1, 2, 1.0], [1, 9, 1.0], [1, 10, 1.0], [2, 3, 1.0], [2, 11, 1.0], [2, 12, 1.0], [3, 4, 1.0], [3, 13, 1.0], [3, 14, 1.0], [4, 5, 1.0], [4, 15, 1.0], [4, 16, 1.0], [5, 17, 1.0], [5, 18, 1.0], [5, 19, 1.0]], "fix_com": true, "fix_orientation": true, "provenance": {"creator": "QCElemental", "version": "v0.22.0", "routine": "qcelemental.molparse.from_schema"}, "id": "32872"}, "charge": 0, "optimize_geometry": false, "conformers": [], "conformer_generation_options": {"n_conformer_pool": 4000, "n_max_conformers": 0, "rms_tolerance": 0.05, "energy_window": 15, "keep_original_conformer": true}, "stage_1_unrestrained_charges": null, "stage_1_restrained_charges": null, "stage_2_unrestrained_charges": null, "stage_2_restrained_charges": null, "keep_original_orientation": false, "reorientations": [], "translations": [], "rotations": []}}, {"index": 1, "molecule": {"qcmol": {"schema_name": "qcschema_molecule", "schema_version": 2, "validated": true, "symbols": ["C", "C", "C", "C", "C", "C", "H", "H", "H", "H", "H", "H", "H", "H", "H", "H", "H", "H", "H", "H"], "geometry": [[0.0, 0.0, 0.0], [2.8891801249596365, -9.931366864664225e-17, 3.19124947308111e-16], [3.992513068415306, 2.6736612242812043, 8.881784197001252e-16], [6.875579750896758, 2.8672010455581125, -0.24851061184720802], [8.427249136060558, 1.710382303739702, 1.9284265541642858], [9.276717148947162, -1.0219166114193317, 1.5006885339255431], [-0.7401512241986548, 0.9742890969174433, 1.6488322096959058], [-0.7416601062451573, 0.9439589767796129, -1.6653472876692414], [-0.744404194781014, -1.9118093793719964, 0.01870324730347228], [3.554162691679949, -1.0335983434934952, 1.64367588343694], [3.5703313757991317, -1.023884272780743, -1.6479587079044136], [3.149783720340692, 3.725963068633436, -1.5536656091840468], [3.4066170583672077, 3.6378348775486735, 1.7211924277836372], [7.335676142822123, 4.864022166931051, -0.3900509298466741], [7.46625554020417, 2.028129565775278, -2.031705272984931], [10.109536664451424, 2.8519973103254617, 2.218247997764432], [7.3564651342906044, 1.8360444392835171, 3.6792203426714893], [10.373789964763107, -1.7021127540172865, 3.0963153832161967], [10.46146495957738, -1.1593700265969342, -0.17045526604487565], [7.695884075175028, -2.298792117120507, 1.244085115443545]], "name": "C6H14", "identifiers": {"molecule_hash": "bb79c1d25668475ca5493f5d83a15f921d49613b", "molecular_formula": "C6H14"}, "molecular_charge": 0.0, "molecular_multiplicity": 1, "connectivity": [[0, 1, 1.0], [0, 6, 1.0], [0, 7, 1.0], [0, 8, 1.0], [1, 2, 1.0], [1, 9, 1.0], [1, 10, 1.0], [2, 3, 1.0], [2, 11, 1.0], [2, 12, 1.0], [3, 4, 1.0], [3, 13, 1.0], [3, 14, 1.0], [4, 5, 1.0], [4, 15, 1.0], [4, 16, 1.0], [5, 17, 1.0], [5, 18, 1.0], [5, 19, 1.0]], "fix_com": true, "fix_orientation": true, "provenance": {"creator": "QCElemental", "version": "v0.22.0", "routine": "qcelemental.molparse.from_schema"}, "id": "32872"}, "charge": 0, "optimize_geometry": false, "conformers": [], "conformer_generation_options": {"n_conformer_pool": 4000, "n_max_conformers": 0, "rms_tolerance": 0.05, "energy_window": 15, "keep_original_conformer": true}, "stage_1_unrestrained_charges": null, "stage_1_restrained_charges": null, "stage_2_unrestrained_charges": null, "stage_2_restrained_charges": null, "keep_original_orientation": false, "reorientations": [], "translations": [], "rotations": []}}, {"index": 2, "molecule": {"qcmol": {"schema_name": "qcschema_molecule", "schema_version": 2, "validated": true, "symbols": ["C", "C", "C", "C", "C", "C", "H", "H", "H", "H", "H", "H", "H", "H", "H", "H", "H", "H", "H", "H"], "geometry": [[0.0, 0.0, 0.0], [2.8891801249596365, -9.931366864664225e-17, 3.19124947308111e-16], [3.992513068415306, 2.6736612242812043, 8.881784197001252e-16], [6.875579750896758, 2.8672010455581125, -0.24851061184720802], [8.427249136060558, 1.710382303739702, 1.9284265541642858], [9.276717148947162, -1.0219166114193317, 1.5006885339255431], [-0.7401512241986548, 0.9742890969174433, 1.6488322096959058], [-0.7416601062451573, 0.9439589767796129, -1.6653472876692414], [-0.744404194781014, -1.9118093793719964, 0.01870324730347228], [3.554162691679949, -1.0335983434934952, 1.64367588343694], [3.5703313757991317, -1.023884272780743, -1.6479587079044136], [3.149783720340692, 3.725963068633436, -1.5536656091840468], [3.4066170583672077, 3.6378348775486735, 1.7211924277836372], [7.335676142822123, 4.864022166931051, -0.3900509298466741], [7.46625554020417, 2.028129565775278, -2.031705272984931], [10.109536664451424, 2.8519973103254617, 2.218247997764432], [7.3564651342906044, 1.8360444392835171, 3.6792203426714893], [10.373789964763107, -1.7021127540172865, 3.0963153832161967], [10.46146495957738, -1.1593700265969342, -0.17045526604487565], [7.695884075175028, -2.298792117120507, 1.244085115443545]], "name": "C6H14", "identifiers": {"molecule_hash": "bb79c1d25668475ca5493f5d83a15f921d49613b", "molecular_formula": "C6H14"}, "molecular_charge": 0.0, "molecular_multiplicity": 1, "connectivity": [[0, 1, 1.0], [0, 6, 1.0], [0, 7, 1.0], [0, 8, 1.0], [1, 2, 1.0], [1, 9, 1.0], [1, 10, 1.0], [2, 3, 1.0], [2, 11, 1.0], [2, 12, 1.0], [3, 4, 1.0], [3, 13, 1.0], [3, 14, 1.0], [4, 5, 1.0], [4, 15, 1.0], [4, 16, 1.0], [5, 17, 1.0], [5, 18, 1.0], [5, 19, 1.0]], "fix_com": true, "fix_orientation": true, "provenance": {"creator": "QCElemental", "version": "v0.22.0", "routine": "qcelemental.molparse.from_schema"}, "id": "32872"}, "charge": 0, "optimize_geometry": false, "conformers": [], "conformer_generation_options": {"n_conformer_pool": 4000, "n_max_conformers": 0, "rms_tolerance": 0.05, "energy_window": 15, "keep_original_conformer": true}, "stage_1_unrestrained_charges": null, "stage_1_restrained_charges": null, "stage_2_unrestrained_charges": null, "stage_2_restrained_charges": null, "keep_original_orientation": false, "reorientations": [], "translations": [], "rotations": []}}, {"index": 3, "molecule": {"qcmol": {"schema_name": "qcschema_molecule", "schema_version": 2, "validated": true, "symbols": ["C", "C", "C", "C", "C", "C", "H", "H", "H", "H", "H", "H", "H", "H", "H", "H", "H", "H", "H", "H"], "geometry": [[0.0, 0.0, 0.0], [2.8891801249596365, -9.931366864664225e-17, 3.19124947308111e-16], [3.992513068415306, 2.6736612242812043, 8.881784197001252e-16], [6.875579750896758, 2.8672010455581125, -0.24851061184720802], [8.427249136060558, 1.710382303739702, 1.9284265541642858], [9.276717148947162, -1.0219166114193317, 1.5006885339255431], [-0.7401512241986548, 0.9742890969174433, 1.6488322096959058], [-0.7416601062451573, 0.9439589767796129, -1.6653472876692414], [-0.744404194781014, -1.9118093793719964, 0.01870324730347228], [3.554162691679949, -1.0335983434934952, 1.64367588343694], [3.5703313757991317, -1.023884272780743, -1.6479587079044136], [3.149783720340692, 3.725963068633436, -1.5536656091840468], [3.4066170583672077, 3.6378348775486735, 1.7211924277836372], [7.335676142822123, 4.864022166931051, -0.3900509298466741], [7.46625554020417, 2.028129565775278, -2.031705272984931], [10.109536664451424, 2.8519973103254617, 2.218247997764432], [7.3564651342906044, 1.8360444392835171, 3.6792203426714893], [10.373789964763107, -1.7021127540172865, 3.0963153832161967], [10.46146495957738, -1.1593700265969342, -0.17045526604487565], [7.695884075175028, -2.298792117120507, 1.244085115443545]], "name": "C6H14", "identifiers": {"molecule_hash": "bb79c1d25668475ca5493f5d83a15f921d49613b", "molecular_formula": "C6H14"}, "molecular_charge": 0.0, "molecular_multiplicity": 1, "connectivity": [[0, 1, 1.0], [0, 6, 1.0], [0, 7, 1.0], [0, 8, 1.0], [1, 2, 1.0], [1, 9, 1.0], [1, 10, 1.0], [2, 3, 1.0], [2, 11, 1.0], [2, 12, 1.0], [3, 4, 1.0], [3, 13, 1.0], [3, 14, 1.0], [4, 5, 1.0], [4, 15, 1.0], [4, 16, 1.0], [5, 17, 1.0], [5, 18, 1.0], [5, 19, 1.0]], "fix_com": true, "fix_orientation": true, "provenance": {"creator": "QCElemental", "version": "v0.22.0", "routine": "qcelemental.molparse.from_schema"}, "id": "32872"}, "charge": 0, "optimize_geometry": false, "conformers": [], "conformer_generation_options": {"n_conformer_pool": 4000, "n_max_conformers": 0, "rms_tolerance": 0.05, "energy_window": 15, "keep_original_conformer": true}, "stage_1_unrestrained_charges": null, "stage_1_restrained_charges": null, "stage_2_unrestrained_charges": null, "stage_2_restrained_charges": null, "keep_original_orientation": false, "reorientations": [], "translations": [], "rotations": []}}, {"index": 4, "molecule": {"qcmol": {"schema_name": "qcschema_molecule", "schema_version": 2, "validated": true, "symbols": ["C", "C", "C", "C", "C", "C", "H", "H", "H", "H", "H", "H", "H", "H", "H", "H", "H", "H", "H", "H"], "geometry": [[0.0, 0.0, 0.0], [2.8891801249596365, -9.931366864664225e-17, 3.19124947308111e-16], [3.992513068415306, 2.6736612242812043, 8.881784197001252e-16], [6.875579750896758, 2.8672010455581125, -0.24851061184720802], [8.427249136060558, 1.710382303739702, 1.9284265541642858], [9.276717148947162, -1.0219166114193317, 1.5006885339255431], [-0.7401512241986548, 0.9742890969174433, 1.6488322096959058], [-0.7416601062451573, 0.9439589767796129, -1.6653472876692414], [-0.744404194781014, -1.9118093793719964, 0.01870324730347228], [3.554162691679949, -1.0335983434934952, 1.64367588343694], [3.5703313757991317, -1.023884272780743, -1.6479587079044136], [3.149783720340692, 3.725963068633436, -1.5536656091840468], [3.4066170583672077, 3.6378348775486735, 1.7211924277836372], [7.335676142822123, 4.864022166931051, -0.3900509298466741], [7.46625554020417, 2.028129565775278, -2.031705272984931], [10.109536664451424, 2.8519973103254617, 2.218247997764432], [7.3564651342906044, 1.8360444392835171, 3.6792203426714893], [10.373789964763107, -1.7021127540172865, 3.0963153832161967], [10.46146495957738, -1.1593700265969342, -0.17045526604487565], [7.695884075175028, -2.298792117120507, 1.244085115443545]], "name": "C6H14", "identifiers": {"molecule_hash": "bb79c1d25668475ca5493f5d83a15f921d49613b", "molecular_formula": "C6H14"}, "molecular_charge": 0.0, "molecular_multiplicity": 1, "connectivity": [[0, 1, 1.0], [0, 6, 1.0], [0, 7, 1.0], [0, 8, 1.0], [1, 2, 1.0], [1, 9, 1.0], [1, 10, 1.0], [2, 3, 1.0], [2, 11, 1.0], [2, 12, 1.0], [3, 4, 1.0], [3, 13, 1.0], [3, 14, 1.0], [4, 5, 1.0], [4, 15, 1.0], [4, 16, 1.0], [5, 17, 1.0], [5, 18, 1.0], [5, 19, 1.0]], "fix_com": true, "fix_orientation": true, "provenance": {"creator": "QCElemental", "version": "v0.22.0", "routine": "qcelemental.molparse.from_schema"}, "id": "32872"}, "charge": 0, "optimize_geometry": false, "conformers": [], "conformer_generation_options": {"n_conformer_pool": 4000, "n_max_conformers": 0, "rms_tolerance": 0.05, "energy_window": 15, "keep_original_conformer": true}, "stage_1_unrestrained_charges": null, "stage_1_restrained_charges": null, "stage_2_unrestrained_charges": null, "stage_2_restrained_charges": null, "keep_original_orientation": false, "reorientations": [], "translations": [], "rotations": []}}, {"index": 5, "molecule": {"qcmol": {"schema_name": "qcschema_molecule", "schema_version": 2, "validated": true, "symbols": ["C", "C", "C", "C", "C", "C", "H", "H", "H", "H", "H", "H", "H", "H", "H", "H", "H", "H", "H", "H"], "geometry": [[0.0, 0.0, 0.0], [2.8891801249596365, -9.931366864664225e-17, 3.19124947308111e-16], [3.992513068415306, 2.6736612242812043, 8.881784197001252e-16], [6.875579750896758, 2.8672010455581125, -0.24851061184720802], [8.427249136060558, 1.710382303739702, 1.9284265541642858], [9.276717148947162, -1.0219166114193317, 1.5006885339255431], [-0.7401512241986548, 0.9742890969174433, 1.6488322096959058], [-0.7416601062451573, 0.9439589767796129, -1.6653472876692414], [-0.744404194781014, -1.9118093793719964, 0.01870324730347228], [3.554162691679949, -1.0335983434934952, 1.64367588343694], [3.5703313757991317, -1.023884272780743, -1.6479587079044136], [3.149783720340692, 3.725963068633436, -1.5536656091840468], [3.4066170583672077, 3.6378348775486735, 1.7211924277836372], [7.335676142822123, 4.864022166931051, -0.3900509298466741], [7.46625554020417, 2.028129565775278, -2.031705272984931], [10.109536664451424, 2.8519973103254617, 2.218247997764432], [7.3564651342906044, 1.8360444392835171, 3.6792203426714893], [10.373789964763107, -1.7021127540172865, 3.0963153832161967], [10.46146495957738, -1.1593700265969342, -0.17045526604487565], [7.695884075175028, -2.298792117120507, 1.244085115443545]], "name": "C6H14", "identifiers": {"molecule_hash": "bb79c1d25668475ca5493f5d83a15f921d49613b", "molecular_formula": "C6H14"}, "molecular_charge": 0.0, "molecular_multiplicity": 1, "connectivity": [[0, 1, 1.0], [0, 6, 1.0], [0, 7, 1.0], [0, 8, 1.0], [1, 2, 1.0], [1, 9, 1.0], [1, 10, 1.0], [2, 3, 1.0], [2, 11, 1.0], [2, 12, 1.0], [3, 4, 1.0], [3, 13, 1.0], [3, 14, 1.0], [4, 5, 1.0], [4, 15, 1.0], [4, 16, 1.0], [5, 17, 1.0], [5, 18, 1.0], [5, 19, 1.0]], "fix_com": true, "fix_orientation": true, "provenance": {"creator": "QCElemental", "version": "v0.22.0", "routine": "qcelemental.molparse.from_schema"}, "id": "32872"}, "charge": 0, "optimize_geometry": false, "conformers": [], "conformer_generation_options": {"n_conformer_pool": 4000, "n_max_conformers": 0, "rms_tolerance": 0.05, "energy_window": 15, "keep_original_conformer": true}, "stage_1_unrestrained_charges": null, "stage_1_restrained_charges": null, "stage_2_unrestrained_charges": null, "stage_2_restrained_charges": null, "keep_original_orientation": false, "reorientations": [], "translations": [], "rotations": []}}]}, "surface_constraints": {"matrix": [[287191132012321.06, 278525184731216.78, 268473381938015.0, 258241700247537.8, 243900472975515.9, 232143219251927.38, 288955098599432.4, 288542742365151.9, 289057600720553.8, 277509895044505.0, 277641722952573.06, 265837070843520.75, 269295361218039.34, 258096640365438.9, 260110073552332.75, 240217198932902.1, 244009066589203.12, 230018344857975.62, 227199341607284.1, 229186881925624.2], [278525184731216.78, 285074711721819.56, 278328039705086.16, 268179433605475.53, 254805078922758.25, 243504895480736.1, 276207284135799.84, 276000144918535.97, 276368714361311.38, 288719269897837.06, 288692496344167.44, 278514165579640.03, 278455525527948.4, 267410327139099.97, 269711581540800.66, 251359867334152.97, 254745698973944.6, 241884914950282.34, 239538225327337.4, 239284521452960.97], [268473381938015.0, 278328039705086.16, 285667004044217.1, 278608045683663.97, 268381259653476.56, 256585812500450.4, 265703261325075.84, 264814523149840.28, 265909039967591.47, 277980809276096.4, 277619293545868.25, 290024636155050.06, 290172103584040.4, 278661543479278.38, 278651119532399.34, 266555346071910.78, 269024067841259.97, 255285897850300.12, 252529612700570.38, 251676656302817.1], [258241700247537.8, 268179433605475.53, 278608045683663.97, 285672713118315.94, 278430960692187.4, 268535789500789.7, 257133123533518.34, 251972271017931.66, 256763719274248.8, 264009020328240.6, 269422575499244.84, 278615005947442.8, 278794780798483.28, 290040865433448.5, 290149610750249.9, 277979413947708.12, 277959400274987.03, 266789663642735.8, 266026706634231.22, 263678835854158.6], [243900472975515.9, 254805078922758.25, 268381259653476.56, 278430960692187.4, 285289438002266.75, 278619410348506.3, 243679426454655.88, 237382217665539.22, 241144540932895.9, 249719953430067.03, 255882517920080.4, 268826339329542.28, 268834807342561.3, 278471585072214.75, 278578584346283.3, 289003025022793.94, 289068565162767.1, 276070063392125.53, 276310274532699.94, 276321073849521.28], [232143219251927.38, 243504895480736.1, 256585812500450.4, 268535789500789.7, 278619410348506.3, 287206546137935.9, 232473812617690.12, 224986049521309.88, 229320548723911.5, 239108762922989.88, 244953366387727.3, 256310773006371.0, 256202853415477.9, 268368814464746.72, 268394501844856.4, 277714220039559.1, 277767159260498.72, 288724202295045.4, 288867910954767.1, 288877238532574.06], [288955098599432.4, 276207284135799.84, 265703261325075.84, 257133123533518.34, 243679426454655.88, 232473812617690.12, 302498147915406.44, 286134383782459.3, 286763436866223.8, 273425580403430.7, 274392777383976.56, 261529909229057.2, 266362326583434.9, 258405454779131.84, 258196383296947.9, 239918998402943.56, 244103491089563.16, 230247968602959.78, 226927830662851.56, 230506498401226.3], [288542742365151.9, 276000144918535.97, 264814523149840.28, 251972271017931.66, 237382217665539.22, 224986049521309.88, 286134383782459.3, 301812517546210.5, 286019472183416.1, 274820125398320.7, 273172966134798.1, 263198823640270.7, 266095491236941.47, 250250385831690.88, 253693262694036.97, 233708437285352.22, 237928014969704.75, 223088657002008.44, 220026699233917.94, 221376260412001.44], [289057600720553.8, 276368714361311.38, 265909039967591.47, 256763719274248.8, 241144540932895.9, 229320548723911.5, 286763436866223.8, 286019472183416.1, 302868435628489.7, 273425099241644.9, 274625715324523.78, 261886039577262.88, 266901062915301.44, 257319345365814.4, 259910606523743.28, 237319769988999.3, 240546308299683.62, 226723321583651.25, 224312409880623.2, 227011027269078.25], [277509895044505.0, 288719269897837.06, 277980809276096.4, 264009020328240.6, 249719953430067.03, 239108762922989.88, 273425580403430.7, 274820125398320.7, 273425099241644.9, 303715221520010.56, 288092262366476.94, 278458847599241.12, 277833710414681.88, 260902930520544.22, 266020964943305.0, 244056736577932.7, 250659661143447.22, 238573026717104.8, 235358627780290.78, 234079493752329.3], [277641722952573.06, 288692496344167.44, 277619293545868.25, 269422575499244.84, 255882517920080.4, 244953366387727.3, 274392777383976.56, 273172966134798.1, 274625715324523.78, 288092262366476.94, 303945339886717.0, 276475204108294.62, 273765993056098.25, 269910223380673.88, 271181987000389.72, 253739068597110.7, 254241031206647.2, 242556694774728.47, 241637964700446.75, 241129050835529.6], [265837070843520.75, 278514165579640.03, 290024636155050.06, 278615005947442.8, 268826339329542.28, 256310773006371.0, 261529909229057.2, 263198823640270.7, 261886039577262.88, 278458847599241.12, 276475204108294.62, 305730699358316.8, 290286269326003.9, 276657109552423.5, 276699842138036.22, 266660624427778.22, 270711117613257.78, 254510759431387.34, 251699680400581.28, 252025853382909.1], [269295361218039.34, 278455525527948.4, 290172103584040.4, 278794780798483.28, 268834807342561.3, 256202853415477.9, 266362326583434.9, 266095491236941.47, 266901062915301.44, 277833710414681.88, 273765993056098.25, 290286269326003.9, 306216588374554.0, 277995321126386.62, 275813462220090.4, 267805956985249.97, 269575217263513.62, 256150800118898.16, 251529755559798.6, 250157587021412.03], [258096640365438.9, 267410327139099.97, 278661543479278.38, 290040865433448.5, 278471585072214.75, 268368814464746.72, 258405454779131.84, 250250385831690.88, 257319345365814.4, 260902930520544.22, 269910223380673.88, 276657109552423.5, 277995321126386.62, 305714784208136.0, 290423217630767.9, 276928528416047.84, 275674931785903.7, 268596689134638.53, 265513681573377.28, 261773713156661.47], [260110073552332.75, 269711581540800.66, 278651119532399.34, 290149610750249.9, 278578584346283.3, 268394501844856.4, 258196383296947.9, 253693262694036.97, 259910606523743.28, 266020964943305.0, 271181987000389.72, 276699842138036.22, 275813462220090.4, 290423217630767.9, 306079368296191.75, 276978902425074.2, 275914852755182.7, 264866352161679.8, 267438932939208.84, 263585549952972.97], [240217198932902.1, 251359867334152.97, 266555346071910.78, 277979413947708.12, 289003025022793.94, 277714220039559.1, 239918998402943.56, 233708437285352.22, 237319769988999.3, 244056736577932.7, 253739068597110.7, 266660624427778.22, 267805956985249.97, 276928528416047.84, 276978902425074.2, 304145505982532.2, 288608966331791.0, 271313441064569.25, 275300736017206.62, 275565559514796.03], [244009066589203.12, 254745698973944.6, 269024067841259.97, 277959400274987.03, 289068565162767.1, 277767159260498.72, 244103491089563.16, 237928014969704.75, 240546308299683.62, 250659661143447.22, 254241031206647.2, 270711117613257.78, 269575217263513.62, 275674931785903.7, 275914852755182.7, 288608966331791.0, 304415511713609.1, 275269803955732.2, 272584323057743.78, 274463383696098.0], [230018344857975.62, 241884914950282.34, 255285897850300.12, 266789663642735.8, 276070063392125.53, 288724202295045.4, 230247968602959.78, 223088657002008.44, 226723321583651.25, 238573026717104.8, 242556694774728.47, 254510759431387.34, 256150800118898.16, 268596689134638.53, 264866352161679.8, 271313441064569.25, 275269803955732.2, 302073954360539.4, 286212199753005.3, 286304965019280.8], [227199341607284.1, 239538225327337.4, 252529612700570.38, 266026706634231.22, 276310274532699.94, 288867910954767.1, 226927830662851.56, 220026699233917.94, 224312409880623.2, 235358627780290.78, 241637964700446.75, 251699680400581.28, 251529755559798.6, 265513681573377.28, 267438932939208.84, 275300736017206.62, 272584323057743.78, 286212199753005.3, 302507249957850.44, 286215583346368.94], [229186881925624.2, 239284521452960.97, 251676656302817.1, 263678835854158.6, 276321073849521.28, 288877238532574.06, 230506498401226.3, 221376260412001.44, 227011027269078.25, 234079493752329.3, 241129050835529.6, 252025853382909.1, 250157587021412.03, 261773713156661.47, 263585549952972.97, 275565559514796.03, 274463383696098.0, 286304965019280.8, 286215583346368.94, 302327809380323.56], [795527156634.4408, 1030976907595.7234, 1139294945275.1738, 1134375353517.549, 1030661027892.7397, 768365383095.6396, 748550842185.9822, 748659945731.2646, 751001697900.6187, 1050071787379.1611, 1060285126924.1305, 1179146417619.7996, 1173217146769.8489, 1153149291020.5103, 1175875237566.1084, 1068389370787.5028, 1067290874023.1267, 717606156985.0077, 732280752437.0337, 692965607509.0916]]}}