{"resp_b": 0.1, "restrained_fit": true, "exclude_hydrogens": true, "convergence_tolerance": 1e-06, "max_iter": 500, "resp_a": 0.0005, "charge_constraints": {"charge_sum_constraints": [], "charge_equivalence_constraints": [], "molecules": [{"qcmol": {"schema_name": "qcschema_molecule", "schema_version": 2, "validated": true, "symbols": ["C", "C", "C", "C", "C", "C", "H", "H", "H", "H", "H", "H", "H", "H", "H", "H", "H", "H", "H", "H"], "geometry": [[0.0, 0.0, 0.0], [2.8891801249596365, -9.931366864664225e-17, 3.19124947308111e-16], [3.992513068415306, 2.6736612242812043, 8.881784197001252e-16], [6.875579750896758, 2.8672010455581125, -0.24851061184720802], [8.427249136060558, 1.710382303739702, 1.9284265541642858], [9.276717148947162, -1.0219166114193317, 1.5006885339255431], [-0.7401512241986548, 0.9742890969174433, 1.6488322096959058], [-0.7416601062451573, 0.9439589767796129, -1.6653472876692414], [-0.744404194781014, -1.9118093793719964, 0.01870324730347228], [3.554162691679949, -1.0335983434934952, 1.64367588343694], [3.5703313757991317, -1.023884272780743, -1.6479587079044136], [3.149783720340692, 3.725963068633436, -1.5536656091840468], [3.4066170583672077, 3.6378348775486735, 1.7211924277836372], [7.335676142822123, 4.864022166931051, -0.3900509298466741], [7.46625554020417, 2.028129565775278, -2.031705272984931], [10.109536664451424, 2.8519973103254617, 2.218247997764432], [7.3564651342906044, 1.8360444392835171, 3.6792203426714893], [10.373789964763107, -1.7021127540172865, 3.0963153832161967], [10.46146495957738, -1.1593700265969342, -0.17045526604487565], [7.695884075175028, -2.298792117120507, 1.244085115443545]], "name": "C6H14", "identifiers": {"molecule_hash": "bb79c1d25668475ca5493f5d83a15f921d49613b", "molecular_formula": "C6H14"}, "molecular_charge": 0.0, "molecular_multiplicity": 1, "connectivity": [[0, 1, 1.0], [0, 6, 1.0], [0, 7, 1.0], [0, 8, 1.0], [1, 2, 1.0], [1, 9, 1.0], [1, 10, 1.0], [2, 3, 1.0], [2, 11, 1.0], [2, 12, 1.0], [3, 4, 1.0], [3, 13, 1.0], [3, 14, 1.0], [4, 5, 1.0], [4, 15, 1.0], [4, 16, 1.0], [5, 17, 1.0], [5, 18, 1.0], [5, 19, 1.0]], "fix_com": true, "fix_orientation": true, "provenance": {"creator": "QCElemental", "version": "v0.22.0", "routine": "qcelemental.molparse.from_schema"}, "id": "32872"}, "charge": 0, "optimize_geometry": false, "conformers": [], "conformer_generation_options": {"n_conformer_pool": 4000, "n_max_conformers": 0, "rms_tolerance": 0.05, "energy_window": 15, "keep_original_conformer": true}, "stage_1_unrestrained_charges": null, "stage_1_restrained_charges": null, "stage_2_unrestrained_charges": null, "stage_2_restrained_charges": null, "keep_original_orientation": false, "reorientations": [], "translations": [], "rotations": []}], "unconstrained_atoms": [{"index": 0, "molecule": {"qcmol": {"schema_name": "qcschema_molecule", "schema_version": 2, "validated": true, "symbols": ["C", "C", "C", "C", "C", "C", "H", "H", "H", "H", "H", "H", "H", "H", "H", "H", "H", "H", "H", "H"], "geometry": [[0.0, 0.0, 0.0], [2.8891801249596365, -9.931366864664225e-17, 3.19124947308111e-16], [3.992513068415306, 2.6736612242812043, 8.881784197001252e-16], [6.875579750896758, 2.8672010455581125, -0.24851061184720802], [8.427249136060558, 1.710382303739702, 1.9284265541642858], [9.276717148947162, -1.0219166114193317, 1.5006885339255431], [-0.7401512241986548, 0.9742890969174433, 1.6488322096959058], [-0.7416601062451573, 0.9439589767796129, -1.6653472876692414], [-0.744404194781014, -1.9118093793719964, 0.01870324730347228], [3.554162691679949, -1.0335983434934952, 1.64367588343694], [3.5703313757991317, -1.023884272780743, -1.6479587079044136], [3.149783720340692, 3.725963068633436, -1.5536656091840468], [3.4066170583672077, 3.6378348775486735, 1.7211924277836372], [7.335676142822123, 4.864022166931051, -0.3900509298466741], [7.46625554020417, 2.028129565775278, -2.031705272984931], [10.109536664451424, 2.8519973103254617, 2.218247997764432], [7.3564651342906044, 1.8360444392835171, 3.6792203426714893], [10.373789964763107, -1.7021127540172865, 3.0963153832161967], [10.46146495957738, -1.1593700265969342, -0.17045526604487565], [7.695884075175028, -2.298792117120507, 1.244085115443545]], "name": "C6H14", "identifiers": {"molecule_hash": "bb79c1d25668475ca5493f5d83a15f921d49613b", "molecular_formula": "C6H14"}, "molecular_charge": 0.0, "molecular_multiplicity": 1, "connectivity": [[0, 1, 1.0], [0, 6, 1.0], [0, 7, 1.0], [0, 8, 1.0], [1, 2, 1.0], [1, 9, 1.0], [1, 10, 1.0], [2, 3, 1.0], [2, 11, 1.0], [2, 12, 1.0], [3, 4, 1.0], [3, 13, 1.0], [3, 14, 1.0], [4, 5, 1.0], [4, 15, 1.0], [4, 16, 1.0], [5, 17, 1.0], [5, 18, 1.0], [5, 19, 1.0]], "fix_com": true, "fix_orientation": true, "provenance": {"creator": "QCElemental", "version": "v0.22.0", "routine": "qcelemental.molparse.from_schema"}, "id": "32872"}, "charge": 0, "optimize_geometry": false, "conformers": [], "conformer_generation_options": {"n_conformer_pool": 4000, "n_max_conformers": 0, "rms_tolerance": 0.05, "energy_window": 15, "keep_original_conformer": true}, "stage_1_unrestrained_charges": null, "stage_1_restrained_charges": null, "stage_2_unrestrained_charges": null, "stage_2_restrained_charges": null, "keep_original_orientation": false, "reorientations": [], "translations": [], "rotations": []}}, {"index": 1, "molecule": {"qcmol": {"schema_name": "qcschema_molecule", "schema_version": 2, "validated": true, "symbols": ["C", "C", "C", "C", "C", "C", "H", "H", "H", "H", "H", "H", "H", "H", "H", "H", "H", "H", "H", "H"], "geometry": [[0.0, 0.0, 0.0], [2.8891801249596365, -9.931366864664225e-17, 3.19124947308111e-16], [3.992513068415306, 2.6736612242812043, 8.881784197001252e-16], [6.875579750896758, 2.8672010455581125, -0.24851061184720802], [8.427249136060558, 1.710382303739702, 1.9284265541642858], [9.276717148947162, -1.0219166114193317, 1.5006885339255431], [-0.7401512241986548, 0.9742890969174433, 1.6488322096959058], [-0.7416601062451573, 0.9439589767796129, -1.6653472876692414], [-0.744404194781014, -1.9118093793719964, 0.01870324730347228], [3.554162691679949, -1.0335983434934952, 1.64367588343694], [3.5703313757991317, -1.023884272780743, -1.6479587079044136], [3.149783720340692, 3.725963068633436, -1.5536656091840468], [3.4066170583672077, 3.6378348775486735, 1.7211924277836372], [7.335676142822123, 4.864022166931051, -0.3900509298466741], [7.46625554020417, 2.028129565775278, -2.031705272984931], [10.109536664451424, 2.8519973103254617, 2.218247997764432], [7.3564651342906044, 1.8360444392835171, 3.6792203426714893], [10.373789964763107, -1.7021127540172865, 3.0963153832161967], [10.46146495957738, -1.1593700265969342, -0.17045526604487565], [7.695884075175028, -2.298792117120507, 1.244085115443545]], "name": "C6H14", "identifiers": {"molecule_hash": "bb79c1d25668475ca5493f5d83a15f921d49613b", "molecular_formula": "C6H14"}, "molecular_charge": 0.0, "molecular_multiplicity": 1, "connectivity": [[0, 1, 1.0], [0, 6, 1.0], [0, 7, 1.0], [0, 8, 1.0], [1, 2, 1.0], [1, 9, 1.0], [1, 10, 1.0], [2, 3, 1.0], [2, 11, 1.0], [2, 12, 1.0], [3, 4, 1.0], [3, 13, 1.0], [3, 14, 1.0], [4, 5, 1.0], [4, 15, 1.0], [4, 16, 1.0], [5, 17, 1.0], [5, 18, 1.0], [5, 19, 1.0]], "fix_com": true, "fix_orientation": true, "provenance": {"creator": "QCElemental", "version": "v0.22.0", "routine": "qcelemental.molparse.from_schema"}, "id": "32872"}, "charge": 0, "optimize_geometry": false, "conformers": [], "conformer_generation_options": {"n_conformer_pool": 4000, "n_max_conformers": 0, "rms_tolerance": 0.05, "energy_window": 15, "keep_original_conformer": true}, "stage_1_unrestrained_charges": null, "stage_1_restrained_charges": null, "stage_2_unrestrained_charges": null, "stage_2_restrained_charges": null, "keep_original_orientation": false, "reorientations": [], "translations": [], "rotations": []}}, {"index": 2, "molecule": {"qcmol": {"schema_name": "qcschema_molecule", "schema_version": 2, "validated": true, "symbols": ["C", "C", "C", "C", "C", "C", "H", "H", "H", "H", "H", "H", "H", "H", "H", "H", "H", "H", "H", "H"], "geometry": [[0.0, 0.0, 0.0], [2.8891801249596365, -9.931366864664225e-17, 3.19124947308111e-16], [3.992513068415306, 2.6736612242812043, 8.881784197001252e-16], [6.875579750896758, 2.8672010455581125, -0.24851061184720802], [8.427249136060558, 1.710382303739702, 1.9284265541642858], [9.276717148947162, -1.0219166114193317, 1.5006885339255431], [-0.7401512241986548, 0.9742890969174433, 1.6488322096959058], [-0.7416601062451573, 0.9439589767796129, -1.6653472876692414], [-0.744404194781014, -1.9118093793719964, 0.01870324730347228], [3.554162691679949, -1.0335983434934952, 1.64367588343694], [3.5703313757991317, -1.023884272780743, -1.6479587079044136], [3.149783720340692, 3.725963068633436, -1.5536656091840468], [3.4066170583672077, 3.6378348775486735, 1.7211924277836372], [7.335676142822123, 4.864022166931051, -0.3900509298466741], [7.46625554020417, 2.028129565775278, -2.031705272984931], [10.109536664451424, 2.8519973103254617, 2.218247997764432], [7.3564651342906044, 1.8360444392835171, 3.6792203426714893], [10.373789964763107, -1.7021127540172865, 3.0963153832161967], [10.46146495957738, -1.1593700265969342, -0.17045526604487565], [7.695884075175028, -2.298792117120507, 1.244085115443545]], "name": "C6H14", "identifiers": {"molecule_hash": "bb79c1d25668475ca5493f5d83a15f921d49613b", "molecular_formula": "C6H14"}, "molecular_charge": 0.0, "molecular_multiplicity": 1, "connectivity": [[0, 1, 1.0], [0, 6, 1.0], [0, 7, 1.0], [0, 8, 1.0], [1, 2, 1.0], [1, 9, 1.0], [1, 10, 1.0], [2, 3, 1.0], [2, 11, 1.0], [2, 12, 1.0], [3, 4, 1.0], [3, 13, 1.0], [3, 14, 1.0], [4, 5, 1.0], [4, 15, 1.0], [4, 16, 1.0], [5, 17, 1.0], [5, 18, 1.0], [5, 19, 1.0]], "fix_com": true, "fix_orientation": true, "provenance": {"creator": "QCElemental", "version": "v0.22.0", "routine": "qcelemental.molparse.from_schema"}, "id": "32872"}, "charge": 0, "optimize_geometry": false, "conformers": [], "conformer_generation_options": {"n_conformer_pool": 4000, "n_max_conformers": 0, "rms_tolerance": 0.05, "energy_window": 15, "keep_original_conformer": true}, "stage_1_unrestrained_charges": null, "stage_1_restrained_charges": null, "stage_2_unrestrained_charges": null, "stage_2_restrained_charges": null, "keep_original_orientation": false, "reorientations": [], "translations": [], "rotations": []}}, {"index": 3, "molecule": {"qcmol": {"schema_name": "qcschema_molecule", "schema_version": 2, "validated": true, "symbols": ["C", "C", "C", "C", "C", "C", "H", "H", "H", "H", "H", "H", "H", "H", "H", "H", "H", "H", "H", "H"], "geometry": [[0.0, 0.0, 0.0], [2.8891801249596365, -9.931366864664225e-17, 3.19124947308111e-16], [3.992513068415306, 2.6736612242812043, 8.881784197001252e-16], [6.875579750896758, 2.8672010455581125, -0.24851061184720802], [8.427249136060558, 1.710382303739702, 1.9284265541642858], [9.276717148947162, -1.0219166114193317, 1.5006885339255431], [-0.7401512241986548, 0.9742890969174433, 1.6488322096959058], [-0.7416601062451573, 0.9439589767796129, -1.6653472876692414], [-0.744404194781014, -1.9118093793719964, 0.01870324730347228], [3.554162691679949, -1.0335983434934952, 1.64367588343694], [3.5703313757991317, -1.023884272780743, -1.6479587079044136], [3.149783720340692, 3.725963068633436, -1.5536656091840468], [3.4066170583672077, 3.6378348775486735, 1.7211924277836372], [7.335676142822123, 4.864022166931051, -0.3900509298466741], [7.46625554020417, 2.028129565775278, -2.031705272984931], [10.109536664451424, 2.8519973103254617, 2.218247997764432], [7.3564651342906044, 1.8360444392835171, 3.6792203426714893], [10.373789964763107, -1.7021127540172865, 3.0963153832161967], [10.46146495957738, -1.1593700265969342, -0.17045526604487565], [7.695884075175028, -2.298792117120507, 1.244085115443545]], "name": "C6H14", "identifiers": {"molecule_hash": "bb79c1d25668475ca5493f5d83a15f921d49613b", "molecular_formula": "C6H14"}, "molecular_charge": 0.0, "molecular_multiplicity": 1, "connectivity": [[0, 1, 1.0], [0, 6, 1.0], [0, 7, 1.0], [0, 8, 1.0], [1, 2, 1.0], [1, 9, 1.0], [1, 10, 1.0], [2, 3, 1.0], [2, 11, 1.0], [2, 12, 1.0], [3, 4, 1.0], [3, 13, 1.0], [3, 14, 1.0], [4, 5, 1.0], [4, 15, 1.0], [4, 16, 1.0], [5, 17, 1.0], [5, 18, 1.0], [5, 19, 1.0]], "fix_com": true, "fix_orientation": true, "provenance": {"creator": "QCElemental", "version": "v0.22.0", "routine": "qcelemental.molparse.from_schema"}, "id": "32872"}, "charge": 0, "optimize_geometry": false, "conformers": [], "conformer_generation_options": {"n_conformer_pool": 4000, "n_max_conformers": 0, "rms_tolerance": 0.05, "energy_window": 15, "keep_original_conformer": true}, "stage_1_unrestrained_charges": null, "stage_1_restrained_charges": null, "stage_2_unrestrained_charges": null, "stage_2_restrained_charges": null, "keep_original_orientation": false, "reorientations": [], "translations": [], "rotations": []}}, {"index": 4, "molecule": {"qcmol": {"schema_name": "qcschema_molecule", "schema_version": 2, "validated": true, "symbols": ["C", "C", "C", "C", "C", "C", "H", "H", "H", "H", "H", "H", "H", "H", "H", "H", "H", "H", "H", "H"], "geometry": [[0.0, 0.0, 0.0], [2.8891801249596365, -9.931366864664225e-17, 3.19124947308111e-16], [3.992513068415306, 2.6736612242812043, 8.881784197001252e-16], [6.875579750896758, 2.8672010455581125, -0.24851061184720802], [8.427249136060558, 1.710382303739702, 1.9284265541642858], [9.276717148947162, -1.0219166114193317, 1.5006885339255431], [-0.7401512241986548, 0.9742890969174433, 1.6488322096959058], [-0.7416601062451573, 0.9439589767796129, -1.6653472876692414], [-0.744404194781014, -1.9118093793719964, 0.01870324730347228], [3.554162691679949, -1.0335983434934952, 1.64367588343694], [3.5703313757991317, -1.023884272780743, -1.6479587079044136], [3.149783720340692, 3.725963068633436, -1.5536656091840468], [3.4066170583672077, 3.6378348775486735, 1.7211924277836372], [7.335676142822123, 4.864022166931051, -0.3900509298466741], [7.46625554020417, 2.028129565775278, -2.031705272984931], [10.109536664451424, 2.8519973103254617, 2.218247997764432], [7.3564651342906044, 1.8360444392835171, 3.6792203426714893], [10.373789964763107, -1.7021127540172865, 3.0963153832161967], [10.46146495957738, -1.1593700265969342, -0.17045526604487565], [7.695884075175028, -2.298792117120507, 1.244085115443545]], "name": "C6H14", "identifiers": {"molecule_hash": "bb79c1d25668475ca5493f5d83a15f921d49613b", "molecular_formula": "C6H14"}, "molecular_charge": 0.0, "molecular_multiplicity": 1, "connectivity": [[0, 1, 1.0], [0, 6, 1.0], [0, 7, 1.0], [0, 8, 1.0], [1, 2, 1.0], [1, 9, 1.0], [1, 10, 1.0], [2, 3, 1.0], [2, 11, 1.0], [2, 12, 1.0], [3, 4, 1.0], [3, 13, 1.0], [3, 14, 1.0], [4, 5, 1.0], [4, 15, 1.0], [4, 16, 1.0], [5, 17, 1.0], [5, 18, 1.0], [5, 19, 1.0]], "fix_com": true, "fix_orientation": true, "provenance": {"creator": "QCElemental", "version": "v0.22.0", "routine": "qcelemental.molparse.from_schema"}, "id": "32872"}, "charge": 0, "optimize_geometry": false, "conformers": [], "conformer_generation_options": {"n_conformer_pool": 4000, "n_max_conformers": 0, "rms_tolerance": 0.05, "energy_window": 15, "keep_original_conformer": true}, "stage_1_unrestrained_charges": null, "stage_1_restrained_charges": null, "stage_2_unrestrained_charges": null, "stage_2_restrained_charges": null, "keep_original_orientation": false, "reorientations": [], "translations": [], "rotations": []}}, {"index": 5, "molecule": {"qcmol": {"schema_name": "qcschema_molecule", "schema_version": 2, "validated": true, "symbols": ["C", "C", "C", "C", "C", "C", "H", "H", "H", "H", "H", "H", "H", "H", "H", "H", "H", "H", "H", "H"], "geometry": [[0.0, 0.0, 0.0], [2.8891801249596365, -9.931366864664225e-17, 3.19124947308111e-16], [3.992513068415306, 2.6736612242812043, 8.881784197001252e-16], [6.875579750896758, 2.8672010455581125, -0.24851061184720802], [8.427249136060558, 1.710382303739702, 1.9284265541642858], [9.276717148947162, -1.0219166114193317, 1.5006885339255431], [-0.7401512241986548, 0.9742890969174433, 1.6488322096959058], [-0.7416601062451573, 0.9439589767796129, -1.6653472876692414], [-0.744404194781014, -1.9118093793719964, 0.01870324730347228], [3.554162691679949, -1.0335983434934952, 1.64367588343694], [3.5703313757991317, -1.023884272780743, -1.6479587079044136], [3.149783720340692, 3.725963068633436, -1.5536656091840468], [3.4066170583672077, 3.6378348775486735, 1.7211924277836372], [7.335676142822123, 4.864022166931051, -0.3900509298466741], [7.46625554020417, 2.028129565775278, -2.031705272984931], [10.109536664451424, 2.8519973103254617, 2.218247997764432], [7.3564651342906044, 1.8360444392835171, 3.6792203426714893], [10.373789964763107, -1.7021127540172865, 3.0963153832161967], [10.46146495957738, -1.1593700265969342, -0.17045526604487565], [7.695884075175028, -2.298792117120507, 1.244085115443545]], "name": "C6H14", "identifiers": {"molecule_hash": "bb79c1d25668475ca5493f5d83a15f921d49613b", "molecular_formula": "C6H14"}, "molecular_charge": 0.0, "molecular_multiplicity": 1, "connectivity": [[0, 1, 1.0], [0, 6, 1.0], [0, 7, 1.0], [0, 8, 1.0], [1, 2, 1.0], [1, 9, 1.0], [1, 10, 1.0], [2, 3, 1.0], [2, 11, 1.0], [2, 12, 1.0], [3, 4, 1.0], [3, 13, 1.0], [3, 14, 1.0], [4, 5, 1.0], [4, 15, 1.0], [4, 16, 1.0], [5, 17, 1.0], [5, 18, 1.0], [5, 19, 1.0]], "fix_com": true, "fix_orientation": true, "provenance": {"creator": "QCElemental", "version": "v0.22.0", "routine": "qcelemental.molparse.from_schema"}, "id": "32872"}, "charge": 0, "optimize_geometry": false, "conformers": [], "conformer_generation_options": {"n_conformer_pool": 4000, "n_max_conformers": 0, "rms_tolerance": 0.05, "energy_window": 15, "keep_original_conformer": true}, "stage_1_unrestrained_charges": null, "stage_1_restrained_charges": null, "stage_2_unrestrained_charges": null, "stage_2_restrained_charges": null, "keep_original_orientation": false, "reorientations": [], "translations": [], "rotations": []}}]}, "surface_constraints": {"matrix": [[118663868469597.97, 114962774940570.92, 110440032328704.77, 105936921957150.75, 99693940949680.88, 94508522718708.05, 119085773836695.23, 119014745140608.03, 119191205205386.06, 114356087955628.52, 114492440891063.12, 109143534806772.16, 110592420954109.4, 105732173787731.66, 106618790879966.19, 98032622073252.94, 99655945275425.61, 93463087836957.1, 92303070817005.89, 93064522531322.66], [114962774940570.92, 118042331274715.61, 114941959506454.98, 110457289630946.67, 104575904176249.08, 99516170624615.55, 113639614119262.47, 113646721411252.69, 113756073118561.0, 119445936711354.42, 119544550930460.67, 114834218859662.78, 114767720336828.69, 109977142883272.38, 110985643035261.45, 102989238978269.4, 104471815757733.44, 98648167181651.77, 97691647497806.6, 97510614264955.7], [110440032328704.77, 114941959506454.98, 118133395287863.22, 115033350394376.7, 110470199939991.47, 105158516180430.17, 108975289616971.17, 108665288263491.27, 109115731581530.64, 114613333735017.75, 114560634311896.78, 119831542428385.19, 119850950945554.16, 114912259974298.72, 114919875078790.78, 109534735486524.5, 110632812577853.92, 104401553697961.02, 103266264562258.5, 102818161329093.27], [105936921957150.75, 110457289630946.67, 115033350394376.7, 118188851755211.69, 114948758282787.97, 110407688409547.12, 105209702531296.38, 103078449567538.62, 105112541084412.2, 108499332348953.11, 110933095519310.27, 114863668138780.72, 114907977423191.64, 119923655726694.56, 119973646885098.48, 114587518223467.5, 114622368104898.8, 109422004613804.34, 109138504460209.19, 108033995197504.69], [99693940949680.88, 104575904176249.08, 110470199939991.47, 114948758282787.97, 118029346874109.66, 114880804900479.0, 99393658951841.98, 96775203913600.69, 98346368816736.23, 102263264758912.16, 105009493445845.84, 110501354767376.11, 110456454909916.48, 114799845336602.78, 114845151119284.81, 119489093068785.1, 119554501660987.42, 113492401325942.77, 113653053857732.86, 113572623311369.4], [94508522718708.05, 99516170624615.55, 105158516180430.17, 110407688409547.12, 114880804900479.0, 118538818158893.31, 94474616057036.78, 91356705315652.19, 93161769852861.38, 97530335403408.27, 100087912208815.6, 104901871298967.48, 104832366924186.19, 110181368585037.03, 110197982822311.69, 114336523369824.12, 114387912578460.45, 118905518211719.64, 119036599938990.2, 118914761253228.34], [119085773836695.23, 113639614119262.47, 108975289616971.17, 105209702531296.38, 99393658951841.98, 94474616057036.78, 124596026826852.3, 117607151435178.81, 117874628671376.47, 112288259210102.45, 112785303316999.92, 107054329491343.4, 109065608293369.3, 105612214385659.11, 105536694169259.42, 97716694705040.72, 99486517678436.81, 93391895915489.0, 92016143698990.08, 93461489086514.2], [119014745140608.03, 113646721411252.69, 108665288263491.27, 103078449567538.62, 96775203913600.69, 91356705315652.19, 117607151435178.81, 124538510109483.61, 117627091823096.44, 112969263401285.58, 112351476832369.23, 107820517324306.5, 109010978121166.45, 102205334218122.05, 103711207904372.6, 95136933512654.67, 96925627255789.5, 90418567237863.02, 89169940681939.1, 89652746416713.75], [119191205205386.06, 113756073118561.0, 109115731581530.64, 105112541084412.2, 98346368816736.23, 93161769852861.38, 117874628671376.47, 117627091823096.44, 124874919200056.88, 112336624918405.64, 112911394228044.98, 107232949251646.8, 109365632455284.39, 105213902903953.95, 106344771903032.53, 96624935787054.31, 98012036588082.78, 91937338374910.77, 90945914674012.0, 91990347530343.52], [114356087955628.52, 119445936711354.42, 114613333735017.75, 108499332348953.11, 102263264758912.16, 97530335403408.27, 112288259210102.45, 112969263401285.58, 112336624918405.64, 125734203260292.77, 119074817794346.33, 114609415065581.58, 114349313478977.95, 107034468906609.7, 109232434946029.25, 99744672353149.58, 102598636311960.25, 97120627791530.5, 95805173205150.56, 95215766220014.45], [114492440891063.12, 119544550930460.67, 114560634311896.78, 110933095519310.27, 105009493445845.84, 100087912208815.6, 112785303316999.92, 112351476832369.23, 112911394228044.98, 119074817794346.33, 126103751823107.42, 113902585295187.44, 112660582601903.0, 110980117537518.61, 111547521908010.75, 103996179205384.03, 104257207542435.86, 98892089853895.06, 98537572905708.0, 98241280808277.92], [109143534806772.16, 114834218859662.78, 119831542428385.19, 114863668138780.72, 110501354767376.11, 104901871298967.48, 107054329491343.4, 107820517324306.5, 107232949251646.8, 114609415065581.58, 113902585295187.44, 126394881042769.81, 119694555923722.38, 113888172766585.44, 113921210534643.02, 109428041669677.61, 111181058379049.81, 103942549094467.48, 102772220247265.64, 102845506601104.33], [110592420954109.4, 114767720336828.69, 119850950945554.16, 114907977423191.64, 110456454909916.48, 104832366924186.19, 109065608293369.3, 109010978121166.45, 109365632455284.39, 114349313478977.95, 112660582601903.0, 119694555923722.38, 126526079804630.7, 114441438082131.34, 113525373781981.08, 109845307975972.66, 110650357701947.38, 104614762436381.06, 102705359637046.88, 102018309612592.48], [105732173787731.66, 109977142883272.38, 114912259974298.72, 119923655726694.56, 114799845336602.78, 110181368585037.03, 105612214385659.11, 102205334218122.05, 105213902903953.95, 107034468906609.7, 110980117537518.61, 113888172766585.44, 114441438082131.34, 126504340638663.17, 119927811282006.83, 113971447699600.77, 113475782581142.72, 110040160182851.45, 108770500286278.23, 107081532237685.36], [106618790879966.19, 110985643035261.45, 114919875078790.78, 119973646885098.48, 114845151119284.81, 110197982822311.69, 105536694169259.42, 103711207904372.6, 106344771903032.53, 109232434946029.25, 111547521908010.75, 113921210534643.02, 113525373781981.08, 119927811282006.83, 126682210139840.05, 113985654965847.0, 113586800335626.64, 108467243694519.44, 109601247517310.9, 107848779463209.67], [98032622073252.94, 102989238978269.4, 109534735486524.5, 114587518223467.5, 119489093068785.1, 114336523369824.12, 97716694705040.72, 95136933512654.67, 96624935787054.31, 99744672353149.58, 103996179205384.03, 109428041669677.61, 109845307975972.66, 113971447699600.77, 113985654965847.0, 125882936595387.1, 119185713241413.55, 111303406048573.45, 113063951482382.9, 113106656097750.61], [99655945275425.61, 104471815757733.44, 110632812577853.92, 114622368104898.8, 119554501660987.42, 114387912578460.45, 99486517678436.81, 96925627255789.5, 98012036588082.78, 102598636311960.25, 104257207542435.86, 111181058379049.81, 110650357701947.38, 113475782581142.72, 113586800335626.64, 119185713241413.55, 126077692760865.61, 113026093871759.73, 111929146281784.47, 112664985612232.97], [93463087836957.1, 98648167181651.77, 104401553697961.02, 109422004613804.34, 113492401325942.77, 118905518211719.64, 93391895915489.0, 90418567237863.02, 91937338374910.77, 97120627791530.5, 98892089853895.06, 103942549094467.48, 104614762436381.06, 110040160182851.45, 108467243694519.44, 111303406048573.45, 113026093871759.73, 124384697618749.16, 117609808049927.17, 117510178226592.44], [92303070817005.89, 97691647497806.6, 103266264562258.5, 109138504460209.19, 113653053857732.86, 119036599938990.2, 92016143698990.08, 89169940681939.1, 90945914674012.0, 95805173205150.56, 98537572905708.0, 102772220247265.64, 102705359637046.88, 108770500286278.23, 109601247517310.9, 113063951482382.9, 111929146281784.47, 117609808049927.17, 124710555030692.92, 117532577997650.94], [93064522531322.66, 97510614264955.7, 102818161329093.27, 108033995197504.69, 113572623311369.4, 118914761253228.34, 93461489086514.2, 89652746416713.75, 91990347530343.52, 95215766220014.45, 98241280808277.92, 102845506601104.33, 102018309612592.48, 107081532237685.36, 107848779463209.67, 113106656097750.61, 112664985612232.97, 117510178226592.44, 117532577997650.94, 124359851182986.5], [292832429780.3679, 420078456250.81665, 470415043992.1249, 461726432204.50854, 403824208553.13904, 258311218481.2262, 269769938787.62125, 267600104836.77258, 266192047557.35883, 431913996293.5891, 439344623575.1117, 490682420582.713, 485109162564.5277, 469343064067.15497, 480448358423.9753, 423182427542.73157, 425562344436.8393, 229795862749.14432, 235906169316.23886, 219597823083.33267]]}}