{"resp_b": 0.1, "restrained_fit": true, "exclude_hydrogens": true, "convergence_tolerance": 1e-06, "max_iter": 500, "resp_a": 0.0005, "charge_constraints": {"charge_sum_constraints": [], "charge_equivalence_constraints": [], "molecules": [{"qcmol": {"schema_name": "qcschema_molecule", "schema_version": 2, "validated": true, "symbols": ["C", "C", "C", "C", "C", "C", "H", "H", "H", "H", "H", "H", "H", "H", "H", "H", "H", "H", "H", "H"], "geometry": [[0.0, 0.0, 0.0], [2.8891801249596365, -9.931366864664225e-17, 3.19124947308111e-16], [3.992513068415306, 2.6736612242812043, 8.881784197001252e-16], [6.875579750896758, 2.8672010455581125, -0.24851061184720802], [8.427249136060558, 1.710382303739702, 1.9284265541642858], [9.276717148947162, -1.0219166114193317, 1.5006885339255431], [-0.7401512241986548, 0.9742890969174433, 1.6488322096959058], [-0.7416601062451573, 0.9439589767796129, -1.6653472876692414], [-0.744404194781014, -1.9118093793719964, 0.01870324730347228], [3.554162691679949, -1.0335983434934952, 1.64367588343694], [3.5703313757991317, -1.023884272780743, -1.6479587079044136], [3.149783720340692, 3.725963068633436, -1.5536656091840468], [3.4066170583672077, 3.6378348775486735, 1.7211924277836372], [7.335676142822123, 4.864022166931051, -0.3900509298466741], [7.46625554020417, 2.028129565775278, -2.031705272984931], [10.109536664451424, 2.8519973103254617, 2.218247997764432], [7.3564651342906044, 1.8360444392835171, 3.6792203426714893], [10.373789964763107, -1.7021127540172865, 3.0963153832161967], [10.46146495957738, -1.1593700265969342, -0.17045526604487565], [7.695884075175028, -2.298792117120507, 1.244085115443545]], "name": "C6H14", "identifiers": {"molecule_hash": "bb79c1d25668475ca5493f5d83a15f921d49613b", "molecular_formula": "C6H14"}, "molecular_charge": 0.0, "molecular_multiplicity": 1, "connectivity": [[0, 1, 1.0], [0, 6, 1.0], [0, 7, 1.0], [0, 8, 1.0], [1, 2, 1.0], [1, 9, 1.0], [1, 10, 1.0], [2, 3, 1.0], [2, 11, 1.0], [2, 12, 1.0], [3, 4, 1.0], [3, 13, 1.0], [3, 14, 1.0], [4, 5, 1.0], [4, 15, 1.0], [4, 16, 1.0], [5, 17, 1.0], [5, 18, 1.0], [5, 19, 1.0]], "fix_com": true, "fix_orientation": true, "provenance": {"creator": "QCElemental", "version": "v0.22.0", "routine": "qcelemental.molparse.from_schema"}, "id": "32872"}, "charge": 0, "optimize_geometry": false, "conformers": [], "conformer_generation_options": {"n_conformer_pool": 4000, "n_max_conformers": 0, "rms_tolerance": 0.05, "energy_window": 15, "keep_original_conformer": true}, "stage_1_unrestrained_charges": null, "stage_1_restrained_charges": null, "stage_2_unrestrained_charges": null, "stage_2_restrained_charges": null, "keep_original_orientation": false, "reorientations": [], "translations": [], "rotations": []}], "unconstrained_atoms": [{"index": 0, "molecule": {"qcmol": {"schema_name": "qcschema_molecule", "schema_version": 2, "validated": true, "symbols": ["C", "C", "C", "C", "C", "C", "H", "H", "H", "H", "H", "H", "H", "H", "H", "H", "H", "H", "H", "H"], "geometry": [[0.0, 0.0, 0.0], [2.8891801249596365, -9.931366864664225e-17, 3.19124947308111e-16], [3.992513068415306, 2.6736612242812043, 8.881784197001252e-16], [6.875579750896758, 2.8672010455581125, -0.24851061184720802], [8.427249136060558, 1.710382303739702, 1.9284265541642858], [9.276717148947162, -1.0219166114193317, 1.5006885339255431], [-0.7401512241986548, 0.9742890969174433, 1.6488322096959058], [-0.7416601062451573, 0.9439589767796129, -1.6653472876692414], [-0.744404194781014, -1.9118093793719964, 0.01870324730347228], [3.554162691679949, -1.0335983434934952, 1.64367588343694], [3.5703313757991317, -1.023884272780743, -1.6479587079044136], [3.149783720340692, 3.725963068633436, -1.5536656091840468], [3.4066170583672077, 3.6378348775486735, 1.7211924277836372], [7.335676142822123, 4.864022166931051, -0.3900509298466741], [7.46625554020417, 2.028129565775278, -2.031705272984931], [10.109536664451424, 2.8519973103254617, 2.218247997764432], [7.3564651342906044, 1.8360444392835171, 3.6792203426714893], [10.373789964763107, -1.7021127540172865, 3.0963153832161967], [10.46146495957738, -1.1593700265969342, -0.17045526604487565], [7.695884075175028, -2.298792117120507, 1.244085115443545]], "name": "C6H14", "identifiers": {"molecule_hash": "bb79c1d25668475ca5493f5d83a15f921d49613b", "molecular_formula": "C6H14"}, "molecular_charge": 0.0, "molecular_multiplicity": 1, "connectivity": [[0, 1, 1.0], [0, 6, 1.0], [0, 7, 1.0], [0, 8, 1.0], [1, 2, 1.0], [1, 9, 1.0], [1, 10, 1.0], [2, 3, 1.0], [2, 11, 1.0], [2, 12, 1.0], [3, 4, 1.0], [3, 13, 1.0], [3, 14, 1.0], [4, 5, 1.0], [4, 15, 1.0], [4, 16, 1.0], [5, 17, 1.0], [5, 18, 1.0], [5, 19, 1.0]], "fix_com": true, "fix_orientation": true, "provenance": {"creator": "QCElemental", "version": "v0.22.0", "routine": "qcelemental.molparse.from_schema"}, "id": "32872"}, "charge": 0, "optimize_geometry": false, "conformers": [], "conformer_generation_options": {"n_conformer_pool": 4000, "n_max_conformers": 0, "rms_tolerance": 0.05, "energy_window": 15, "keep_original_conformer": true}, "stage_1_unrestrained_charges": null, "stage_1_restrained_charges": null, "stage_2_unrestrained_charges": null, "stage_2_restrained_charges": null, "keep_original_orientation": false, "reorientations": [], "translations": [], "rotations": []}}, {"index": 1, "molecule": {"qcmol": {"schema_name": "qcschema_molecule", "schema_version": 2, "validated": true, "symbols": ["C", "C", "C", "C", "C", "C", "H", "H", "H", "H", "H", "H", "H", "H", "H", "H", "H", "H", "H", "H"], "geometry": [[0.0, 0.0, 0.0], [2.8891801249596365, -9.931366864664225e-17, 3.19124947308111e-16], [3.992513068415306, 2.6736612242812043, 8.881784197001252e-16], [6.875579750896758, 2.8672010455581125, -0.24851061184720802], [8.427249136060558, 1.710382303739702, 1.9284265541642858], [9.276717148947162, -1.0219166114193317, 1.5006885339255431], [-0.7401512241986548, 0.9742890969174433, 1.6488322096959058], [-0.7416601062451573, 0.9439589767796129, -1.6653472876692414], [-0.744404194781014, -1.9118093793719964, 0.01870324730347228], [3.554162691679949, -1.0335983434934952, 1.64367588343694], [3.5703313757991317, -1.023884272780743, -1.6479587079044136], [3.149783720340692, 3.725963068633436, -1.5536656091840468], [3.4066170583672077, 3.6378348775486735, 1.7211924277836372], [7.335676142822123, 4.864022166931051, -0.3900509298466741], [7.46625554020417, 2.028129565775278, -2.031705272984931], [10.109536664451424, 2.8519973103254617, 2.218247997764432], [7.3564651342906044, 1.8360444392835171, 3.6792203426714893], [10.373789964763107, -1.7021127540172865, 3.0963153832161967], [10.46146495957738, -1.1593700265969342, -0.17045526604487565], [7.695884075175028, -2.298792117120507, 1.244085115443545]], "name": "C6H14", "identifiers": {"molecule_hash": "bb79c1d25668475ca5493f5d83a15f921d49613b", "molecular_formula": "C6H14"}, "molecular_charge": 0.0, "molecular_multiplicity": 1, "connectivity": [[0, 1, 1.0], [0, 6, 1.0], [0, 7, 1.0], [0, 8, 1.0], [1, 2, 1.0], [1, 9, 1.0], [1, 10, 1.0], [2, 3, 1.0], [2, 11, 1.0], [2, 12, 1.0], [3, 4, 1.0], [3, 13, 1.0], [3, 14, 1.0], [4, 5, 1.0], [4, 15, 1.0], [4, 16, 1.0], [5, 17, 1.0], [5, 18, 1.0], [5, 19, 1.0]], "fix_com": true, "fix_orientation": true, "provenance": {"creator": "QCElemental", "version": "v0.22.0", "routine": "qcelemental.molparse.from_schema"}, "id": "32872"}, "charge": 0, "optimize_geometry": false, "conformers": [], "conformer_generation_options": {"n_conformer_pool": 4000, "n_max_conformers": 0, "rms_tolerance": 0.05, "energy_window": 15, "keep_original_conformer": true}, "stage_1_unrestrained_charges": null, "stage_1_restrained_charges": null, "stage_2_unrestrained_charges": null, "stage_2_restrained_charges": null, "keep_original_orientation": false, "reorientations": [], "translations": [], "rotations": []}}, {"index": 2, "molecule": {"qcmol": {"schema_name": "qcschema_molecule", "schema_version": 2, "validated": true, "symbols": ["C", "C", "C", "C", "C", "C", "H", "H", "H", "H", "H", "H", "H", "H", "H", "H", "H", "H", "H", "H"], "geometry": [[0.0, 0.0, 0.0], [2.8891801249596365, -9.931366864664225e-17, 3.19124947308111e-16], [3.992513068415306, 2.6736612242812043, 8.881784197001252e-16], [6.875579750896758, 2.8672010455581125, -0.24851061184720802], [8.427249136060558, 1.710382303739702, 1.9284265541642858], [9.276717148947162, -1.0219166114193317, 1.5006885339255431], [-0.7401512241986548, 0.9742890969174433, 1.6488322096959058], [-0.7416601062451573, 0.9439589767796129, -1.6653472876692414], [-0.744404194781014, -1.9118093793719964, 0.01870324730347228], [3.554162691679949, -1.0335983434934952, 1.64367588343694], [3.5703313757991317, -1.023884272780743, -1.6479587079044136], [3.149783720340692, 3.725963068633436, -1.5536656091840468], [3.4066170583672077, 3.6378348775486735, 1.7211924277836372], [7.335676142822123, 4.864022166931051, -0.3900509298466741], [7.46625554020417, 2.028129565775278, -2.031705272984931], [10.109536664451424, 2.8519973103254617, 2.218247997764432], [7.3564651342906044, 1.8360444392835171, 3.6792203426714893], [10.373789964763107, -1.7021127540172865, 3.0963153832161967], [10.46146495957738, -1.1593700265969342, -0.17045526604487565], [7.695884075175028, -2.298792117120507, 1.244085115443545]], "name": "C6H14", "identifiers": {"molecule_hash": "bb79c1d25668475ca5493f5d83a15f921d49613b", "molecular_formula": "C6H14"}, "molecular_charge": 0.0, "molecular_multiplicity": 1, "connectivity": [[0, 1, 1.0], [0, 6, 1.0], [0, 7, 1.0], [0, 8, 1.0], [1, 2, 1.0], [1, 9, 1.0], [1, 10, 1.0], [2, 3, 1.0], [2, 11, 1.0], [2, 12, 1.0], [3, 4, 1.0], [3, 13, 1.0], [3, 14, 1.0], [4, 5, 1.0], [4, 15, 1.0], [4, 16, 1.0], [5, 17, 1.0], [5, 18, 1.0], [5, 19, 1.0]], "fix_com": true, "fix_orientation": true, "provenance": {"creator": "QCElemental", "version": "v0.22.0", "routine": "qcelemental.molparse.from_schema"}, "id": "32872"}, "charge": 0, "optimize_geometry": false, "conformers": [], "conformer_generation_options": {"n_conformer_pool": 4000, "n_max_conformers": 0, "rms_tolerance": 0.05, "energy_window": 15, "keep_original_conformer": true}, "stage_1_unrestrained_charges": null, "stage_1_restrained_charges": null, "stage_2_unrestrained_charges": null, "stage_2_restrained_charges": null, "keep_original_orientation": false, "reorientations": [], "translations": [], "rotations": []}}, {"index": 3, "molecule": {"qcmol": {"schema_name": "qcschema_molecule", "schema_version": 2, "validated": true, "symbols": ["C", "C", "C", "C", "C", "C", "H", "H", "H", "H", "H", "H", "H", "H", "H", "H", "H", "H", "H", "H"], "geometry": [[0.0, 0.0, 0.0], [2.8891801249596365, -9.931366864664225e-17, 3.19124947308111e-16], [3.992513068415306, 2.6736612242812043, 8.881784197001252e-16], [6.875579750896758, 2.8672010455581125, -0.24851061184720802], [8.427249136060558, 1.710382303739702, 1.9284265541642858], [9.276717148947162, -1.0219166114193317, 1.5006885339255431], [-0.7401512241986548, 0.9742890969174433, 1.6488322096959058], [-0.7416601062451573, 0.9439589767796129, -1.6653472876692414], [-0.744404194781014, -1.9118093793719964, 0.01870324730347228], [3.554162691679949, -1.0335983434934952, 1.64367588343694], [3.5703313757991317, -1.023884272780743, -1.6479587079044136], [3.149783720340692, 3.725963068633436, -1.5536656091840468], [3.4066170583672077, 3.6378348775486735, 1.7211924277836372], [7.335676142822123, 4.864022166931051, -0.3900509298466741], [7.46625554020417, 2.028129565775278, -2.031705272984931], [10.109536664451424, 2.8519973103254617, 2.218247997764432], [7.3564651342906044, 1.8360444392835171, 3.6792203426714893], [10.373789964763107, -1.7021127540172865, 3.0963153832161967], [10.46146495957738, -1.1593700265969342, -0.17045526604487565], [7.695884075175028, -2.298792117120507, 1.244085115443545]], "name": "C6H14", "identifiers": {"molecule_hash": "bb79c1d25668475ca5493f5d83a15f921d49613b", "molecular_formula": "C6H14"}, "molecular_charge": 0.0, "molecular_multiplicity": 1, "connectivity": [[0, 1, 1.0], [0, 6, 1.0], [0, 7, 1.0], [0, 8, 1.0], [1, 2, 1.0], [1, 9, 1.0], [1, 10, 1.0], [2, 3, 1.0], [2, 11, 1.0], [2, 12, 1.0], [3, 4, 1.0], [3, 13, 1.0], [3, 14, 1.0], [4, 5, 1.0], [4, 15, 1.0], [4, 16, 1.0], [5, 17, 1.0], [5, 18, 1.0], [5, 19, 1.0]], "fix_com": true, "fix_orientation": true, "provenance": {"creator": "QCElemental", "version": "v0.22.0", "routine": "qcelemental.molparse.from_schema"}, "id": "32872"}, "charge": 0, "optimize_geometry": false, "conformers": [], "conformer_generation_options": {"n_conformer_pool": 4000, "n_max_conformers": 0, "rms_tolerance": 0.05, "energy_window": 15, "keep_original_conformer": true}, "stage_1_unrestrained_charges": null, "stage_1_restrained_charges": null, "stage_2_unrestrained_charges": null, "stage_2_restrained_charges": null, "keep_original_orientation": false, "reorientations": [], "translations": [], "rotations": []}}, {"index": 4, "molecule": {"qcmol": {"schema_name": "qcschema_molecule", "schema_version": 2, "validated": true, "symbols": ["C", "C", "C", "C", "C", "C", "H", "H", "H", "H", "H", "H", "H", "H", "H", "H", "H", "H", "H", "H"], "geometry": [[0.0, 0.0, 0.0], [2.8891801249596365, -9.931366864664225e-17, 3.19124947308111e-16], [3.992513068415306, 2.6736612242812043, 8.881784197001252e-16], [6.875579750896758, 2.8672010455581125, -0.24851061184720802], [8.427249136060558, 1.710382303739702, 1.9284265541642858], [9.276717148947162, -1.0219166114193317, 1.5006885339255431], [-0.7401512241986548, 0.9742890969174433, 1.6488322096959058], [-0.7416601062451573, 0.9439589767796129, -1.6653472876692414], [-0.744404194781014, -1.9118093793719964, 0.01870324730347228], [3.554162691679949, -1.0335983434934952, 1.64367588343694], [3.5703313757991317, -1.023884272780743, -1.6479587079044136], [3.149783720340692, 3.725963068633436, -1.5536656091840468], [3.4066170583672077, 3.6378348775486735, 1.7211924277836372], [7.335676142822123, 4.864022166931051, -0.3900509298466741], [7.46625554020417, 2.028129565775278, -2.031705272984931], [10.109536664451424, 2.8519973103254617, 2.218247997764432], [7.3564651342906044, 1.8360444392835171, 3.6792203426714893], [10.373789964763107, -1.7021127540172865, 3.0963153832161967], [10.46146495957738, -1.1593700265969342, -0.17045526604487565], [7.695884075175028, -2.298792117120507, 1.244085115443545]], "name": "C6H14", "identifiers": {"molecule_hash": "bb79c1d25668475ca5493f5d83a15f921d49613b", "molecular_formula": "C6H14"}, "molecular_charge": 0.0, "molecular_multiplicity": 1, "connectivity": [[0, 1, 1.0], [0, 6, 1.0], [0, 7, 1.0], [0, 8, 1.0], [1, 2, 1.0], [1, 9, 1.0], [1, 10, 1.0], [2, 3, 1.0], [2, 11, 1.0], [2, 12, 1.0], [3, 4, 1.0], [3, 13, 1.0], [3, 14, 1.0], [4, 5, 1.0], [4, 15, 1.0], [4, 16, 1.0], [5, 17, 1.0], [5, 18, 1.0], [5, 19, 1.0]], "fix_com": true, "fix_orientation": true, "provenance": {"creator": "QCElemental", "version": "v0.22.0", "routine": "qcelemental.molparse.from_schema"}, "id": "32872"}, "charge": 0, "optimize_geometry": false, "conformers": [], "conformer_generation_options": {"n_conformer_pool": 4000, "n_max_conformers": 0, "rms_tolerance": 0.05, "energy_window": 15, "keep_original_conformer": true}, "stage_1_unrestrained_charges": null, "stage_1_restrained_charges": null, "stage_2_unrestrained_charges": null, "stage_2_restrained_charges": null, "keep_original_orientation": false, "reorientations": [], "translations": [], "rotations": []}}, {"index": 5, "molecule": {"qcmol": {"schema_name": "qcschema_molecule", "schema_version": 2, "validated": true, "symbols": ["C", "C", "C", "C", "C", "C", "H", "H", "H", "H", "H", "H", "H", "H", "H", "H", "H", "H", "H", "H"], "geometry": [[0.0, 0.0, 0.0], [2.8891801249596365, -9.931366864664225e-17, 3.19124947308111e-16], [3.992513068415306, 2.6736612242812043, 8.881784197001252e-16], [6.875579750896758, 2.8672010455581125, -0.24851061184720802], [8.427249136060558, 1.710382303739702, 1.9284265541642858], [9.276717148947162, -1.0219166114193317, 1.5006885339255431], [-0.7401512241986548, 0.9742890969174433, 1.6488322096959058], [-0.7416601062451573, 0.9439589767796129, -1.6653472876692414], [-0.744404194781014, -1.9118093793719964, 0.01870324730347228], [3.554162691679949, -1.0335983434934952, 1.64367588343694], [3.5703313757991317, -1.023884272780743, -1.6479587079044136], [3.149783720340692, 3.725963068633436, -1.5536656091840468], [3.4066170583672077, 3.6378348775486735, 1.7211924277836372], [7.335676142822123, 4.864022166931051, -0.3900509298466741], [7.46625554020417, 2.028129565775278, -2.031705272984931], [10.109536664451424, 2.8519973103254617, 2.218247997764432], [7.3564651342906044, 1.8360444392835171, 3.6792203426714893], [10.373789964763107, -1.7021127540172865, 3.0963153832161967], [10.46146495957738, -1.1593700265969342, -0.17045526604487565], [7.695884075175028, -2.298792117120507, 1.244085115443545]], "name": "C6H14", "identifiers": {"molecule_hash": "bb79c1d25668475ca5493f5d83a15f921d49613b", "molecular_formula": "C6H14"}, "molecular_charge": 0.0, "molecular_multiplicity": 1, "connectivity": [[0, 1, 1.0], [0, 6, 1.0], [0, 7, 1.0], [0, 8, 1.0], [1, 2, 1.0], [1, 9, 1.0], [1, 10, 1.0], [2, 3, 1.0], [2, 11, 1.0], [2, 12, 1.0], [3, 4, 1.0], [3, 13, 1.0], [3, 14, 1.0], [4, 5, 1.0], [4, 15, 1.0], [4, 16, 1.0], [5, 17, 1.0], [5, 18, 1.0], [5, 19, 1.0]], "fix_com": true, "fix_orientation": true, "provenance": {"creator": "QCElemental", "version": "v0.22.0", "routine": "qcelemental.molparse.from_schema"}, "id": "32872"}, "charge": 0, "optimize_geometry": false, "conformers": [], "conformer_generation_options": {"n_conformer_pool": 4000, "n_max_conformers": 0, "rms_tolerance": 0.05, "energy_window": 15, "keep_original_conformer": true}, "stage_1_unrestrained_charges": null, "stage_1_restrained_charges": null, "stage_2_unrestrained_charges": null, "stage_2_restrained_charges": null, "keep_original_orientation": false, "reorientations": [], "translations": [], "rotations": []}}]}, "surface_constraints": {"matrix": [[4553.202085495064, 4415.809763739916, 4256.445745982215, 4094.229854717068, 3866.8616533544255, 3680.460630712237, 4581.168372165054, 4574.630977119783, 4582.793682059806, 4399.713209643843, 4401.803145834104, 4214.6487511703, 4269.477918059286, 4091.9296127476714, 4123.850710190597, 3808.464950969774, 3868.584259140172, 3646.7732372911573, 3602.078720995028, 3633.590708123104], [4415.809763739916, 4519.6474795707245, 4412.683879206254, 4251.785138472058, 4039.7453647578213, 3860.590799112467, 4379.06106058659, 4375.777236584533, 4381.620681263481, 4577.429323960873, 4577.004785782288, 4415.634801529701, 4414.7050907525145, 4239.591541241084, 4276.075533646168, 3985.1230883175867, 4038.8043511224514, 3834.90799487011, 3797.702126378229, 3793.6802939278073], [4256.445745982215, 4412.683879206254, 4529.03763698428, 4417.12305205603, 4254.984904735956, 4067.9774557143205, 4212.527743501527, 4198.437900159321, 4215.789286437812, 4407.17887238019, 4401.44723750602, 4598.124681682813, 4600.462669962188, 4417.971196255073, 4417.806041001987, 4226.035675680896, 4265.1764909486565, 4047.368487116527, 4003.669519515662, 3990.1466160264717], [4094.229854717068, 4251.785138472058, 4417.12305205603, 4529.128083826648, 4414.31552789799, 4257.435045674049, 4076.654560484732, 3994.833142344188, 4070.7968361969174, 4185.666181149211, 4271.494439398111, 4417.233490069555, 4420.083628819554, 4598.381845140098, 4600.106003205592, 4407.156692291489, 4406.8393006235265, 4229.751222157662, 4217.655846212834, 4180.431677339824], [3866.8616533544255, 4039.7453647578213, 4254.984904735956, 4414.31552789799, 4523.051699497424, 4417.303533670803, 3863.3579296387225, 3763.5197648088533, 3823.167913246204, 3959.124415712188, 4056.8274628277104, 4262.040372592801, 4262.175902200228, 4414.959550751681, 4416.656039433756, 4581.927939334015, 4582.966988909737, 4376.885460469172, 4380.693997817105, 4380.8653110552095], [3680.460630712237, 3860.590799112467, 4067.9774557143205, 4257.435045674049, 4417.303533670803, 4553.446427222143, 3685.7027085103587, 3566.9888086763203, 3635.7092647264035, 3790.893271114758, 3883.5559620521794, 4063.615998004492, 4061.9058362573355, 4254.78777311895, 4255.194550162603, 4402.952482653143, 4403.791768343554, 4577.507680854528, 4579.786244444797, 4579.934213105688], [4581.168372165054, 4379.06106058659, 4212.527743501527, 4076.654560484732, 3863.3579296387225, 3685.7027085103587, 4795.883166439626, 4536.448216607182, 4546.42137193608, 4334.959280433478, 4350.293201153518, 4146.361972381084, 4222.977230544861, 4096.825826036737, 4093.510875321082, 3803.7380440765137, 3870.082462204284, 3650.4144274211235, 3597.7747519448485, 3654.51317432408], [4574.630977119783, 4375.777236584533, 4198.437900159321, 3994.833142344188, 3763.5197648088533, 3566.9888086763203, 4536.448216607182, 4785.013532254132, 4534.626472188733, 4357.068915153897, 4330.954034258298, 4172.822106187918, 4218.7473888284585, 3967.53327598728, 4022.1176403424593, 3705.273541317777, 3772.174102891118, 3536.907725671454, 3488.3614953262822, 3509.7588900780365], [4582.793682059806, 4381.620681263481, 4215.789286437812, 4070.7968361969174, 3823.167913246204, 3635.7092647264035, 4546.42137193608, 4534.626472188733, 4801.754281109893, 4334.952118055611, 4353.987347963485, 4152.007145972637, 4231.516984873383, 4079.6055380228318, 4120.687256136168, 3762.5278091971327, 3813.684157264345, 3594.5334674747155, 3556.308498258742, 3599.094141056561], [4399.713209643843, 4577.429323960873, 4407.17887238019, 4185.666181149211, 3959.124415712188, 3790.893271114758, 4334.959280433478, 4357.068915153897, 4334.952118055611, 4815.179010054795, 4567.488640988264, 4414.757924182581, 4404.846869580977, 4136.421599917122, 4217.5630101681445, 3869.337422040992, 3974.0231737175463, 3782.400546107197, 3731.43728988995, 3711.158404381518], [4401.803145834104, 4577.004785782288, 4401.44723750602, 4271.494439398111, 4056.8274628277104, 3883.5559620521794, 4350.293201153518, 4330.954034258298, 4353.987347963485, 4567.488640988264, 4818.827293224138, 4383.308744929474, 4340.355671981807, 4279.225984097897, 4299.387907833131, 4022.8434260756676, 4030.8029330866943, 3845.5594618374, 3830.9931139185605, 3822.9245547907467], [4214.6487511703, 4415.634801529701, 4598.124681682813, 4417.233490069555, 4262.040372592801, 4063.615998004492, 4146.361972381084, 4172.822106187918, 4152.007145972637, 4414.757924182581, 4383.308744929474, 4847.132601060476, 4602.272710884064, 4386.193022247372, 4386.870498641149, 4227.703695409779, 4291.921879248859, 4035.078409403816, 3990.510821616425, 3995.6817117540163], [4269.477918059286, 4414.7050907525145, 4600.462669962188, 4420.083628819554, 4262.175902200228, 4061.9058362573355, 4222.977230544861, 4218.7473888284585, 4231.516984873383, 4404.846869580977, 4340.355671981807, 4602.272710884064, 4854.83609747502, 4407.408188450138, 4372.817412990107, 4245.8633300663905, 4273.915627036222, 4061.0805933429297, 3987.8171352562345, 3966.06299644304], [4091.9296127476714, 4239.591541241084, 4417.971196255073, 4598.381845140098, 4414.959550751681, 4254.78777311895, 4096.825826036737, 3967.53327598728, 4079.6055380228318, 4136.421599917122, 4279.225984097897, 4386.193022247372, 4407.408188450138, 4846.880134021472, 4604.443779760493, 4390.495815638608, 4370.620495047329, 4258.399779529805, 4209.5228877462, 4150.22719072044], [4123.850710190597, 4276.075533646168, 4417.806041001987, 4600.106003205592, 4416.656039433756, 4255.194550162603, 4093.510875321082, 4022.1176403424593, 4120.687256136168, 4217.5630101681445, 4299.387907833131, 4386.870498641149, 4372.817412990107, 4604.443779760493, 4852.660452695365, 4391.294936893857, 4374.424464509477, 4199.257941741492, 4240.04501757292, 4178.952110264399], [3808.464950969774, 3985.1230883175867, 4226.035675680896, 4407.156692291489, 4581.927939334015, 4402.952482653143, 3803.7380440765137, 3705.273541317777, 3762.5278091971327, 3869.337422040992, 4022.8434260756676, 4227.703695409779, 4245.8633300663905, 4390.495815638608, 4391.294936893857, 4822.000724610873, 4575.680501282821, 4301.472612134269, 4364.689004551012, 4368.88703996225], [3868.584259140172, 4038.8043511224514, 4265.1764909486565, 4406.8393006235265, 4582.966988909737, 4403.791768343554, 3870.082462204284, 3772.174102891118, 3813.684157264345, 3974.0231737175463, 4030.8029330866943, 4291.921879248859, 4273.915627036222, 4370.620495047329, 4374.424464509477, 4575.680501282821, 4826.2814477103075, 4364.198395058789, 4321.621086475942, 4351.413414414182], [3646.7732372911573, 3834.90799487011, 4047.368487116527, 4229.751222157662, 4376.885460469172, 4577.507680854528, 3650.4144274211235, 3536.907725671454, 3594.5334674747155, 3782.400546107197, 3845.5594618374, 4035.078409403816, 4061.0805933429297, 4258.399779529805, 4199.257941741492, 4301.472612134269, 4364.198395058789, 4789.157887413166, 4537.681916934828, 4539.152743574081], [3602.078720995028, 3797.702126378229, 4003.669519515662, 4217.655846212834, 4380.693997817105, 4579.786244444797, 3597.7747519448485, 3488.3614953262822, 3556.308498258742, 3731.43728988995, 3830.9931139185605, 3990.510821616425, 3987.8171352562345, 4209.5228877462, 4240.04501757292, 4364.689004551012, 4321.621086475942, 4537.681916934828, 4796.027935190242, 4537.735734739612], [3633.590708123104, 3793.6802939278073, 3990.1466160264717, 4180.431677339824, 4380.8653110552095, 4579.934213105688, 3654.51317432408, 3509.7588900780365, 3599.094141056561, 3711.158404381518, 3822.9245547907467, 3995.6817117540163, 3966.06299644304, 4150.22719072044, 4178.952110264399, 4368.88703996225, 4351.413414414182, 4539.152743574081, 4537.735734739612, 4793.183158389532], [12.61246937494717, 16.345349244923003, 18.062652244742136, 17.984655801883918, 16.3403405467523, 12.181842332740787, 11.867691150289335, 11.869435439559158, 11.906544014895218, 16.648089078820927, 16.810004569221594, 18.694468304765056, 18.600467562891815, 18.282305759033683, 18.642607604823667, 16.938494665119187, 16.921078456083116, 11.3770867128747, 11.609756683495421, 10.98643358729203]]}}