{"resp_b": 0.1, "restrained_fit": true, "exclude_hydrogens": true, "convergence_tolerance": 1e-06, "max_iter": 500, "resp_a": 0.0005, "charge_constraints": {"charge_sum_constraints": [], "charge_equivalence_constraints": [], "molecules": [{"qcmol": {"schema_name": "qcschema_molecule", "schema_version": 2, "validated": true, "symbols": ["C", "C", "C", "C", "C", "C", "H", "H", "H", "H", "H", "H", "H", "H", "H", "H", "H", "H", "H", "H"], "geometry": [[0.0, 0.0, 0.0], [2.8891801249596365, -9.931366864664225e-17, 3.19124947308111e-16], [3.992513068415306, 2.6736612242812043, 8.881784197001252e-16], [6.875579750896758, 2.8672010455581125, -0.24851061184720802], [8.427249136060558, 1.710382303739702, 1.9284265541642858], [9.276717148947162, -1.0219166114193317, 1.5006885339255431], [-0.7401512241986548, 0.9742890969174433, 1.6488322096959058], [-0.7416601062451573, 0.9439589767796129, -1.6653472876692414], [-0.744404194781014, -1.9118093793719964, 0.01870324730347228], [3.554162691679949, -1.0335983434934952, 1.64367588343694], [3.5703313757991317, -1.023884272780743, -1.6479587079044136], [3.149783720340692, 3.725963068633436, -1.5536656091840468], [3.4066170583672077, 3.6378348775486735, 1.7211924277836372], [7.335676142822123, 4.864022166931051, -0.3900509298466741], [7.46625554020417, 2.028129565775278, -2.031705272984931], [10.109536664451424, 2.8519973103254617, 2.218247997764432], [7.3564651342906044, 1.8360444392835171, 3.6792203426714893], [10.373789964763107, -1.7021127540172865, 3.0963153832161967], [10.46146495957738, -1.1593700265969342, -0.17045526604487565], [7.695884075175028, -2.298792117120507, 1.244085115443545]], "name": "C6H14", "identifiers": {"molecule_hash": "bb79c1d25668475ca5493f5d83a15f921d49613b", "molecular_formula": "C6H14"}, "molecular_charge": 0.0, "molecular_multiplicity": 1, "connectivity": [[0, 1, 1.0], [0, 6, 1.0], [0, 7, 1.0], [0, 8, 1.0], [1, 2, 1.0], [1, 9, 1.0], [1, 10, 1.0], [2, 3, 1.0], [2, 11, 1.0], [2, 12, 1.0], [3, 4, 1.0], [3, 13, 1.0], [3, 14, 1.0], [4, 5, 1.0], [4, 15, 1.0], [4, 16, 1.0], [5, 17, 1.0], [5, 18, 1.0], [5, 19, 1.0]], "fix_com": true, "fix_orientation": true, "provenance": {"creator": "QCElemental", "version": "v0.22.0", "routine": "qcelemental.molparse.from_schema"}, "id": "32872"}, "charge": 0, "optimize_geometry": false, "conformers": [], "conformer_generation_options": {"n_conformer_pool": 4000, "n_max_conformers": 0, "rms_tolerance": 0.05, "energy_window": 15, "keep_original_conformer": true}, "stage_1_unrestrained_charges": null, "stage_1_restrained_charges": null, "stage_2_unrestrained_charges": null, "stage_2_restrained_charges": null, "keep_original_orientation": false, "reorientations": [], "translations": [], "rotations": []}], "unconstrained_atoms": [{"index": 0, "molecule": {"qcmol": {"schema_name": "qcschema_molecule", "schema_version": 2, "validated": true, "symbols": ["C", "C", "C", "C", "C", "C", "H", "H", "H", "H", "H", "H", "H", "H", "H", "H", "H", "H", "H", "H"], "geometry": [[0.0, 0.0, 0.0], [2.8891801249596365, -9.931366864664225e-17, 3.19124947308111e-16], [3.992513068415306, 2.6736612242812043, 8.881784197001252e-16], [6.875579750896758, 2.8672010455581125, -0.24851061184720802], [8.427249136060558, 1.710382303739702, 1.9284265541642858], [9.276717148947162, -1.0219166114193317, 1.5006885339255431], [-0.7401512241986548, 0.9742890969174433, 1.6488322096959058], [-0.7416601062451573, 0.9439589767796129, -1.6653472876692414], [-0.744404194781014, -1.9118093793719964, 0.01870324730347228], [3.554162691679949, -1.0335983434934952, 1.64367588343694], [3.5703313757991317, -1.023884272780743, -1.6479587079044136], [3.149783720340692, 3.725963068633436, -1.5536656091840468], [3.4066170583672077, 3.6378348775486735, 1.7211924277836372], [7.335676142822123, 4.864022166931051, -0.3900509298466741], [7.46625554020417, 2.028129565775278, -2.031705272984931], [10.109536664451424, 2.8519973103254617, 2.218247997764432], [7.3564651342906044, 1.8360444392835171, 3.6792203426714893], [10.373789964763107, -1.7021127540172865, 3.0963153832161967], [10.46146495957738, -1.1593700265969342, -0.17045526604487565], [7.695884075175028, -2.298792117120507, 1.244085115443545]], "name": "C6H14", "identifiers": {"molecule_hash": "bb79c1d25668475ca5493f5d83a15f921d49613b", "molecular_formula": "C6H14"}, "molecular_charge": 0.0, "molecular_multiplicity": 1, "connectivity": [[0, 1, 1.0], [0, 6, 1.0], [0, 7, 1.0], [0, 8, 1.0], [1, 2, 1.0], [1, 9, 1.0], [1, 10, 1.0], [2, 3, 1.0], [2, 11, 1.0], [2, 12, 1.0], [3, 4, 1.0], [3, 13, 1.0], [3, 14, 1.0], [4, 5, 1.0], [4, 15, 1.0], [4, 16, 1.0], [5, 17, 1.0], [5, 18, 1.0], [5, 19, 1.0]], "fix_com": true, "fix_orientation": true, "provenance": {"creator": "QCElemental", "version": "v0.22.0", "routine": "qcelemental.molparse.from_schema"}, "id": "32872"}, "charge": 0, "optimize_geometry": false, "conformers": [], "conformer_generation_options": {"n_conformer_pool": 4000, "n_max_conformers": 0, "rms_tolerance": 0.05, "energy_window": 15, "keep_original_conformer": true}, "stage_1_unrestrained_charges": null, "stage_1_restrained_charges": null, "stage_2_unrestrained_charges": null, "stage_2_restrained_charges": null, "keep_original_orientation": false, "reorientations": [], "translations": [], "rotations": []}}, {"index": 1, "molecule": {"qcmol": {"schema_name": "qcschema_molecule", "schema_version": 2, "validated": true, "symbols": ["C", "C", "C", "C", "C", "C", "H", "H", "H", "H", "H", "H", "H", "H", "H", "H", "H", "H", "H", "H"], "geometry": [[0.0, 0.0, 0.0], [2.8891801249596365, -9.931366864664225e-17, 3.19124947308111e-16], [3.992513068415306, 2.6736612242812043, 8.881784197001252e-16], [6.875579750896758, 2.8672010455581125, -0.24851061184720802], [8.427249136060558, 1.710382303739702, 1.9284265541642858], [9.276717148947162, -1.0219166114193317, 1.5006885339255431], [-0.7401512241986548, 0.9742890969174433, 1.6488322096959058], [-0.7416601062451573, 0.9439589767796129, -1.6653472876692414], [-0.744404194781014, -1.9118093793719964, 0.01870324730347228], [3.554162691679949, -1.0335983434934952, 1.64367588343694], [3.5703313757991317, -1.023884272780743, -1.6479587079044136], [3.149783720340692, 3.725963068633436, -1.5536656091840468], [3.4066170583672077, 3.6378348775486735, 1.7211924277836372], [7.335676142822123, 4.864022166931051, -0.3900509298466741], [7.46625554020417, 2.028129565775278, -2.031705272984931], [10.109536664451424, 2.8519973103254617, 2.218247997764432], [7.3564651342906044, 1.8360444392835171, 3.6792203426714893], [10.373789964763107, -1.7021127540172865, 3.0963153832161967], [10.46146495957738, -1.1593700265969342, -0.17045526604487565], [7.695884075175028, -2.298792117120507, 1.244085115443545]], "name": "C6H14", "identifiers": {"molecule_hash": "bb79c1d25668475ca5493f5d83a15f921d49613b", "molecular_formula": "C6H14"}, "molecular_charge": 0.0, "molecular_multiplicity": 1, "connectivity": [[0, 1, 1.0], [0, 6, 1.0], [0, 7, 1.0], [0, 8, 1.0], [1, 2, 1.0], [1, 9, 1.0], [1, 10, 1.0], [2, 3, 1.0], [2, 11, 1.0], [2, 12, 1.0], [3, 4, 1.0], [3, 13, 1.0], [3, 14, 1.0], [4, 5, 1.0], [4, 15, 1.0], [4, 16, 1.0], [5, 17, 1.0], [5, 18, 1.0], [5, 19, 1.0]], "fix_com": true, "fix_orientation": true, "provenance": {"creator": "QCElemental", "version": "v0.22.0", "routine": "qcelemental.molparse.from_schema"}, "id": "32872"}, "charge": 0, "optimize_geometry": false, "conformers": [], "conformer_generation_options": {"n_conformer_pool": 4000, "n_max_conformers": 0, "rms_tolerance": 0.05, "energy_window": 15, "keep_original_conformer": true}, "stage_1_unrestrained_charges": null, "stage_1_restrained_charges": null, "stage_2_unrestrained_charges": null, "stage_2_restrained_charges": null, "keep_original_orientation": false, "reorientations": [], "translations": [], "rotations": []}}, {"index": 2, "molecule": {"qcmol": {"schema_name": "qcschema_molecule", "schema_version": 2, "validated": true, "symbols": ["C", "C", "C", "C", "C", "C", "H", "H", "H", "H", "H", "H", "H", "H", "H", "H", "H", "H", "H", "H"], "geometry": [[0.0, 0.0, 0.0], [2.8891801249596365, -9.931366864664225e-17, 3.19124947308111e-16], [3.992513068415306, 2.6736612242812043, 8.881784197001252e-16], [6.875579750896758, 2.8672010455581125, -0.24851061184720802], [8.427249136060558, 1.710382303739702, 1.9284265541642858], [9.276717148947162, -1.0219166114193317, 1.5006885339255431], [-0.7401512241986548, 0.9742890969174433, 1.6488322096959058], [-0.7416601062451573, 0.9439589767796129, -1.6653472876692414], [-0.744404194781014, -1.9118093793719964, 0.01870324730347228], [3.554162691679949, -1.0335983434934952, 1.64367588343694], [3.5703313757991317, -1.023884272780743, -1.6479587079044136], [3.149783720340692, 3.725963068633436, -1.5536656091840468], [3.4066170583672077, 3.6378348775486735, 1.7211924277836372], [7.335676142822123, 4.864022166931051, -0.3900509298466741], [7.46625554020417, 2.028129565775278, -2.031705272984931], [10.109536664451424, 2.8519973103254617, 2.218247997764432], [7.3564651342906044, 1.8360444392835171, 3.6792203426714893], [10.373789964763107, -1.7021127540172865, 3.0963153832161967], [10.46146495957738, -1.1593700265969342, -0.17045526604487565], [7.695884075175028, -2.298792117120507, 1.244085115443545]], "name": "C6H14", "identifiers": {"molecule_hash": "bb79c1d25668475ca5493f5d83a15f921d49613b", "molecular_formula": "C6H14"}, "molecular_charge": 0.0, "molecular_multiplicity": 1, "connectivity": [[0, 1, 1.0], [0, 6, 1.0], [0, 7, 1.0], [0, 8, 1.0], [1, 2, 1.0], [1, 9, 1.0], [1, 10, 1.0], [2, 3, 1.0], [2, 11, 1.0], [2, 12, 1.0], [3, 4, 1.0], [3, 13, 1.0], [3, 14, 1.0], [4, 5, 1.0], [4, 15, 1.0], [4, 16, 1.0], [5, 17, 1.0], [5, 18, 1.0], [5, 19, 1.0]], "fix_com": true, "fix_orientation": true, "provenance": {"creator": "QCElemental", "version": "v0.22.0", "routine": "qcelemental.molparse.from_schema"}, "id": "32872"}, "charge": 0, "optimize_geometry": false, "conformers": [], "conformer_generation_options": {"n_conformer_pool": 4000, "n_max_conformers": 0, "rms_tolerance": 0.05, "energy_window": 15, "keep_original_conformer": true}, "stage_1_unrestrained_charges": null, "stage_1_restrained_charges": null, "stage_2_unrestrained_charges": null, "stage_2_restrained_charges": null, "keep_original_orientation": false, "reorientations": [], "translations": [], "rotations": []}}, {"index": 3, "molecule": {"qcmol": {"schema_name": "qcschema_molecule", "schema_version": 2, "validated": true, "symbols": ["C", "C", "C", "C", "C", "C", "H", "H", "H", "H", "H", "H", "H", "H", "H", "H", "H", "H", "H", "H"], "geometry": [[0.0, 0.0, 0.0], [2.8891801249596365, -9.931366864664225e-17, 3.19124947308111e-16], [3.992513068415306, 2.6736612242812043, 8.881784197001252e-16], [6.875579750896758, 2.8672010455581125, -0.24851061184720802], [8.427249136060558, 1.710382303739702, 1.9284265541642858], [9.276717148947162, -1.0219166114193317, 1.5006885339255431], [-0.7401512241986548, 0.9742890969174433, 1.6488322096959058], [-0.7416601062451573, 0.9439589767796129, -1.6653472876692414], [-0.744404194781014, -1.9118093793719964, 0.01870324730347228], [3.554162691679949, -1.0335983434934952, 1.64367588343694], [3.5703313757991317, -1.023884272780743, -1.6479587079044136], [3.149783720340692, 3.725963068633436, -1.5536656091840468], [3.4066170583672077, 3.6378348775486735, 1.7211924277836372], [7.335676142822123, 4.864022166931051, -0.3900509298466741], [7.46625554020417, 2.028129565775278, -2.031705272984931], [10.109536664451424, 2.8519973103254617, 2.218247997764432], [7.3564651342906044, 1.8360444392835171, 3.6792203426714893], [10.373789964763107, -1.7021127540172865, 3.0963153832161967], [10.46146495957738, -1.1593700265969342, -0.17045526604487565], [7.695884075175028, -2.298792117120507, 1.244085115443545]], "name": "C6H14", "identifiers": {"molecule_hash": "bb79c1d25668475ca5493f5d83a15f921d49613b", "molecular_formula": "C6H14"}, "molecular_charge": 0.0, "molecular_multiplicity": 1, "connectivity": [[0, 1, 1.0], [0, 6, 1.0], [0, 7, 1.0], [0, 8, 1.0], [1, 2, 1.0], [1, 9, 1.0], [1, 10, 1.0], [2, 3, 1.0], [2, 11, 1.0], [2, 12, 1.0], [3, 4, 1.0], [3, 13, 1.0], [3, 14, 1.0], [4, 5, 1.0], [4, 15, 1.0], [4, 16, 1.0], [5, 17, 1.0], [5, 18, 1.0], [5, 19, 1.0]], "fix_com": true, "fix_orientation": true, "provenance": {"creator": "QCElemental", "version": "v0.22.0", "routine": "qcelemental.molparse.from_schema"}, "id": "32872"}, "charge": 0, "optimize_geometry": false, "conformers": [], "conformer_generation_options": {"n_conformer_pool": 4000, "n_max_conformers": 0, "rms_tolerance": 0.05, "energy_window": 15, "keep_original_conformer": true}, "stage_1_unrestrained_charges": null, "stage_1_restrained_charges": null, "stage_2_unrestrained_charges": null, "stage_2_restrained_charges": null, "keep_original_orientation": false, "reorientations": [], "translations": [], "rotations": []}}, {"index": 4, "molecule": {"qcmol": {"schema_name": "qcschema_molecule", "schema_version": 2, "validated": true, "symbols": ["C", "C", "C", "C", "C", "C", "H", "H", "H", "H", "H", "H", "H", "H", "H", "H", "H", "H", "H", "H"], "geometry": [[0.0, 0.0, 0.0], [2.8891801249596365, -9.931366864664225e-17, 3.19124947308111e-16], [3.992513068415306, 2.6736612242812043, 8.881784197001252e-16], [6.875579750896758, 2.8672010455581125, -0.24851061184720802], [8.427249136060558, 1.710382303739702, 1.9284265541642858], [9.276717148947162, -1.0219166114193317, 1.5006885339255431], [-0.7401512241986548, 0.9742890969174433, 1.6488322096959058], [-0.7416601062451573, 0.9439589767796129, -1.6653472876692414], [-0.744404194781014, -1.9118093793719964, 0.01870324730347228], [3.554162691679949, -1.0335983434934952, 1.64367588343694], [3.5703313757991317, -1.023884272780743, -1.6479587079044136], [3.149783720340692, 3.725963068633436, -1.5536656091840468], [3.4066170583672077, 3.6378348775486735, 1.7211924277836372], [7.335676142822123, 4.864022166931051, -0.3900509298466741], [7.46625554020417, 2.028129565775278, -2.031705272984931], [10.109536664451424, 2.8519973103254617, 2.218247997764432], [7.3564651342906044, 1.8360444392835171, 3.6792203426714893], [10.373789964763107, -1.7021127540172865, 3.0963153832161967], [10.46146495957738, -1.1593700265969342, -0.17045526604487565], [7.695884075175028, -2.298792117120507, 1.244085115443545]], "name": "C6H14", "identifiers": {"molecule_hash": "bb79c1d25668475ca5493f5d83a15f921d49613b", "molecular_formula": "C6H14"}, "molecular_charge": 0.0, "molecular_multiplicity": 1, "connectivity": [[0, 1, 1.0], [0, 6, 1.0], [0, 7, 1.0], [0, 8, 1.0], [1, 2, 1.0], [1, 9, 1.0], [1, 10, 1.0], [2, 3, 1.0], [2, 11, 1.0], [2, 12, 1.0], [3, 4, 1.0], [3, 13, 1.0], [3, 14, 1.0], [4, 5, 1.0], [4, 15, 1.0], [4, 16, 1.0], [5, 17, 1.0], [5, 18, 1.0], [5, 19, 1.0]], "fix_com": true, "fix_orientation": true, "provenance": {"creator": "QCElemental", "version": "v0.22.0", "routine": "qcelemental.molparse.from_schema"}, "id": "32872"}, "charge": 0, "optimize_geometry": false, "conformers": [], "conformer_generation_options": {"n_conformer_pool": 4000, "n_max_conformers": 0, "rms_tolerance": 0.05, "energy_window": 15, "keep_original_conformer": true}, "stage_1_unrestrained_charges": null, "stage_1_restrained_charges": null, "stage_2_unrestrained_charges": null, "stage_2_restrained_charges": null, "keep_original_orientation": false, "reorientations": [], "translations": [], "rotations": []}}, {"index": 5, "molecule": {"qcmol": {"schema_name": "qcschema_molecule", "schema_version": 2, "validated": true, "symbols": ["C", "C", "C", "C", "C", "C", "H", "H", "H", "H", "H", "H", "H", "H", "H", "H", "H", "H", "H", "H"], "geometry": [[0.0, 0.0, 0.0], [2.8891801249596365, -9.931366864664225e-17, 3.19124947308111e-16], [3.992513068415306, 2.6736612242812043, 8.881784197001252e-16], [6.875579750896758, 2.8672010455581125, -0.24851061184720802], [8.427249136060558, 1.710382303739702, 1.9284265541642858], [9.276717148947162, -1.0219166114193317, 1.5006885339255431], [-0.7401512241986548, 0.9742890969174433, 1.6488322096959058], [-0.7416601062451573, 0.9439589767796129, -1.6653472876692414], [-0.744404194781014, -1.9118093793719964, 0.01870324730347228], [3.554162691679949, -1.0335983434934952, 1.64367588343694], [3.5703313757991317, -1.023884272780743, -1.6479587079044136], [3.149783720340692, 3.725963068633436, -1.5536656091840468], [3.4066170583672077, 3.6378348775486735, 1.7211924277836372], [7.335676142822123, 4.864022166931051, -0.3900509298466741], [7.46625554020417, 2.028129565775278, -2.031705272984931], [10.109536664451424, 2.8519973103254617, 2.218247997764432], [7.3564651342906044, 1.8360444392835171, 3.6792203426714893], [10.373789964763107, -1.7021127540172865, 3.0963153832161967], [10.46146495957738, -1.1593700265969342, -0.17045526604487565], [7.695884075175028, -2.298792117120507, 1.244085115443545]], "name": "C6H14", "identifiers": {"molecule_hash": "bb79c1d25668475ca5493f5d83a15f921d49613b", "molecular_formula": "C6H14"}, "molecular_charge": 0.0, "molecular_multiplicity": 1, "connectivity": [[0, 1, 1.0], [0, 6, 1.0], [0, 7, 1.0], [0, 8, 1.0], [1, 2, 1.0], [1, 9, 1.0], [1, 10, 1.0], [2, 3, 1.0], [2, 11, 1.0], [2, 12, 1.0], [3, 4, 1.0], [3, 13, 1.0], [3, 14, 1.0], [4, 5, 1.0], [4, 15, 1.0], [4, 16, 1.0], [5, 17, 1.0], [5, 18, 1.0], [5, 19, 1.0]], "fix_com": true, "fix_orientation": true, "provenance": {"creator": "QCElemental", "version": "v0.22.0", "routine": "qcelemental.molparse.from_schema"}, "id": "32872"}, "charge": 0, "optimize_geometry": false, "conformers": [], "conformer_generation_options": {"n_conformer_pool": 4000, "n_max_conformers": 0, "rms_tolerance": 0.05, "energy_window": 15, "keep_original_conformer": true}, "stage_1_unrestrained_charges": null, "stage_1_restrained_charges": null, "stage_2_unrestrained_charges": null, "stage_2_restrained_charges": null, "keep_original_orientation": false, "reorientations": [], "translations": [], "rotations": []}}]}, "surface_constraints": {"matrix": [[1880.5443439322237, 1822.4445766785168, 1750.8710586885786, 1677.8134737196085, 1577.45430653822, 1493.1589549271623, 1887.3817034528402, 1885.7655379666846, 1888.5743553618556, 1812.7705387966016, 1815.470368312043, 1730.5494683080053, 1754.0482983377035, 1674.3216355570785, 1687.9996724435728, 1551.113674185836, 1577.0498429284792, 1476.7022238754575, 1457.8978085743265, 1469.054670590142], [1822.4445766785168, 1871.4119170821593, 1822.5446222436544, 1751.2721702889178, 1657.0499494274407, 1574.6083576021517, 1801.8203103951862, 1801.5070809856536, 1803.3812215153514, 1893.0925853826836, 1895.388294382629, 1820.6998189959945, 1820.0480589500214, 1743.5812693214637, 1759.6875460945564, 1632.2839377251587, 1655.5020552407675, 1560.3718458821202, 1545.168212048721, 1542.2425444954226], [1750.8710586885786, 1822.5446222436544, 1873.3085895261556, 1824.086795411069, 1751.714487785766, 1665.405766074569, 1727.738480722689, 1722.5782234503579, 1729.7046931841714, 1817.1497925955807, 1816.5979237129977, 1899.6979298544736, 1900.652894704714, 1821.968380305488, 1822.1219944352583, 1737.5463396527134, 1754.6503510852492, 1652.8421342037864, 1634.9837577597227, 1627.8762933302646], [1677.8134737196085, 1751.2721702889178, 1824.086795411069, 1873.8124152816488, 1822.6181190028692, 1749.6466298431453, 1665.845728572332, 1632.0945667542849, 1664.0788427449677, 1720.3698631242066, 1759.2715047746372, 1821.1542089639113, 1822.4069985187384, 1900.7833618777634, 1901.644584316163, 1817.4300262688412, 1817.6516072520365, 1733.8094239614518, 1729.4224651371076, 1711.7612926649322], [1577.45430653822, 1657.0499494274407, 1751.714487785766, 1822.6181190028692, 1871.7058977126117, 1820.789946324373, 1571.9623761307073, 1530.9096143291779, 1555.3715793279175, 1620.5842452765344, 1663.976008377242, 1752.169145249851, 1751.9807189566443, 1820.0646988554097, 1820.7652535298237, 1895.256519280726, 1896.090122751264, 1798.8822317038769, 1801.3920779033579, 1799.701333612006], [1493.1589549271623, 1574.6083576021517, 1665.405766074569, 1749.6466298431453, 1820.789946324373, 1877.236568457602, 1491.7925691646585, 1443.0572345978158, 1471.2196349082622, 1543.133906032985, 1583.6955918632443, 1660.896532251418, 1660.4929458661704, 1746.289190221109, 1746.3810287552444, 1812.974788947434, 1813.6316250797424, 1882.934924823123, 1884.977403189162, 1882.378925122004], [1887.3817034528402, 1801.8203103951862, 1727.738480722689, 1665.845728572332, 1571.9623761307073, 1491.7925691646585, 1973.9054177830662, 1864.0126821975173, 1867.9869060735082, 1780.5170026665967, 1788.90716948029, 1697.1804943937673, 1730.3491886511583, 1671.717485548571, 1670.304929658113, 1545.1932613458953, 1573.6709854143633, 1475.2363274325626, 1452.5374389166311, 1474.014902804539], [1885.7655379666846, 1801.5070809856536, 1722.5782234503579, 1632.0945667542849, 1530.9096143291779, 1443.0572345978158, 1864.0126821975173, 1971.8391726188108, 1863.8453432923359, 1791.0821951322052, 1781.6408680674544, 1709.62174018327, 1728.7678603314007, 1618.138781217536, 1641.336012311502, 1504.8562019113847, 1533.508306472048, 1428.3287662052294, 1407.9709954605669, 1415.089275767491], [1888.5743553618556, 1803.3812215153514, 1729.7046931841714, 1664.0788427449677, 1555.3715793279175, 1471.2196349082622, 1867.9869060735082, 1863.8453432923359, 1977.2009083982482, 1781.158297812123, 1790.6926594252823, 1700.5031146331628, 1734.2479833150164, 1665.3056555387357, 1682.7274449257452, 1528.0466609631626, 1550.3280618906704, 1451.8918674950637, 1436.1369234908188, 1451.1371421048032], [1812.7705387966016, 1893.0925853826836, 1817.1497925955807, 1720.3698631242066, 1620.5842452765344, 1543.133906032985, 1780.5170026665967, 1791.0821951322052, 1781.158297812123, 1991.2084268349606, 1887.691529524475, 1817.4002105386628, 1813.1050024773908, 1697.3986425857718, 1731.9712528408847, 1581.3132313363833, 1625.911499210487, 1535.7556655724984, 1515.3025756930442, 1506.0630915311224], [1815.470368312043, 1895.388294382629, 1816.5979237129977, 1759.2715047746372, 1663.976008377242, 1583.6955918632443, 1788.90716948029, 1781.6408680674544, 1790.6926594252823, 1887.691529524475, 1998.4648205742924, 1805.822194444465, 1786.945782192244, 1759.7531783643365, 1769.5702184423299, 1648.1823482390512, 1651.9622896946746, 1564.3020905331116, 1558.3233795913425, 1554.03684501702], [1730.5494683080053, 1820.6998189959945, 1899.6979298544736, 1821.1542089639113, 1752.169145249851, 1660.896532251418, 1697.1804943937673, 1709.62174018327, 1700.5031146331628, 1817.4002105386628, 1805.822194444465, 2002.1213116910976, 1898.033418695162, 1805.5645827699188, 1806.443233191265, 1736.1626204388688, 1763.2671493877526, 1644.6052821983526, 1626.9886017492713, 1627.8311693091227], [1754.0482983377035, 1820.0480589500214, 1900.652894704714, 1822.4069985187384, 1751.9807189566443, 1660.4929458661704, 1730.3491886511583, 1728.7678603314007, 1734.2479833150164, 1813.1050024773908, 1786.945782192244, 1898.033418695162, 2005.5409015951498, 1815.2029632821311, 1800.2283133884812, 1742.849221618417, 1755.6042550630468, 1656.6494854525167, 1626.0954982325409, 1615.3633541105416], [1674.3216355570785, 1743.5812693214637, 1821.968380305488, 1900.7833618777634, 1820.0646988554097, 1746.289190221109, 1671.717485548571, 1618.138781217536, 1665.3056555387357, 1697.3986425857718, 1759.7531783643365, 1805.5645827699188, 1815.2029632821311, 2003.507517486685, 1900.7151071110698, 1807.5952626305616, 1799.4196517649962, 1743.7923852788263, 1724.040213302337, 1696.8723272285763], [1687.9996724435728, 1759.6875460945564, 1822.1219944352583, 1901.644584316163, 1820.7652535298237, 1746.3810287552444, 1670.304929658113, 1641.336012311502, 1682.7274449257452, 1731.9712528408847, 1769.5702184423299, 1806.443233191265, 1800.2283133884812, 1900.7151071110698, 2006.3236725348395, 1807.835660190614, 1801.1825229311087, 1718.7985125274347, 1736.6255315185463, 1709.0995669998904], [1551.113674185836, 1632.2839377251587, 1737.5463396527134, 1817.4300262688412, 1895.256519280726, 1812.974788947434, 1545.1932613458953, 1504.8562019113847, 1528.0466609631626, 1581.3132313363833, 1648.1823482390512, 1736.1626204388688, 1742.849221618417, 1807.5952626305616, 1807.835660190614, 1996.0872017097067, 1890.8673673134062, 1765.3206476261562, 1793.0227168501874, 1793.28598009829], [1577.0498429284792, 1655.5020552407675, 1754.6503510852492, 1817.6516072520365, 1896.090122751264, 1813.6316250797424, 1573.6709854143633, 1533.508306472048, 1550.3280618906704, 1625.911499210487, 1651.9622896946746, 1763.2671493877526, 1755.6042550630468, 1799.4196517649962, 1801.1825229311087, 1890.8673673134062, 1998.7697245430943, 1792.3564234488135, 1775.024762091351, 1786.1505224561006], [1476.7022238754575, 1560.3718458821202, 1652.8421342037864, 1733.8094239614518, 1798.8822317038769, 1882.934924823123, 1475.2363274325626, 1428.3287662052294, 1451.8918674950637, 1535.7556655724984, 1564.3020905331116, 1644.6052821983526, 1656.6494854525167, 1743.7923852788263, 1718.7985125274347, 1765.3206476261562, 1792.3564234488135, 1968.5746151507803, 1862.604123306513, 1860.2245235643804], [1457.8978085743265, 1545.168212048721, 1634.9837577597227, 1729.4224651371076, 1801.3920779033579, 1884.977403189162, 1452.5374389166311, 1407.9709954605669, 1436.1369234908188, 1515.3025756930442, 1558.3233795913425, 1626.9886017492713, 1626.0954982325409, 1724.040213302337, 1736.6255315185463, 1793.0227168501874, 1775.024762091351, 1862.604123306513, 1973.538795258172, 1860.7554365559304], [1469.054670590142, 1542.2425444954226, 1627.8762933302646, 1711.7612926649322, 1799.701333612006, 1882.378925122004, 1474.014902804539, 1415.089275767491, 1451.1371421048032, 1506.0630915311224, 1554.03684501702, 1627.8311693091227, 1615.3633541105416, 1696.8723272285763, 1709.0995669998904, 1793.28598009829, 1786.1505224561006, 1860.2245235643804, 1860.7554365559304, 1966.7985803305028], [2.625749694870504, 4.02878722585875, 4.617150245826033, 4.565094909059766, 3.9142632695882225, 2.2776997925897766, 2.444765657645864, 2.3204063029041486, 2.3608979736322113, 4.089665204042244, 4.248153529611063, 4.805159983094403, 4.800959163427402, 4.635689173886467, 4.813863374823146, 4.0917668476135, 4.16485769363252, 1.9882061880407458, 2.0057686406249533, 1.8978282160480506]]}}