{"resp_b": 0.1, "restrained_fit": true, "exclude_hydrogens": true, "convergence_tolerance": 1e-06, "max_iter": 500, "resp_a": 0.0005, "charge_constraints": {"charge_sum_constraints": [], "charge_equivalence_constraints": [], "molecules": [{"qcmol": {"schema_name": "qcschema_molecule", "schema_version": 2, "validated": true, "symbols": ["C", "C", "C", "C", "C", "C", "H", "H", "H", "H", "H", "H", "H", "H", "H", "H", "H", "H", "H", "H"], "geometry": [[0.0, 0.0, 0.0], [2.8891801249596365, -9.931366864664225e-17, 3.19124947308111e-16], [3.992513068415306, 2.6736612242812043, 8.881784197001252e-16], [6.875579750896758, 2.8672010455581125, -0.24851061184720802], [8.427249136060558, 1.710382303739702, 1.9284265541642858], [9.276717148947162, -1.0219166114193317, 1.5006885339255431], [-0.7401512241986548, 0.9742890969174433, 1.6488322096959058], [-0.7416601062451573, 0.9439589767796129, -1.6653472876692414], [-0.744404194781014, -1.9118093793719964, 0.01870324730347228], [3.554162691679949, -1.0335983434934952, 1.64367588343694], [3.5703313757991317, -1.023884272780743, -1.6479587079044136], [3.149783720340692, 3.725963068633436, -1.5536656091840468], [3.4066170583672077, 3.6378348775486735, 1.7211924277836372], [7.335676142822123, 4.864022166931051, -0.3900509298466741], [7.46625554020417, 2.028129565775278, -2.031705272984931], [10.109536664451424, 2.8519973103254617, 2.218247997764432], [7.3564651342906044, 1.8360444392835171, 3.6792203426714893], [10.373789964763107, -1.7021127540172865, 3.0963153832161967], [10.46146495957738, -1.1593700265969342, -0.17045526604487565], [7.695884075175028, -2.298792117120507, 1.244085115443545]], "name": "C6H14", "identifiers": {"molecule_hash": "bb79c1d25668475ca5493f5d83a15f921d49613b", "molecular_formula": "C6H14"}, "molecular_charge": 0.0, "molecular_multiplicity": 1, "connectivity": [[0, 1, 1.0], [0, 6, 1.0], [0, 7, 1.0], [0, 8, 1.0], [1, 2, 1.0], [1, 9, 1.0], [1, 10, 1.0], [2, 3, 1.0], [2, 11, 1.0], [2, 12, 1.0], [3, 4, 1.0], [3, 13, 1.0], [3, 14, 1.0], [4, 5, 1.0], [4, 15, 1.0], [4, 16, 1.0], [5, 17, 1.0], [5, 18, 1.0], [5, 19, 1.0]], "fix_com": true, "fix_orientation": true, "provenance": {"creator": "QCElemental", "version": "v0.22.0", "routine": "qcelemental.molparse.from_schema"}, "id": "32872"}, "charge": 0, "optimize_geometry": false, "conformers": [], "conformer_generation_options": {"n_conformer_pool": 4000, "n_max_conformers": 0, "rms_tolerance": 0.05, "energy_window": 15, "keep_original_conformer": true}, "stage_1_unrestrained_charges": null, "stage_1_restrained_charges": null, "stage_2_unrestrained_charges": null, "stage_2_restrained_charges": null, "keep_original_orientation": false, "reorientations": [], "translations": [], "rotations": []}], "unconstrained_atoms": [{"index": 0, "molecule": {"qcmol": {"schema_name": "qcschema_molecule", "schema_version": 2, "validated": true, "symbols": ["C", "C", "C", "C", "C", "C", "H", "H", "H", "H", "H", "H", "H", "H", "H", "H", "H", "H", "H", "H"], "geometry": [[0.0, 0.0, 0.0], [2.8891801249596365, -9.931366864664225e-17, 3.19124947308111e-16], [3.992513068415306, 2.6736612242812043, 8.881784197001252e-16], [6.875579750896758, 2.8672010455581125, -0.24851061184720802], [8.427249136060558, 1.710382303739702, 1.9284265541642858], [9.276717148947162, -1.0219166114193317, 1.5006885339255431], [-0.7401512241986548, 0.9742890969174433, 1.6488322096959058], [-0.7416601062451573, 0.9439589767796129, -1.6653472876692414], [-0.744404194781014, -1.9118093793719964, 0.01870324730347228], [3.554162691679949, -1.0335983434934952, 1.64367588343694], [3.5703313757991317, -1.023884272780743, -1.6479587079044136], [3.149783720340692, 3.725963068633436, -1.5536656091840468], [3.4066170583672077, 3.6378348775486735, 1.7211924277836372], [7.335676142822123, 4.864022166931051, -0.3900509298466741], [7.46625554020417, 2.028129565775278, -2.031705272984931], [10.109536664451424, 2.8519973103254617, 2.218247997764432], [7.3564651342906044, 1.8360444392835171, 3.6792203426714893], [10.373789964763107, -1.7021127540172865, 3.0963153832161967], [10.46146495957738, -1.1593700265969342, -0.17045526604487565], [7.695884075175028, -2.298792117120507, 1.244085115443545]], "name": "C6H14", "identifiers": {"molecule_hash": "bb79c1d25668475ca5493f5d83a15f921d49613b", "molecular_formula": "C6H14"}, "molecular_charge": 0.0, "molecular_multiplicity": 1, "connectivity": [[0, 1, 1.0], [0, 6, 1.0], [0, 7, 1.0], [0, 8, 1.0], [1, 2, 1.0], [1, 9, 1.0], [1, 10, 1.0], [2, 3, 1.0], [2, 11, 1.0], [2, 12, 1.0], [3, 4, 1.0], [3, 13, 1.0], [3, 14, 1.0], [4, 5, 1.0], [4, 15, 1.0], [4, 16, 1.0], [5, 17, 1.0], [5, 18, 1.0], [5, 19, 1.0]], "fix_com": true, "fix_orientation": true, "provenance": {"creator": "QCElemental", "version": "v0.22.0", "routine": "qcelemental.molparse.from_schema"}, "id": "32872"}, "charge": 0, "optimize_geometry": false, "conformers": [], "conformer_generation_options": {"n_conformer_pool": 4000, "n_max_conformers": 0, "rms_tolerance": 0.05, "energy_window": 15, "keep_original_conformer": true}, "stage_1_unrestrained_charges": null, "stage_1_restrained_charges": null, "stage_2_unrestrained_charges": null, "stage_2_restrained_charges": null, "keep_original_orientation": false, "reorientations": [], "translations": [], "rotations": []}}, {"index": 1, "molecule": {"qcmol": {"schema_name": "qcschema_molecule", "schema_version": 2, "validated": true, "symbols": ["C", "C", "C", "C", "C", "C", "H", "H", "H", "H", "H", "H", "H", "H", "H", "H", "H", "H", "H", "H"], "geometry": [[0.0, 0.0, 0.0], [2.8891801249596365, -9.931366864664225e-17, 3.19124947308111e-16], [3.992513068415306, 2.6736612242812043, 8.881784197001252e-16], [6.875579750896758, 2.8672010455581125, -0.24851061184720802], [8.427249136060558, 1.710382303739702, 1.9284265541642858], [9.276717148947162, -1.0219166114193317, 1.5006885339255431], [-0.7401512241986548, 0.9742890969174433, 1.6488322096959058], [-0.7416601062451573, 0.9439589767796129, -1.6653472876692414], [-0.744404194781014, -1.9118093793719964, 0.01870324730347228], [3.554162691679949, -1.0335983434934952, 1.64367588343694], [3.5703313757991317, -1.023884272780743, -1.6479587079044136], [3.149783720340692, 3.725963068633436, -1.5536656091840468], [3.4066170583672077, 3.6378348775486735, 1.7211924277836372], [7.335676142822123, 4.864022166931051, -0.3900509298466741], [7.46625554020417, 2.028129565775278, -2.031705272984931], [10.109536664451424, 2.8519973103254617, 2.218247997764432], [7.3564651342906044, 1.8360444392835171, 3.6792203426714893], [10.373789964763107, -1.7021127540172865, 3.0963153832161967], [10.46146495957738, -1.1593700265969342, -0.17045526604487565], [7.695884075175028, -2.298792117120507, 1.244085115443545]], "name": "C6H14", "identifiers": {"molecule_hash": "bb79c1d25668475ca5493f5d83a15f921d49613b", "molecular_formula": "C6H14"}, "molecular_charge": 0.0, "molecular_multiplicity": 1, "connectivity": [[0, 1, 1.0], [0, 6, 1.0], [0, 7, 1.0], [0, 8, 1.0], [1, 2, 1.0], [1, 9, 1.0], [1, 10, 1.0], [2, 3, 1.0], [2, 11, 1.0], [2, 12, 1.0], [3, 4, 1.0], [3, 13, 1.0], [3, 14, 1.0], [4, 5, 1.0], [4, 15, 1.0], [4, 16, 1.0], [5, 17, 1.0], [5, 18, 1.0], [5, 19, 1.0]], "fix_com": true, "fix_orientation": true, "provenance": {"creator": "QCElemental", "version": "v0.22.0", "routine": "qcelemental.molparse.from_schema"}, "id": "32872"}, "charge": 0, "optimize_geometry": false, "conformers": [], "conformer_generation_options": {"n_conformer_pool": 4000, "n_max_conformers": 0, "rms_tolerance": 0.05, "energy_window": 15, "keep_original_conformer": true}, "stage_1_unrestrained_charges": null, "stage_1_restrained_charges": null, "stage_2_unrestrained_charges": null, "stage_2_restrained_charges": null, "keep_original_orientation": false, "reorientations": [], "translations": [], "rotations": []}}, {"index": 2, "molecule": {"qcmol": {"schema_name": "qcschema_molecule", "schema_version": 2, "validated": true, "symbols": ["C", "C", "C", "C", "C", "C", "H", "H", "H", "H", "H", "H", "H", "H", "H", "H", "H", "H", "H", "H"], "geometry": [[0.0, 0.0, 0.0], [2.8891801249596365, -9.931366864664225e-17, 3.19124947308111e-16], [3.992513068415306, 2.6736612242812043, 8.881784197001252e-16], [6.875579750896758, 2.8672010455581125, -0.24851061184720802], [8.427249136060558, 1.710382303739702, 1.9284265541642858], [9.276717148947162, -1.0219166114193317, 1.5006885339255431], [-0.7401512241986548, 0.9742890969174433, 1.6488322096959058], [-0.7416601062451573, 0.9439589767796129, -1.6653472876692414], [-0.744404194781014, -1.9118093793719964, 0.01870324730347228], [3.554162691679949, -1.0335983434934952, 1.64367588343694], [3.5703313757991317, -1.023884272780743, -1.6479587079044136], [3.149783720340692, 3.725963068633436, -1.5536656091840468], [3.4066170583672077, 3.6378348775486735, 1.7211924277836372], [7.335676142822123, 4.864022166931051, -0.3900509298466741], [7.46625554020417, 2.028129565775278, -2.031705272984931], [10.109536664451424, 2.8519973103254617, 2.218247997764432], [7.3564651342906044, 1.8360444392835171, 3.6792203426714893], [10.373789964763107, -1.7021127540172865, 3.0963153832161967], [10.46146495957738, -1.1593700265969342, -0.17045526604487565], [7.695884075175028, -2.298792117120507, 1.244085115443545]], "name": "C6H14", "identifiers": {"molecule_hash": "bb79c1d25668475ca5493f5d83a15f921d49613b", "molecular_formula": "C6H14"}, "molecular_charge": 0.0, "molecular_multiplicity": 1, "connectivity": [[0, 1, 1.0], [0, 6, 1.0], [0, 7, 1.0], [0, 8, 1.0], [1, 2, 1.0], [1, 9, 1.0], [1, 10, 1.0], [2, 3, 1.0], [2, 11, 1.0], [2, 12, 1.0], [3, 4, 1.0], [3, 13, 1.0], [3, 14, 1.0], [4, 5, 1.0], [4, 15, 1.0], [4, 16, 1.0], [5, 17, 1.0], [5, 18, 1.0], [5, 19, 1.0]], "fix_com": true, "fix_orientation": true, "provenance": {"creator": "QCElemental", "version": "v0.22.0", "routine": "qcelemental.molparse.from_schema"}, "id": "32872"}, "charge": 0, "optimize_geometry": false, "conformers": [], "conformer_generation_options": {"n_conformer_pool": 4000, "n_max_conformers": 0, "rms_tolerance": 0.05, "energy_window": 15, "keep_original_conformer": true}, "stage_1_unrestrained_charges": null, "stage_1_restrained_charges": null, "stage_2_unrestrained_charges": null, "stage_2_restrained_charges": null, "keep_original_orientation": false, "reorientations": [], "translations": [], "rotations": []}}, {"index": 3, "molecule": {"qcmol": {"schema_name": "qcschema_molecule", "schema_version": 2, "validated": true, "symbols": ["C", "C", "C", "C", "C", "C", "H", "H", "H", "H", "H", "H", "H", "H", "H", "H", "H", "H", "H", "H"], "geometry": [[0.0, 0.0, 0.0], [2.8891801249596365, -9.931366864664225e-17, 3.19124947308111e-16], [3.992513068415306, 2.6736612242812043, 8.881784197001252e-16], [6.875579750896758, 2.8672010455581125, -0.24851061184720802], [8.427249136060558, 1.710382303739702, 1.9284265541642858], [9.276717148947162, -1.0219166114193317, 1.5006885339255431], [-0.7401512241986548, 0.9742890969174433, 1.6488322096959058], [-0.7416601062451573, 0.9439589767796129, -1.6653472876692414], [-0.744404194781014, -1.9118093793719964, 0.01870324730347228], [3.554162691679949, -1.0335983434934952, 1.64367588343694], [3.5703313757991317, -1.023884272780743, -1.6479587079044136], [3.149783720340692, 3.725963068633436, -1.5536656091840468], [3.4066170583672077, 3.6378348775486735, 1.7211924277836372], [7.335676142822123, 4.864022166931051, -0.3900509298466741], [7.46625554020417, 2.028129565775278, -2.031705272984931], [10.109536664451424, 2.8519973103254617, 2.218247997764432], [7.3564651342906044, 1.8360444392835171, 3.6792203426714893], [10.373789964763107, -1.7021127540172865, 3.0963153832161967], [10.46146495957738, -1.1593700265969342, -0.17045526604487565], [7.695884075175028, -2.298792117120507, 1.244085115443545]], "name": "C6H14", "identifiers": {"molecule_hash": "bb79c1d25668475ca5493f5d83a15f921d49613b", "molecular_formula": "C6H14"}, "molecular_charge": 0.0, "molecular_multiplicity": 1, "connectivity": [[0, 1, 1.0], [0, 6, 1.0], [0, 7, 1.0], [0, 8, 1.0], [1, 2, 1.0], [1, 9, 1.0], [1, 10, 1.0], [2, 3, 1.0], [2, 11, 1.0], [2, 12, 1.0], [3, 4, 1.0], [3, 13, 1.0], [3, 14, 1.0], [4, 5, 1.0], [4, 15, 1.0], [4, 16, 1.0], [5, 17, 1.0], [5, 18, 1.0], [5, 19, 1.0]], "fix_com": true, "fix_orientation": true, "provenance": {"creator": "QCElemental", "version": "v0.22.0", "routine": "qcelemental.molparse.from_schema"}, "id": "32872"}, "charge": 0, "optimize_geometry": false, "conformers": [], "conformer_generation_options": {"n_conformer_pool": 4000, "n_max_conformers": 0, "rms_tolerance": 0.05, "energy_window": 15, "keep_original_conformer": true}, "stage_1_unrestrained_charges": null, "stage_1_restrained_charges": null, "stage_2_unrestrained_charges": null, "stage_2_restrained_charges": null, "keep_original_orientation": false, "reorientations": [], "translations": [], "rotations": []}}, {"index": 4, "molecule": {"qcmol": {"schema_name": "qcschema_molecule", "schema_version": 2, "validated": true, "symbols": ["C", "C", "C", "C", "C", "C", "H", "H", "H", "H", "H", "H", "H", "H", "H", "H", "H", "H", "H", "H"], "geometry": [[0.0, 0.0, 0.0], [2.8891801249596365, -9.931366864664225e-17, 3.19124947308111e-16], [3.992513068415306, 2.6736612242812043, 8.881784197001252e-16], [6.875579750896758, 2.8672010455581125, -0.24851061184720802], [8.427249136060558, 1.710382303739702, 1.9284265541642858], [9.276717148947162, -1.0219166114193317, 1.5006885339255431], [-0.7401512241986548, 0.9742890969174433, 1.6488322096959058], [-0.7416601062451573, 0.9439589767796129, -1.6653472876692414], [-0.744404194781014, -1.9118093793719964, 0.01870324730347228], [3.554162691679949, -1.0335983434934952, 1.64367588343694], [3.5703313757991317, -1.023884272780743, -1.6479587079044136], [3.149783720340692, 3.725963068633436, -1.5536656091840468], [3.4066170583672077, 3.6378348775486735, 1.7211924277836372], [7.335676142822123, 4.864022166931051, -0.3900509298466741], [7.46625554020417, 2.028129565775278, -2.031705272984931], [10.109536664451424, 2.8519973103254617, 2.218247997764432], [7.3564651342906044, 1.8360444392835171, 3.6792203426714893], [10.373789964763107, -1.7021127540172865, 3.0963153832161967], [10.46146495957738, -1.1593700265969342, -0.17045526604487565], [7.695884075175028, -2.298792117120507, 1.244085115443545]], "name": "C6H14", "identifiers": {"molecule_hash": "bb79c1d25668475ca5493f5d83a15f921d49613b", "molecular_formula": "C6H14"}, "molecular_charge": 0.0, "molecular_multiplicity": 1, "connectivity": [[0, 1, 1.0], [0, 6, 1.0], [0, 7, 1.0], [0, 8, 1.0], [1, 2, 1.0], [1, 9, 1.0], [1, 10, 1.0], [2, 3, 1.0], [2, 11, 1.0], [2, 12, 1.0], [3, 4, 1.0], [3, 13, 1.0], [3, 14, 1.0], [4, 5, 1.0], [4, 15, 1.0], [4, 16, 1.0], [5, 17, 1.0], [5, 18, 1.0], [5, 19, 1.0]], "fix_com": true, "fix_orientation": true, "provenance": {"creator": "QCElemental", "version": "v0.22.0", "routine": "qcelemental.molparse.from_schema"}, "id": "32872"}, "charge": 0, "optimize_geometry": false, "conformers": [], "conformer_generation_options": {"n_conformer_pool": 4000, "n_max_conformers": 0, "rms_tolerance": 0.05, "energy_window": 15, "keep_original_conformer": true}, "stage_1_unrestrained_charges": null, "stage_1_restrained_charges": null, "stage_2_unrestrained_charges": null, "stage_2_restrained_charges": null, "keep_original_orientation": false, "reorientations": [], "translations": [], "rotations": []}}, {"index": 5, "molecule": {"qcmol": {"schema_name": "qcschema_molecule", "schema_version": 2, "validated": true, "symbols": ["C", "C", "C", "C", "C", "C", "H", "H", "H", "H", "H", "H", "H", "H", "H", "H", "H", "H", "H", "H"], "geometry": [[0.0, 0.0, 0.0], [2.8891801249596365, -9.931366864664225e-17, 3.19124947308111e-16], [3.992513068415306, 2.6736612242812043, 8.881784197001252e-16], [6.875579750896758, 2.8672010455581125, -0.24851061184720802], [8.427249136060558, 1.710382303739702, 1.9284265541642858], [9.276717148947162, -1.0219166114193317, 1.5006885339255431], [-0.7401512241986548, 0.9742890969174433, 1.6488322096959058], [-0.7416601062451573, 0.9439589767796129, -1.6653472876692414], [-0.744404194781014, -1.9118093793719964, 0.01870324730347228], [3.554162691679949, -1.0335983434934952, 1.64367588343694], [3.5703313757991317, -1.023884272780743, -1.6479587079044136], [3.149783720340692, 3.725963068633436, -1.5536656091840468], [3.4066170583672077, 3.6378348775486735, 1.7211924277836372], [7.335676142822123, 4.864022166931051, -0.3900509298466741], [7.46625554020417, 2.028129565775278, -2.031705272984931], [10.109536664451424, 2.8519973103254617, 2.218247997764432], [7.3564651342906044, 1.8360444392835171, 3.6792203426714893], [10.373789964763107, -1.7021127540172865, 3.0963153832161967], [10.46146495957738, -1.1593700265969342, -0.17045526604487565], [7.695884075175028, -2.298792117120507, 1.244085115443545]], "name": "C6H14", "identifiers": {"molecule_hash": "bb79c1d25668475ca5493f5d83a15f921d49613b", "molecular_formula": "C6H14"}, "molecular_charge": 0.0, "molecular_multiplicity": 1, "connectivity": [[0, 1, 1.0], [0, 6, 1.0], [0, 7, 1.0], [0, 8, 1.0], [1, 2, 1.0], [1, 9, 1.0], [1, 10, 1.0], [2, 3, 1.0], [2, 11, 1.0], [2, 12, 1.0], [3, 4, 1.0], [3, 13, 1.0], [3, 14, 1.0], [4, 5, 1.0], [4, 15, 1.0], [4, 16, 1.0], [5, 17, 1.0], [5, 18, 1.0], [5, 19, 1.0]], "fix_com": true, "fix_orientation": true, "provenance": {"creator": "QCElemental", "version": "v0.22.0", "routine": "qcelemental.molparse.from_schema"}, "id": "32872"}, "charge": 0, "optimize_geometry": false, "conformers": [], "conformer_generation_options": {"n_conformer_pool": 4000, "n_max_conformers": 0, "rms_tolerance": 0.05, "energy_window": 15, "keep_original_conformer": true}, "stage_1_unrestrained_charges": null, "stage_1_restrained_charges": null, "stage_2_unrestrained_charges": null, "stage_2_restrained_charges": null, "keep_original_orientation": false, "reorientations": [], "translations": [], "rotations": []}}]}, "surface_constraints": {"matrix": [[118923899493554.88, 115216592438197.19, 110722087071392.98, 106233312657279.89, 100031637456154.58, 94879498614457.23, 119325217513071.19, 119295370481869.5, 119481979520468.97, 114589205934418.92, 114746530168787.78, 109419154388106.53, 110893552530548.97, 106023505637700.77, 106915438361955.06, 98365160448202.28, 100020366208017.97, 93840581656998.56, 92688062168927.48, 93387269180514.69], [115216592438197.19, 118199652568912.55, 115130835729956.28, 110685706361938.56, 104826096644874.81, 99794844466109.08, 113875013391663.7, 113913562826232.33, 114033996818551.55, 119581791304562.11, 119704291824014.05, 115009594523244.12, 114977677479057.94, 110222303412715.39, 111229882757388.11, 103232224279085.9, 104747770926056.73, 98927213048004.86, 97973527520537.42, 97758281026432.28], [110722087071392.98, 115130835729956.28, 118288838622439.23, 115221053617995.11, 110665979629913.25, 105394474893511.2, 109241186899056.16, 108946196651446.0, 109424846416368.17, 114790373961186.39, 114755241074807.27, 119976030648036.72, 120029217084522.17, 115105575792959.8, 115135464261612.72, 109748127090730.9, 110825232079051.11, 104614249604785.17, 103519268189990.47, 103036704159105.34], [106233312657279.89, 110685706361938.56, 115221053617995.11, 118332924813135.27, 115095847269056.52, 110626099940847.6, 105491472533891.28, 103353767051868.36, 105437323751253.78, 108724857547262.83, 111174332526617.72, 115042993740534.39, 115115379258351.62, 120071418191367.86, 120145845344253.62, 114743978558662.31, 114746847117256.75, 109618003019764.77, 109391850039941.52, 108249488978921.28], [100031637456154.58, 104826096644874.81, 110665979629913.25, 115095847269056.52, 118116192115252.06, 115034229928550.14, 99727703785565.69, 97093416920769.52, 98714013115161.38, 102504644673621.62, 105264291203843.22, 110684600734944.53, 110674819500035.97, 114948909888204.61, 115019445753205.34, 119583232454929.08, 119613605834986.61, 113619226931733.4, 113861199436933.2, 113713679142316.39], [94879498614457.23, 99794844466109.08, 105394474893511.2, 110626099940847.6, 115034229928550.14, 118643172214225.25, 94828794019049.42, 91708517883525.77, 93577093709848.27, 97768301107684.25, 100389794337288.02, 105125824810648.08, 105059942311689.86, 110409047961500.34, 110464377011462.55, 114501645759581.0, 114514326854470.47, 118976346016507.14, 119198869197540.86, 119006636568802.17], [119325217513071.19, 113875013391663.7, 109241186899056.16, 105491472533891.28, 99727703785565.69, 94828794019049.42, 124831905546376.55, 117869216944741.03, 118148062295993.34, 112497122387448.22, 113011706709091.45, 107306059645039.1, 109354816151989.3, 105908199309086.67, 105799205581663.73, 98059970268489.75, 99853705655860.9, 93750232222454.73, 92408760699735.58, 93738276870071.81], [119295370481869.5, 113913562826232.33, 108946196651446.0, 103353767051868.36, 97093416920769.52, 91708517883525.77, 117869216944741.03, 124865499498202.55, 117935840600492.86, 113222225705028.55, 112599906792159.27, 108104195276953.81, 109317061590153.03, 102467143751229.6, 103966917993089.78, 95443226392234.08, 97280670089401.69, 90783769851245.11, 89518379014739.14, 89966051988724.12], [119481979520468.97, 114033996818551.55, 109424846416368.17, 105437323751253.78, 98714013115161.38, 93577093709848.27, 118148062295993.34, 117935840600492.86, 125222549134141.9, 112564834506368.48, 113185699709380.44, 107529145656061.81, 109690544051055.72, 105509848109864.6, 106700663019939.03, 96985497202185.48, 98387302573854.69, 92354016736777.89, 91372714832083.62, 92373607111575.23], [114589205934418.92, 119581791304562.11, 114790373961186.39, 108724857547262.83, 102504644673621.62, 97768301107684.25, 112497122387448.22, 113222225705028.55, 112564834506368.48, 125872399262835.28, 119219679777423.67, 114773725446206.22, 114546054049220.03, 107278478426176.14, 109475765371477.53, 99986833855037.06, 102873854892616.97, 97373947104854.66, 96036025639862.16, 95395892930326.03], [114746530168787.78, 119704291824014.05, 114755241074807.27, 111174332526617.72, 105264291203843.22, 100389794337288.02, 113011706709091.45, 112599906792159.27, 113185699709380.44, 119219679777423.67, 126304616200440.06, 114072227188108.02, 112849788660955.66, 111255772441969.53, 111813515933188.86, 104213466578757.36, 104546296907142.2, 99189422076041.0, 98837862837361.12, 98540132324908.56], [109419154388106.53, 115009594523244.12, 119976030648036.72, 115042993740534.39, 110684600734944.53, 105125824810648.08, 107306059645039.1, 108104195276953.81, 107529145656061.81, 114773725446206.22, 114072227188108.02, 126550085793356.38, 119876899949837.53, 114054503844663.83, 114126267315152.78, 109633665717097.0, 111360993142308.53, 104113003338535.17, 103022649120289.47, 103067675448492.52], [110893552530548.97, 114977677479057.94, 120029217084522.17, 115115379258351.62, 110674819500035.97, 105059942311689.86, 109354816151989.3, 109317061590153.03, 109690544051055.72, 114546054049220.03, 112849788660955.66, 119876899949837.53, 126756217429527.81, 114644550771747.34, 113741457710720.48, 110107889480058.53, 110870752565923.2, 104833053997448.48, 102927979518144.69, 102212370111581.64], [106023505637700.77, 110222303412715.39, 115105575792959.8, 120071418191367.86, 114948909888204.61, 110409047961500.34, 105908199309086.67, 102467143751229.6, 105509848109864.6, 107278478426176.14, 111255772441969.53, 114054503844663.83, 114644550771747.34, 126676083827300.61, 120118930078637.97, 114140014017514.97, 113568288777572.6, 110248782005015.9, 109045130813175.22, 107300605338960.53], [106915438361955.06, 111229882757388.11, 115135464261612.72, 120145845344253.62, 115019445753205.34, 110464377011462.55, 105799205581663.73, 103966917993089.78, 106700663019939.03, 109475765371477.53, 111813515933188.86, 114126267315152.78, 113741457710720.48, 120118930078637.97, 126910113867269.39, 114136335933700.47, 113734934107250.69, 108713920527470.25, 109896931159962.84, 108130985867479.61], [98365160448202.28, 103232224279085.9, 109748127090730.9, 114743978558662.31, 119583232454929.08, 114501645759581.0, 98059970268489.75, 95443226392234.08, 96985497202185.48, 99986833855037.06, 104213466578757.36, 109633665717097.0, 110107889480058.53, 114140014017514.97, 114136335933700.47, 125995047187300.52, 119271720243148.4, 111424566966335.86, 113283572998169.55, 113246972592951.77], [100020366208017.97, 104747770926056.73, 110825232079051.11, 114746847117256.75, 119613605834986.61, 114514326854470.47, 99853705655860.9, 97280670089401.69, 98387302573854.69, 102873854892616.97, 104546296907142.2, 111360993142308.53, 110870752565923.2, 113568288777572.6, 113734934107250.69, 119271720243148.4, 126135809479660.42, 113121893296299.03, 112093904921088.14, 112773322823148.03], [93840581656998.56, 98927213048004.86, 104614249604785.17, 109618003019764.77, 113619226931733.4, 118976346016507.14, 93750232222454.73, 90783769851245.11, 92354016736777.89, 97373947104854.66, 99189422076041.0, 104113003338535.17, 104833053997448.48, 110248782005015.9, 108713920527470.25, 111424566966335.86, 113121893296299.03, 124448347378511.66, 117737675783882.78, 117566399147250.14], [92688062168927.48, 97973527520537.42, 103519268189990.47, 109391850039941.52, 113861199436933.2, 119198869197540.86, 92408760699735.58, 89518379014739.14, 91372714832083.62, 96036025639862.16, 98837862837361.12, 103022649120289.47, 102927979518144.69, 109045130813175.22, 109896931159962.84, 113283572998169.55, 112093904921088.14, 117737675783882.78, 124948240654424.6, 117682494548962.47], [93387269180514.69, 97758281026432.28, 103036704159105.34, 108249488978921.28, 113713679142316.39, 119006636568802.17, 93738276870071.81, 89966051988724.12, 92373607111575.23, 95395892930326.03, 98540132324908.56, 103067675448492.52, 102212370111581.64, 107300605338960.53, 108130985867479.61, 113246972592951.77, 112773322823148.03, 117566399147250.14, 117682494548962.47, 124462698437231.25], [199457130737.19345, 255066462658.86407, 272681984117.70154, 272604842598.6017, 254746598830.82214, 189584597804.75302, 192492756902.30713, 191976210279.36224, 189458724107.04483, 263167365517.66782, 263262000425.6565, 279552891027.9876, 278953352055.7716, 275588215555.90234, 281615545097.8471, 267403030397.52936, 266100507545.48724, 176884796557.42407, 182192478769.98486, 177031992443.16205]]}}