{"resp_b": 0.1, "restrained_fit": true, "exclude_hydrogens": true, "convergence_tolerance": 1e-06, "max_iter": 500, "resp_a": 0.0005, "charge_constraints": {"charge_sum_constraints": [], "charge_equivalence_constraints": [], "molecules": [{"qcmol": {"schema_name": "qcschema_molecule", "schema_version": 2, "validated": true, "symbols": ["C", "C", "C", "C", "C", "C", "C", "C", "C", "H", "H", "H", "H", "H", "H", "H", "H", "H", "H", "H", "H", "H", "H", "H", "H", "H", "H", "H", "H"], "geometry": [[0.0, 0.0, 0.0], [2.890704999607033, -3.506274280507972e-16, 5.832161734970781e-17], [4.089065193537816, 2.6398548823224512, 0.0], [3.4781183206879858, 4.319709286905414, 2.286655433425962], [4.219562471750467, 3.2765311768647583, 4.8900725446599], [7.061397870083473, 2.8501845816218947, 5.243720603177293], [7.812450929912385, 1.864016379246367, 7.864069490426262], [7.420312530655825, 3.7356063745623946, 10.035908675993543], [8.370116140686035, 2.71452337228808, 12.565957307643721], [-0.7673634499795907, 0.8052117198453712, 1.7227244707426932], [-0.7382855413879528, 1.0859637550181869, -1.5790395485900928], [-0.7290645202455074, -1.91090128837721, -0.16313187973575483], [3.550346255782879, -0.9977384414207631, -1.670886486848445], [3.5716993347029407, -1.08376372286456, 1.6063776636547864], [3.4801588615338286, 3.6329438293195295, -1.6953199086305966], [6.124643617704143, 2.4344048362998683, -0.1754697737706068], [4.417110395405789, 6.12926152139058, 2.0147209327370263], [1.4665291819134514, 4.734210379797272, 2.3028004693210615], [3.5466430142519743, 4.60500261155437, 6.3030795778206326], [3.2229150835134956, 1.5153563994761756, 5.253083186157587], [7.725759136418543, 1.5034934529362847, 3.8435081087760588], [8.064568827107767, 4.607888313622288, 4.867811072168926], [9.79909222985612, 1.3347353662392032, 7.813300709920991], [6.772639584639758, 0.13318702895586387, 8.26282641931741], [5.43116096391234, 4.20991977231857, 10.212417167994111], [8.398119413440705, 5.491715439051126, 9.600297790284467], [10.378379194706826, 2.295078536527824, 12.490134009902695], [7.392158780957284, 0.9838965671654352, 13.079796204463069], [8.071574333692103, 4.0714770112588825, 14.075631043370665]], "name": "C9H20", "identifiers": {"molecule_hash": "409a77f03f688d45ab39de7332cba45dac451d7a", "molecular_formula": "C9H20"}, "molecular_charge": 0.0, "molecular_multiplicity": 1, "connectivity": [[0, 1, 1.0], [0, 9, 1.0], [0, 10, 1.0], [0, 11, 1.0], [1, 2, 1.0], [1, 12, 1.0], [1, 13, 1.0], [2, 3, 1.0], [2, 14, 1.0], [2, 15, 1.0], [3, 4, 1.0], [3, 16, 1.0], [3, 17, 1.0], [4, 5, 1.0], [4, 18, 1.0], [4, 19, 1.0], [5, 6, 1.0], [5, 20, 1.0], [5, 21, 1.0], [6, 7, 1.0], [6, 22, 1.0], [6, 23, 1.0], [7, 8, 1.0], [7, 24, 1.0], [7, 25, 1.0], [8, 26, 1.0], [8, 27, 1.0], [8, 28, 1.0]], "fix_com": true, "fix_orientation": true, "provenance": {"creator": "QCElemental", "version": "v0.22.0", "routine": "qcelemental.molparse.from_schema"}, "id": "96589"}, "charge": 0, "optimize_geometry": false, "conformers": [], "conformer_generation_options": {"n_conformer_pool": 4000, "n_max_conformers": 0, "rms_tolerance": 0.05, "energy_window": 15, "keep_original_conformer": true}, "stage_1_unrestrained_charges": null, "stage_1_restrained_charges": null, "stage_2_unrestrained_charges": null, "stage_2_restrained_charges": null, "keep_original_orientation": false, "reorientations": [], "translations": [], "rotations": []}], "unconstrained_atoms": [{"index": 0, "molecule": {"qcmol": {"schema_name": "qcschema_molecule", "schema_version": 2, "validated": true, "symbols": ["C", "C", "C", "C", "C", "C", "C", "C", "C", "H", "H", "H", "H", "H", "H", "H", "H", "H", "H", "H", "H", "H", "H", "H", "H", "H", "H", "H", "H"], "geometry": [[0.0, 0.0, 0.0], [2.890704999607033, -3.506274280507972e-16, 5.832161734970781e-17], [4.089065193537816, 2.6398548823224512, 0.0], [3.4781183206879858, 4.319709286905414, 2.286655433425962], [4.219562471750467, 3.2765311768647583, 4.8900725446599], [7.061397870083473, 2.8501845816218947, 5.243720603177293], [7.812450929912385, 1.864016379246367, 7.864069490426262], [7.420312530655825, 3.7356063745623946, 10.035908675993543], [8.370116140686035, 2.71452337228808, 12.565957307643721], [-0.7673634499795907, 0.8052117198453712, 1.7227244707426932], [-0.7382855413879528, 1.0859637550181869, -1.5790395485900928], [-0.7290645202455074, -1.91090128837721, -0.16313187973575483], [3.550346255782879, -0.9977384414207631, -1.670886486848445], [3.5716993347029407, -1.08376372286456, 1.6063776636547864], [3.4801588615338286, 3.6329438293195295, -1.6953199086305966], [6.124643617704143, 2.4344048362998683, -0.1754697737706068], [4.417110395405789, 6.12926152139058, 2.0147209327370263], [1.4665291819134514, 4.734210379797272, 2.3028004693210615], [3.5466430142519743, 4.60500261155437, 6.3030795778206326], [3.2229150835134956, 1.5153563994761756, 5.253083186157587], [7.725759136418543, 1.5034934529362847, 3.8435081087760588], [8.064568827107767, 4.607888313622288, 4.867811072168926], [9.79909222985612, 1.3347353662392032, 7.813300709920991], [6.772639584639758, 0.13318702895586387, 8.26282641931741], [5.43116096391234, 4.20991977231857, 10.212417167994111], [8.398119413440705, 5.491715439051126, 9.600297790284467], [10.378379194706826, 2.295078536527824, 12.490134009902695], [7.392158780957284, 0.9838965671654352, 13.079796204463069], [8.071574333692103, 4.0714770112588825, 14.075631043370665]], "name": "C9H20", "identifiers": {"molecule_hash": "409a77f03f688d45ab39de7332cba45dac451d7a", "molecular_formula": "C9H20"}, "molecular_charge": 0.0, "molecular_multiplicity": 1, "connectivity": [[0, 1, 1.0], [0, 9, 1.0], [0, 10, 1.0], [0, 11, 1.0], [1, 2, 1.0], [1, 12, 1.0], [1, 13, 1.0], [2, 3, 1.0], [2, 14, 1.0], [2, 15, 1.0], [3, 4, 1.0], [3, 16, 1.0], [3, 17, 1.0], [4, 5, 1.0], [4, 18, 1.0], [4, 19, 1.0], [5, 6, 1.0], [5, 20, 1.0], [5, 21, 1.0], [6, 7, 1.0], [6, 22, 1.0], [6, 23, 1.0], [7, 8, 1.0], [7, 24, 1.0], [7, 25, 1.0], [8, 26, 1.0], [8, 27, 1.0], [8, 28, 1.0]], "fix_com": true, "fix_orientation": true, "provenance": {"creator": "QCElemental", "version": "v0.22.0", "routine": "qcelemental.molparse.from_schema"}, "id": "96589"}, "charge": 0, "optimize_geometry": false, "conformers": [], "conformer_generation_options": {"n_conformer_pool": 4000, "n_max_conformers": 0, "rms_tolerance": 0.05, "energy_window": 15, "keep_original_conformer": true}, "stage_1_unrestrained_charges": null, "stage_1_restrained_charges": null, "stage_2_unrestrained_charges": null, "stage_2_restrained_charges": null, "keep_original_orientation": false, "reorientations": [], "translations": [], "rotations": []}}, {"index": 1, "molecule": {"qcmol": {"schema_name": "qcschema_molecule", "schema_version": 2, "validated": true, "symbols": ["C", "C", "C", "C", "C", "C", "C", "C", "C", "H", "H", "H", "H", "H", "H", "H", "H", "H", "H", "H", "H", "H", "H", "H", "H", "H", "H", "H", "H"], "geometry": [[0.0, 0.0, 0.0], [2.890704999607033, -3.506274280507972e-16, 5.832161734970781e-17], [4.089065193537816, 2.6398548823224512, 0.0], [3.4781183206879858, 4.319709286905414, 2.286655433425962], [4.219562471750467, 3.2765311768647583, 4.8900725446599], [7.061397870083473, 2.8501845816218947, 5.243720603177293], [7.812450929912385, 1.864016379246367, 7.864069490426262], [7.420312530655825, 3.7356063745623946, 10.035908675993543], [8.370116140686035, 2.71452337228808, 12.565957307643721], [-0.7673634499795907, 0.8052117198453712, 1.7227244707426932], [-0.7382855413879528, 1.0859637550181869, -1.5790395485900928], [-0.7290645202455074, -1.91090128837721, -0.16313187973575483], [3.550346255782879, -0.9977384414207631, -1.670886486848445], [3.5716993347029407, -1.08376372286456, 1.6063776636547864], [3.4801588615338286, 3.6329438293195295, -1.6953199086305966], [6.124643617704143, 2.4344048362998683, -0.1754697737706068], [4.417110395405789, 6.12926152139058, 2.0147209327370263], [1.4665291819134514, 4.734210379797272, 2.3028004693210615], [3.5466430142519743, 4.60500261155437, 6.3030795778206326], [3.2229150835134956, 1.5153563994761756, 5.253083186157587], [7.725759136418543, 1.5034934529362847, 3.8435081087760588], [8.064568827107767, 4.607888313622288, 4.867811072168926], [9.79909222985612, 1.3347353662392032, 7.813300709920991], [6.772639584639758, 0.13318702895586387, 8.26282641931741], [5.43116096391234, 4.20991977231857, 10.212417167994111], [8.398119413440705, 5.491715439051126, 9.600297790284467], [10.378379194706826, 2.295078536527824, 12.490134009902695], [7.392158780957284, 0.9838965671654352, 13.079796204463069], [8.071574333692103, 4.0714770112588825, 14.075631043370665]], "name": "C9H20", "identifiers": {"molecule_hash": "409a77f03f688d45ab39de7332cba45dac451d7a", "molecular_formula": "C9H20"}, "molecular_charge": 0.0, "molecular_multiplicity": 1, "connectivity": [[0, 1, 1.0], [0, 9, 1.0], [0, 10, 1.0], [0, 11, 1.0], [1, 2, 1.0], [1, 12, 1.0], [1, 13, 1.0], [2, 3, 1.0], [2, 14, 1.0], [2, 15, 1.0], [3, 4, 1.0], [3, 16, 1.0], [3, 17, 1.0], [4, 5, 1.0], [4, 18, 1.0], [4, 19, 1.0], [5, 6, 1.0], [5, 20, 1.0], [5, 21, 1.0], [6, 7, 1.0], [6, 22, 1.0], [6, 23, 1.0], [7, 8, 1.0], [7, 24, 1.0], [7, 25, 1.0], [8, 26, 1.0], [8, 27, 1.0], [8, 28, 1.0]], "fix_com": true, "fix_orientation": true, "provenance": {"creator": "QCElemental", "version": "v0.22.0", "routine": "qcelemental.molparse.from_schema"}, "id": "96589"}, "charge": 0, "optimize_geometry": false, "conformers": [], "conformer_generation_options": {"n_conformer_pool": 4000, "n_max_conformers": 0, "rms_tolerance": 0.05, "energy_window": 15, "keep_original_conformer": true}, "stage_1_unrestrained_charges": null, "stage_1_restrained_charges": null, "stage_2_unrestrained_charges": null, "stage_2_restrained_charges": null, "keep_original_orientation": false, "reorientations": [], "translations": [], "rotations": []}}, {"index": 2, "molecule": {"qcmol": {"schema_name": "qcschema_molecule", "schema_version": 2, "validated": true, "symbols": ["C", "C", "C", "C", "C", "C", "C", "C", "C", "H", "H", "H", "H", "H", "H", "H", "H", "H", "H", "H", "H", "H", "H", "H", "H", "H", "H", "H", "H"], "geometry": [[0.0, 0.0, 0.0], [2.890704999607033, -3.506274280507972e-16, 5.832161734970781e-17], [4.089065193537816, 2.6398548823224512, 0.0], [3.4781183206879858, 4.319709286905414, 2.286655433425962], [4.219562471750467, 3.2765311768647583, 4.8900725446599], [7.061397870083473, 2.8501845816218947, 5.243720603177293], [7.812450929912385, 1.864016379246367, 7.864069490426262], [7.420312530655825, 3.7356063745623946, 10.035908675993543], [8.370116140686035, 2.71452337228808, 12.565957307643721], [-0.7673634499795907, 0.8052117198453712, 1.7227244707426932], [-0.7382855413879528, 1.0859637550181869, -1.5790395485900928], [-0.7290645202455074, -1.91090128837721, -0.16313187973575483], [3.550346255782879, -0.9977384414207631, -1.670886486848445], [3.5716993347029407, -1.08376372286456, 1.6063776636547864], [3.4801588615338286, 3.6329438293195295, -1.6953199086305966], [6.124643617704143, 2.4344048362998683, -0.1754697737706068], [4.417110395405789, 6.12926152139058, 2.0147209327370263], [1.4665291819134514, 4.734210379797272, 2.3028004693210615], [3.5466430142519743, 4.60500261155437, 6.3030795778206326], [3.2229150835134956, 1.5153563994761756, 5.253083186157587], [7.725759136418543, 1.5034934529362847, 3.8435081087760588], [8.064568827107767, 4.607888313622288, 4.867811072168926], [9.79909222985612, 1.3347353662392032, 7.813300709920991], [6.772639584639758, 0.13318702895586387, 8.26282641931741], [5.43116096391234, 4.20991977231857, 10.212417167994111], [8.398119413440705, 5.491715439051126, 9.600297790284467], [10.378379194706826, 2.295078536527824, 12.490134009902695], [7.392158780957284, 0.9838965671654352, 13.079796204463069], [8.071574333692103, 4.0714770112588825, 14.075631043370665]], "name": "C9H20", "identifiers": {"molecule_hash": "409a77f03f688d45ab39de7332cba45dac451d7a", "molecular_formula": "C9H20"}, "molecular_charge": 0.0, "molecular_multiplicity": 1, "connectivity": [[0, 1, 1.0], [0, 9, 1.0], [0, 10, 1.0], [0, 11, 1.0], [1, 2, 1.0], [1, 12, 1.0], [1, 13, 1.0], [2, 3, 1.0], [2, 14, 1.0], [2, 15, 1.0], [3, 4, 1.0], [3, 16, 1.0], [3, 17, 1.0], [4, 5, 1.0], [4, 18, 1.0], [4, 19, 1.0], [5, 6, 1.0], [5, 20, 1.0], [5, 21, 1.0], [6, 7, 1.0], [6, 22, 1.0], [6, 23, 1.0], [7, 8, 1.0], [7, 24, 1.0], [7, 25, 1.0], [8, 26, 1.0], [8, 27, 1.0], [8, 28, 1.0]], "fix_com": true, "fix_orientation": true, "provenance": {"creator": "QCElemental", "version": "v0.22.0", "routine": "qcelemental.molparse.from_schema"}, "id": "96589"}, "charge": 0, "optimize_geometry": false, "conformers": [], "conformer_generation_options": {"n_conformer_pool": 4000, "n_max_conformers": 0, "rms_tolerance": 0.05, "energy_window": 15, "keep_original_conformer": true}, "stage_1_unrestrained_charges": null, "stage_1_restrained_charges": null, "stage_2_unrestrained_charges": null, "stage_2_restrained_charges": null, "keep_original_orientation": false, "reorientations": [], "translations": [], "rotations": []}}, {"index": 3, "molecule": {"qcmol": {"schema_name": "qcschema_molecule", "schema_version": 2, "validated": true, "symbols": ["C", "C", "C", "C", "C", "C", "C", "C", "C", "H", "H", "H", "H", "H", "H", "H", "H", "H", "H", "H", "H", "H", "H", "H", "H", "H", "H", "H", "H"], "geometry": [[0.0, 0.0, 0.0], [2.890704999607033, -3.506274280507972e-16, 5.832161734970781e-17], [4.089065193537816, 2.6398548823224512, 0.0], [3.4781183206879858, 4.319709286905414, 2.286655433425962], [4.219562471750467, 3.2765311768647583, 4.8900725446599], [7.061397870083473, 2.8501845816218947, 5.243720603177293], [7.812450929912385, 1.864016379246367, 7.864069490426262], [7.420312530655825, 3.7356063745623946, 10.035908675993543], [8.370116140686035, 2.71452337228808, 12.565957307643721], [-0.7673634499795907, 0.8052117198453712, 1.7227244707426932], [-0.7382855413879528, 1.0859637550181869, -1.5790395485900928], [-0.7290645202455074, -1.91090128837721, -0.16313187973575483], [3.550346255782879, -0.9977384414207631, -1.670886486848445], [3.5716993347029407, -1.08376372286456, 1.6063776636547864], [3.4801588615338286, 3.6329438293195295, -1.6953199086305966], [6.124643617704143, 2.4344048362998683, -0.1754697737706068], [4.417110395405789, 6.12926152139058, 2.0147209327370263], [1.4665291819134514, 4.734210379797272, 2.3028004693210615], [3.5466430142519743, 4.60500261155437, 6.3030795778206326], [3.2229150835134956, 1.5153563994761756, 5.253083186157587], [7.725759136418543, 1.5034934529362847, 3.8435081087760588], [8.064568827107767, 4.607888313622288, 4.867811072168926], [9.79909222985612, 1.3347353662392032, 7.813300709920991], [6.772639584639758, 0.13318702895586387, 8.26282641931741], [5.43116096391234, 4.20991977231857, 10.212417167994111], [8.398119413440705, 5.491715439051126, 9.600297790284467], [10.378379194706826, 2.295078536527824, 12.490134009902695], [7.392158780957284, 0.9838965671654352, 13.079796204463069], [8.071574333692103, 4.0714770112588825, 14.075631043370665]], "name": "C9H20", "identifiers": {"molecule_hash": "409a77f03f688d45ab39de7332cba45dac451d7a", "molecular_formula": "C9H20"}, "molecular_charge": 0.0, "molecular_multiplicity": 1, "connectivity": [[0, 1, 1.0], [0, 9, 1.0], [0, 10, 1.0], [0, 11, 1.0], [1, 2, 1.0], [1, 12, 1.0], [1, 13, 1.0], [2, 3, 1.0], [2, 14, 1.0], [2, 15, 1.0], [3, 4, 1.0], [3, 16, 1.0], [3, 17, 1.0], [4, 5, 1.0], [4, 18, 1.0], [4, 19, 1.0], [5, 6, 1.0], [5, 20, 1.0], [5, 21, 1.0], [6, 7, 1.0], [6, 22, 1.0], [6, 23, 1.0], [7, 8, 1.0], [7, 24, 1.0], [7, 25, 1.0], [8, 26, 1.0], [8, 27, 1.0], [8, 28, 1.0]], "fix_com": true, "fix_orientation": true, "provenance": {"creator": "QCElemental", "version": "v0.22.0", "routine": "qcelemental.molparse.from_schema"}, "id": "96589"}, "charge": 0, "optimize_geometry": false, "conformers": [], "conformer_generation_options": {"n_conformer_pool": 4000, "n_max_conformers": 0, "rms_tolerance": 0.05, "energy_window": 15, "keep_original_conformer": true}, "stage_1_unrestrained_charges": null, "stage_1_restrained_charges": null, "stage_2_unrestrained_charges": null, "stage_2_restrained_charges": null, "keep_original_orientation": false, "reorientations": [], "translations": [], "rotations": []}}, {"index": 4, "molecule": {"qcmol": {"schema_name": "qcschema_molecule", "schema_version": 2, "validated": true, "symbols": ["C", "C", "C", "C", "C", "C", "C", "C", "C", "H", "H", "H", "H", "H", "H", "H", "H", "H", "H", "H", "H", "H", "H", "H", "H", "H", "H", "H", "H"], "geometry": [[0.0, 0.0, 0.0], [2.890704999607033, -3.506274280507972e-16, 5.832161734970781e-17], [4.089065193537816, 2.6398548823224512, 0.0], [3.4781183206879858, 4.319709286905414, 2.286655433425962], [4.219562471750467, 3.2765311768647583, 4.8900725446599], [7.061397870083473, 2.8501845816218947, 5.243720603177293], [7.812450929912385, 1.864016379246367, 7.864069490426262], [7.420312530655825, 3.7356063745623946, 10.035908675993543], [8.370116140686035, 2.71452337228808, 12.565957307643721], [-0.7673634499795907, 0.8052117198453712, 1.7227244707426932], [-0.7382855413879528, 1.0859637550181869, -1.5790395485900928], [-0.7290645202455074, -1.91090128837721, -0.16313187973575483], [3.550346255782879, -0.9977384414207631, -1.670886486848445], [3.5716993347029407, -1.08376372286456, 1.6063776636547864], [3.4801588615338286, 3.6329438293195295, -1.6953199086305966], [6.124643617704143, 2.4344048362998683, -0.1754697737706068], [4.417110395405789, 6.12926152139058, 2.0147209327370263], [1.4665291819134514, 4.734210379797272, 2.3028004693210615], [3.5466430142519743, 4.60500261155437, 6.3030795778206326], [3.2229150835134956, 1.5153563994761756, 5.253083186157587], [7.725759136418543, 1.5034934529362847, 3.8435081087760588], [8.064568827107767, 4.607888313622288, 4.867811072168926], [9.79909222985612, 1.3347353662392032, 7.813300709920991], [6.772639584639758, 0.13318702895586387, 8.26282641931741], [5.43116096391234, 4.20991977231857, 10.212417167994111], [8.398119413440705, 5.491715439051126, 9.600297790284467], [10.378379194706826, 2.295078536527824, 12.490134009902695], [7.392158780957284, 0.9838965671654352, 13.079796204463069], [8.071574333692103, 4.0714770112588825, 14.075631043370665]], "name": "C9H20", "identifiers": {"molecule_hash": "409a77f03f688d45ab39de7332cba45dac451d7a", "molecular_formula": "C9H20"}, "molecular_charge": 0.0, "molecular_multiplicity": 1, "connectivity": [[0, 1, 1.0], [0, 9, 1.0], [0, 10, 1.0], [0, 11, 1.0], [1, 2, 1.0], [1, 12, 1.0], [1, 13, 1.0], [2, 3, 1.0], [2, 14, 1.0], [2, 15, 1.0], [3, 4, 1.0], [3, 16, 1.0], [3, 17, 1.0], [4, 5, 1.0], [4, 18, 1.0], [4, 19, 1.0], [5, 6, 1.0], [5, 20, 1.0], [5, 21, 1.0], [6, 7, 1.0], [6, 22, 1.0], [6, 23, 1.0], [7, 8, 1.0], [7, 24, 1.0], [7, 25, 1.0], [8, 26, 1.0], [8, 27, 1.0], [8, 28, 1.0]], "fix_com": true, "fix_orientation": true, "provenance": {"creator": "QCElemental", "version": "v0.22.0", "routine": "qcelemental.molparse.from_schema"}, "id": "96589"}, "charge": 0, "optimize_geometry": false, "conformers": [], "conformer_generation_options": {"n_conformer_pool": 4000, "n_max_conformers": 0, "rms_tolerance": 0.05, "energy_window": 15, "keep_original_conformer": true}, "stage_1_unrestrained_charges": null, "stage_1_restrained_charges": null, "stage_2_unrestrained_charges": null, "stage_2_restrained_charges": null, "keep_original_orientation": false, "reorientations": [], "translations": [], "rotations": []}}, {"index": 5, "molecule": {"qcmol": {"schema_name": "qcschema_molecule", "schema_version": 2, "validated": true, "symbols": ["C", "C", "C", "C", "C", "C", "C", "C", "C", "H", "H", "H", "H", "H", "H", "H", "H", "H", "H", "H", "H", "H", "H", "H", "H", "H", "H", "H", "H"], "geometry": [[0.0, 0.0, 0.0], [2.890704999607033, -3.506274280507972e-16, 5.832161734970781e-17], [4.089065193537816, 2.6398548823224512, 0.0], [3.4781183206879858, 4.319709286905414, 2.286655433425962], [4.219562471750467, 3.2765311768647583, 4.8900725446599], [7.061397870083473, 2.8501845816218947, 5.243720603177293], [7.812450929912385, 1.864016379246367, 7.864069490426262], [7.420312530655825, 3.7356063745623946, 10.035908675993543], [8.370116140686035, 2.71452337228808, 12.565957307643721], [-0.7673634499795907, 0.8052117198453712, 1.7227244707426932], [-0.7382855413879528, 1.0859637550181869, -1.5790395485900928], [-0.7290645202455074, -1.91090128837721, -0.16313187973575483], [3.550346255782879, -0.9977384414207631, -1.670886486848445], [3.5716993347029407, -1.08376372286456, 1.6063776636547864], [3.4801588615338286, 3.6329438293195295, -1.6953199086305966], [6.124643617704143, 2.4344048362998683, -0.1754697737706068], [4.417110395405789, 6.12926152139058, 2.0147209327370263], [1.4665291819134514, 4.734210379797272, 2.3028004693210615], [3.5466430142519743, 4.60500261155437, 6.3030795778206326], [3.2229150835134956, 1.5153563994761756, 5.253083186157587], [7.725759136418543, 1.5034934529362847, 3.8435081087760588], [8.064568827107767, 4.607888313622288, 4.867811072168926], [9.79909222985612, 1.3347353662392032, 7.813300709920991], [6.772639584639758, 0.13318702895586387, 8.26282641931741], [5.43116096391234, 4.20991977231857, 10.212417167994111], [8.398119413440705, 5.491715439051126, 9.600297790284467], [10.378379194706826, 2.295078536527824, 12.490134009902695], [7.392158780957284, 0.9838965671654352, 13.079796204463069], [8.071574333692103, 4.0714770112588825, 14.075631043370665]], "name": "C9H20", "identifiers": {"molecule_hash": "409a77f03f688d45ab39de7332cba45dac451d7a", "molecular_formula": "C9H20"}, "molecular_charge": 0.0, "molecular_multiplicity": 1, "connectivity": [[0, 1, 1.0], [0, 9, 1.0], [0, 10, 1.0], [0, 11, 1.0], [1, 2, 1.0], [1, 12, 1.0], [1, 13, 1.0], [2, 3, 1.0], [2, 14, 1.0], [2, 15, 1.0], [3, 4, 1.0], [3, 16, 1.0], [3, 17, 1.0], [4, 5, 1.0], [4, 18, 1.0], [4, 19, 1.0], [5, 6, 1.0], [5, 20, 1.0], [5, 21, 1.0], [6, 7, 1.0], [6, 22, 1.0], [6, 23, 1.0], [7, 8, 1.0], [7, 24, 1.0], [7, 25, 1.0], [8, 26, 1.0], [8, 27, 1.0], [8, 28, 1.0]], "fix_com": true, "fix_orientation": true, "provenance": {"creator": "QCElemental", "version": "v0.22.0", "routine": "qcelemental.molparse.from_schema"}, "id": "96589"}, "charge": 0, "optimize_geometry": false, "conformers": [], "conformer_generation_options": {"n_conformer_pool": 4000, "n_max_conformers": 0, "rms_tolerance": 0.05, "energy_window": 15, "keep_original_conformer": true}, "stage_1_unrestrained_charges": null, "stage_1_restrained_charges": null, "stage_2_unrestrained_charges": null, "stage_2_restrained_charges": null, "keep_original_orientation": false, "reorientations": [], "translations": [], "rotations": []}}, {"index": 6, "molecule": {"qcmol": {"schema_name": "qcschema_molecule", "schema_version": 2, "validated": true, "symbols": ["C", "C", "C", "C", "C", "C", "C", "C", "C", "H", "H", "H", "H", "H", "H", "H", "H", "H", "H", "H", "H", "H", "H", "H", "H", "H", "H", "H", "H"], "geometry": [[0.0, 0.0, 0.0], [2.890704999607033, -3.506274280507972e-16, 5.832161734970781e-17], [4.089065193537816, 2.6398548823224512, 0.0], [3.4781183206879858, 4.319709286905414, 2.286655433425962], [4.219562471750467, 3.2765311768647583, 4.8900725446599], [7.061397870083473, 2.8501845816218947, 5.243720603177293], [7.812450929912385, 1.864016379246367, 7.864069490426262], [7.420312530655825, 3.7356063745623946, 10.035908675993543], [8.370116140686035, 2.71452337228808, 12.565957307643721], [-0.7673634499795907, 0.8052117198453712, 1.7227244707426932], [-0.7382855413879528, 1.0859637550181869, -1.5790395485900928], [-0.7290645202455074, -1.91090128837721, -0.16313187973575483], [3.550346255782879, -0.9977384414207631, -1.670886486848445], [3.5716993347029407, -1.08376372286456, 1.6063776636547864], [3.4801588615338286, 3.6329438293195295, -1.6953199086305966], [6.124643617704143, 2.4344048362998683, -0.1754697737706068], [4.417110395405789, 6.12926152139058, 2.0147209327370263], [1.4665291819134514, 4.734210379797272, 2.3028004693210615], [3.5466430142519743, 4.60500261155437, 6.3030795778206326], [3.2229150835134956, 1.5153563994761756, 5.253083186157587], [7.725759136418543, 1.5034934529362847, 3.8435081087760588], [8.064568827107767, 4.607888313622288, 4.867811072168926], [9.79909222985612, 1.3347353662392032, 7.813300709920991], [6.772639584639758, 0.13318702895586387, 8.26282641931741], [5.43116096391234, 4.20991977231857, 10.212417167994111], [8.398119413440705, 5.491715439051126, 9.600297790284467], [10.378379194706826, 2.295078536527824, 12.490134009902695], [7.392158780957284, 0.9838965671654352, 13.079796204463069], [8.071574333692103, 4.0714770112588825, 14.075631043370665]], "name": "C9H20", "identifiers": {"molecule_hash": "409a77f03f688d45ab39de7332cba45dac451d7a", "molecular_formula": "C9H20"}, "molecular_charge": 0.0, "molecular_multiplicity": 1, "connectivity": [[0, 1, 1.0], [0, 9, 1.0], [0, 10, 1.0], [0, 11, 1.0], [1, 2, 1.0], [1, 12, 1.0], [1, 13, 1.0], [2, 3, 1.0], [2, 14, 1.0], [2, 15, 1.0], [3, 4, 1.0], [3, 16, 1.0], [3, 17, 1.0], [4, 5, 1.0], [4, 18, 1.0], [4, 19, 1.0], [5, 6, 1.0], [5, 20, 1.0], [5, 21, 1.0], [6, 7, 1.0], [6, 22, 1.0], [6, 23, 1.0], [7, 8, 1.0], [7, 24, 1.0], [7, 25, 1.0], [8, 26, 1.0], [8, 27, 1.0], [8, 28, 1.0]], "fix_com": true, "fix_orientation": true, "provenance": {"creator": "QCElemental", "version": "v0.22.0", "routine": "qcelemental.molparse.from_schema"}, "id": "96589"}, "charge": 0, "optimize_geometry": false, "conformers": [], "conformer_generation_options": {"n_conformer_pool": 4000, "n_max_conformers": 0, "rms_tolerance": 0.05, "energy_window": 15, "keep_original_conformer": true}, "stage_1_unrestrained_charges": null, "stage_1_restrained_charges": null, "stage_2_unrestrained_charges": null, "stage_2_restrained_charges": null, "keep_original_orientation": false, "reorientations": [], "translations": [], "rotations": []}}, {"index": 7, "molecule": {"qcmol": {"schema_name": "qcschema_molecule", "schema_version": 2, "validated": true, "symbols": ["C", "C", "C", "C", "C", "C", "C", "C", "C", "H", "H", "H", "H", "H", "H", "H", "H", "H", "H", "H", "H", "H", "H", "H", "H", "H", "H", "H", "H"], "geometry": [[0.0, 0.0, 0.0], [2.890704999607033, -3.506274280507972e-16, 5.832161734970781e-17], [4.089065193537816, 2.6398548823224512, 0.0], [3.4781183206879858, 4.319709286905414, 2.286655433425962], [4.219562471750467, 3.2765311768647583, 4.8900725446599], [7.061397870083473, 2.8501845816218947, 5.243720603177293], [7.812450929912385, 1.864016379246367, 7.864069490426262], [7.420312530655825, 3.7356063745623946, 10.035908675993543], [8.370116140686035, 2.71452337228808, 12.565957307643721], [-0.7673634499795907, 0.8052117198453712, 1.7227244707426932], [-0.7382855413879528, 1.0859637550181869, -1.5790395485900928], [-0.7290645202455074, -1.91090128837721, -0.16313187973575483], [3.550346255782879, -0.9977384414207631, -1.670886486848445], [3.5716993347029407, -1.08376372286456, 1.6063776636547864], [3.4801588615338286, 3.6329438293195295, -1.6953199086305966], [6.124643617704143, 2.4344048362998683, -0.1754697737706068], [4.417110395405789, 6.12926152139058, 2.0147209327370263], [1.4665291819134514, 4.734210379797272, 2.3028004693210615], [3.5466430142519743, 4.60500261155437, 6.3030795778206326], [3.2229150835134956, 1.5153563994761756, 5.253083186157587], [7.725759136418543, 1.5034934529362847, 3.8435081087760588], [8.064568827107767, 4.607888313622288, 4.867811072168926], [9.79909222985612, 1.3347353662392032, 7.813300709920991], [6.772639584639758, 0.13318702895586387, 8.26282641931741], [5.43116096391234, 4.20991977231857, 10.212417167994111], [8.398119413440705, 5.491715439051126, 9.600297790284467], [10.378379194706826, 2.295078536527824, 12.490134009902695], [7.392158780957284, 0.9838965671654352, 13.079796204463069], [8.071574333692103, 4.0714770112588825, 14.075631043370665]], "name": "C9H20", "identifiers": {"molecule_hash": "409a77f03f688d45ab39de7332cba45dac451d7a", "molecular_formula": "C9H20"}, "molecular_charge": 0.0, "molecular_multiplicity": 1, "connectivity": [[0, 1, 1.0], [0, 9, 1.0], [0, 10, 1.0], [0, 11, 1.0], [1, 2, 1.0], [1, 12, 1.0], [1, 13, 1.0], [2, 3, 1.0], [2, 14, 1.0], [2, 15, 1.0], [3, 4, 1.0], [3, 16, 1.0], [3, 17, 1.0], [4, 5, 1.0], [4, 18, 1.0], [4, 19, 1.0], [5, 6, 1.0], [5, 20, 1.0], [5, 21, 1.0], [6, 7, 1.0], [6, 22, 1.0], [6, 23, 1.0], [7, 8, 1.0], [7, 24, 1.0], [7, 25, 1.0], [8, 26, 1.0], [8, 27, 1.0], [8, 28, 1.0]], "fix_com": true, "fix_orientation": true, "provenance": {"creator": "QCElemental", "version": "v0.22.0", "routine": "qcelemental.molparse.from_schema"}, "id": "96589"}, "charge": 0, "optimize_geometry": false, "conformers": [], "conformer_generation_options": {"n_conformer_pool": 4000, "n_max_conformers": 0, "rms_tolerance": 0.05, "energy_window": 15, "keep_original_conformer": true}, "stage_1_unrestrained_charges": null, "stage_1_restrained_charges": null, "stage_2_unrestrained_charges": null, "stage_2_restrained_charges": null, "keep_original_orientation": false, "reorientations": [], "translations": [], "rotations": []}}, {"index": 8, "molecule": {"qcmol": {"schema_name": "qcschema_molecule", "schema_version": 2, "validated": true, "symbols": ["C", "C", "C", "C", "C", "C", "C", "C", "C", "H", "H", "H", "H", "H", "H", "H", "H", "H", "H", "H", "H", "H", "H", "H", "H", "H", "H", "H", "H"], "geometry": [[0.0, 0.0, 0.0], [2.890704999607033, -3.506274280507972e-16, 5.832161734970781e-17], [4.089065193537816, 2.6398548823224512, 0.0], [3.4781183206879858, 4.319709286905414, 2.286655433425962], [4.219562471750467, 3.2765311768647583, 4.8900725446599], [7.061397870083473, 2.8501845816218947, 5.243720603177293], [7.812450929912385, 1.864016379246367, 7.864069490426262], [7.420312530655825, 3.7356063745623946, 10.035908675993543], [8.370116140686035, 2.71452337228808, 12.565957307643721], [-0.7673634499795907, 0.8052117198453712, 1.7227244707426932], [-0.7382855413879528, 1.0859637550181869, -1.5790395485900928], [-0.7290645202455074, -1.91090128837721, -0.16313187973575483], [3.550346255782879, -0.9977384414207631, -1.670886486848445], [3.5716993347029407, -1.08376372286456, 1.6063776636547864], [3.4801588615338286, 3.6329438293195295, -1.6953199086305966], [6.124643617704143, 2.4344048362998683, -0.1754697737706068], [4.417110395405789, 6.12926152139058, 2.0147209327370263], [1.4665291819134514, 4.734210379797272, 2.3028004693210615], [3.5466430142519743, 4.60500261155437, 6.3030795778206326], [3.2229150835134956, 1.5153563994761756, 5.253083186157587], [7.725759136418543, 1.5034934529362847, 3.8435081087760588], [8.064568827107767, 4.607888313622288, 4.867811072168926], [9.79909222985612, 1.3347353662392032, 7.813300709920991], [6.772639584639758, 0.13318702895586387, 8.26282641931741], [5.43116096391234, 4.20991977231857, 10.212417167994111], [8.398119413440705, 5.491715439051126, 9.600297790284467], [10.378379194706826, 2.295078536527824, 12.490134009902695], [7.392158780957284, 0.9838965671654352, 13.079796204463069], [8.071574333692103, 4.0714770112588825, 14.075631043370665]], "name": "C9H20", "identifiers": {"molecule_hash": "409a77f03f688d45ab39de7332cba45dac451d7a", "molecular_formula": "C9H20"}, "molecular_charge": 0.0, "molecular_multiplicity": 1, "connectivity": [[0, 1, 1.0], [0, 9, 1.0], [0, 10, 1.0], [0, 11, 1.0], [1, 2, 1.0], [1, 12, 1.0], [1, 13, 1.0], [2, 3, 1.0], [2, 14, 1.0], [2, 15, 1.0], [3, 4, 1.0], [3, 16, 1.0], [3, 17, 1.0], [4, 5, 1.0], [4, 18, 1.0], [4, 19, 1.0], [5, 6, 1.0], [5, 20, 1.0], [5, 21, 1.0], [6, 7, 1.0], [6, 22, 1.0], [6, 23, 1.0], [7, 8, 1.0], [7, 24, 1.0], [7, 25, 1.0], [8, 26, 1.0], [8, 27, 1.0], [8, 28, 1.0]], "fix_com": true, "fix_orientation": true, "provenance": {"creator": "QCElemental", "version": "v0.22.0", "routine": "qcelemental.molparse.from_schema"}, "id": "96589"}, "charge": 0, "optimize_geometry": false, "conformers": [], "conformer_generation_options": {"n_conformer_pool": 4000, "n_max_conformers": 0, "rms_tolerance": 0.05, "energy_window": 15, "keep_original_conformer": true}, "stage_1_unrestrained_charges": null, "stage_1_restrained_charges": null, "stage_2_unrestrained_charges": null, "stage_2_restrained_charges": null, "keep_original_orientation": false, "reorientations": [], "translations": [], "rotations": []}}]}, "surface_constraints": {"matrix": [[682096661067018.9, 664189869512487.2, 641815606099873.5, 624570156422568.9, 592455562965973.5, 564551976882897.1, 540254956970875.6, 526551191083321.25, 510673521841611.25, 685348723881048.2, 686225381997203.4, 685045825154755.8, 662811735607457.4, 662472976006009.5, 636204522934280.2, 639479250463373.6, 632690988966153.2, 625605293565374.0, 587437457621132.6, 591546578730507.9, 560190277632139.5, 563667838557211.2, 535694788667477.44, 533440164342486.1, 539848631758773.06, 511621709313242.75, 502030871230706.4, 515592256610805.6, 500352917272023.1], [664189869512487.2, 680852776379405.5, 665715641869297.8, 641762027081933.1, 614380779538958.5, 593717709790399.8, 570110935219706.8, 555388089618903.9, 537949656896592.44, 658499292838883.8, 659064051450365.9, 658182347634945.8, 689671933100516.0, 690017474371978.9, 666893702872567.2, 667396832460855.9, 641063679232348.6, 642602693859049.8, 607960857115280.2, 611723768875850.2, 591238917194267.8, 595417773213943.4, 565156020507585.8, 564980649573055.2, 568558645132088.4, 540602511969894.5, 529991040158137.5, 540796599850665.44, 527673704124529.4], [641815606099873.5, 665715641869297.8, 681699561647789.5, 664626778121253.5, 643158991864112.2, 625734893676489.6, 601758272292131.9, 584094142400921.1, 564227233875012.8, 630786135289972.6, 638700110914986.1, 634866464237306.1, 665207347801406.6, 665765648229033.1, 692451312324211.8, 692652685792246.9, 663944774790838.4, 665072889611194.4, 637370042331885.9, 640922265079618.9, 625443034926917.9, 627955544856191.9, 599145233723361.6, 596028390766016.8, 596931342793503.6, 568914445248391.5, 555554389667862.06, 565163551658807.1, 554853489121916.94], [624570156422568.9, 641762027081933.1, 664626778121253.5, 679658797838688.6, 665140094656508.6, 642396267454734.9, 615970384741786.9, 592428093519619.4, 570154149729802.9, 613363319672176.2, 622570442947626.5, 621861839102631.2, 637159927147026.8, 635807895274208.2, 665623909026740.2, 665652718427987.2, 688437851432695.1, 690205049528176.0, 665264997193122.0, 666373778916836.0, 642939358335002.6, 641651781994738.2, 615963278492639.4, 610381572533340.9, 603151638712676.2, 576911935844499.1, 560774577915991.94, 570114537836604.4, 560422433482060.4], [592455562965973.5, 614380779538958.5, 643158991864112.2, 665140094656508.6, 680813769145024.9, 664627445251291.0, 641484748667561.9, 616163704526264.1, 591797078276833.5, 580618136460274.5, 590720555556487.6, 586684220304855.6, 612325407513252.9, 606335326421293.2, 643917726592777.9, 644957474401955.8, 665000078948883.0, 666305668982972.9, 690056180272253.5, 691659405107691.5, 665255977107232.9, 665257507332755.4, 639463741379790.1, 641300323944125.2, 623000103920578.8, 604584846933578.2, 582849751756422.8, 591009878317684.2, 580666940331556.0], [564551976882897.1, 593717709790399.8, 625734893676489.6, 642396267454734.9, 664627445251291.0, 679495801908689.6, 662867512971279.2, 639887859291099.1, 620452860573018.8, 553942223727916.94, 559819893520785.5, 555491600990466.25, 593984084096437.1, 587622048948418.4, 630893416681405.9, 630021094989242.0, 638560451581634.4, 638318909757239.8, 664379678329762.1, 665696452558786.0, 689816168308411.2, 689625272427967.9, 662111649275723.4, 663735879446718.2, 640954679764444.0, 631027272923820.6, 611068749822170.5, 617710201783513.9, 615169211803655.0], [540254956970875.6, 570110935219706.8, 601758272292131.9, 615970384741786.9, 641484748667561.9, 662867512971279.2, 677224859074152.9, 661168345811675.2, 640557043588390.8, 529325653405283.0, 536197770022946.4, 530565795905033.4, 568781998867596.1, 567022582202665.5, 604716913412482.5, 609974743248277.9, 612420622641851.9, 607593206108275.8, 637098261988377.6, 645115906962239.6, 663435695642853.6, 663499180621800.5, 686049289675530.2, 687543139843597.4, 661606642388605.8, 658272234489265.6, 634859258549739.4, 633451290887057.8, 634611771380250.5], [526551191083321.25, 555388089618903.9, 584094142400921.1, 592428093519619.4, 616163704526264.1, 639887859291099.1, 661168345811675.2, 677168899105366.4, 664039141933233.8, 516707624380294.06, 523192011740897.0, 516152732215113.44, 556197562954822.5, 551736942644715.2, 588452969524777.8, 593098599448015.8, 589002076941008.5, 580617191983097.6, 612866309827644.4, 615878217265846.9, 639098722460158.2, 639121186378118.1, 660647765239781.6, 661379489183229.4, 687293350688394.6, 683325658481254.5, 658415051209709.4, 660953002677481.5, 658523902975982.1], [510673521841611.25, 537949656896592.44, 564227233875012.8, 570154149729802.9, 591797078276833.5, 620452860573018.8, 640557043588390.8, 664039141933233.8, 685043965500239.4, 501396706983933.75, 507114515799232.1, 501225894907855.6, 540571440493638.3, 533149337512279.75, 567584201955365.0, 574137868461828.5, 565516072710529.4, 559338557752974.2, 585128564719940.8, 589761493922931.4, 621324658307949.4, 623343771259903.1, 636017764351453.0, 638574232938811.9, 664330709154011.0, 659502222197198.4, 688337149605805.6, 691088652383308.6, 688398255351475.4], [685348723881048.2, 658499292838883.8, 630786135289972.6, 613363319672176.2, 580618136460274.5, 553942223727916.94, 529325653405283.0, 516707624380294.06, 501396706983933.75, 715266760283514.2, 679931157083162.6, 678809821118598.6, 655145171620210.6, 656396795568978.1, 625074082791836.1, 624981155999978.6, 620854157351056.1, 615396018721799.0, 575361564223980.5, 578662763171914.8, 550444910485379.6, 553319890251298.25, 523519241954485.1, 522682090223220.8, 530336385601598.1, 501853933367062.75, 492933370893796.0, 506471487678384.56, 491378757274809.3], [686225381997203.4, 659064051450365.9, 638700110914986.1, 622570442947626.5, 590720555556487.6, 559819893520785.5, 536197770022946.4, 523192011740897.0, 507114515799232.1, 679931157083162.6, 717457484481185.6, 679760906041307.4, 655468782949158.9, 650631724989552.9, 631540931589338.8, 638277296987309.9, 635067225266406.0, 619794552059518.0, 584527661886456.0, 593721304432367.8, 552800188680576.7, 559177683966045.6, 532148512280327.0, 528761927475752.2, 536581036422650.06, 509101047438737.5, 497605952628836.06, 512978273570852.94, 496570269470012.94], [685045825154755.8, 658182347634945.8, 634866464237306.1, 621861839102631.2, 586684220304855.6, 555491600990466.25, 530565795905033.4, 516152732215113.44, 501225894907855.6, 678809821118598.6, 679760906041307.4, 714628356898549.0, 652522293488834.2, 654565778307982.8, 626222841143034.0, 631284137461029.0, 632979150044903.0, 625799867264275.5, 583977321545025.5, 584082871884955.0, 551744365848955.56, 552170717546199.0, 527012388986011.0, 522929290414117.06, 529157613345458.2, 500307660738661.2, 492892560664746.1, 506493663815569.4, 490878401589968.9], [662811735607457.4, 689671933100516.0, 665207347801406.6, 637159927147026.8, 612325407513252.9, 593984084096437.1, 568781998867596.1, 556197562954822.5, 540571440493638.3, 655145171620210.6, 655468782949158.9, 652522293488834.2, 724092838508892.8, 689454566221133.4, 666172549159330.1, 663001802727292.8, 630764881913710.6, 638673413806591.1, 608140216102478.8, 607530526596274.8, 593369738987969.1, 596746771020184.1, 560745477242724.56, 563821356577600.1, 568459716902629.4, 542396506015438.44, 534342714050890.9, 544136764050747.56, 529234182315966.4], [662472976006009.5, 690017474371978.9, 665765648229033.1, 635807895274208.2, 606335326421293.2, 587622048948418.4, 567022582202665.5, 551736942644715.2, 533149337512279.75, 656396795568978.1, 650631724989552.9, 654565778307982.8, 689454566221133.4, 725075943532884.9, 664954101613686.9, 666997954967928.1, 633407331985138.0, 635867135401370.0, 596243848325867.8, 604170200353676.4, 583289097831266.6, 589915136461765.2, 563040956048290.8, 563953180562212.1, 56