{"resp_b": 0.1, "restrained_fit": true, "exclude_hydrogens": true, "convergence_tolerance": 1e-06, "max_iter": 500, "resp_a": 0.0005, "charge_constraints": {"charge_sum_constraints": [], "charge_equivalence_constraints": [], "molecules": [{"qcmol": {"schema_name": "qcschema_molecule", "schema_version": 2, "validated": true, "symbols": ["C", "C", "C", "C", "C", "C", "C", "C", "C", "H", "H", "H", "H", "H", "H", "H", "H", "H", "H", "H", "H", "H", "H", "H", "H", "H", "H", "H", "H"], "geometry": [[0.0, 0.0, 0.0], [2.890704999607033, -3.506274280507972e-16, 5.832161734970781e-17], [4.089065193537816, 2.6398548823224512, 0.0], [3.4781183206879858, 4.319709286905414, 2.286655433425962], [4.219562471750467, 3.2765311768647583, 4.8900725446599], [7.061397870083473, 2.8501845816218947, 5.243720603177293], [7.812450929912385, 1.864016379246367, 7.864069490426262], [7.420312530655825, 3.7356063745623946, 10.035908675993543], [8.370116140686035, 2.71452337228808, 12.565957307643721], [-0.7673634499795907, 0.8052117198453712, 1.7227244707426932], [-0.7382855413879528, 1.0859637550181869, -1.5790395485900928], [-0.7290645202455074, -1.91090128837721, -0.16313187973575483], [3.550346255782879, -0.9977384414207631, -1.670886486848445], [3.5716993347029407, -1.08376372286456, 1.6063776636547864], [3.4801588615338286, 3.6329438293195295, -1.6953199086305966], [6.124643617704143, 2.4344048362998683, -0.1754697737706068], [4.417110395405789, 6.12926152139058, 2.0147209327370263], [1.4665291819134514, 4.734210379797272, 2.3028004693210615], [3.5466430142519743, 4.60500261155437, 6.3030795778206326], [3.2229150835134956, 1.5153563994761756, 5.253083186157587], [7.725759136418543, 1.5034934529362847, 3.8435081087760588], [8.064568827107767, 4.607888313622288, 4.867811072168926], [9.79909222985612, 1.3347353662392032, 7.813300709920991], [6.772639584639758, 0.13318702895586387, 8.26282641931741], [5.43116096391234, 4.20991977231857, 10.212417167994111], [8.398119413440705, 5.491715439051126, 9.600297790284467], [10.378379194706826, 2.295078536527824, 12.490134009902695], [7.392158780957284, 0.9838965671654352, 13.079796204463069], [8.071574333692103, 4.0714770112588825, 14.075631043370665]], "name": "C9H20", "identifiers": {"molecule_hash": "409a77f03f688d45ab39de7332cba45dac451d7a", "molecular_formula": "C9H20"}, "molecular_charge": 0.0, "molecular_multiplicity": 1, "connectivity": [[0, 1, 1.0], [0, 9, 1.0], [0, 10, 1.0], [0, 11, 1.0], [1, 2, 1.0], [1, 12, 1.0], [1, 13, 1.0], [2, 3, 1.0], [2, 14, 1.0], [2, 15, 1.0], [3, 4, 1.0], [3, 16, 1.0], [3, 17, 1.0], [4, 5, 1.0], [4, 18, 1.0], [4, 19, 1.0], [5, 6, 1.0], [5, 20, 1.0], [5, 21, 1.0], [6, 7, 1.0], [6, 22, 1.0], [6, 23, 1.0], [7, 8, 1.0], [7, 24, 1.0], [7, 25, 1.0], [8, 26, 1.0], [8, 27, 1.0], [8, 28, 1.0]], "fix_com": true, "fix_orientation": true, "provenance": {"creator": "QCElemental", "version": "v0.22.0", "routine": "qcelemental.molparse.from_schema"}, "id": "96589"}, "charge": 0, "optimize_geometry": false, "conformers": [], "conformer_generation_options": {"n_conformer_pool": 4000, "n_max_conformers": 0, "rms_tolerance": 0.05, "energy_window": 15, "keep_original_conformer": true}, "stage_1_unrestrained_charges": null, "stage_1_restrained_charges": null, "stage_2_unrestrained_charges": null, "stage_2_restrained_charges": null, "keep_original_orientation": false, "reorientations": [], "translations": [], "rotations": []}], "unconstrained_atoms": [{"index": 0, "molecule": {"qcmol": {"schema_name": "qcschema_molecule", "schema_version": 2, "validated": true, "symbols": ["C", "C", "C", "C", "C", "C", "C", "C", "C", "H", "H", "H", "H", "H", "H", "H", "H", "H", "H", "H", "H", "H", "H", "H", "H", "H", "H", "H", "H"], "geometry": [[0.0, 0.0, 0.0], [2.890704999607033, -3.506274280507972e-16, 5.832161734970781e-17], [4.089065193537816, 2.6398548823224512, 0.0], [3.4781183206879858, 4.319709286905414, 2.286655433425962], [4.219562471750467, 3.2765311768647583, 4.8900725446599], [7.061397870083473, 2.8501845816218947, 5.243720603177293], [7.812450929912385, 1.864016379246367, 7.864069490426262], [7.420312530655825, 3.7356063745623946, 10.035908675993543], [8.370116140686035, 2.71452337228808, 12.565957307643721], [-0.7673634499795907, 0.8052117198453712, 1.7227244707426932], [-0.7382855413879528, 1.0859637550181869, -1.5790395485900928], [-0.7290645202455074, -1.91090128837721, -0.16313187973575483], [3.550346255782879, -0.9977384414207631, -1.670886486848445], [3.5716993347029407, -1.08376372286456, 1.6063776636547864], [3.4801588615338286, 3.6329438293195295, -1.6953199086305966], [6.124643617704143, 2.4344048362998683, -0.1754697737706068], [4.417110395405789, 6.12926152139058, 2.0147209327370263], [1.4665291819134514, 4.734210379797272, 2.3028004693210615], [3.5466430142519743, 4.60500261155437, 6.3030795778206326], [3.2229150835134956, 1.5153563994761756, 5.253083186157587], [7.725759136418543, 1.5034934529362847, 3.8435081087760588], [8.064568827107767, 4.607888313622288, 4.867811072168926], [9.79909222985612, 1.3347353662392032, 7.813300709920991], [6.772639584639758, 0.13318702895586387, 8.26282641931741], [5.43116096391234, 4.20991977231857, 10.212417167994111], [8.398119413440705, 5.491715439051126, 9.600297790284467], [10.378379194706826, 2.295078536527824, 12.490134009902695], [7.392158780957284, 0.9838965671654352, 13.079796204463069], [8.071574333692103, 4.0714770112588825, 14.075631043370665]], "name": "C9H20", "identifiers": {"molecule_hash": "409a77f03f688d45ab39de7332cba45dac451d7a", "molecular_formula": "C9H20"}, "molecular_charge": 0.0, "molecular_multiplicity": 1, "connectivity": [[0, 1, 1.0], [0, 9, 1.0], [0, 10, 1.0], [0, 11, 1.0], [1, 2, 1.0], [1, 12, 1.0], [1, 13, 1.0], [2, 3, 1.0], [2, 14, 1.0], [2, 15, 1.0], [3, 4, 1.0], [3, 16, 1.0], [3, 17, 1.0], [4, 5, 1.0], [4, 18, 1.0], [4, 19, 1.0], [5, 6, 1.0], [5, 20, 1.0], [5, 21, 1.0], [6, 7, 1.0], [6, 22, 1.0], [6, 23, 1.0], [7, 8, 1.0], [7, 24, 1.0], [7, 25, 1.0], [8, 26, 1.0], [8, 27, 1.0], [8, 28, 1.0]], "fix_com": true, "fix_orientation": true, "provenance": {"creator": "QCElemental", "version": "v0.22.0", "routine": "qcelemental.molparse.from_schema"}, "id": "96589"}, "charge": 0, "optimize_geometry": false, "conformers": [], "conformer_generation_options": {"n_conformer_pool": 4000, "n_max_conformers": 0, "rms_tolerance": 0.05, "energy_window": 15, "keep_original_conformer": true}, "stage_1_unrestrained_charges": null, "stage_1_restrained_charges": null, "stage_2_unrestrained_charges": null, "stage_2_restrained_charges": null, "keep_original_orientation": false, "reorientations": [], "translations": [], "rotations": []}}, {"index": 1, "molecule": {"qcmol": {"schema_name": "qcschema_molecule", "schema_version": 2, "validated": true, "symbols": ["C", "C", "C", "C", "C", "C", "C", "C", "C", "H", "H", "H", "H", "H", "H", "H", "H", "H", "H", "H", "H", "H", "H", "H", "H", "H", "H", "H", "H"], "geometry": [[0.0, 0.0, 0.0], [2.890704999607033, -3.506274280507972e-16, 5.832161734970781e-17], [4.089065193537816, 2.6398548823224512, 0.0], [3.4781183206879858, 4.319709286905414, 2.286655433425962], [4.219562471750467, 3.2765311768647583, 4.8900725446599], [7.061397870083473, 2.8501845816218947, 5.243720603177293], [7.812450929912385, 1.864016379246367, 7.864069490426262], [7.420312530655825, 3.7356063745623946, 10.035908675993543], [8.370116140686035, 2.71452337228808, 12.565957307643721], [-0.7673634499795907, 0.8052117198453712, 1.7227244707426932], [-0.7382855413879528, 1.0859637550181869, -1.5790395485900928], [-0.7290645202455074, -1.91090128837721, -0.16313187973575483], [3.550346255782879, -0.9977384414207631, -1.670886486848445], [3.5716993347029407, -1.08376372286456, 1.6063776636547864], [3.4801588615338286, 3.6329438293195295, -1.6953199086305966], [6.124643617704143, 2.4344048362998683, -0.1754697737706068], [4.417110395405789, 6.12926152139058, 2.0147209327370263], [1.4665291819134514, 4.734210379797272, 2.3028004693210615], [3.5466430142519743, 4.60500261155437, 6.3030795778206326], [3.2229150835134956, 1.5153563994761756, 5.253083186157587], [7.725759136418543, 1.5034934529362847, 3.8435081087760588], [8.064568827107767, 4.607888313622288, 4.867811072168926], [9.79909222985612, 1.3347353662392032, 7.813300709920991], [6.772639584639758, 0.13318702895586387, 8.26282641931741], [5.43116096391234, 4.20991977231857, 10.212417167994111], [8.398119413440705, 5.491715439051126, 9.600297790284467], [10.378379194706826, 2.295078536527824, 12.490134009902695], [7.392158780957284, 0.9838965671654352, 13.079796204463069], [8.071574333692103, 4.0714770112588825, 14.075631043370665]], "name": "C9H20", "identifiers": {"molecule_hash": "409a77f03f688d45ab39de7332cba45dac451d7a", "molecular_formula": "C9H20"}, "molecular_charge": 0.0, "molecular_multiplicity": 1, "connectivity": [[0, 1, 1.0], [0, 9, 1.0], [0, 10, 1.0], [0, 11, 1.0], [1, 2, 1.0], [1, 12, 1.0], [1, 13, 1.0], [2, 3, 1.0], [2, 14, 1.0], [2, 15, 1.0], [3, 4, 1.0], [3, 16, 1.0], [3, 17, 1.0], [4, 5, 1.0], [4, 18, 1.0], [4, 19, 1.0], [5, 6, 1.0], [5, 20, 1.0], [5, 21, 1.0], [6, 7, 1.0], [6, 22, 1.0], [6, 23, 1.0], [7, 8, 1.0], [7, 24, 1.0], [7, 25, 1.0], [8, 26, 1.0], [8, 27, 1.0], [8, 28, 1.0]], "fix_com": true, "fix_orientation": true, "provenance": {"creator": "QCElemental", "version": "v0.22.0", "routine": "qcelemental.molparse.from_schema"}, "id": "96589"}, "charge": 0, "optimize_geometry": false, "conformers": [], "conformer_generation_options": {"n_conformer_pool": 4000, "n_max_conformers": 0, "rms_tolerance": 0.05, "energy_window": 15, "keep_original_conformer": true}, "stage_1_unrestrained_charges": null, "stage_1_restrained_charges": null, "stage_2_unrestrained_charges": null, "stage_2_restrained_charges": null, "keep_original_orientation": false, "reorientations": [], "translations": [], "rotations": []}}, {"index": 2, "molecule": {"qcmol": {"schema_name": "qcschema_molecule", "schema_version": 2, "validated": true, "symbols": ["C", "C", "C", "C", "C", "C", "C", "C", "C", "H", "H", "H", "H", "H", "H", "H", "H", "H", "H", "H", "H", "H", "H", "H", "H", "H", "H", "H", "H"], "geometry": [[0.0, 0.0, 0.0], [2.890704999607033, -3.506274280507972e-16, 5.832161734970781e-17], [4.089065193537816, 2.6398548823224512, 0.0], [3.4781183206879858, 4.319709286905414, 2.286655433425962], [4.219562471750467, 3.2765311768647583, 4.8900725446599], [7.061397870083473, 2.8501845816218947, 5.243720603177293], [7.812450929912385, 1.864016379246367, 7.864069490426262], [7.420312530655825, 3.7356063745623946, 10.035908675993543], [8.370116140686035, 2.71452337228808, 12.565957307643721], [-0.7673634499795907, 0.8052117198453712, 1.7227244707426932], [-0.7382855413879528, 1.0859637550181869, -1.5790395485900928], [-0.7290645202455074, -1.91090128837721, -0.16313187973575483], [3.550346255782879, -0.9977384414207631, -1.670886486848445], [3.5716993347029407, -1.08376372286456, 1.6063776636547864], [3.4801588615338286, 3.6329438293195295, -1.6953199086305966], [6.124643617704143, 2.4344048362998683, -0.1754697737706068], [4.417110395405789, 6.12926152139058, 2.0147209327370263], [1.4665291819134514, 4.734210379797272, 2.3028004693210615], [3.5466430142519743, 4.60500261155437, 6.3030795778206326], [3.2229150835134956, 1.5153563994761756, 5.253083186157587], [7.725759136418543, 1.5034934529362847, 3.8435081087760588], [8.064568827107767, 4.607888313622288, 4.867811072168926], [9.79909222985612, 1.3347353662392032, 7.813300709920991], [6.772639584639758, 0.13318702895586387, 8.26282641931741], [5.43116096391234, 4.20991977231857, 10.212417167994111], [8.398119413440705, 5.491715439051126, 9.600297790284467], [10.378379194706826, 2.295078536527824, 12.490134009902695], [7.392158780957284, 0.9838965671654352, 13.079796204463069], [8.071574333692103, 4.0714770112588825, 14.075631043370665]], "name": "C9H20", "identifiers": {"molecule_hash": "409a77f03f688d45ab39de7332cba45dac451d7a", "molecular_formula": "C9H20"}, "molecular_charge": 0.0, "molecular_multiplicity": 1, "connectivity": [[0, 1, 1.0], [0, 9, 1.0], [0, 10, 1.0], [0, 11, 1.0], [1, 2, 1.0], [1, 12, 1.0], [1, 13, 1.0], [2, 3, 1.0], [2, 14, 1.0], [2, 15, 1.0], [3, 4, 1.0], [3, 16, 1.0], [3, 17, 1.0], [4, 5, 1.0], [4, 18, 1.0], [4, 19, 1.0], [5, 6, 1.0], [5, 20, 1.0], [5, 21, 1.0], [6, 7, 1.0], [6, 22, 1.0], [6, 23, 1.0], [7, 8, 1.0], [7, 24, 1.0], [7, 25, 1.0], [8, 26, 1.0], [8, 27, 1.0], [8, 28, 1.0]], "fix_com": true, "fix_orientation": true, "provenance": {"creator": "QCElemental", "version": "v0.22.0", "routine": "qcelemental.molparse.from_schema"}, "id": "96589"}, "charge": 0, "optimize_geometry": false, "conformers": [], "conformer_generation_options": {"n_conformer_pool": 4000, "n_max_conformers": 0, "rms_tolerance": 0.05, "energy_window": 15, "keep_original_conformer": true}, "stage_1_unrestrained_charges": null, "stage_1_restrained_charges": null, "stage_2_unrestrained_charges": null, "stage_2_restrained_charges": null, "keep_original_orientation": false, "reorientations": [], "translations": [], "rotations": []}}, {"index": 3, "molecule": {"qcmol": {"schema_name": "qcschema_molecule", "schema_version": 2, "validated": true, "symbols": ["C", "C", "C", "C", "C", "C", "C", "C", "C", "H", "H", "H", "H", "H", "H", "H", "H", "H", "H", "H", "H", "H", "H", "H", "H", "H", "H", "H", "H"], "geometry": [[0.0, 0.0, 0.0], [2.890704999607033, -3.506274280507972e-16, 5.832161734970781e-17], [4.089065193537816, 2.6398548823224512, 0.0], [3.4781183206879858, 4.319709286905414, 2.286655433425962], [4.219562471750467, 3.2765311768647583, 4.8900725446599], [7.061397870083473, 2.8501845816218947, 5.243720603177293], [7.812450929912385, 1.864016379246367, 7.864069490426262], [7.420312530655825, 3.7356063745623946, 10.035908675993543], [8.370116140686035, 2.71452337228808, 12.565957307643721], [-0.7673634499795907, 0.8052117198453712, 1.7227244707426932], [-0.7382855413879528, 1.0859637550181869, -1.5790395485900928], [-0.7290645202455074, -1.91090128837721, -0.16313187973575483], [3.550346255782879, -0.9977384414207631, -1.670886486848445], [3.5716993347029407, -1.08376372286456, 1.6063776636547864], [3.4801588615338286, 3.6329438293195295, -1.6953199086305966], [6.124643617704143, 2.4344048362998683, -0.1754697737706068], [4.417110395405789, 6.12926152139058, 2.0147209327370263], [1.4665291819134514, 4.734210379797272, 2.3028004693210615], [3.5466430142519743, 4.60500261155437, 6.3030795778206326], [3.2229150835134956, 1.5153563994761756, 5.253083186157587], [7.725759136418543, 1.5034934529362847, 3.8435081087760588], [8.064568827107767, 4.607888313622288, 4.867811072168926], [9.79909222985612, 1.3347353662392032, 7.813300709920991], [6.772639584639758, 0.13318702895586387, 8.26282641931741], [5.43116096391234, 4.20991977231857, 10.212417167994111], [8.398119413440705, 5.491715439051126, 9.600297790284467], [10.378379194706826, 2.295078536527824, 12.490134009902695], [7.392158780957284, 0.9838965671654352, 13.079796204463069], [8.071574333692103, 4.0714770112588825, 14.075631043370665]], "name": "C9H20", "identifiers": {"molecule_hash": "409a77f03f688d45ab39de7332cba45dac451d7a", "molecular_formula": "C9H20"}, "molecular_charge": 0.0, "molecular_multiplicity": 1, "connectivity": [[0, 1, 1.0], [0, 9, 1.0], [0, 10, 1.0], [0, 11, 1.0], [1, 2, 1.0], [1, 12, 1.0], [1, 13, 1.0], [2, 3, 1.0], [2, 14, 1.0], [2, 15, 1.0], [3, 4, 1.0], [3, 16, 1.0], [3, 17, 1.0], [4, 5, 1.0], [4, 18, 1.0], [4, 19, 1.0], [5, 6, 1.0], [5, 20, 1.0], [5, 21, 1.0], [6, 7, 1.0], [6, 22, 1.0], [6, 23, 1.0], [7, 8, 1.0], [7, 24, 1.0], [7, 25, 1.0], [8, 26, 1.0], [8, 27, 1.0], [8, 28, 1.0]], "fix_com": true, "fix_orientation": true, "provenance": {"creator": "QCElemental", "version": "v0.22.0", "routine": "qcelemental.molparse.from_schema"}, "id": "96589"}, "charge": 0, "optimize_geometry": false, "conformers": [], "conformer_generation_options": {"n_conformer_pool": 4000, "n_max_conformers": 0, "rms_tolerance": 0.05, "energy_window": 15, "keep_original_conformer": true}, "stage_1_unrestrained_charges": null, "stage_1_restrained_charges": null, "stage_2_unrestrained_charges": null, "stage_2_restrained_charges": null, "keep_original_orientation": false, "reorientations": [], "translations": [], "rotations": []}}, {"index": 4, "molecule": {"qcmol": {"schema_name": "qcschema_molecule", "schema_version": 2, "validated": true, "symbols": ["C", "C", "C", "C", "C", "C", "C", "C", "C", "H", "H", "H", "H", "H", "H", "H", "H", "H", "H", "H", "H", "H", "H", "H", "H", "H", "H", "H", "H"], "geometry": [[0.0, 0.0, 0.0], [2.890704999607033, -3.506274280507972e-16, 5.832161734970781e-17], [4.089065193537816, 2.6398548823224512, 0.0], [3.4781183206879858, 4.319709286905414, 2.286655433425962], [4.219562471750467, 3.2765311768647583, 4.8900725446599], [7.061397870083473, 2.8501845816218947, 5.243720603177293], [7.812450929912385, 1.864016379246367, 7.864069490426262], [7.420312530655825, 3.7356063745623946, 10.035908675993543], [8.370116140686035, 2.71452337228808, 12.565957307643721], [-0.7673634499795907, 0.8052117198453712, 1.7227244707426932], [-0.7382855413879528, 1.0859637550181869, -1.5790395485900928], [-0.7290645202455074, -1.91090128837721, -0.16313187973575483], [3.550346255782879, -0.9977384414207631, -1.670886486848445], [3.5716993347029407, -1.08376372286456, 1.6063776636547864], [3.4801588615338286, 3.6329438293195295, -1.6953199086305966], [6.124643617704143, 2.4344048362998683, -0.1754697737706068], [4.417110395405789, 6.12926152139058, 2.0147209327370263], [1.4665291819134514, 4.734210379797272, 2.3028004693210615], [3.5466430142519743, 4.60500261155437, 6.3030795778206326], [3.2229150835134956, 1.5153563994761756, 5.253083186157587], [7.725759136418543, 1.5034934529362847, 3.8435081087760588], [8.064568827107767, 4.607888313622288, 4.867811072168926], [9.79909222985612, 1.3347353662392032, 7.813300709920991], [6.772639584639758, 0.13318702895586387, 8.26282641931741], [5.43116096391234, 4.20991977231857, 10.212417167994111], [8.398119413440705, 5.491715439051126, 9.600297790284467], [10.378379194706826, 2.295078536527824, 12.490134009902695], [7.392158780957284, 0.9838965671654352, 13.079796204463069], [8.071574333692103, 4.0714770112588825, 14.075631043370665]], "name": "C9H20", "identifiers": {"molecule_hash": "409a77f03f688d45ab39de7332cba45dac451d7a", "molecular_formula": "C9H20"}, "molecular_charge": 0.0, "molecular_multiplicity": 1, "connectivity": [[0, 1, 1.0], [0, 9, 1.0], [0, 10, 1.0], [0, 11, 1.0], [1, 2, 1.0], [1, 12, 1.0], [1, 13, 1.0], [2, 3, 1.0], [2, 14, 1.0], [2, 15, 1.0], [3, 4, 1.0], [3, 16, 1.0], [3, 17, 1.0], [4, 5, 1.0], [4, 18, 1.0], [4, 19, 1.0], [5, 6, 1.0], [5, 20, 1.0], [5, 21, 1.0], [6, 7, 1.0], [6, 22, 1.0], [6, 23, 1.0], [7, 8, 1.0], [7, 24, 1.0], [7, 25, 1.0], [8, 26, 1.0], [8, 27, 1.0], [8, 28, 1.0]], "fix_com": true, "fix_orientation": true, "provenance": {"creator": "QCElemental", "version": "v0.22.0", "routine": "qcelemental.molparse.from_schema"}, "id": "96589"}, "charge": 0, "optimize_geometry": false, "conformers": [], "conformer_generation_options": {"n_conformer_pool": 4000, "n_max_conformers": 0, "rms_tolerance": 0.05, "energy_window": 15, "keep_original_conformer": true}, "stage_1_unrestrained_charges": null, "stage_1_restrained_charges": null, "stage_2_unrestrained_charges": null, "stage_2_restrained_charges": null, "keep_original_orientation": false, "reorientations": [], "translations": [], "rotations": []}}, {"index": 5, "molecule": {"qcmol": {"schema_name": "qcschema_molecule", "schema_version": 2, "validated": true, "symbols": ["C", "C", "C", "C", "C", "C", "C", "C", "C", "H", "H", "H", "H", "H", "H", "H", "H", "H", "H", "H", "H", "H", "H", "H", "H", "H", "H", "H", "H"], "geometry": [[0.0, 0.0, 0.0], [2.890704999607033, -3.506274280507972e-16, 5.832161734970781e-17], [4.089065193537816, 2.6398548823224512, 0.0], [3.4781183206879858, 4.319709286905414, 2.286655433425962], [4.219562471750467, 3.2765311768647583, 4.8900725446599], [7.061397870083473, 2.8501845816218947, 5.243720603177293], [7.812450929912385, 1.864016379246367, 7.864069490426262], [7.420312530655825, 3.7356063745623946, 10.035908675993543], [8.370116140686035, 2.71452337228808, 12.565957307643721], [-0.7673634499795907, 0.8052117198453712, 1.7227244707426932], [-0.7382855413879528, 1.0859637550181869, -1.5790395485900928], [-0.7290645202455074, -1.91090128837721, -0.16313187973575483], [3.550346255782879, -0.9977384414207631, -1.670886486848445], [3.5716993347029407, -1.08376372286456, 1.6063776636547864], [3.4801588615338286, 3.6329438293195295, -1.6953199086305966], [6.124643617704143, 2.4344048362998683, -0.1754697737706068], [4.417110395405789, 6.12926152139058, 2.0147209327370263], [1.4665291819134514, 4.734210379797272, 2.3028004693210615], [3.5466430142519743, 4.60500261155437, 6.3030795778206326], [3.2229150835134956, 1.5153563994761756, 5.253083186157587], [7.725759136418543, 1.5034934529362847, 3.8435081087760588], [8.064568827107767, 4.607888313622288, 4.867811072168926], [9.79909222985612, 1.3347353662392032, 7.813300709920991], [6.772639584639758, 0.13318702895586387, 8.26282641931741], [5.43116096391234, 4.20991977231857, 10.212417167994111], [8.398119413440705, 5.491715439051126, 9.600297790284467], [10.378379194706826, 2.295078536527824, 12.490134009902695], [7.392158780957284, 0.9838965671654352, 13.079796204463069], [8.071574333692103, 4.0714770112588825, 14.075631043370665]], "name": "C9H20", "identifiers": {"molecule_hash": "409a77f03f688d45ab39de7332cba45dac451d7a", "molecular_formula": "C9H20"}, "molecular_charge": 0.0, "molecular_multiplicity": 1, "connectivity": [[0, 1, 1.0], [0, 9, 1.0], [0, 10, 1.0], [0, 11, 1.0], [1, 2, 1.0], [1, 12, 1.0], [1, 13, 1.0], [2, 3, 1.0], [2, 14, 1.0], [2, 15, 1.0], [3, 4, 1.0], [3, 16, 1.0], [3, 17, 1.0], [4, 5, 1.0], [4, 18, 1.0], [4, 19, 1.0], [5, 6, 1.0], [5, 20, 1.0], [5, 21, 1.0], [6, 7, 1.0], [6, 22, 1.0], [6, 23, 1.0], [7, 8, 1.0], [7, 24, 1.0], [7, 25, 1.0], [8, 26, 1.0], [8, 27, 1.0], [8, 28, 1.0]], "fix_com": true, "fix_orientation": true, "provenance": {"creator": "QCElemental", "version": "v0.22.0", "routine": "qcelemental.molparse.from_schema"}, "id": "96589"}, "charge": 0, "optimize_geometry": false, "conformers": [], "conformer_generation_options": {"n_conformer_pool": 4000, "n_max_conformers": 0, "rms_tolerance": 0.05, "energy_window": 15, "keep_original_conformer": true}, "stage_1_unrestrained_charges": null, "stage_1_restrained_charges": null, "stage_2_unrestrained_charges": null, "stage_2_restrained_charges": null, "keep_original_orientation": false, "reorientations": [], "translations": [], "rotations": []}}, {"index": 6, "molecule": {"qcmol": {"schema_name": "qcschema_molecule", "schema_version": 2, "validated": true, "symbols": ["C", "C", "C", "C", "C", "C", "C", "C", "C", "H", "H", "H", "H", "H", "H", "H", "H", "H", "H", "H", "H", "H", "H", "H", "H", "H", "H", "H", "H"], "geometry": [[0.0, 0.0, 0.0], [2.890704999607033, -3.506274280507972e-16, 5.832161734970781e-17], [4.089065193537816, 2.6398548823224512, 0.0], [3.4781183206879858, 4.319709286905414, 2.286655433425962], [4.219562471750467, 3.2765311768647583, 4.8900725446599], [7.061397870083473, 2.8501845816218947, 5.243720603177293], [7.812450929912385, 1.864016379246367, 7.864069490426262], [7.420312530655825, 3.7356063745623946, 10.035908675993543], [8.370116140686035, 2.71452337228808, 12.565957307643721], [-0.7673634499795907, 0.8052117198453712, 1.7227244707426932], [-0.7382855413879528, 1.0859637550181869, -1.5790395485900928], [-0.7290645202455074, -1.91090128837721, -0.16313187973575483], [3.550346255782879, -0.9977384414207631, -1.670886486848445], [3.5716993347029407, -1.08376372286456, 1.6063776636547864], [3.4801588615338286, 3.6329438293195295, -1.6953199086305966], [6.124643617704143, 2.4344048362998683, -0.1754697737706068], [4.417110395405789, 6.12926152139058, 2.0147209327370263], [1.4665291819134514, 4.734210379797272, 2.3028004693210615], [3.5466430142519743, 4.60500261155437, 6.3030795778206326], [3.2229150835134956, 1.5153563994761756, 5.253083186157587], [7.725759136418543, 1.5034934529362847, 3.8435081087760588], [8.064568827107767, 4.607888313622288, 4.867811072168926], [9.79909222985612, 1.3347353662392032, 7.813300709920991], [6.772639584639758, 0.13318702895586387, 8.26282641931741], [5.43116096391234, 4.20991977231857, 10.212417167994111], [8.398119413440705, 5.491715439051126, 9.600297790284467], [10.378379194706826, 2.295078536527824, 12.490134009902695], [7.392158780957284, 0.9838965671654352, 13.079796204463069], [8.071574333692103, 4.0714770112588825, 14.075631043370665]], "name": "C9H20", "identifiers": {"molecule_hash": "409a77f03f688d45ab39de7332cba45dac451d7a", "molecular_formula": "C9H20"}, "molecular_charge": 0.0, "molecular_multiplicity": 1, "connectivity": [[0, 1, 1.0], [0, 9, 1.0], [0, 10, 1.0], [0, 11, 1.0], [1, 2, 1.0], [1, 12, 1.0], [1, 13, 1.0], [2, 3, 1.0], [2, 14, 1.0], [2, 15, 1.0], [3, 4, 1.0], [3, 16, 1.0], [3, 17, 1.0], [4, 5, 1.0], [4, 18, 1.0], [4, 19, 1.0], [5, 6, 1.0], [5, 20, 1.0], [5, 21, 1.0], [6, 7, 1.0], [6, 22, 1.0], [6, 23, 1.0], [7, 8, 1.0], [7, 24, 1.0], [7, 25, 1.0], [8, 26, 1.0], [8, 27, 1.0], [8, 28, 1.0]], "fix_com": true, "fix_orientation": true, "provenance": {"creator": "QCElemental", "version": "v0.22.0", "routine": "qcelemental.molparse.from_schema"}, "id": "96589"}, "charge": 0, "optimize_geometry": false, "conformers": [], "conformer_generation_options": {"n_conformer_pool": 4000, "n_max_conformers": 0, "rms_tolerance": 0.05, "energy_window": 15, "keep_original_conformer": true}, "stage_1_unrestrained_charges": null, "stage_1_restrained_charges": null, "stage_2_unrestrained_charges": null, "stage_2_restrained_charges": null, "keep_original_orientation": false, "reorientations": [], "translations": [], "rotations": []}}, {"index": 7, "molecule": {"qcmol": {"schema_name": "qcschema_molecule", "schema_version": 2, "validated": true, "symbols": ["C", "C", "C", "C", "C", "C", "C", "C", "C", "H", "H", "H", "H", "H", "H", "H", "H", "H", "H", "H", "H", "H", "H", "H", "H", "H", "H", "H", "H"], "geometry": [[0.0, 0.0, 0.0], [2.890704999607033, -3.506274280507972e-16, 5.832161734970781e-17], [4.089065193537816, 2.6398548823224512, 0.0], [3.4781183206879858, 4.319709286905414, 2.286655433425962], [4.219562471750467, 3.2765311768647583, 4.8900725446599], [7.061397870083473, 2.8501845816218947, 5.243720603177293], [7.812450929912385, 1.864016379246367, 7.864069490426262], [7.420312530655825, 3.7356063745623946, 10.035908675993543], [8.370116140686035, 2.71452337228808, 12.565957307643721], [-0.7673634499795907, 0.8052117198453712, 1.7227244707426932], [-0.7382855413879528, 1.0859637550181869, -1.5790395485900928], [-0.7290645202455074, -1.91090128837721, -0.16313187973575483], [3.550346255782879, -0.9977384414207631, -1.670886486848445], [3.5716993347029407, -1.08376372286456, 1.6063776636547864], [3.4801588615338286, 3.6329438293195295, -1.6953199086305966], [6.124643617704143, 2.4344048362998683, -0.1754697737706068], [4.417110395405789, 6.12926152139058, 2.0147209327370263], [1.4665291819134514, 4.734210379797272, 2.3028004693210615], [3.5466430142519743, 4.60500261155437, 6.3030795778206326], [3.2229150835134956, 1.5153563994761756, 5.253083186157587], [7.725759136418543, 1.5034934529362847, 3.8435081087760588], [8.064568827107767, 4.607888313622288, 4.867811072168926], [9.79909222985612, 1.3347353662392032, 7.813300709920991], [6.772639584639758, 0.13318702895586387, 8.26282641931741], [5.43116096391234, 4.20991977231857, 10.212417167994111], [8.398119413440705, 5.491715439051126, 9.600297790284467], [10.378379194706826, 2.295078536527824, 12.490134009902695], [7.392158780957284, 0.9838965671654352, 13.079796204463069], [8.071574333692103, 4.0714770112588825, 14.075631043370665]], "name": "C9H20", "identifiers": {"molecule_hash": "409a77f03f688d45ab39de7332cba45dac451d7a", "molecular_formula": "C9H20"}, "molecular_charge": 0.0, "molecular_multiplicity": 1, "connectivity": [[0, 1, 1.0], [0, 9, 1.0], [0, 10, 1.0], [0, 11, 1.0], [1, 2, 1.0], [1, 12, 1.0], [1, 13, 1.0], [2, 3, 1.0], [2, 14, 1.0], [2, 15, 1.0], [3, 4, 1.0], [3, 16, 1.0], [3, 17, 1.0], [4, 5, 1.0], [4, 18, 1.0], [4, 19, 1.0], [5, 6, 1.0], [5, 20, 1.0], [5, 21, 1.0], [6, 7, 1.0], [6, 22, 1.0], [6, 23, 1.0], [7, 8, 1.0], [7, 24, 1.0], [7, 25, 1.0], [8, 26, 1.0], [8, 27, 1.0], [8, 28, 1.0]], "fix_com": true, "fix_orientation": true, "provenance": {"creator": "QCElemental", "version": "v0.22.0", "routine": "qcelemental.molparse.from_schema"}, "id": "96589"}, "charge": 0, "optimize_geometry": false, "conformers": [], "conformer_generation_options": {"n_conformer_pool": 4000, "n_max_conformers": 0, "rms_tolerance": 0.05, "energy_window": 15, "keep_original_conformer": true}, "stage_1_unrestrained_charges": null, "stage_1_restrained_charges": null, "stage_2_unrestrained_charges": null, "stage_2_restrained_charges": null, "keep_original_orientation": false, "reorientations": [], "translations": [], "rotations": []}}, {"index": 8, "molecule": {"qcmol": {"schema_name": "qcschema_molecule", "schema_version": 2, "validated": true, "symbols": ["C", "C", "C", "C", "C", "C", "C", "C", "C", "H", "H", "H", "H", "H", "H", "H", "H", "H", "H", "H", "H", "H", "H", "H", "H", "H", "H", "H", "H"], "geometry": [[0.0, 0.0, 0.0], [2.890704999607033, -3.506274280507972e-16, 5.832161734970781e-17], [4.089065193537816, 2.6398548823224512, 0.0], [3.4781183206879858, 4.319709286905414, 2.286655433425962], [4.219562471750467, 3.2765311768647583, 4.8900725446599], [7.061397870083473, 2.8501845816218947, 5.243720603177293], [7.812450929912385, 1.864016379246367, 7.864069490426262], [7.420312530655825, 3.7356063745623946, 10.035908675993543], [8.370116140686035, 2.71452337228808, 12.565957307643721], [-0.7673634499795907, 0.8052117198453712, 1.7227244707426932], [-0.7382855413879528, 1.0859637550181869, -1.5790395485900928], [-0.7290645202455074, -1.91090128837721, -0.16313187973575483], [3.550346255782879, -0.9977384414207631, -1.670886486848445], [3.5716993347029407, -1.08376372286456, 1.6063776636547864], [3.4801588615338286, 3.6329438293195295, -1.6953199086305966], [6.124643617704143, 2.4344048362998683, -0.1754697737706068], [4.417110395405789, 6.12926152139058, 2.0147209327370263], [1.4665291819134514, 4.734210379797272, 2.3028004693210615], [3.5466430142519743, 4.60500261155437, 6.3030795778206326], [3.2229150835134956, 1.5153563994761756, 5.253083186157587], [7.725759136418543, 1.5034934529362847, 3.8435081087760588], [8.064568827107767, 4.607888313622288, 4.867811072168926], [9.79909222985612, 1.3347353662392032, 7.813300709920991], [6.772639584639758, 0.13318702895586387, 8.26282641931741], [5.43116096391234, 4.20991977231857, 10.212417167994111], [8.398119413440705, 5.491715439051126, 9.600297790284467], [10.378379194706826, 2.295078536527824, 12.490134009902695], [7.392158780957284, 0.9838965671654352, 13.079796204463069], [8.071574333692103, 4.0714770112588825, 14.075631043370665]], "name": "C9H20", "identifiers": {"molecule_hash": "409a77f03f688d45ab39de7332cba45dac451d7a", "molecular_formula": "C9H20"}, "molecular_charge": 0.0, "molecular_multiplicity": 1, "connectivity": [[0, 1, 1.0], [0, 9, 1.0], [0, 10, 1.0], [0, 11, 1.0], [1, 2, 1.0], [1, 12, 1.0], [1, 13, 1.0], [2, 3, 1.0], [2, 14, 1.0], [2, 15, 1.0], [3, 4, 1.0], [3, 16, 1.0], [3, 17, 1.0], [4, 5, 1.0], [4, 18, 1.0], [4, 19, 1.0], [5, 6, 1.0], [5, 20, 1.0], [5, 21, 1.0], [6, 7, 1.0], [6, 22, 1.0], [6, 23, 1.0], [7, 8, 1.0], [7, 24, 1.0], [7, 25, 1.0], [8, 26, 1.0], [8, 27, 1.0], [8, 28, 1.0]], "fix_com": true, "fix_orientation": true, "provenance": {"creator": "QCElemental", "version": "v0.22.0", "routine": "qcelemental.molparse.from_schema"}, "id": "96589"}, "charge": 0, "optimize_geometry": false, "conformers": [], "conformer_generation_options": {"n_conformer_pool": 4000, "n_max_conformers": 0, "rms_tolerance": 0.05, "energy_window": 15, "keep_original_conformer": true}, "stage_1_unrestrained_charges": null, "stage_1_restrained_charges": null, "stage_2_unrestrained_charges": null, "stage_2_restrained_charges": null, "keep_original_orientation": false, "reorientations": [], "translations": [], "rotations": []}}]}, "surface_constraints": {"matrix": [[670634066241275.2, 654344236310579.6, 633161462043292.0, 615762211400255.9, 583584341488568.6, 554898892741339.5, 525802428617286.7, 505845944734120.4, 486994704440543.44, 673062347715967.2, 674519372760793.1, 673373526681196.8, 653114009099513.0, 652892624215616.8, 628064150978419.0, 631323229864312.2, 623701306277906.0, 616519279569758.5, 578625636011900.2, 583029742274647.5, 551195649744138.8, 556818900578623.3, 522562046105217.75, 519041123928762.6, 516372041721211.4, 490948816134081.9, 473320281523747.3, 493381321108762.3, 478092082595940.8], [654344236310579.6, 672077747013359.1, 658143338710885.2, 634790605551060.5, 607674637777166.6, 585706188707616.1, 558386423379904.3, 538477879218511.0, 517693711278364.94, 648136892962411.6, 649201460467743.5, 648223826240162.5, 680870443675476.5, 681151761299586.0, 659407539759909.5, 660112273030892.0, 634287433986178.2, 635213985874412.1, 601732380807581.8, 605513814741910.8, 582573271056403.6, 590008498442585.5, 554288285784841.0, 553620906318286.56, 549822629070491.8, 524021236029169.6, 504028827112910.8, 522977655302866.1, 508150043890146.94], [633161462043292.0, 658143338710885.2, 674967579838586.4, 658523909246347.4, 637646372431811.4, 619484387869836.1, 592763409608769.6, 571443970446902.9, 549111393374768.0, 621687765470738.2, 629924886164866.5, 625929628955519.5, 657772529243382.6, 658249509671763.9, 685469421937934.2, 686163729993086.0, 658117870889956.5, 658302468506341.2, 632235526117695.5, 635711942648478.1, 618713123045453.8, 623604324607389.2, 590637010117718.2, 587161282296007.9, 583202759558322.2, 556216651777892.9, 534785459397106.3, 553366175756948.8, 540105437799194.56], [615762211400255.9, 634790605551060.5, 658523909246347.4, 673861631451996.5, 659746597704578.0, 637247339165880.2, 608245131427553.9, 581033621361404.2, 556375794800126.8, 603917870156403.1, 613440801833091.4, 612446615885606.2, 630534235959624.1, 629061321008470.6, 659430757426190.2, 659932320774535.6, 683121214043775.9, 683418149369056.8, 659778341185712.9, 660927190882023.8, 637220556106123.1, 639218959355361.6, 608675919305014.1, 603005413627686.5, 590619862102760.4, 565476037244368.4, 541603452920480.6, 560038478539739.7, 546417782760726.44], [583584341488568.6, 607674637777166.6, 637646372431811.4, 659746597704578.0, 675163218819237.2, 658966486413746.6, 635332402969962.0, 609222374249864.0, 583497289242355.4, 571102495152427.5, 581294293298512.2, 577245112062074.2, 605978736254060.4, 599845045142852.6, 638639256060676.0, 639771522495463.6, 660204366743260.4, 660222281624846.4, 684208631146195.4, 685655323697843.5, 659577120489106.8, 659899230621211.5, 633397448527985.8, 634897040944807.6, 616022767169411.5, 597802403826243.5, 570004620056356.0, 586810313218684.4, 571637088605192.2], [554898892741339.5, 585706188707616.1, 619484387869836.1, 637247339165880.2, 658966486413746.6, 673280202140426.4, 656013719113158.4, 632547460270738.1, 612062790411364.8, 543821132616641.06, 549765243482998.6, 545451917118872.3, 585810221323198.4, 579527768555953.0, 624616808558370.2, 624132389731822.1, 634530556276236.2, 632890404323584.4, 658591054801905.2, 659865854375898.0, 683218948670823.6, 683668434251896.8, 655293062834424.4, 656470966226338.8, 633752470688201.0, 623701209912020.8, 599853126774238.2, 613792431850349.8, 604172788029618.2], [525802428617286.7, 558386423379904.3, 592763409608769.6, 608245131427553.9, 635332402969962.0, 656013719113158.4, 669193827971461.9, 652559298552528.9, 631325190577512.2, 513810651392299.3, 520932016220138.75, 515986121054045.9, 556990229933203.1, 555452609319474.9, 597186086767170.2, 600597952057616.6, 603581679289950.5, 600567731565220.8, 633416556287664.1, 638009809458768.4, 656457456041561.0, 657052939035002.4, 677866828995384.8, 678944286632899.0, 653041532863586.9, 649577168777736.0, 625147471495477.9, 626423997886197.8, 623099334742203.9], [505845944734120.4, 538477879218511.0, 571443970446902.9, 581033621361404.2, 609222374249864.0, 632547460270738.1, 652559298552528.9, 667399934370181.8, 653471283259896.1, 493953840675795.9, 501702388789275.2, 495458050308999.4, 538497286922477.44, 535577649719203.06, 578093190878070.6, 580554029331147.0, 575234369777378.5, 569080173047556.8, 608864010555941.2, 609727785339531.4, 631797085214746.9, 632248255695188.9, 652089048918064.2, 652470882512385.8, 677416930187136.1, 673296844947302.0, 647064359064276.1, 650254150641188.5, 648315177662187.9], [486994704440543.44, 517693711278364.94, 549111393374768.0, 556375794800126.8, 583497289242355.4, 612062790411364.8, 631325190577512.2, 653471283259896.1, 672977412933877.8, 475221234263142.0, 483659561496995.2, 477188699056202.2, 518296311632218.44, 513971775486204.8, 554153372209742.56, 560399010332485.94, 550207260824666.0, 543701302853373.75, 578170917621152.9, 584430893949736.5, 613007594462058.1, 615265455048973.4, 627001808423003.6, 629336618943203.2, 653826645412069.6, 648986328407846.0, 675109507532942.1, 678854634989793.6, 676374316368890.6], [673062347715967.2, 648136892962411.6, 621687765470738.2, 603917870156403.1, 571102495152427.5, 543821132616641.06, 513810651392299.3, 493953840675795.9, 475221234263142.0, 701342478433449.8, 667648078346783.4, 666579439200620.2, 644945145947380.4, 646491845178003.2, 616596525015230.2, 616537496549746.0, 611138087577586.2, 605641773744357.4, 565881015898552.4, 569405300663877.0, 541119869859597.75, 546554004681706.4, 509547197981344.56, 507438323450111.25, 504497906979056.06, 479023734702831.06, 461622506408054.94, 481415025678331.9, 466748703967871.56], [674519372760793.1, 649201460467743.5, 629924886164866.5, 613440801833091.4, 581294293298512.2, 549765243482998.6, 520932016220138.75, 501702388789275.2, 483659561496995.2, 667648078346783.4, 704695964987156.9, 668090418485673.8, 645880539412989.4, 641181364069620.5, 623258271383579.5, 630068538737937.6, 625726348068070.9, 610493629511984.1, 574950912672180.0, 584534656179098.9, 544479037177562.25, 551305396061704.2, 518387461163465.9, 512999429316852.2, 511754459666375.5, 487304093329896.44, 469647210189566.56, 490947341686675.3, 474877438665239.6], [673373526681196.8, 648223826240162.5, 625929628955519.5, 612446615885606.2, 577245112062074.2, 545451917118872.3, 515986121054045.9, 495458050308999.4, 477188699056202.2, 666579439200620.2, 668090418485673.8, 702091386986108.9, 642855336987332.8, 644985087570233.6, 618049570076486.0, 622756356835619.4, 623088592432803.8, 616134522053489.6, 574533037407679.1, 575040010734413.4, 542098932904473.3, 545194262250078.0, 513648019574880.9, 508605709130191.2, 505877620998015.0, 479914779209323.75, 463953147802485.75, 483482507801038.3, 468299604336268.25], [653114009099513.0, 680870443675476.5, 657772529243382.6, 630534235959624.1, 605978736254060.4, 585810221323198.4, 556990229933203.1, 538497286922477.44, 518296311632218.44, 644945145947380.4, 645880539412989.4, 642855336987332.8, 714747539799216.2, 680713100896795.0, 658617375600296.4, 656021585575750.5, 624703775900947.9, 631319824774235.5, 602429531984417.2, 601916975595923.4, 583290978799154.0, 591939946629141.9, 549940092914511.8, 552961741002321.7, 548968664822936.1, 525509317483830.5, 505622949425602.0, 524317835416324.94, 507413137122910.56], [652892624215616.8, 681151761299586.0, 658249509671763.9, 629061321008470.6, 599845045142852.6, 579527768555953.0, 555452609319474.9, 535577649719203.06, 513971775486204.8, 646491845178003.2, 641181364069620.5, 644985087570233.6, 680713100896795.0, 715525007299184.5, 657770041330676.5, 659568059712236.6, 626621416945091.0, 629067503375963.9, 590504072480641.1, 598164313802458.9, 574644117758396.8, 583854238369802.9, 552109122937092.2, 552571685060526.75, 5