{"resp_b": 0.1, "restrained_fit": true, "exclude_hydrogens": true, "convergence_tolerance": 1e-06, "max_iter": 500, "resp_a": 0.0005, "charge_constraints": {"charge_sum_constraints": [], "charge_equivalence_constraints": [], "molecules": [{"qcmol": {"schema_name": "qcschema_molecule", "schema_version": 2, "validated": true, "symbols": ["C", "C", "C", "C", "C", "C", "C", "C", "C", "H", "H", "H", "H", "H", "H", "H", "H", "H", "H", "H", "H", "H", "H", "H", "H", "H", "H", "H", "H"], "geometry": [[0.0, 0.0, 0.0], [2.890704999607033, -3.506274280507972e-16, 5.832161734970781e-17], [4.089065193537816, 2.6398548823224512, 0.0], [3.4781183206879858, 4.319709286905414, 2.286655433425962], [4.219562471750467, 3.2765311768647583, 4.8900725446599], [7.061397870083473, 2.8501845816218947, 5.243720603177293], [7.812450929912385, 1.864016379246367, 7.864069490426262], [7.420312530655825, 3.7356063745623946, 10.035908675993543], [8.370116140686035, 2.71452337228808, 12.565957307643721], [-0.7673634499795907, 0.8052117198453712, 1.7227244707426932], [-0.7382855413879528, 1.0859637550181869, -1.5790395485900928], [-0.7290645202455074, -1.91090128837721, -0.16313187973575483], [3.550346255782879, -0.9977384414207631, -1.670886486848445], [3.5716993347029407, -1.08376372286456, 1.6063776636547864], [3.4801588615338286, 3.6329438293195295, -1.6953199086305966], [6.124643617704143, 2.4344048362998683, -0.1754697737706068], [4.417110395405789, 6.12926152139058, 2.0147209327370263], [1.4665291819134514, 4.734210379797272, 2.3028004693210615], [3.5466430142519743, 4.60500261155437, 6.3030795778206326], [3.2229150835134956, 1.5153563994761756, 5.253083186157587], [7.725759136418543, 1.5034934529362847, 3.8435081087760588], [8.064568827107767, 4.607888313622288, 4.867811072168926], [9.79909222985612, 1.3347353662392032, 7.813300709920991], [6.772639584639758, 0.13318702895586387, 8.26282641931741], [5.43116096391234, 4.20991977231857, 10.212417167994111], [8.398119413440705, 5.491715439051126, 9.600297790284467], [10.378379194706826, 2.295078536527824, 12.490134009902695], [7.392158780957284, 0.9838965671654352, 13.079796204463069], [8.071574333692103, 4.0714770112588825, 14.075631043370665]], "name": "C9H20", "identifiers": {"molecule_hash": "409a77f03f688d45ab39de7332cba45dac451d7a", "molecular_formula": "C9H20"}, "molecular_charge": 0.0, "molecular_multiplicity": 1, "connectivity": [[0, 1, 1.0], [0, 9, 1.0], [0, 10, 1.0], [0, 11, 1.0], [1, 2, 1.0], [1, 12, 1.0], [1, 13, 1.0], [2, 3, 1.0], [2, 14, 1.0], [2, 15, 1.0], [3, 4, 1.0], [3, 16, 1.0], [3, 17, 1.0], [4, 5, 1.0], [4, 18, 1.0], [4, 19, 1.0], [5, 6, 1.0], [5, 20, 1.0], [5, 21, 1.0], [6, 7, 1.0], [6, 22, 1.0], [6, 23, 1.0], [7, 8, 1.0], [7, 24, 1.0], [7, 25, 1.0], [8, 26, 1.0], [8, 27, 1.0], [8, 28, 1.0]], "fix_com": true, "fix_orientation": true, "provenance": {"creator": "QCElemental", "version": "v0.22.0", "routine": "qcelemental.molparse.from_schema"}, "id": "96589"}, "charge": 0, "optimize_geometry": false, "conformers": [], "conformer_generation_options": {"n_conformer_pool": 4000, "n_max_conformers": 0, "rms_tolerance": 0.05, "energy_window": 15, "keep_original_conformer": true}, "stage_1_unrestrained_charges": null, "stage_1_restrained_charges": null, "stage_2_unrestrained_charges": null, "stage_2_restrained_charges": null, "keep_original_orientation": false, "reorientations": [], "translations": [], "rotations": []}], "unconstrained_atoms": [{"index": 0, "molecule": {"qcmol": {"schema_name": "qcschema_molecule", "schema_version": 2, "validated": true, "symbols": ["C", "C", "C", "C", "C", "C", "C", "C", "C", "H", "H", "H", "H", "H", "H", "H", "H", "H", "H", "H", "H", "H", "H", "H", "H", "H", "H", "H", "H"], "geometry": [[0.0, 0.0, 0.0], [2.890704999607033, -3.506274280507972e-16, 5.832161734970781e-17], [4.089065193537816, 2.6398548823224512, 0.0], [3.4781183206879858, 4.319709286905414, 2.286655433425962], [4.219562471750467, 3.2765311768647583, 4.8900725446599], [7.061397870083473, 2.8501845816218947, 5.243720603177293], [7.812450929912385, 1.864016379246367, 7.864069490426262], [7.420312530655825, 3.7356063745623946, 10.035908675993543], [8.370116140686035, 2.71452337228808, 12.565957307643721], [-0.7673634499795907, 0.8052117198453712, 1.7227244707426932], [-0.7382855413879528, 1.0859637550181869, -1.5790395485900928], [-0.7290645202455074, -1.91090128837721, -0.16313187973575483], [3.550346255782879, -0.9977384414207631, -1.670886486848445], [3.5716993347029407, -1.08376372286456, 1.6063776636547864], [3.4801588615338286, 3.6329438293195295, -1.6953199086305966], [6.124643617704143, 2.4344048362998683, -0.1754697737706068], [4.417110395405789, 6.12926152139058, 2.0147209327370263], [1.4665291819134514, 4.734210379797272, 2.3028004693210615], [3.5466430142519743, 4.60500261155437, 6.3030795778206326], [3.2229150835134956, 1.5153563994761756, 5.253083186157587], [7.725759136418543, 1.5034934529362847, 3.8435081087760588], [8.064568827107767, 4.607888313622288, 4.867811072168926], [9.79909222985612, 1.3347353662392032, 7.813300709920991], [6.772639584639758, 0.13318702895586387, 8.26282641931741], [5.43116096391234, 4.20991977231857, 10.212417167994111], [8.398119413440705, 5.491715439051126, 9.600297790284467], [10.378379194706826, 2.295078536527824, 12.490134009902695], [7.392158780957284, 0.9838965671654352, 13.079796204463069], [8.071574333692103, 4.0714770112588825, 14.075631043370665]], "name": "C9H20", "identifiers": {"molecule_hash": "409a77f03f688d45ab39de7332cba45dac451d7a", "molecular_formula": "C9H20"}, "molecular_charge": 0.0, "molecular_multiplicity": 1, "connectivity": [[0, 1, 1.0], [0, 9, 1.0], [0, 10, 1.0], [0, 11, 1.0], [1, 2, 1.0], [1, 12, 1.0], [1, 13, 1.0], [2, 3, 1.0], [2, 14, 1.0], [2, 15, 1.0], [3, 4, 1.0], [3, 16, 1.0], [3, 17, 1.0], [4, 5, 1.0], [4, 18, 1.0], [4, 19, 1.0], [5, 6, 1.0], [5, 20, 1.0], [5, 21, 1.0], [6, 7, 1.0], [6, 22, 1.0], [6, 23, 1.0], [7, 8, 1.0], [7, 24, 1.0], [7, 25, 1.0], [8, 26, 1.0], [8, 27, 1.0], [8, 28, 1.0]], "fix_com": true, "fix_orientation": true, "provenance": {"creator": "QCElemental", "version": "v0.22.0", "routine": "qcelemental.molparse.from_schema"}, "id": "96589"}, "charge": 0, "optimize_geometry": false, "conformers": [], "conformer_generation_options": {"n_conformer_pool": 4000, "n_max_conformers": 0, "rms_tolerance": 0.05, "energy_window": 15, "keep_original_conformer": true}, "stage_1_unrestrained_charges": null, "stage_1_restrained_charges": null, "stage_2_unrestrained_charges": null, "stage_2_restrained_charges": null, "keep_original_orientation": false, "reorientations": [], "translations": [], "rotations": []}}, {"index": 1, "molecule": {"qcmol": {"schema_name": "qcschema_molecule", "schema_version": 2, "validated": true, "symbols": ["C", "C", "C", "C", "C", "C", "C", "C", "C", "H", "H", "H", "H", "H", "H", "H", "H", "H", "H", "H", "H", "H", "H", "H", "H", "H", "H", "H", "H"], "geometry": [[0.0, 0.0, 0.0], [2.890704999607033, -3.506274280507972e-16, 5.832161734970781e-17], [4.089065193537816, 2.6398548823224512, 0.0], [3.4781183206879858, 4.319709286905414, 2.286655433425962], [4.219562471750467, 3.2765311768647583, 4.8900725446599], [7.061397870083473, 2.8501845816218947, 5.243720603177293], [7.812450929912385, 1.864016379246367, 7.864069490426262], [7.420312530655825, 3.7356063745623946, 10.035908675993543], [8.370116140686035, 2.71452337228808, 12.565957307643721], [-0.7673634499795907, 0.8052117198453712, 1.7227244707426932], [-0.7382855413879528, 1.0859637550181869, -1.5790395485900928], [-0.7290645202455074, -1.91090128837721, -0.16313187973575483], [3.550346255782879, -0.9977384414207631, -1.670886486848445], [3.5716993347029407, -1.08376372286456, 1.6063776636547864], [3.4801588615338286, 3.6329438293195295, -1.6953199086305966], [6.124643617704143, 2.4344048362998683, -0.1754697737706068], [4.417110395405789, 6.12926152139058, 2.0147209327370263], [1.4665291819134514, 4.734210379797272, 2.3028004693210615], [3.5466430142519743, 4.60500261155437, 6.3030795778206326], [3.2229150835134956, 1.5153563994761756, 5.253083186157587], [7.725759136418543, 1.5034934529362847, 3.8435081087760588], [8.064568827107767, 4.607888313622288, 4.867811072168926], [9.79909222985612, 1.3347353662392032, 7.813300709920991], [6.772639584639758, 0.13318702895586387, 8.26282641931741], [5.43116096391234, 4.20991977231857, 10.212417167994111], [8.398119413440705, 5.491715439051126, 9.600297790284467], [10.378379194706826, 2.295078536527824, 12.490134009902695], [7.392158780957284, 0.9838965671654352, 13.079796204463069], [8.071574333692103, 4.0714770112588825, 14.075631043370665]], "name": "C9H20", "identifiers": {"molecule_hash": "409a77f03f688d45ab39de7332cba45dac451d7a", "molecular_formula": "C9H20"}, "molecular_charge": 0.0, "molecular_multiplicity": 1, "connectivity": [[0, 1, 1.0], [0, 9, 1.0], [0, 10, 1.0], [0, 11, 1.0], [1, 2, 1.0], [1, 12, 1.0], [1, 13, 1.0], [2, 3, 1.0], [2, 14, 1.0], [2, 15, 1.0], [3, 4, 1.0], [3, 16, 1.0], [3, 17, 1.0], [4, 5, 1.0], [4, 18, 1.0], [4, 19, 1.0], [5, 6, 1.0], [5, 20, 1.0], [5, 21, 1.0], [6, 7, 1.0], [6, 22, 1.0], [6, 23, 1.0], [7, 8, 1.0], [7, 24, 1.0], [7, 25, 1.0], [8, 26, 1.0], [8, 27, 1.0], [8, 28, 1.0]], "fix_com": true, "fix_orientation": true, "provenance": {"creator": "QCElemental", "version": "v0.22.0", "routine": "qcelemental.molparse.from_schema"}, "id": "96589"}, "charge": 0, "optimize_geometry": false, "conformers": [], "conformer_generation_options": {"n_conformer_pool": 4000, "n_max_conformers": 0, "rms_tolerance": 0.05, "energy_window": 15, "keep_original_conformer": true}, "stage_1_unrestrained_charges": null, "stage_1_restrained_charges": null, "stage_2_unrestrained_charges": null, "stage_2_restrained_charges": null, "keep_original_orientation": false, "reorientations": [], "translations": [], "rotations": []}}, {"index": 2, "molecule": {"qcmol": {"schema_name": "qcschema_molecule", "schema_version": 2, "validated": true, "symbols": ["C", "C", "C", "C", "C", "C", "C", "C", "C", "H", "H", "H", "H", "H", "H", "H", "H", "H", "H", "H", "H", "H", "H", "H", "H", "H", "H", "H", "H"], "geometry": [[0.0, 0.0, 0.0], [2.890704999607033, -3.506274280507972e-16, 5.832161734970781e-17], [4.089065193537816, 2.6398548823224512, 0.0], [3.4781183206879858, 4.319709286905414, 2.286655433425962], [4.219562471750467, 3.2765311768647583, 4.8900725446599], [7.061397870083473, 2.8501845816218947, 5.243720603177293], [7.812450929912385, 1.864016379246367, 7.864069490426262], [7.420312530655825, 3.7356063745623946, 10.035908675993543], [8.370116140686035, 2.71452337228808, 12.565957307643721], [-0.7673634499795907, 0.8052117198453712, 1.7227244707426932], [-0.7382855413879528, 1.0859637550181869, -1.5790395485900928], [-0.7290645202455074, -1.91090128837721, -0.16313187973575483], [3.550346255782879, -0.9977384414207631, -1.670886486848445], [3.5716993347029407, -1.08376372286456, 1.6063776636547864], [3.4801588615338286, 3.6329438293195295, -1.6953199086305966], [6.124643617704143, 2.4344048362998683, -0.1754697737706068], [4.417110395405789, 6.12926152139058, 2.0147209327370263], [1.4665291819134514, 4.734210379797272, 2.3028004693210615], [3.5466430142519743, 4.60500261155437, 6.3030795778206326], [3.2229150835134956, 1.5153563994761756, 5.253083186157587], [7.725759136418543, 1.5034934529362847, 3.8435081087760588], [8.064568827107767, 4.607888313622288, 4.867811072168926], [9.79909222985612, 1.3347353662392032, 7.813300709920991], [6.772639584639758, 0.13318702895586387, 8.26282641931741], [5.43116096391234, 4.20991977231857, 10.212417167994111], [8.398119413440705, 5.491715439051126, 9.600297790284467], [10.378379194706826, 2.295078536527824, 12.490134009902695], [7.392158780957284, 0.9838965671654352, 13.079796204463069], [8.071574333692103, 4.0714770112588825, 14.075631043370665]], "name": "C9H20", "identifiers": {"molecule_hash": "409a77f03f688d45ab39de7332cba45dac451d7a", "molecular_formula": "C9H20"}, "molecular_charge": 0.0, "molecular_multiplicity": 1, "connectivity": [[0, 1, 1.0], [0, 9, 1.0], [0, 10, 1.0], [0, 11, 1.0], [1, 2, 1.0], [1, 12, 1.0], [1, 13, 1.0], [2, 3, 1.0], [2, 14, 1.0], [2, 15, 1.0], [3, 4, 1.0], [3, 16, 1.0], [3, 17, 1.0], [4, 5, 1.0], [4, 18, 1.0], [4, 19, 1.0], [5, 6, 1.0], [5, 20, 1.0], [5, 21, 1.0], [6, 7, 1.0], [6, 22, 1.0], [6, 23, 1.0], [7, 8, 1.0], [7, 24, 1.0], [7, 25, 1.0], [8, 26, 1.0], [8, 27, 1.0], [8, 28, 1.0]], "fix_com": true, "fix_orientation": true, "provenance": {"creator": "QCElemental", "version": "v0.22.0", "routine": "qcelemental.molparse.from_schema"}, "id": "96589"}, "charge": 0, "optimize_geometry": false, "conformers": [], "conformer_generation_options": {"n_conformer_pool": 4000, "n_max_conformers": 0, "rms_tolerance": 0.05, "energy_window": 15, "keep_original_conformer": true}, "stage_1_unrestrained_charges": null, "stage_1_restrained_charges": null, "stage_2_unrestrained_charges": null, "stage_2_restrained_charges": null, "keep_original_orientation": false, "reorientations": [], "translations": [], "rotations": []}}, {"index": 3, "molecule": {"qcmol": {"schema_name": "qcschema_molecule", "schema_version": 2, "validated": true, "symbols": ["C", "C", "C", "C", "C", "C", "C", "C", "C", "H", "H", "H", "H", "H", "H", "H", "H", "H", "H", "H", "H", "H", "H", "H", "H", "H", "H", "H", "H"], "geometry": [[0.0, 0.0, 0.0], [2.890704999607033, -3.506274280507972e-16, 5.832161734970781e-17], [4.089065193537816, 2.6398548823224512, 0.0], [3.4781183206879858, 4.319709286905414, 2.286655433425962], [4.219562471750467, 3.2765311768647583, 4.8900725446599], [7.061397870083473, 2.8501845816218947, 5.243720603177293], [7.812450929912385, 1.864016379246367, 7.864069490426262], [7.420312530655825, 3.7356063745623946, 10.035908675993543], [8.370116140686035, 2.71452337228808, 12.565957307643721], [-0.7673634499795907, 0.8052117198453712, 1.7227244707426932], [-0.7382855413879528, 1.0859637550181869, -1.5790395485900928], [-0.7290645202455074, -1.91090128837721, -0.16313187973575483], [3.550346255782879, -0.9977384414207631, -1.670886486848445], [3.5716993347029407, -1.08376372286456, 1.6063776636547864], [3.4801588615338286, 3.6329438293195295, -1.6953199086305966], [6.124643617704143, 2.4344048362998683, -0.1754697737706068], [4.417110395405789, 6.12926152139058, 2.0147209327370263], [1.4665291819134514, 4.734210379797272, 2.3028004693210615], [3.5466430142519743, 4.60500261155437, 6.3030795778206326], [3.2229150835134956, 1.5153563994761756, 5.253083186157587], [7.725759136418543, 1.5034934529362847, 3.8435081087760588], [8.064568827107767, 4.607888313622288, 4.867811072168926], [9.79909222985612, 1.3347353662392032, 7.813300709920991], [6.772639584639758, 0.13318702895586387, 8.26282641931741], [5.43116096391234, 4.20991977231857, 10.212417167994111], [8.398119413440705, 5.491715439051126, 9.600297790284467], [10.378379194706826, 2.295078536527824, 12.490134009902695], [7.392158780957284, 0.9838965671654352, 13.079796204463069], [8.071574333692103, 4.0714770112588825, 14.075631043370665]], "name": "C9H20", "identifiers": {"molecule_hash": "409a77f03f688d45ab39de7332cba45dac451d7a", "molecular_formula": "C9H20"}, "molecular_charge": 0.0, "molecular_multiplicity": 1, "connectivity": [[0, 1, 1.0], [0, 9, 1.0], [0, 10, 1.0], [0, 11, 1.0], [1, 2, 1.0], [1, 12, 1.0], [1, 13, 1.0], [2, 3, 1.0], [2, 14, 1.0], [2, 15, 1.0], [3, 4, 1.0], [3, 16, 1.0], [3, 17, 1.0], [4, 5, 1.0], [4, 18, 1.0], [4, 19, 1.0], [5, 6, 1.0], [5, 20, 1.0], [5, 21, 1.0], [6, 7, 1.0], [6, 22, 1.0], [6, 23, 1.0], [7, 8, 1.0], [7, 24, 1.0], [7, 25, 1.0], [8, 26, 1.0], [8, 27, 1.0], [8, 28, 1.0]], "fix_com": true, "fix_orientation": true, "provenance": {"creator": "QCElemental", "version": "v0.22.0", "routine": "qcelemental.molparse.from_schema"}, "id": "96589"}, "charge": 0, "optimize_geometry": false, "conformers": [], "conformer_generation_options": {"n_conformer_pool": 4000, "n_max_conformers": 0, "rms_tolerance": 0.05, "energy_window": 15, "keep_original_conformer": true}, "stage_1_unrestrained_charges": null, "stage_1_restrained_charges": null, "stage_2_unrestrained_charges": null, "stage_2_restrained_charges": null, "keep_original_orientation": false, "reorientations": [], "translations": [], "rotations": []}}, {"index": 4, "molecule": {"qcmol": {"schema_name": "qcschema_molecule", "schema_version": 2, "validated": true, "symbols": ["C", "C", "C", "C", "C", "C", "C", "C", "C", "H", "H", "H", "H", "H", "H", "H", "H", "H", "H", "H", "H", "H", "H", "H", "H", "H", "H", "H", "H"], "geometry": [[0.0, 0.0, 0.0], [2.890704999607033, -3.506274280507972e-16, 5.832161734970781e-17], [4.089065193537816, 2.6398548823224512, 0.0], [3.4781183206879858, 4.319709286905414, 2.286655433425962], [4.219562471750467, 3.2765311768647583, 4.8900725446599], [7.061397870083473, 2.8501845816218947, 5.243720603177293], [7.812450929912385, 1.864016379246367, 7.864069490426262], [7.420312530655825, 3.7356063745623946, 10.035908675993543], [8.370116140686035, 2.71452337228808, 12.565957307643721], [-0.7673634499795907, 0.8052117198453712, 1.7227244707426932], [-0.7382855413879528, 1.0859637550181869, -1.5790395485900928], [-0.7290645202455074, -1.91090128837721, -0.16313187973575483], [3.550346255782879, -0.9977384414207631, -1.670886486848445], [3.5716993347029407, -1.08376372286456, 1.6063776636547864], [3.4801588615338286, 3.6329438293195295, -1.6953199086305966], [6.124643617704143, 2.4344048362998683, -0.1754697737706068], [4.417110395405789, 6.12926152139058, 2.0147209327370263], [1.4665291819134514, 4.734210379797272, 2.3028004693210615], [3.5466430142519743, 4.60500261155437, 6.3030795778206326], [3.2229150835134956, 1.5153563994761756, 5.253083186157587], [7.725759136418543, 1.5034934529362847, 3.8435081087760588], [8.064568827107767, 4.607888313622288, 4.867811072168926], [9.79909222985612, 1.3347353662392032, 7.813300709920991], [6.772639584639758, 0.13318702895586387, 8.26282641931741], [5.43116096391234, 4.20991977231857, 10.212417167994111], [8.398119413440705, 5.491715439051126, 9.600297790284467], [10.378379194706826, 2.295078536527824, 12.490134009902695], [7.392158780957284, 0.9838965671654352, 13.079796204463069], [8.071574333692103, 4.0714770112588825, 14.075631043370665]], "name": "C9H20", "identifiers": {"molecule_hash": "409a77f03f688d45ab39de7332cba45dac451d7a", "molecular_formula": "C9H20"}, "molecular_charge": 0.0, "molecular_multiplicity": 1, "connectivity": [[0, 1, 1.0], [0, 9, 1.0], [0, 10, 1.0], [0, 11, 1.0], [1, 2, 1.0], [1, 12, 1.0], [1, 13, 1.0], [2, 3, 1.0], [2, 14, 1.0], [2, 15, 1.0], [3, 4, 1.0], [3, 16, 1.0], [3, 17, 1.0], [4, 5, 1.0], [4, 18, 1.0], [4, 19, 1.0], [5, 6, 1.0], [5, 20, 1.0], [5, 21, 1.0], [6, 7, 1.0], [6, 22, 1.0], [6, 23, 1.0], [7, 8, 1.0], [7, 24, 1.0], [7, 25, 1.0], [8, 26, 1.0], [8, 27, 1.0], [8, 28, 1.0]], "fix_com": true, "fix_orientation": true, "provenance": {"creator": "QCElemental", "version": "v0.22.0", "routine": "qcelemental.molparse.from_schema"}, "id": "96589"}, "charge": 0, "optimize_geometry": false, "conformers": [], "conformer_generation_options": {"n_conformer_pool": 4000, "n_max_conformers": 0, "rms_tolerance": 0.05, "energy_window": 15, "keep_original_conformer": true}, "stage_1_unrestrained_charges": null, "stage_1_restrained_charges": null, "stage_2_unrestrained_charges": null, "stage_2_restrained_charges": null, "keep_original_orientation": false, "reorientations": [], "translations": [], "rotations": []}}, {"index": 5, "molecule": {"qcmol": {"schema_name": "qcschema_molecule", "schema_version": 2, "validated": true, "symbols": ["C", "C", "C", "C", "C", "C", "C", "C", "C", "H", "H", "H", "H", "H", "H", "H", "H", "H", "H", "H", "H", "H", "H", "H", "H", "H", "H", "H", "H"], "geometry": [[0.0, 0.0, 0.0], [2.890704999607033, -3.506274280507972e-16, 5.832161734970781e-17], [4.089065193537816, 2.6398548823224512, 0.0], [3.4781183206879858, 4.319709286905414, 2.286655433425962], [4.219562471750467, 3.2765311768647583, 4.8900725446599], [7.061397870083473, 2.8501845816218947, 5.243720603177293], [7.812450929912385, 1.864016379246367, 7.864069490426262], [7.420312530655825, 3.7356063745623946, 10.035908675993543], [8.370116140686035, 2.71452337228808, 12.565957307643721], [-0.7673634499795907, 0.8052117198453712, 1.7227244707426932], [-0.7382855413879528, 1.0859637550181869, -1.5790395485900928], [-0.7290645202455074, -1.91090128837721, -0.16313187973575483], [3.550346255782879, -0.9977384414207631, -1.670886486848445], [3.5716993347029407, -1.08376372286456, 1.6063776636547864], [3.4801588615338286, 3.6329438293195295, -1.6953199086305966], [6.124643617704143, 2.4344048362998683, -0.1754697737706068], [4.417110395405789, 6.12926152139058, 2.0147209327370263], [1.4665291819134514, 4.734210379797272, 2.3028004693210615], [3.5466430142519743, 4.60500261155437, 6.3030795778206326], [3.2229150835134956, 1.5153563994761756, 5.253083186157587], [7.725759136418543, 1.5034934529362847, 3.8435081087760588], [8.064568827107767, 4.607888313622288, 4.867811072168926], [9.79909222985612, 1.3347353662392032, 7.813300709920991], [6.772639584639758, 0.13318702895586387, 8.26282641931741], [5.43116096391234, 4.20991977231857, 10.212417167994111], [8.398119413440705, 5.491715439051126, 9.600297790284467], [10.378379194706826, 2.295078536527824, 12.490134009902695], [7.392158780957284, 0.9838965671654352, 13.079796204463069], [8.071574333692103, 4.0714770112588825, 14.075631043370665]], "name": "C9H20", "identifiers": {"molecule_hash": "409a77f03f688d45ab39de7332cba45dac451d7a", "molecular_formula": "C9H20"}, "molecular_charge": 0.0, "molecular_multiplicity": 1, "connectivity": [[0, 1, 1.0], [0, 9, 1.0], [0, 10, 1.0], [0, 11, 1.0], [1, 2, 1.0], [1, 12, 1.0], [1, 13, 1.0], [2, 3, 1.0], [2, 14, 1.0], [2, 15, 1.0], [3, 4, 1.0], [3, 16, 1.0], [3, 17, 1.0], [4, 5, 1.0], [4, 18, 1.0], [4, 19, 1.0], [5, 6, 1.0], [5, 20, 1.0], [5, 21, 1.0], [6, 7, 1.0], [6, 22, 1.0], [6, 23, 1.0], [7, 8, 1.0], [7, 24, 1.0], [7, 25, 1.0], [8, 26, 1.0], [8, 27, 1.0], [8, 28, 1.0]], "fix_com": true, "fix_orientation": true, "provenance": {"creator": "QCElemental", "version": "v0.22.0", "routine": "qcelemental.molparse.from_schema"}, "id": "96589"}, "charge": 0, "optimize_geometry": false, "conformers": [], "conformer_generation_options": {"n_conformer_pool": 4000, "n_max_conformers": 0, "rms_tolerance": 0.05, "energy_window": 15, "keep_original_conformer": true}, "stage_1_unrestrained_charges": null, "stage_1_restrained_charges": null, "stage_2_unrestrained_charges": null, "stage_2_restrained_charges": null, "keep_original_orientation": false, "reorientations": [], "translations": [], "rotations": []}}, {"index": 6, "molecule": {"qcmol": {"schema_name": "qcschema_molecule", "schema_version": 2, "validated": true, "symbols": ["C", "C", "C", "C", "C", "C", "C", "C", "C", "H", "H", "H", "H", "H", "H", "H", "H", "H", "H", "H", "H", "H", "H", "H", "H", "H", "H", "H", "H"], "geometry": [[0.0, 0.0, 0.0], [2.890704999607033, -3.506274280507972e-16, 5.832161734970781e-17], [4.089065193537816, 2.6398548823224512, 0.0], [3.4781183206879858, 4.319709286905414, 2.286655433425962], [4.219562471750467, 3.2765311768647583, 4.8900725446599], [7.061397870083473, 2.8501845816218947, 5.243720603177293], [7.812450929912385, 1.864016379246367, 7.864069490426262], [7.420312530655825, 3.7356063745623946, 10.035908675993543], [8.370116140686035, 2.71452337228808, 12.565957307643721], [-0.7673634499795907, 0.8052117198453712, 1.7227244707426932], [-0.7382855413879528, 1.0859637550181869, -1.5790395485900928], [-0.7290645202455074, -1.91090128837721, -0.16313187973575483], [3.550346255782879, -0.9977384414207631, -1.670886486848445], [3.5716993347029407, -1.08376372286456, 1.6063776636547864], [3.4801588615338286, 3.6329438293195295, -1.6953199086305966], [6.124643617704143, 2.4344048362998683, -0.1754697737706068], [4.417110395405789, 6.12926152139058, 2.0147209327370263], [1.4665291819134514, 4.734210379797272, 2.3028004693210615], [3.5466430142519743, 4.60500261155437, 6.3030795778206326], [3.2229150835134956, 1.5153563994761756, 5.253083186157587], [7.725759136418543, 1.5034934529362847, 3.8435081087760588], [8.064568827107767, 4.607888313622288, 4.867811072168926], [9.79909222985612, 1.3347353662392032, 7.813300709920991], [6.772639584639758, 0.13318702895586387, 8.26282641931741], [5.43116096391234, 4.20991977231857, 10.212417167994111], [8.398119413440705, 5.491715439051126, 9.600297790284467], [10.378379194706826, 2.295078536527824, 12.490134009902695], [7.392158780957284, 0.9838965671654352, 13.079796204463069], [8.071574333692103, 4.0714770112588825, 14.075631043370665]], "name": "C9H20", "identifiers": {"molecule_hash": "409a77f03f688d45ab39de7332cba45dac451d7a", "molecular_formula": "C9H20"}, "molecular_charge": 0.0, "molecular_multiplicity": 1, "connectivity": [[0, 1, 1.0], [0, 9, 1.0], [0, 10, 1.0], [0, 11, 1.0], [1, 2, 1.0], [1, 12, 1.0], [1, 13, 1.0], [2, 3, 1.0], [2, 14, 1.0], [2, 15, 1.0], [3, 4, 1.0], [3, 16, 1.0], [3, 17, 1.0], [4, 5, 1.0], [4, 18, 1.0], [4, 19, 1.0], [5, 6, 1.0], [5, 20, 1.0], [5, 21, 1.0], [6, 7, 1.0], [6, 22, 1.0], [6, 23, 1.0], [7, 8, 1.0], [7, 24, 1.0], [7, 25, 1.0], [8, 26, 1.0], [8, 27, 1.0], [8, 28, 1.0]], "fix_com": true, "fix_orientation": true, "provenance": {"creator": "QCElemental", "version": "v0.22.0", "routine": "qcelemental.molparse.from_schema"}, "id": "96589"}, "charge": 0, "optimize_geometry": false, "conformers": [], "conformer_generation_options": {"n_conformer_pool": 4000, "n_max_conformers": 0, "rms_tolerance": 0.05, "energy_window": 15, "keep_original_conformer": true}, "stage_1_unrestrained_charges": null, "stage_1_restrained_charges": null, "stage_2_unrestrained_charges": null, "stage_2_restrained_charges": null, "keep_original_orientation": false, "reorientations": [], "translations": [], "rotations": []}}, {"index": 7, "molecule": {"qcmol": {"schema_name": "qcschema_molecule", "schema_version": 2, "validated": true, "symbols": ["C", "C", "C", "C", "C", "C", "C", "C", "C", "H", "H", "H", "H", "H", "H", "H", "H", "H", "H", "H", "H", "H", "H", "H", "H", "H", "H", "H", "H"], "geometry": [[0.0, 0.0, 0.0], [2.890704999607033, -3.506274280507972e-16, 5.832161734970781e-17], [4.089065193537816, 2.6398548823224512, 0.0], [3.4781183206879858, 4.319709286905414, 2.286655433425962], [4.219562471750467, 3.2765311768647583, 4.8900725446599], [7.061397870083473, 2.8501845816218947, 5.243720603177293], [7.812450929912385, 1.864016379246367, 7.864069490426262], [7.420312530655825, 3.7356063745623946, 10.035908675993543], [8.370116140686035, 2.71452337228808, 12.565957307643721], [-0.7673634499795907, 0.8052117198453712, 1.7227244707426932], [-0.7382855413879528, 1.0859637550181869, -1.5790395485900928], [-0.7290645202455074, -1.91090128837721, -0.16313187973575483], [3.550346255782879, -0.9977384414207631, -1.670886486848445], [3.5716993347029407, -1.08376372286456, 1.6063776636547864], [3.4801588615338286, 3.6329438293195295, -1.6953199086305966], [6.124643617704143, 2.4344048362998683, -0.1754697737706068], [4.417110395405789, 6.12926152139058, 2.0147209327370263], [1.4665291819134514, 4.734210379797272, 2.3028004693210615], [3.5466430142519743, 4.60500261155437, 6.3030795778206326], [3.2229150835134956, 1.5153563994761756, 5.253083186157587], [7.725759136418543, 1.5034934529362847, 3.8435081087760588], [8.064568827107767, 4.607888313622288, 4.867811072168926], [9.79909222985612, 1.3347353662392032, 7.813300709920991], [6.772639584639758, 0.13318702895586387, 8.26282641931741], [5.43116096391234, 4.20991977231857, 10.212417167994111], [8.398119413440705, 5.491715439051126, 9.600297790284467], [10.378379194706826, 2.295078536527824, 12.490134009902695], [7.392158780957284, 0.9838965671654352, 13.079796204463069], [8.071574333692103, 4.0714770112588825, 14.075631043370665]], "name": "C9H20", "identifiers": {"molecule_hash": "409a77f03f688d45ab39de7332cba45dac451d7a", "molecular_formula": "C9H20"}, "molecular_charge": 0.0, "molecular_multiplicity": 1, "connectivity": [[0, 1, 1.0], [0, 9, 1.0], [0, 10, 1.0], [0, 11, 1.0], [1, 2, 1.0], [1, 12, 1.0], [1, 13, 1.0], [2, 3, 1.0], [2, 14, 1.0], [2, 15, 1.0], [3, 4, 1.0], [3, 16, 1.0], [3, 17, 1.0], [4, 5, 1.0], [4, 18, 1.0], [4, 19, 1.0], [5, 6, 1.0], [5, 20, 1.0], [5, 21, 1.0], [6, 7, 1.0], [6, 22, 1.0], [6, 23, 1.0], [7, 8, 1.0], [7, 24, 1.0], [7, 25, 1.0], [8, 26, 1.0], [8, 27, 1.0], [8, 28, 1.0]], "fix_com": true, "fix_orientation": true, "provenance": {"creator": "QCElemental", "version": "v0.22.0", "routine": "qcelemental.molparse.from_schema"}, "id": "96589"}, "charge": 0, "optimize_geometry": false, "conformers": [], "conformer_generation_options": {"n_conformer_pool": 4000, "n_max_conformers": 0, "rms_tolerance": 0.05, "energy_window": 15, "keep_original_conformer": true}, "stage_1_unrestrained_charges": null, "stage_1_restrained_charges": null, "stage_2_unrestrained_charges": null, "stage_2_restrained_charges": null, "keep_original_orientation": false, "reorientations": [], "translations": [], "rotations": []}}, {"index": 8, "molecule": {"qcmol": {"schema_name": "qcschema_molecule", "schema_version": 2, "validated": true, "symbols": ["C", "C", "C", "C", "C", "C", "C", "C", "C", "H", "H", "H", "H", "H", "H", "H", "H", "H", "H", "H", "H", "H", "H", "H", "H", "H", "H", "H", "H"], "geometry": [[0.0, 0.0, 0.0], [2.890704999607033, -3.506274280507972e-16, 5.832161734970781e-17], [4.089065193537816, 2.6398548823224512, 0.0], [3.4781183206879858, 4.319709286905414, 2.286655433425962], [4.219562471750467, 3.2765311768647583, 4.8900725446599], [7.061397870083473, 2.8501845816218947, 5.243720603177293], [7.812450929912385, 1.864016379246367, 7.864069490426262], [7.420312530655825, 3.7356063745623946, 10.035908675993543], [8.370116140686035, 2.71452337228808, 12.565957307643721], [-0.7673634499795907, 0.8052117198453712, 1.7227244707426932], [-0.7382855413879528, 1.0859637550181869, -1.5790395485900928], [-0.7290645202455074, -1.91090128837721, -0.16313187973575483], [3.550346255782879, -0.9977384414207631, -1.670886486848445], [3.5716993347029407, -1.08376372286456, 1.6063776636547864], [3.4801588615338286, 3.6329438293195295, -1.6953199086305966], [6.124643617704143, 2.4344048362998683, -0.1754697737706068], [4.417110395405789, 6.12926152139058, 2.0147209327370263], [1.4665291819134514, 4.734210379797272, 2.3028004693210615], [3.5466430142519743, 4.60500261155437, 6.3030795778206326], [3.2229150835134956, 1.5153563994761756, 5.253083186157587], [7.725759136418543, 1.5034934529362847, 3.8435081087760588], [8.064568827107767, 4.607888313622288, 4.867811072168926], [9.79909222985612, 1.3347353662392032, 7.813300709920991], [6.772639584639758, 0.13318702895586387, 8.26282641931741], [5.43116096391234, 4.20991977231857, 10.212417167994111], [8.398119413440705, 5.491715439051126, 9.600297790284467], [10.378379194706826, 2.295078536527824, 12.490134009902695], [7.392158780957284, 0.9838965671654352, 13.079796204463069], [8.071574333692103, 4.0714770112588825, 14.075631043370665]], "name": "C9H20", "identifiers": {"molecule_hash": "409a77f03f688d45ab39de7332cba45dac451d7a", "molecular_formula": "C9H20"}, "molecular_charge": 0.0, "molecular_multiplicity": 1, "connectivity": [[0, 1, 1.0], [0, 9, 1.0], [0, 10, 1.0], [0, 11, 1.0], [1, 2, 1.0], [1, 12, 1.0], [1, 13, 1.0], [2, 3, 1.0], [2, 14, 1.0], [2, 15, 1.0], [3, 4, 1.0], [3, 16, 1.0], [3, 17, 1.0], [4, 5, 1.0], [4, 18, 1.0], [4, 19, 1.0], [5, 6, 1.0], [5, 20, 1.0], [5, 21, 1.0], [6, 7, 1.0], [6, 22, 1.0], [6, 23, 1.0], [7, 8, 1.0], [7, 24, 1.0], [7, 25, 1.0], [8, 26, 1.0], [8, 27, 1.0], [8, 28, 1.0]], "fix_com": true, "fix_orientation": true, "provenance": {"creator": "QCElemental", "version": "v0.22.0", "routine": "qcelemental.molparse.from_schema"}, "id": "96589"}, "charge": 0, "optimize_geometry": false, "conformers": [], "conformer_generation_options": {"n_conformer_pool": 4000, "n_max_conformers": 0, "rms_tolerance": 0.05, "energy_window": 15, "keep_original_conformer": true}, "stage_1_unrestrained_charges": null, "stage_1_restrained_charges": null, "stage_2_unrestrained_charges": null, "stage_2_restrained_charges": null, "keep_original_orientation": false, "reorientations": [], "translations": [], "rotations": []}}]}, "surface_constraints": {"matrix": [[276209887523727.6, 268967445150190.25, 259536704401498.25, 251727975261808.06, 237830745355283.88, 225597630389279.3, 213305293742426.62, 204718746269755.75, 196561040288483.3, 276656480430768.06, 277326430866759.12, 276922031375411.4, 267994623019383.06, 267878897770229.94, 257120172723363.38, 258518384047756.88, 254852120406799.7, 251654853464308.25, 235496326521677.5, 237348589703921.0, 223881005538386.38, 226182152960409.62, 211899406416497.3, 210341663279408.2, 208880848881884.66, 198391577239391.94, 190647396188328.03, 199040569281011.84, 192562140246046.6], [268967445150190.25, 276758281550949.72, 270461701336679.2, 260072014791955.75, 248285428618957.44, 238813863003800.75, 227203795236198.22, 218578827796548.5, 209545353573291.06, 265730425625631.03, 266256453238764.53, 265882241149957.0, 280103991226775.06, 280208645040888.22, 270753589679543.53, 271058326582957.56, 259641429880510.28, 259837508394720.38, 245490252120572.03, 247151379120830.9, 237315562816943.44, 240352045784368.0, 225442344059187.1, 225022733644871.8, 223082766921328.53, 212380092980485.88, 203582231724181.62, 211562100124465.9, 205218087459387.66], [259536704401498.25, 270461701336679.2, 277840157306711.06, 270506513554497.2, 261307512548660.28, 253408171093599.34, 241960670854117.56, 232650374129645.22, 222894959621899.9, 254094627786086.6, 257765938206611.84, 256084933746441.28, 269817580288910.1, 270063422518872.2, 282156667038364.9, 282421493094250.94, 270151609759910.5, 269988206265613.06, 258691375328075.78, 260183656055364.25, 252895176535375.38, 254831818865011.3, 241037981299409.75, 239357713244105.1, 237316903595083.25, 226045796872962.5, 216589569095518.1, 224478803572245.34, 218730628103638.47], [251727975261808.06, 260072014791955.75, 270506513554497.2, 277182042955711.4, 271013921342087.2, 261195288240756.6, 248709177329877.12, 236852185582677.9, 226092631537054.7, 246193132636001.4, 250376476161158.3, 249982834374060.2, 257865762875009.22, 257191973126041.47, 270718884832399.62, 270874243757925.94, 280952331177670.6, 280826365347726.16, 270730467657266.0, 271186384413996.28, 260974700316242.3, 261670323752676.9, 248832560734106.28, 246216945946041.0, 240600926143170.44, 230068174405615.16, 219564277174212.88, 227439253985073.38, 221510568361749.03], [237830745355283.88, 248285428618957.44, 261307512548660.28, 271013921342087.2, 277915660423573.0, 270846134922071.06, 260576234935912.8, 249052254583662.78, 237717228096655.25, 232136399107418.78, 236569242360877.16, 234850085078206.3, 247261556112661.3, 244601865198932.34, 261532370030562.78, 261977856197877.47, 270985496672310.06, 270759852151704.5, 281513174766867.56, 282121365167232.8, 270903688101465.75, 270819382011897.38, 259658026905925.88, 260059061622531.03, 251602239694215.66, 243944596904213.44, 231644897453202.44, 238887381624806.7, 232256236984451.16], [225597630389279.3, 238813863003800.75, 253408171093599.34, 261195288240756.6, 270846134922071.06, 277284593821239.22, 269822237022272.22, 259325208233237.53, 250124926563524.6, 220577889528164.53, 223180364770002.66, 221374678780589.9, 238561638759020.3, 235896426402234.66, 255456028101999.25, 255158557993868.0, 259843848897126.22, 258901070555510.28, 270353858547838.06, 270928990312765.03, 281347314538860.38, 281337280806677.12, 269428353500198.06, 269666281267186.12, 259428778969090.75, 255258436412325.56, 244495034062955.16, 250580704261078.16, 246242265897968.03], [213305293742426.62, 227203795236198.22, 241960670854117.56, 248709177329877.12, 260576234935912.8, 269822237022272.22, 275877072028645.7, 268352752377293.06, 258699244235156.53, 207960622262802.75, 211046320854409.97, 208969566790213.25, 226370058552442.12, 225687536327098.94, 243714643078155.38, 245094501700170.22, 246608179483866.72, 245051130318354.75, 259418341453408.7, 261436591765695.6, 269714056151459.44, 269882930075493.4, 279579909248748.72, 279722871992053.84, 268109032582797.66, 266777291504189.22, 255555905063704.25, 256267385653555.38, 254555460961562.28], [204718746269755.75, 218578827796548.5, 232650374129645.22, 236852185582677.9, 249052254583662.78, 259325208233237.53, 268352752377293.06, 274894577076663.16, 268443931333876.34, 199461484781946.94, 202776623000059.97, 200185057580111.75, 218366491444948.16, 217103482657274.12, 235321369065418.56, 236348938407101.72, 234306798756300.66, 231475672364643.78, 248615418050283.28, 249002292563212.0, 258727628075845.06, 258830804937397.8, 268015077120105.44, 267970021363163.0, 278744459063420.16, 277187336897277.78, 265128601466972.22, 266644454306329.56, 265529060779798.75], [196561040288483.3, 209545353573291.06, 222894959621899.9, 226092631537054.7, 237717228096655.25, 250124926563524.6, 258699244235156.53, 268443931333876.34, 276828749891716.97, 191387822184454.62, 194970439787588.38, 192306790644597.06, 209590011606070.78, 207754982033467.9, 224884593888977.84, 227501668858541.38, 223419104450864.84, 220493234757904.25, 235247209977432.56, 237837636751804.56, 250309845263784.7, 251159297958389.94, 256693557362123.72, 257495205930671.25, 268130889601957.16, 266244047862433.7, 277147937171331.5, 279007820570066.72, 277526265896029.66], [276656480430768.06, 265730425625631.03, 254094627786086.6, 246193132636001.4, 232136399107418.78, 220577889528164.53, 207960622262802.75, 199461484781946.94, 191387822184454.62, 288297235307110.4, 273700132405993.03, 273351037286822.88, 263938999298010.5, 264611076646589.38, 251729847913250.8, 251670238641969.72, 249010557930893.3, 246536538821089.72, 229713696415127.66, 231198152583788.1, 219289418601241.1, 221523928786917.06, 206135529234889.62, 205180546636729.22, 203625585248514.12, 193155477221527.72, 185541540947494.94, 193772998028497.5, 187598382439445.4], [277326430866759.12, 266256453238764.53, 257765938206611.84, 250376476161158.3, 236569242360877.16, 223180364770002.66, 211046320854409.97, 202776623000059.97, 194970439787588.38, 273700132405993.03, 289830375060124.4, 274038001624693.34, 264418708701660.0, 262364553739102.88, 254712410558995.94, 257618009332177.53, 255327336177402.94, 248713108719252.1, 233694883990109.16, 237660681866840.94, 220813722533993.22, 223610367480227.6, 209935760034219.16, 207619330767416.88, 206732229667627.47, 196676287378807.4, 188936482848933.34, 197826167172638.28, 191020506221795.47], [276922031375411.4, 265882241149957.0, 256084933746441.28, 249982834374060.2, 234850085078206.3, 221374678780589.9, 208969566790213.25, 200185057580111.75, 192306790644597.06, 273351037286822.88, 274038001624693.34, 288887741440691.3, 263150588877388.9, 264040330422488.94, 252506856622632.84, 254548584117493.8, 254186480871037.3, 251196695133157.4, 233456536485741.16, 233674340857582.6, 219819536720020.75, 221062144966111.12, 207936289243987.56, 205767840808801.12, 204303245620105.62, 193611183085443.3, 186590860769079.47, 194746534667236.44, 188344342452796.56], [267994623019383.06, 280103991226775.06, 269817580288910.1, 257865762875009.22, 247261556112661.3, 238561638759020.3, 226370058552442.12, 218366491444948.16, 209590011606070.78, 263938999298010.5, 264418708701660.0, 263150588877388.9, 294264770023547.94, 279511457009388.9, 269905205162644.6, 268800868181221.25, 255184651314208.7, 257813183753700.25, 245491684813168.84, 245388046945786.47, 237310311354049.34, 240855143382625.47, 223374600572084.94, 224517504051783.06, 222505132956084.78, 212794449117703.2, 204049424110989.28, 211908383942571.97, 204710003713419.5], [267878897770229.94, 280208645040888.22, 270063422518872.2, 257191973126041.47, 244601865198932.34, 235896426402234.66, 225687536327098.94, 217103482657274.12, 207754982033467.9, 264611076646589.38, 262364553739102.88, 264040330422488