{"resp_b": 0.1, "restrained_fit": true, "exclude_hydrogens": true, "convergence_tolerance": 1e-06, "max_iter": 500, "resp_a": 0.0005, "charge_constraints": {"charge_sum_constraints": [], "charge_equivalence_constraints": [], "molecules": [{"qcmol": {"schema_name": "qcschema_molecule", "schema_version": 2, "validated": true, "symbols": ["C", "C", "C", "C", "C", "C", "C", "C", "C", "H", "H", "H", "H", "H", "H", "H", "H", "H", "H", "H", "H", "H", "H", "H", "H", "H", "H", "H", "H"], "geometry": [[0.0, 0.0, 0.0], [2.890704999607033, -3.506274280507972e-16, 5.832161734970781e-17], [4.089065193537816, 2.6398548823224512, 0.0], [3.4781183206879858, 4.319709286905414, 2.286655433425962], [4.219562471750467, 3.2765311768647583, 4.8900725446599], [7.061397870083473, 2.8501845816218947, 5.243720603177293], [7.812450929912385, 1.864016379246367, 7.864069490426262], [7.420312530655825, 3.7356063745623946, 10.035908675993543], [8.370116140686035, 2.71452337228808, 12.565957307643721], [-0.7673634499795907, 0.8052117198453712, 1.7227244707426932], [-0.7382855413879528, 1.0859637550181869, -1.5790395485900928], [-0.7290645202455074, -1.91090128837721, -0.16313187973575483], [3.550346255782879, -0.9977384414207631, -1.670886486848445], [3.5716993347029407, -1.08376372286456, 1.6063776636547864], [3.4801588615338286, 3.6329438293195295, -1.6953199086305966], [6.124643617704143, 2.4344048362998683, -0.1754697737706068], [4.417110395405789, 6.12926152139058, 2.0147209327370263], [1.4665291819134514, 4.734210379797272, 2.3028004693210615], [3.5466430142519743, 4.60500261155437, 6.3030795778206326], [3.2229150835134956, 1.5153563994761756, 5.253083186157587], [7.725759136418543, 1.5034934529362847, 3.8435081087760588], [8.064568827107767, 4.607888313622288, 4.867811072168926], [9.79909222985612, 1.3347353662392032, 7.813300709920991], [6.772639584639758, 0.13318702895586387, 8.26282641931741], [5.43116096391234, 4.20991977231857, 10.212417167994111], [8.398119413440705, 5.491715439051126, 9.600297790284467], [10.378379194706826, 2.295078536527824, 12.490134009902695], [7.392158780957284, 0.9838965671654352, 13.079796204463069], [8.071574333692103, 4.0714770112588825, 14.075631043370665]], "name": "C9H20", "identifiers": {"molecule_hash": "409a77f03f688d45ab39de7332cba45dac451d7a", "molecular_formula": "C9H20"}, "molecular_charge": 0.0, "molecular_multiplicity": 1, "connectivity": [[0, 1, 1.0], [0, 9, 1.0], [0, 10, 1.0], [0, 11, 1.0], [1, 2, 1.0], [1, 12, 1.0], [1, 13, 1.0], [2, 3, 1.0], [2, 14, 1.0], [2, 15, 1.0], [3, 4, 1.0], [3, 16, 1.0], [3, 17, 1.0], [4, 5, 1.0], [4, 18, 1.0], [4, 19, 1.0], [5, 6, 1.0], [5, 20, 1.0], [5, 21, 1.0], [6, 7, 1.0], [6, 22, 1.0], [6, 23, 1.0], [7, 8, 1.0], [7, 24, 1.0], [7, 25, 1.0], [8, 26, 1.0], [8, 27, 1.0], [8, 28, 1.0]], "fix_com": true, "fix_orientation": true, "provenance": {"creator": "QCElemental", "version": "v0.22.0", "routine": "qcelemental.molparse.from_schema"}, "id": "96589"}, "charge": 0, "optimize_geometry": false, "conformers": [], "conformer_generation_options": {"n_conformer_pool": 4000, "n_max_conformers": 0, "rms_tolerance": 0.05, "energy_window": 15, "keep_original_conformer": true}, "stage_1_unrestrained_charges": null, "stage_1_restrained_charges": null, "stage_2_unrestrained_charges": null, "stage_2_restrained_charges": null, "keep_original_orientation": false, "reorientations": [], "translations": [], "rotations": []}], "unconstrained_atoms": [{"index": 0, "molecule": {"qcmol": {"schema_name": "qcschema_molecule", "schema_version": 2, "validated": true, "symbols": ["C", "C", "C", "C", "C", "C", "C", "C", "C", "H", "H", "H", "H", "H", "H", "H", "H", "H", "H", "H", "H", "H", "H", "H", "H", "H", "H", "H", "H"], "geometry": [[0.0, 0.0, 0.0], [2.890704999607033, -3.506274280507972e-16, 5.832161734970781e-17], [4.089065193537816, 2.6398548823224512, 0.0], [3.4781183206879858, 4.319709286905414, 2.286655433425962], [4.219562471750467, 3.2765311768647583, 4.8900725446599], [7.061397870083473, 2.8501845816218947, 5.243720603177293], [7.812450929912385, 1.864016379246367, 7.864069490426262], [7.420312530655825, 3.7356063745623946, 10.035908675993543], [8.370116140686035, 2.71452337228808, 12.565957307643721], [-0.7673634499795907, 0.8052117198453712, 1.7227244707426932], [-0.7382855413879528, 1.0859637550181869, -1.5790395485900928], [-0.7290645202455074, -1.91090128837721, -0.16313187973575483], [3.550346255782879, -0.9977384414207631, -1.670886486848445], [3.5716993347029407, -1.08376372286456, 1.6063776636547864], [3.4801588615338286, 3.6329438293195295, -1.6953199086305966], [6.124643617704143, 2.4344048362998683, -0.1754697737706068], [4.417110395405789, 6.12926152139058, 2.0147209327370263], [1.4665291819134514, 4.734210379797272, 2.3028004693210615], [3.5466430142519743, 4.60500261155437, 6.3030795778206326], [3.2229150835134956, 1.5153563994761756, 5.253083186157587], [7.725759136418543, 1.5034934529362847, 3.8435081087760588], [8.064568827107767, 4.607888313622288, 4.867811072168926], [9.79909222985612, 1.3347353662392032, 7.813300709920991], [6.772639584639758, 0.13318702895586387, 8.26282641931741], [5.43116096391234, 4.20991977231857, 10.212417167994111], [8.398119413440705, 5.491715439051126, 9.600297790284467], [10.378379194706826, 2.295078536527824, 12.490134009902695], [7.392158780957284, 0.9838965671654352, 13.079796204463069], [8.071574333692103, 4.0714770112588825, 14.075631043370665]], "name": "C9H20", "identifiers": {"molecule_hash": "409a77f03f688d45ab39de7332cba45dac451d7a", "molecular_formula": "C9H20"}, "molecular_charge": 0.0, "molecular_multiplicity": 1, "connectivity": [[0, 1, 1.0], [0, 9, 1.0], [0, 10, 1.0], [0, 11, 1.0], [1, 2, 1.0], [1, 12, 1.0], [1, 13, 1.0], [2, 3, 1.0], [2, 14, 1.0], [2, 15, 1.0], [3, 4, 1.0], [3, 16, 1.0], [3, 17, 1.0], [4, 5, 1.0], [4, 18, 1.0], [4, 19, 1.0], [5, 6, 1.0], [5, 20, 1.0], [5, 21, 1.0], [6, 7, 1.0], [6, 22, 1.0], [6, 23, 1.0], [7, 8, 1.0], [7, 24, 1.0], [7, 25, 1.0], [8, 26, 1.0], [8, 27, 1.0], [8, 28, 1.0]], "fix_com": true, "fix_orientation": true, "provenance": {"creator": "QCElemental", "version": "v0.22.0", "routine": "qcelemental.molparse.from_schema"}, "id": "96589"}, "charge": 0, "optimize_geometry": false, "conformers": [], "conformer_generation_options": {"n_conformer_pool": 4000, "n_max_conformers": 0, "rms_tolerance": 0.05, "energy_window": 15, "keep_original_conformer": true}, "stage_1_unrestrained_charges": null, "stage_1_restrained_charges": null, "stage_2_unrestrained_charges": null, "stage_2_restrained_charges": null, "keep_original_orientation": false, "reorientations": [], "translations": [], "rotations": []}}, {"index": 1, "molecule": {"qcmol": {"schema_name": "qcschema_molecule", "schema_version": 2, "validated": true, "symbols": ["C", "C", "C", "C", "C", "C", "C", "C", "C", "H", "H", "H", "H", "H", "H", "H", "H", "H", "H", "H", "H", "H", "H", "H", "H", "H", "H", "H", "H"], "geometry": [[0.0, 0.0, 0.0], [2.890704999607033, -3.506274280507972e-16, 5.832161734970781e-17], [4.089065193537816, 2.6398548823224512, 0.0], [3.4781183206879858, 4.319709286905414, 2.286655433425962], [4.219562471750467, 3.2765311768647583, 4.8900725446599], [7.061397870083473, 2.8501845816218947, 5.243720603177293], [7.812450929912385, 1.864016379246367, 7.864069490426262], [7.420312530655825, 3.7356063745623946, 10.035908675993543], [8.370116140686035, 2.71452337228808, 12.565957307643721], [-0.7673634499795907, 0.8052117198453712, 1.7227244707426932], [-0.7382855413879528, 1.0859637550181869, -1.5790395485900928], [-0.7290645202455074, -1.91090128837721, -0.16313187973575483], [3.550346255782879, -0.9977384414207631, -1.670886486848445], [3.5716993347029407, -1.08376372286456, 1.6063776636547864], [3.4801588615338286, 3.6329438293195295, -1.6953199086305966], [6.124643617704143, 2.4344048362998683, -0.1754697737706068], [4.417110395405789, 6.12926152139058, 2.0147209327370263], [1.4665291819134514, 4.734210379797272, 2.3028004693210615], [3.5466430142519743, 4.60500261155437, 6.3030795778206326], [3.2229150835134956, 1.5153563994761756, 5.253083186157587], [7.725759136418543, 1.5034934529362847, 3.8435081087760588], [8.064568827107767, 4.607888313622288, 4.867811072168926], [9.79909222985612, 1.3347353662392032, 7.813300709920991], [6.772639584639758, 0.13318702895586387, 8.26282641931741], [5.43116096391234, 4.20991977231857, 10.212417167994111], [8.398119413440705, 5.491715439051126, 9.600297790284467], [10.378379194706826, 2.295078536527824, 12.490134009902695], [7.392158780957284, 0.9838965671654352, 13.079796204463069], [8.071574333692103, 4.0714770112588825, 14.075631043370665]], "name": "C9H20", "identifiers": {"molecule_hash": "409a77f03f688d45ab39de7332cba45dac451d7a", "molecular_formula": "C9H20"}, "molecular_charge": 0.0, "molecular_multiplicity": 1, "connectivity": [[0, 1, 1.0], [0, 9, 1.0], [0, 10, 1.0], [0, 11, 1.0], [1, 2, 1.0], [1, 12, 1.0], [1, 13, 1.0], [2, 3, 1.0], [2, 14, 1.0], [2, 15, 1.0], [3, 4, 1.0], [3, 16, 1.0], [3, 17, 1.0], [4, 5, 1.0], [4, 18, 1.0], [4, 19, 1.0], [5, 6, 1.0], [5, 20, 1.0], [5, 21, 1.0], [6, 7, 1.0], [6, 22, 1.0], [6, 23, 1.0], [7, 8, 1.0], [7, 24, 1.0], [7, 25, 1.0], [8, 26, 1.0], [8, 27, 1.0], [8, 28, 1.0]], "fix_com": true, "fix_orientation": true, "provenance": {"creator": "QCElemental", "version": "v0.22.0", "routine": "qcelemental.molparse.from_schema"}, "id": "96589"}, "charge": 0, "optimize_geometry": false, "conformers": [], "conformer_generation_options": {"n_conformer_pool": 4000, "n_max_conformers": 0, "rms_tolerance": 0.05, "energy_window": 15, "keep_original_conformer": true}, "stage_1_unrestrained_charges": null, "stage_1_restrained_charges": null, "stage_2_unrestrained_charges": null, "stage_2_restrained_charges": null, "keep_original_orientation": false, "reorientations": [], "translations": [], "rotations": []}}, {"index": 2, "molecule": {"qcmol": {"schema_name": "qcschema_molecule", "schema_version": 2, "validated": true, "symbols": ["C", "C", "C", "C", "C", "C", "C", "C", "C", "H", "H", "H", "H", "H", "H", "H", "H", "H", "H", "H", "H", "H", "H", "H", "H", "H", "H", "H", "H"], "geometry": [[0.0, 0.0, 0.0], [2.890704999607033, -3.506274280507972e-16, 5.832161734970781e-17], [4.089065193537816, 2.6398548823224512, 0.0], [3.4781183206879858, 4.319709286905414, 2.286655433425962], [4.219562471750467, 3.2765311768647583, 4.8900725446599], [7.061397870083473, 2.8501845816218947, 5.243720603177293], [7.812450929912385, 1.864016379246367, 7.864069490426262], [7.420312530655825, 3.7356063745623946, 10.035908675993543], [8.370116140686035, 2.71452337228808, 12.565957307643721], [-0.7673634499795907, 0.8052117198453712, 1.7227244707426932], [-0.7382855413879528, 1.0859637550181869, -1.5790395485900928], [-0.7290645202455074, -1.91090128837721, -0.16313187973575483], [3.550346255782879, -0.9977384414207631, -1.670886486848445], [3.5716993347029407, -1.08376372286456, 1.6063776636547864], [3.4801588615338286, 3.6329438293195295, -1.6953199086305966], [6.124643617704143, 2.4344048362998683, -0.1754697737706068], [4.417110395405789, 6.12926152139058, 2.0147209327370263], [1.4665291819134514, 4.734210379797272, 2.3028004693210615], [3.5466430142519743, 4.60500261155437, 6.3030795778206326], [3.2229150835134956, 1.5153563994761756, 5.253083186157587], [7.725759136418543, 1.5034934529362847, 3.8435081087760588], [8.064568827107767, 4.607888313622288, 4.867811072168926], [9.79909222985612, 1.3347353662392032, 7.813300709920991], [6.772639584639758, 0.13318702895586387, 8.26282641931741], [5.43116096391234, 4.20991977231857, 10.212417167994111], [8.398119413440705, 5.491715439051126, 9.600297790284467], [10.378379194706826, 2.295078536527824, 12.490134009902695], [7.392158780957284, 0.9838965671654352, 13.079796204463069], [8.071574333692103, 4.0714770112588825, 14.075631043370665]], "name": "C9H20", "identifiers": {"molecule_hash": "409a77f03f688d45ab39de7332cba45dac451d7a", "molecular_formula": "C9H20"}, "molecular_charge": 0.0, "molecular_multiplicity": 1, "connectivity": [[0, 1, 1.0], [0, 9, 1.0], [0, 10, 1.0], [0, 11, 1.0], [1, 2, 1.0], [1, 12, 1.0], [1, 13, 1.0], [2, 3, 1.0], [2, 14, 1.0], [2, 15, 1.0], [3, 4, 1.0], [3, 16, 1.0], [3, 17, 1.0], [4, 5, 1.0], [4, 18, 1.0], [4, 19, 1.0], [5, 6, 1.0], [5, 20, 1.0], [5, 21, 1.0], [6, 7, 1.0], [6, 22, 1.0], [6, 23, 1.0], [7, 8, 1.0], [7, 24, 1.0], [7, 25, 1.0], [8, 26, 1.0], [8, 27, 1.0], [8, 28, 1.0]], "fix_com": true, "fix_orientation": true, "provenance": {"creator": "QCElemental", "version": "v0.22.0", "routine": "qcelemental.molparse.from_schema"}, "id": "96589"}, "charge": 0, "optimize_geometry": false, "conformers": [], "conformer_generation_options": {"n_conformer_pool": 4000, "n_max_conformers": 0, "rms_tolerance": 0.05, "energy_window": 15, "keep_original_conformer": true}, "stage_1_unrestrained_charges": null, "stage_1_restrained_charges": null, "stage_2_unrestrained_charges": null, "stage_2_restrained_charges": null, "keep_original_orientation": false, "reorientations": [], "translations": [], "rotations": []}}, {"index": 3, "molecule": {"qcmol": {"schema_name": "qcschema_molecule", "schema_version": 2, "validated": true, "symbols": ["C", "C", "C", "C", "C", "C", "C", "C", "C", "H", "H", "H", "H", "H", "H", "H", "H", "H", "H", "H", "H", "H", "H", "H", "H", "H", "H", "H", "H"], "geometry": [[0.0, 0.0, 0.0], [2.890704999607033, -3.506274280507972e-16, 5.832161734970781e-17], [4.089065193537816, 2.6398548823224512, 0.0], [3.4781183206879858, 4.319709286905414, 2.286655433425962], [4.219562471750467, 3.2765311768647583, 4.8900725446599], [7.061397870083473, 2.8501845816218947, 5.243720603177293], [7.812450929912385, 1.864016379246367, 7.864069490426262], [7.420312530655825, 3.7356063745623946, 10.035908675993543], [8.370116140686035, 2.71452337228808, 12.565957307643721], [-0.7673634499795907, 0.8052117198453712, 1.7227244707426932], [-0.7382855413879528, 1.0859637550181869, -1.5790395485900928], [-0.7290645202455074, -1.91090128837721, -0.16313187973575483], [3.550346255782879, -0.9977384414207631, -1.670886486848445], [3.5716993347029407, -1.08376372286456, 1.6063776636547864], [3.4801588615338286, 3.6329438293195295, -1.6953199086305966], [6.124643617704143, 2.4344048362998683, -0.1754697737706068], [4.417110395405789, 6.12926152139058, 2.0147209327370263], [1.4665291819134514, 4.734210379797272, 2.3028004693210615], [3.5466430142519743, 4.60500261155437, 6.3030795778206326], [3.2229150835134956, 1.5153563994761756, 5.253083186157587], [7.725759136418543, 1.5034934529362847, 3.8435081087760588], [8.064568827107767, 4.607888313622288, 4.867811072168926], [9.79909222985612, 1.3347353662392032, 7.813300709920991], [6.772639584639758, 0.13318702895586387, 8.26282641931741], [5.43116096391234, 4.20991977231857, 10.212417167994111], [8.398119413440705, 5.491715439051126, 9.600297790284467], [10.378379194706826, 2.295078536527824, 12.490134009902695], [7.392158780957284, 0.9838965671654352, 13.079796204463069], [8.071574333692103, 4.0714770112588825, 14.075631043370665]], "name": "C9H20", "identifiers": {"molecule_hash": "409a77f03f688d45ab39de7332cba45dac451d7a", "molecular_formula": "C9H20"}, "molecular_charge": 0.0, "molecular_multiplicity": 1, "connectivity": [[0, 1, 1.0], [0, 9, 1.0], [0, 10, 1.0], [0, 11, 1.0], [1, 2, 1.0], [1, 12, 1.0], [1, 13, 1.0], [2, 3, 1.0], [2, 14, 1.0], [2, 15, 1.0], [3, 4, 1.0], [3, 16, 1.0], [3, 17, 1.0], [4, 5, 1.0], [4, 18, 1.0], [4, 19, 1.0], [5, 6, 1.0], [5, 20, 1.0], [5, 21, 1.0], [6, 7, 1.0], [6, 22, 1.0], [6, 23, 1.0], [7, 8, 1.0], [7, 24, 1.0], [7, 25, 1.0], [8, 26, 1.0], [8, 27, 1.0], [8, 28, 1.0]], "fix_com": true, "fix_orientation": true, "provenance": {"creator": "QCElemental", "version": "v0.22.0", "routine": "qcelemental.molparse.from_schema"}, "id": "96589"}, "charge": 0, "optimize_geometry": false, "conformers": [], "conformer_generation_options": {"n_conformer_pool": 4000, "n_max_conformers": 0, "rms_tolerance": 0.05, "energy_window": 15, "keep_original_conformer": true}, "stage_1_unrestrained_charges": null, "stage_1_restrained_charges": null, "stage_2_unrestrained_charges": null, "stage_2_restrained_charges": null, "keep_original_orientation": false, "reorientations": [], "translations": [], "rotations": []}}, {"index": 4, "molecule": {"qcmol": {"schema_name": "qcschema_molecule", "schema_version": 2, "validated": true, "symbols": ["C", "C", "C", "C", "C", "C", "C", "C", "C", "H", "H", "H", "H", "H", "H", "H", "H", "H", "H", "H", "H", "H", "H", "H", "H", "H", "H", "H", "H"], "geometry": [[0.0, 0.0, 0.0], [2.890704999607033, -3.506274280507972e-16, 5.832161734970781e-17], [4.089065193537816, 2.6398548823224512, 0.0], [3.4781183206879858, 4.319709286905414, 2.286655433425962], [4.219562471750467, 3.2765311768647583, 4.8900725446599], [7.061397870083473, 2.8501845816218947, 5.243720603177293], [7.812450929912385, 1.864016379246367, 7.864069490426262], [7.420312530655825, 3.7356063745623946, 10.035908675993543], [8.370116140686035, 2.71452337228808, 12.565957307643721], [-0.7673634499795907, 0.8052117198453712, 1.7227244707426932], [-0.7382855413879528, 1.0859637550181869, -1.5790395485900928], [-0.7290645202455074, -1.91090128837721, -0.16313187973575483], [3.550346255782879, -0.9977384414207631, -1.670886486848445], [3.5716993347029407, -1.08376372286456, 1.6063776636547864], [3.4801588615338286, 3.6329438293195295, -1.6953199086305966], [6.124643617704143, 2.4344048362998683, -0.1754697737706068], [4.417110395405789, 6.12926152139058, 2.0147209327370263], [1.4665291819134514, 4.734210379797272, 2.3028004693210615], [3.5466430142519743, 4.60500261155437, 6.3030795778206326], [3.2229150835134956, 1.5153563994761756, 5.253083186157587], [7.725759136418543, 1.5034934529362847, 3.8435081087760588], [8.064568827107767, 4.607888313622288, 4.867811072168926], [9.79909222985612, 1.3347353662392032, 7.813300709920991], [6.772639584639758, 0.13318702895586387, 8.26282641931741], [5.43116096391234, 4.20991977231857, 10.212417167994111], [8.398119413440705, 5.491715439051126, 9.600297790284467], [10.378379194706826, 2.295078536527824, 12.490134009902695], [7.392158780957284, 0.9838965671654352, 13.079796204463069], [8.071574333692103, 4.0714770112588825, 14.075631043370665]], "name": "C9H20", "identifiers": {"molecule_hash": "409a77f03f688d45ab39de7332cba45dac451d7a", "molecular_formula": "C9H20"}, "molecular_charge": 0.0, "molecular_multiplicity": 1, "connectivity": [[0, 1, 1.0], [0, 9, 1.0], [0, 10, 1.0], [0, 11, 1.0], [1, 2, 1.0], [1, 12, 1.0], [1, 13, 1.0], [2, 3, 1.0], [2, 14, 1.0], [2, 15, 1.0], [3, 4, 1.0], [3, 16, 1.0], [3, 17, 1.0], [4, 5, 1.0], [4, 18, 1.0], [4, 19, 1.0], [5, 6, 1.0], [5, 20, 1.0], [5, 21, 1.0], [6, 7, 1.0], [6, 22, 1.0], [6, 23, 1.0], [7, 8, 1.0], [7, 24, 1.0], [7, 25, 1.0], [8, 26, 1.0], [8, 27, 1.0], [8, 28, 1.0]], "fix_com": true, "fix_orientation": true, "provenance": {"creator": "QCElemental", "version": "v0.22.0", "routine": "qcelemental.molparse.from_schema"}, "id": "96589"}, "charge": 0, "optimize_geometry": false, "conformers": [], "conformer_generation_options": {"n_conformer_pool": 4000, "n_max_conformers": 0, "rms_tolerance": 0.05, "energy_window": 15, "keep_original_conformer": true}, "stage_1_unrestrained_charges": null, "stage_1_restrained_charges": null, "stage_2_unrestrained_charges": null, "stage_2_restrained_charges": null, "keep_original_orientation": false, "reorientations": [], "translations": [], "rotations": []}}, {"index": 5, "molecule": {"qcmol": {"schema_name": "qcschema_molecule", "schema_version": 2, "validated": true, "symbols": ["C", "C", "C", "C", "C", "C", "C", "C", "C", "H", "H", "H", "H", "H", "H", "H", "H", "H", "H", "H", "H", "H", "H", "H", "H", "H", "H", "H", "H"], "geometry": [[0.0, 0.0, 0.0], [2.890704999607033, -3.506274280507972e-16, 5.832161734970781e-17], [4.089065193537816, 2.6398548823224512, 0.0], [3.4781183206879858, 4.319709286905414, 2.286655433425962], [4.219562471750467, 3.2765311768647583, 4.8900725446599], [7.061397870083473, 2.8501845816218947, 5.243720603177293], [7.812450929912385, 1.864016379246367, 7.864069490426262], [7.420312530655825, 3.7356063745623946, 10.035908675993543], [8.370116140686035, 2.71452337228808, 12.565957307643721], [-0.7673634499795907, 0.8052117198453712, 1.7227244707426932], [-0.7382855413879528, 1.0859637550181869, -1.5790395485900928], [-0.7290645202455074, -1.91090128837721, -0.16313187973575483], [3.550346255782879, -0.9977384414207631, -1.670886486848445], [3.5716993347029407, -1.08376372286456, 1.6063776636547864], [3.4801588615338286, 3.6329438293195295, -1.6953199086305966], [6.124643617704143, 2.4344048362998683, -0.1754697737706068], [4.417110395405789, 6.12926152139058, 2.0147209327370263], [1.4665291819134514, 4.734210379797272, 2.3028004693210615], [3.5466430142519743, 4.60500261155437, 6.3030795778206326], [3.2229150835134956, 1.5153563994761756, 5.253083186157587], [7.725759136418543, 1.5034934529362847, 3.8435081087760588], [8.064568827107767, 4.607888313622288, 4.867811072168926], [9.79909222985612, 1.3347353662392032, 7.813300709920991], [6.772639584639758, 0.13318702895586387, 8.26282641931741], [5.43116096391234, 4.20991977231857, 10.212417167994111], [8.398119413440705, 5.491715439051126, 9.600297790284467], [10.378379194706826, 2.295078536527824, 12.490134009902695], [7.392158780957284, 0.9838965671654352, 13.079796204463069], [8.071574333692103, 4.0714770112588825, 14.075631043370665]], "name": "C9H20", "identifiers": {"molecule_hash": "409a77f03f688d45ab39de7332cba45dac451d7a", "molecular_formula": "C9H20"}, "molecular_charge": 0.0, "molecular_multiplicity": 1, "connectivity": [[0, 1, 1.0], [0, 9, 1.0], [0, 10, 1.0], [0, 11, 1.0], [1, 2, 1.0], [1, 12, 1.0], [1, 13, 1.0], [2, 3, 1.0], [2, 14, 1.0], [2, 15, 1.0], [3, 4, 1.0], [3, 16, 1.0], [3, 17, 1.0], [4, 5, 1.0], [4, 18, 1.0], [4, 19, 1.0], [5, 6, 1.0], [5, 20, 1.0], [5, 21, 1.0], [6, 7, 1.0], [6, 22, 1.0], [6, 23, 1.0], [7, 8, 1.0], [7, 24, 1.0], [7, 25, 1.0], [8, 26, 1.0], [8, 27, 1.0], [8, 28, 1.0]], "fix_com": true, "fix_orientation": true, "provenance": {"creator": "QCElemental", "version": "v0.22.0", "routine": "qcelemental.molparse.from_schema"}, "id": "96589"}, "charge": 0, "optimize_geometry": false, "conformers": [], "conformer_generation_options": {"n_conformer_pool": 4000, "n_max_conformers": 0, "rms_tolerance": 0.05, "energy_window": 15, "keep_original_conformer": true}, "stage_1_unrestrained_charges": null, "stage_1_restrained_charges": null, "stage_2_unrestrained_charges": null, "stage_2_restrained_charges": null, "keep_original_orientation": false, "reorientations": [], "translations": [], "rotations": []}}, {"index": 6, "molecule": {"qcmol": {"schema_name": "qcschema_molecule", "schema_version": 2, "validated": true, "symbols": ["C", "C", "C", "C", "C", "C", "C", "C", "C", "H", "H", "H", "H", "H", "H", "H", "H", "H", "H", "H", "H", "H", "H", "H", "H", "H", "H", "H", "H"], "geometry": [[0.0, 0.0, 0.0], [2.890704999607033, -3.506274280507972e-16, 5.832161734970781e-17], [4.089065193537816, 2.6398548823224512, 0.0], [3.4781183206879858, 4.319709286905414, 2.286655433425962], [4.219562471750467, 3.2765311768647583, 4.8900725446599], [7.061397870083473, 2.8501845816218947, 5.243720603177293], [7.812450929912385, 1.864016379246367, 7.864069490426262], [7.420312530655825, 3.7356063745623946, 10.035908675993543], [8.370116140686035, 2.71452337228808, 12.565957307643721], [-0.7673634499795907, 0.8052117198453712, 1.7227244707426932], [-0.7382855413879528, 1.0859637550181869, -1.5790395485900928], [-0.7290645202455074, -1.91090128837721, -0.16313187973575483], [3.550346255782879, -0.9977384414207631, -1.670886486848445], [3.5716993347029407, -1.08376372286456, 1.6063776636547864], [3.4801588615338286, 3.6329438293195295, -1.6953199086305966], [6.124643617704143, 2.4344048362998683, -0.1754697737706068], [4.417110395405789, 6.12926152139058, 2.0147209327370263], [1.4665291819134514, 4.734210379797272, 2.3028004693210615], [3.5466430142519743, 4.60500261155437, 6.3030795778206326], [3.2229150835134956, 1.5153563994761756, 5.253083186157587], [7.725759136418543, 1.5034934529362847, 3.8435081087760588], [8.064568827107767, 4.607888313622288, 4.867811072168926], [9.79909222985612, 1.3347353662392032, 7.813300709920991], [6.772639584639758, 0.13318702895586387, 8.26282641931741], [5.43116096391234, 4.20991977231857, 10.212417167994111], [8.398119413440705, 5.491715439051126, 9.600297790284467], [10.378379194706826, 2.295078536527824, 12.490134009902695], [7.392158780957284, 0.9838965671654352, 13.079796204463069], [8.071574333692103, 4.0714770112588825, 14.075631043370665]], "name": "C9H20", "identifiers": {"molecule_hash": "409a77f03f688d45ab39de7332cba45dac451d7a", "molecular_formula": "C9H20"}, "molecular_charge": 0.0, "molecular_multiplicity": 1, "connectivity": [[0, 1, 1.0], [0, 9, 1.0], [0, 10, 1.0], [0, 11, 1.0], [1, 2, 1.0], [1, 12, 1.0], [1, 13, 1.0], [2, 3, 1.0], [2, 14, 1.0], [2, 15, 1.0], [3, 4, 1.0], [3, 16, 1.0], [3, 17, 1.0], [4, 5, 1.0], [4, 18, 1.0], [4, 19, 1.0], [5, 6, 1.0], [5, 20, 1.0], [5, 21, 1.0], [6, 7, 1.0], [6, 22, 1.0], [6, 23, 1.0], [7, 8, 1.0], [7, 24, 1.0], [7, 25, 1.0], [8, 26, 1.0], [8, 27, 1.0], [8, 28, 1.0]], "fix_com": true, "fix_orientation": true, "provenance": {"creator": "QCElemental", "version": "v0.22.0", "routine": "qcelemental.molparse.from_schema"}, "id": "96589"}, "charge": 0, "optimize_geometry": false, "conformers": [], "conformer_generation_options": {"n_conformer_pool": 4000, "n_max_conformers": 0, "rms_tolerance": 0.05, "energy_window": 15, "keep_original_conformer": true}, "stage_1_unrestrained_charges": null, "stage_1_restrained_charges": null, "stage_2_unrestrained_charges": null, "stage_2_restrained_charges": null, "keep_original_orientation": false, "reorientations": [], "translations": [], "rotations": []}}, {"index": 7, "molecule": {"qcmol": {"schema_name": "qcschema_molecule", "schema_version": 2, "validated": true, "symbols": ["C", "C", "C", "C", "C", "C", "C", "C", "C", "H", "H", "H", "H", "H", "H", "H", "H", "H", "H", "H", "H", "H", "H", "H", "H", "H", "H", "H", "H"], "geometry": [[0.0, 0.0, 0.0], [2.890704999607033, -3.506274280507972e-16, 5.832161734970781e-17], [4.089065193537816, 2.6398548823224512, 0.0], [3.4781183206879858, 4.319709286905414, 2.286655433425962], [4.219562471750467, 3.2765311768647583, 4.8900725446599], [7.061397870083473, 2.8501845816218947, 5.243720603177293], [7.812450929912385, 1.864016379246367, 7.864069490426262], [7.420312530655825, 3.7356063745623946, 10.035908675993543], [8.370116140686035, 2.71452337228808, 12.565957307643721], [-0.7673634499795907, 0.8052117198453712, 1.7227244707426932], [-0.7382855413879528, 1.0859637550181869, -1.5790395485900928], [-0.7290645202455074, -1.91090128837721, -0.16313187973575483], [3.550346255782879, -0.9977384414207631, -1.670886486848445], [3.5716993347029407, -1.08376372286456, 1.6063776636547864], [3.4801588615338286, 3.6329438293195295, -1.6953199086305966], [6.124643617704143, 2.4344048362998683, -0.1754697737706068], [4.417110395405789, 6.12926152139058, 2.0147209327370263], [1.4665291819134514, 4.734210379797272, 2.3028004693210615], [3.5466430142519743, 4.60500261155437, 6.3030795778206326], [3.2229150835134956, 1.5153563994761756, 5.253083186157587], [7.725759136418543, 1.5034934529362847, 3.8435081087760588], [8.064568827107767, 4.607888313622288, 4.867811072168926], [9.79909222985612, 1.3347353662392032, 7.813300709920991], [6.772639584639758, 0.13318702895586387, 8.26282641931741], [5.43116096391234, 4.20991977231857, 10.212417167994111], [8.398119413440705, 5.491715439051126, 9.600297790284467], [10.378379194706826, 2.295078536527824, 12.490134009902695], [7.392158780957284, 0.9838965671654352, 13.079796204463069], [8.071574333692103, 4.0714770112588825, 14.075631043370665]], "name": "C9H20", "identifiers": {"molecule_hash": "409a77f03f688d45ab39de7332cba45dac451d7a", "molecular_formula": "C9H20"}, "molecular_charge": 0.0, "molecular_multiplicity": 1, "connectivity": [[0, 1, 1.0], [0, 9, 1.0], [0, 10, 1.0], [0, 11, 1.0], [1, 2, 1.0], [1, 12, 1.0], [1, 13, 1.0], [2, 3, 1.0], [2, 14, 1.0], [2, 15, 1.0], [3, 4, 1.0], [3, 16, 1.0], [3, 17, 1.0], [4, 5, 1.0], [4, 18, 1.0], [4, 19, 1.0], [5, 6, 1.0], [5, 20, 1.0], [5, 21, 1.0], [6, 7, 1.0], [6, 22, 1.0], [6, 23, 1.0], [7, 8, 1.0], [7, 24, 1.0], [7, 25, 1.0], [8, 26, 1.0], [8, 27, 1.0], [8, 28, 1.0]], "fix_com": true, "fix_orientation": true, "provenance": {"creator": "QCElemental", "version": "v0.22.0", "routine": "qcelemental.molparse.from_schema"}, "id": "96589"}, "charge": 0, "optimize_geometry": false, "conformers": [], "conformer_generation_options": {"n_conformer_pool": 4000, "n_max_conformers": 0, "rms_tolerance": 0.05, "energy_window": 15, "keep_original_conformer": true}, "stage_1_unrestrained_charges": null, "stage_1_restrained_charges": null, "stage_2_unrestrained_charges": null, "stage_2_restrained_charges": null, "keep_original_orientation": false, "reorientations": [], "translations": [], "rotations": []}}, {"index": 8, "molecule": {"qcmol": {"schema_name": "qcschema_molecule", "schema_version": 2, "validated": true, "symbols": ["C", "C", "C", "C", "C", "C", "C", "C", "C", "H", "H", "H", "H", "H", "H", "H", "H", "H", "H", "H", "H", "H", "H", "H", "H", "H", "H", "H", "H"], "geometry": [[0.0, 0.0, 0.0], [2.890704999607033, -3.506274280507972e-16, 5.832161734970781e-17], [4.089065193537816, 2.6398548823224512, 0.0], [3.4781183206879858, 4.319709286905414, 2.286655433425962], [4.219562471750467, 3.2765311768647583, 4.8900725446599], [7.061397870083473, 2.8501845816218947, 5.243720603177293], [7.812450929912385, 1.864016379246367, 7.864069490426262], [7.420312530655825, 3.7356063745623946, 10.035908675993543], [8.370116140686035, 2.71452337228808, 12.565957307643721], [-0.7673634499795907, 0.8052117198453712, 1.7227244707426932], [-0.7382855413879528, 1.0859637550181869, -1.5790395485900928], [-0.7290645202455074, -1.91090128837721, -0.16313187973575483], [3.550346255782879, -0.9977384414207631, -1.670886486848445], [3.5716993347029407, -1.08376372286456, 1.6063776636547864], [3.4801588615338286, 3.6329438293195295, -1.6953199086305966], [6.124643617704143, 2.4344048362998683, -0.1754697737706068], [4.417110395405789, 6.12926152139058, 2.0147209327370263], [1.4665291819134514, 4.734210379797272, 2.3028004693210615], [3.5466430142519743, 4.60500261155437, 6.3030795778206326], [3.2229150835134956, 1.5153563994761756, 5.253083186157587], [7.725759136418543, 1.5034934529362847, 3.8435081087760588], [8.064568827107767, 4.607888313622288, 4.867811072168926], [9.79909222985612, 1.3347353662392032, 7.813300709920991], [6.772639584639758, 0.13318702895586387, 8.26282641931741], [5.43116096391234, 4.20991977231857, 10.212417167994111], [8.398119413440705, 5.491715439051126, 9.600297790284467], [10.378379194706826, 2.295078536527824, 12.490134009902695], [7.392158780957284, 0.9838965671654352, 13.079796204463069], [8.071574333692103, 4.0714770112588825, 14.075631043370665]], "name": "C9H20", "identifiers": {"molecule_hash": "409a77f03f688d45ab39de7332cba45dac451d7a", "molecular_formula": "C9H20"}, "molecular_charge": 0.0, "molecular_multiplicity": 1, "connectivity": [[0, 1, 1.0], [0, 9, 1.0], [0, 10, 1.0], [0, 11, 1.0], [1, 2, 1.0], [1, 12, 1.0], [1, 13, 1.0], [2, 3, 1.0], [2, 14, 1.0], [2, 15, 1.0], [3, 4, 1.0], [3, 16, 1.0], [3, 17, 1.0], [4, 5, 1.0], [4, 18, 1.0], [4, 19, 1.0], [5, 6, 1.0], [5, 20, 1.0], [5, 21, 1.0], [6, 7, 1.0], [6, 22, 1.0], [6, 23, 1.0], [7, 8, 1.0], [7, 24, 1.0], [7, 25, 1.0], [8, 26, 1.0], [8, 27, 1.0], [8, 28, 1.0]], "fix_com": true, "fix_orientation": true, "provenance": {"creator": "QCElemental", "version": "v0.22.0", "routine": "qcelemental.molparse.from_schema"}, "id": "96589"}, "charge": 0, "optimize_geometry": false, "conformers": [], "conformer_generation_options": {"n_conformer_pool": 4000, "n_max_conformers": 0, "rms_tolerance": 0.05, "energy_window": 15, "keep_original_conformer": true}, "stage_1_unrestrained_charges": null, "stage_1_restrained_charges": null, "stage_2_unrestrained_charges": null, "stage_2_restrained_charges": null, "keep_original_orientation": false, "reorientations": [], "translations": [], "rotations": []}}]}, "surface_constraints": {"matrix": [[1990.394746835738, 1934.8576674321919, 1864.8849974489021, 1810.3587641701045, 1711.9654167077877, 1628.4011580389335, 1554.9783431206379, 1511.9040729865021, 1462.8826369995859, 1996.475984581791, 1998.1674318377527, 1996.281862810729, 1927.3239371637596, 1926.9231953582705, 1846.4220962293682, 1855.9046471369052, 1833.9493725539442, 1810.7034375027758, 1694.3615200429406, 1707.6487713813735, 1614.8633016941549, 1624.5544011580168, 1541.9531245163034, 1533.1047811681965, 1549.698220048057, 1466.8992575673642, 1435.8869572470662, 1475.1460254155506, 1430.2657322473763], [1934.8576674321919, 1985.8629593860885, 1937.7855963454572, 1863.4901862770823, 1778.7402907750668, 1715.9972059326078, 1643.8871550589192, 1597.9256610664127, 1543.9344162719713, 1913.990258650442, 1914.9273434447439, 1913.3768901742799, 2009.5401793159497, 2011.1627639796343, 1939.6988506075343, 1940.5776349291355, 1860.9824141897257, 1863.5449852182182, 1757.1414361401896, 1768.9961756157359, 1707.8318525298366, 1719.8947760363233, 1629.7554716817601, 1626.0712540269456, 1635.1388053811875, 1553.626176151919, 1518.3694649266554, 1550.3719772986362, 1510.9954955880164], [1864.8849974489021, 1937.7855963454572, 1986.600730723834, 1933.9191389296543, 1866.2413624894184, 1812.5014619021345, 1739.62512093808, 1685.2152823050567, 1623.5470560600156, 1828.1949888322347, 1851.967930017571, 1841.307775213636, 1932.7404728427905, 1935.3463324569614, 2017.9228584209861, 2017.7090827292814, 1931.2014355056838, 1933.4209643393556, 1846.4343890292732, 1857.161616344019, 1810.2068225895096, 1817.246114379796, 1732.2696797922397, 1720.0017785908594, 1721.9369852647942, 1639.4021905757447, 1595.3440820603573, 1624.1126281125453, 1593.083240635085], [1810.3587641701045, 1863.4901862770823, 1933.9191389296543, 1980.2852227162284, 1934.2066629393228, 1863.9740391460462, 1783.688577952859, 1712.042768803031, 1643.5826022821802, 1773.379049348324, 1800.7858193612662, 1799.9816189112694, 1847.066888636671, 1842.8499778081618, 1935.5871055491245, 1935.0370746492342, 2006.2109911577531, 2010.352951370579, 1932.2464377516849, 1935.2966228743371, 1863.9054107431505, 1859.1097668759767, 1783.2256367025566, 1764.739994994897, 1742.9118843014517, 1664.4554192684184, 1613.3992881512643, 1641.5593096882935, 1611.633604964255], [1711.9654167077877, 1778.7402907750668, 1866.2413624894184, 1934.2066629393228, 1981.6369667720448, 1931.4923143225897, 1860.7148475075226, 1783.6855770378422, 1709.0526881840074, 1674.0442810768197, 1703.5261892487486, 1692.8058910056288, 1770.5061584651562, 1752.5554128106887, 1867.522522689203, 1869.48337235527, 1932.8633747770361, 1935.5627485585785, 2007.350022715136, 2012.2064586717665, 1931.662270024499, 1930.1635320115804, 1853.6098604454216, 1857.6139188145255, 1802.774526284116, 1747.3746600828508, 1679.6249837145049, 1704.8760128666818, 1672.760226440325], [1628.4011580389335, 1715.9972059326078, 1812.5014619021345, 1863.9740391460462, 1931.4923143225897, 1977.1548003259797, 1926.4172588649828, 1855.8105475307705, 1795.2365758666363, 1595.2340105903186, 1611.265530193606, 1599.4164993183663, 1714.8655470855522, 1696.1888301087981, 1827.3365549450155, 1823.3153195465052, 1851.4457638723975, 1849.8639113423226, 1928.1567231989548, 1932.5055148478807, 2006.8141935050578, 2004.6508869269726, 1923.6423903633647, 1925.8477188203344, 1857.1634259543305, 1827.2500706036717, 1763.8303164442675, 1784.359608726611, 1776.3281007198536], [1554.9783431206379, 1643.8871550589192, 1739.62512093808, 1783.688577952859, 1860.7148475075226, 1926.4172588649828, 1971.23090755852, 1922.0683956693376, 1857.32957560211, 1521.3484889203955, 1540.6825872622505, 1523.9627787810955, 1637.7386835496109, 1632.8829814315623, 1747.871829397103, 1762.9318021572162, 1772.6022390112244, 1756.9175933308254, 1845.2907747787306, 1869.5112509818575, 1926.277948862105, 1925.1941277273734, 1997.7529679112074, 1999.1090623882208, 1921.3753658839119, 1911.3310342044, 1836.4694489434423, 1832.7891887947708, 1835.7532582446545], [1511.9040729865021, 1597.9256610664127, 1685.2152823050567, 1712.042768803031, 1783.6855770378422, 1855.8105475307705, 1922.0683956693376, 1972.5621532414466, 1930.6562802386381, 1481.901147790912, 1499.8484909384729, 1478.4970461243913, 1598.362852575208, 1585.0559735682286, 1697.4367553474128, 1711.3308766980288, 1702.0956388976126, 1674.8098168285012, 1772.0371765892216, 1781.229595106402, 1851.4950302768086, 1850.5682193102923, 1919.6538867463648, 1919.2692379637417, 2001.2440055183683, 1989.5274395330234, 1909.424305472127, 1917.5916808568697, 1909.536194543124], [1462.8826369995859, 1543.9344162719713, 1623.5470560600156, 1643.5826022821802, 1709.0526881840074, 1795.2365758666363, 1857.32957560211, 1930.6562802386381, 1994.4931046762258, 1435.1121972076517, 1450.181574507205, 1432.3785677876347, 1549.95996517528, 1527.706553657276, 1632.4564702824746, 1652.1173237083904, 1630.1873182734869, 1609.7087890813873, 1688.2192092987257, 1701.5444479814148, 1796.5227917146988, 1800.9512762203387, 1842.486538040943, 1848.0817942990404, 1929.0214203646267, 1914.8780551818525, 2000.3604965713034, 2009.360254605934, 2000.0041394656323], [1996.475984581791, 1913.990258650442, 1828.1949888322347, 1773.379049348324, 1674.0442810768197, 1595.2340105903186, 1521.3484889203955, 1481.901147790912, 1435.1121972076517, 2084.4770210767524, 1974.8100619697955, 1973.0227713856632, 1900.4811101862592, 1905.2728466966182, 1809.4717951802104, 1809.1669177171727, 1795.2950651356534, 1776.3432896981913, 1655.6978753289816, 1666.5876987301076, 1584.2175963640366, 1592.6226687539015, 1504.3432377459321, 1500.3737908624662, 1520.6929710184852, 1437.0378585507606, 1409.120108897443, 1447.84104065095, 1403.3964933191132], [1998.1674318377527, 1914.9273434447439, 1851.967930017571, 1800.7858193612662, 1703.5261892487486, 1611.265530193606, 1540.6825872622505, 1499.8484909384729, 1450.181574507205, 1974.8100619697955, 2088.9504369987153, 1975.2045862853165, 1900.6533453219895, 1886.66041057968, 1829.1711996486729, 1849.150078474867, 1836.7760576538994, 1790.2242781140349, 1682.4490786261388, 1710.9778735668888, 1589.8562923083794, 1607.6493970385695, 1529.5317274436673, 1517.0993500154982, 1538.3115012573185, 1457.1882252708842, 1420.6020103956448, 1465.0444489700858, 1417.1460627938695], [1996.281862810729, 1913.3768901742799, 1841.307775213636, 1799.9816189112694, 1692.8058910056288, 1599.4164993183663, 1523.9627787810955, 1478.4970461243913, 1432.3785677876347, 1973.0227713856632, 1975.2045862853165, 2084.166646382819, 1892.894478973427, 1899.2911749673642, 1813.9346076214122, 1828.454751474566, 1832.7381305705271, 1808.8230970036332, 1682.2312244538905, 1683.678281852314, 1588.0302068105225, 1588.30864982519, 1513.9111905654113, 1499.9619877342532, 1514.9664592193067, 1431.064825281936, 1406.4287364879854, 1445.6010069879744, 1399.942409574265], [1927.3239371637596, 2009.5401793159497, 1932.7404728427905, 1847.066888636671, 1770.5061584651562, 1714.8655470855522, 1637.7386835496109, 1598.362852575208, 1549.95996517528, 1900.4811101862592, 1900.6533453219895, 1892.894478973427, 2111.841860703161, 2006.0720440746024, 1933.5276891673348, 1923.526436043872, 1827.8994406876536, 1849.2255132584228, 1755.7768646615148, 1754.698463717372, 1712.2731564184066, 1722.5026151477753, 1614.3016047482427, 1620.1585681520464, 1632.4967207356817, 1557.36871834914, 1529.2205004034165, 1558.839977257453, 1514.0369069774283], [1926.9231953582705, 2011.1627639796343, 1935.3463324569614, 1842.8499778081618, 1752.5554128106887, 1696.1888301087981, 1632.8829814315623, 1585.0559735682286, 1527.706553657276, 1905.2728466966182, 1886.6604