{"resp_b": 0.1, "restrained_fit": true, "exclude_hydrogens": true, "convergence_tolerance": 1e-06, "max_iter": 500, "resp_a": 0.0005, "charge_constraints": {"charge_sum_constraints": [], "charge_equivalence_constraints": [], "molecules": [{"qcmol": {"schema_name": "qcschema_molecule", "schema_version": 2, "validated": true, "symbols": ["C", "C", "C", "C", "C", "C", "C", "C", "C", "H", "H", "H", "H", "H", "H", "H", "H", "H", "H", "H", "H", "H", "H", "H", "H", "H", "H", "H", "H"], "geometry": [[0.0, 0.0, 0.0], [2.890704999607033, -3.506274280507972e-16, 5.832161734970781e-17], [4.089065193537816, 2.6398548823224512, 0.0], [3.4781183206879858, 4.319709286905414, 2.286655433425962], [4.219562471750467, 3.2765311768647583, 4.8900725446599], [7.061397870083473, 2.8501845816218947, 5.243720603177293], [7.812450929912385, 1.864016379246367, 7.864069490426262], [7.420312530655825, 3.7356063745623946, 10.035908675993543], [8.370116140686035, 2.71452337228808, 12.565957307643721], [-0.7673634499795907, 0.8052117198453712, 1.7227244707426932], [-0.7382855413879528, 1.0859637550181869, -1.5790395485900928], [-0.7290645202455074, -1.91090128837721, -0.16313187973575483], [3.550346255782879, -0.9977384414207631, -1.670886486848445], [3.5716993347029407, -1.08376372286456, 1.6063776636547864], [3.4801588615338286, 3.6329438293195295, -1.6953199086305966], [6.124643617704143, 2.4344048362998683, -0.1754697737706068], [4.417110395405789, 6.12926152139058, 2.0147209327370263], [1.4665291819134514, 4.734210379797272, 2.3028004693210615], [3.5466430142519743, 4.60500261155437, 6.3030795778206326], [3.2229150835134956, 1.5153563994761756, 5.253083186157587], [7.725759136418543, 1.5034934529362847, 3.8435081087760588], [8.064568827107767, 4.607888313622288, 4.867811072168926], [9.79909222985612, 1.3347353662392032, 7.813300709920991], [6.772639584639758, 0.13318702895586387, 8.26282641931741], [5.43116096391234, 4.20991977231857, 10.212417167994111], [8.398119413440705, 5.491715439051126, 9.600297790284467], [10.378379194706826, 2.295078536527824, 12.490134009902695], [7.392158780957284, 0.9838965671654352, 13.079796204463069], [8.071574333692103, 4.0714770112588825, 14.075631043370665]], "name": "C9H20", "identifiers": {"molecule_hash": "409a77f03f688d45ab39de7332cba45dac451d7a", "molecular_formula": "C9H20"}, "molecular_charge": 0.0, "molecular_multiplicity": 1, "connectivity": [[0, 1, 1.0], [0, 9, 1.0], [0, 10, 1.0], [0, 11, 1.0], [1, 2, 1.0], [1, 12, 1.0], [1, 13, 1.0], [2, 3, 1.0], [2, 14, 1.0], [2, 15, 1.0], [3, 4, 1.0], [3, 16, 1.0], [3, 17, 1.0], [4, 5, 1.0], [4, 18, 1.0], [4, 19, 1.0], [5, 6, 1.0], [5, 20, 1.0], [5, 21, 1.0], [6, 7, 1.0], [6, 22, 1.0], [6, 23, 1.0], [7, 8, 1.0], [7, 24, 1.0], [7, 25, 1.0], [8, 26, 1.0], [8, 27, 1.0], [8, 28, 1.0]], "fix_com": true, "fix_orientation": true, "provenance": {"creator": "QCElemental", "version": "v0.22.0", "routine": "qcelemental.molparse.from_schema"}, "id": "96589"}, "charge": 0, "optimize_geometry": false, "conformers": [], "conformer_generation_options": {"n_conformer_pool": 4000, "n_max_conformers": 0, "rms_tolerance": 0.05, "energy_window": 15, "keep_original_conformer": true}, "stage_1_unrestrained_charges": null, "stage_1_restrained_charges": null, "stage_2_unrestrained_charges": null, "stage_2_restrained_charges": null, "keep_original_orientation": false, "reorientations": [], "translations": [], "rotations": []}], "unconstrained_atoms": [{"index": 0, "molecule": {"qcmol": {"schema_name": "qcschema_molecule", "schema_version": 2, "validated": true, "symbols": ["C", "C", "C", "C", "C", "C", "C", "C", "C", "H", "H", "H", "H", "H", "H", "H", "H", "H", "H", "H", "H", "H", "H", "H", "H", "H", "H", "H", "H"], "geometry": [[0.0, 0.0, 0.0], [2.890704999607033, -3.506274280507972e-16, 5.832161734970781e-17], [4.089065193537816, 2.6398548823224512, 0.0], [3.4781183206879858, 4.319709286905414, 2.286655433425962], [4.219562471750467, 3.2765311768647583, 4.8900725446599], [7.061397870083473, 2.8501845816218947, 5.243720603177293], [7.812450929912385, 1.864016379246367, 7.864069490426262], [7.420312530655825, 3.7356063745623946, 10.035908675993543], [8.370116140686035, 2.71452337228808, 12.565957307643721], [-0.7673634499795907, 0.8052117198453712, 1.7227244707426932], [-0.7382855413879528, 1.0859637550181869, -1.5790395485900928], [-0.7290645202455074, -1.91090128837721, -0.16313187973575483], [3.550346255782879, -0.9977384414207631, -1.670886486848445], [3.5716993347029407, -1.08376372286456, 1.6063776636547864], [3.4801588615338286, 3.6329438293195295, -1.6953199086305966], [6.124643617704143, 2.4344048362998683, -0.1754697737706068], [4.417110395405789, 6.12926152139058, 2.0147209327370263], [1.4665291819134514, 4.734210379797272, 2.3028004693210615], [3.5466430142519743, 4.60500261155437, 6.3030795778206326], [3.2229150835134956, 1.5153563994761756, 5.253083186157587], [7.725759136418543, 1.5034934529362847, 3.8435081087760588], [8.064568827107767, 4.607888313622288, 4.867811072168926], [9.79909222985612, 1.3347353662392032, 7.813300709920991], [6.772639584639758, 0.13318702895586387, 8.26282641931741], [5.43116096391234, 4.20991977231857, 10.212417167994111], [8.398119413440705, 5.491715439051126, 9.600297790284467], [10.378379194706826, 2.295078536527824, 12.490134009902695], [7.392158780957284, 0.9838965671654352, 13.079796204463069], [8.071574333692103, 4.0714770112588825, 14.075631043370665]], "name": "C9H20", "identifiers": {"molecule_hash": "409a77f03f688d45ab39de7332cba45dac451d7a", "molecular_formula": "C9H20"}, "molecular_charge": 0.0, "molecular_multiplicity": 1, "connectivity": [[0, 1, 1.0], [0, 9, 1.0], [0, 10, 1.0], [0, 11, 1.0], [1, 2, 1.0], [1, 12, 1.0], [1, 13, 1.0], [2, 3, 1.0], [2, 14, 1.0], [2, 15, 1.0], [3, 4, 1.0], [3, 16, 1.0], [3, 17, 1.0], [4, 5, 1.0], [4, 18, 1.0], [4, 19, 1.0], [5, 6, 1.0], [5, 20, 1.0], [5, 21, 1.0], [6, 7, 1.0], [6, 22, 1.0], [6, 23, 1.0], [7, 8, 1.0], [7, 24, 1.0], [7, 25, 1.0], [8, 26, 1.0], [8, 27, 1.0], [8, 28, 1.0]], "fix_com": true, "fix_orientation": true, "provenance": {"creator": "QCElemental", "version": "v0.22.0", "routine": "qcelemental.molparse.from_schema"}, "id": "96589"}, "charge": 0, "optimize_geometry": false, "conformers": [], "conformer_generation_options": {"n_conformer_pool": 4000, "n_max_conformers": 0, "rms_tolerance": 0.05, "energy_window": 15, "keep_original_conformer": true}, "stage_1_unrestrained_charges": null, "stage_1_restrained_charges": null, "stage_2_unrestrained_charges": null, "stage_2_restrained_charges": null, "keep_original_orientation": false, "reorientations": [], "translations": [], "rotations": []}}, {"index": 1, "molecule": {"qcmol": {"schema_name": "qcschema_molecule", "schema_version": 2, "validated": true, "symbols": ["C", "C", "C", "C", "C", "C", "C", "C", "C", "H", "H", "H", "H", "H", "H", "H", "H", "H", "H", "H", "H", "H", "H", "H", "H", "H", "H", "H", "H"], "geometry": [[0.0, 0.0, 0.0], [2.890704999607033, -3.506274280507972e-16, 5.832161734970781e-17], [4.089065193537816, 2.6398548823224512, 0.0], [3.4781183206879858, 4.319709286905414, 2.286655433425962], [4.219562471750467, 3.2765311768647583, 4.8900725446599], [7.061397870083473, 2.8501845816218947, 5.243720603177293], [7.812450929912385, 1.864016379246367, 7.864069490426262], [7.420312530655825, 3.7356063745623946, 10.035908675993543], [8.370116140686035, 2.71452337228808, 12.565957307643721], [-0.7673634499795907, 0.8052117198453712, 1.7227244707426932], [-0.7382855413879528, 1.0859637550181869, -1.5790395485900928], [-0.7290645202455074, -1.91090128837721, -0.16313187973575483], [3.550346255782879, -0.9977384414207631, -1.670886486848445], [3.5716993347029407, -1.08376372286456, 1.6063776636547864], [3.4801588615338286, 3.6329438293195295, -1.6953199086305966], [6.124643617704143, 2.4344048362998683, -0.1754697737706068], [4.417110395405789, 6.12926152139058, 2.0147209327370263], [1.4665291819134514, 4.734210379797272, 2.3028004693210615], [3.5466430142519743, 4.60500261155437, 6.3030795778206326], [3.2229150835134956, 1.5153563994761756, 5.253083186157587], [7.725759136418543, 1.5034934529362847, 3.8435081087760588], [8.064568827107767, 4.607888313622288, 4.867811072168926], [9.79909222985612, 1.3347353662392032, 7.813300709920991], [6.772639584639758, 0.13318702895586387, 8.26282641931741], [5.43116096391234, 4.20991977231857, 10.212417167994111], [8.398119413440705, 5.491715439051126, 9.600297790284467], [10.378379194706826, 2.295078536527824, 12.490134009902695], [7.392158780957284, 0.9838965671654352, 13.079796204463069], [8.071574333692103, 4.0714770112588825, 14.075631043370665]], "name": "C9H20", "identifiers": {"molecule_hash": "409a77f03f688d45ab39de7332cba45dac451d7a", "molecular_formula": "C9H20"}, "molecular_charge": 0.0, "molecular_multiplicity": 1, "connectivity": [[0, 1, 1.0], [0, 9, 1.0], [0, 10, 1.0], [0, 11, 1.0], [1, 2, 1.0], [1, 12, 1.0], [1, 13, 1.0], [2, 3, 1.0], [2, 14, 1.0], [2, 15, 1.0], [3, 4, 1.0], [3, 16, 1.0], [3, 17, 1.0], [4, 5, 1.0], [4, 18, 1.0], [4, 19, 1.0], [5, 6, 1.0], [5, 20, 1.0], [5, 21, 1.0], [6, 7, 1.0], [6, 22, 1.0], [6, 23, 1.0], [7, 8, 1.0], [7, 24, 1.0], [7, 25, 1.0], [8, 26, 1.0], [8, 27, 1.0], [8, 28, 1.0]], "fix_com": true, "fix_orientation": true, "provenance": {"creator": "QCElemental", "version": "v0.22.0", "routine": "qcelemental.molparse.from_schema"}, "id": "96589"}, "charge": 0, "optimize_geometry": false, "conformers": [], "conformer_generation_options": {"n_conformer_pool": 4000, "n_max_conformers": 0, "rms_tolerance": 0.05, "energy_window": 15, "keep_original_conformer": true}, "stage_1_unrestrained_charges": null, "stage_1_restrained_charges": null, "stage_2_unrestrained_charges": null, "stage_2_restrained_charges": null, "keep_original_orientation": false, "reorientations": [], "translations": [], "rotations": []}}, {"index": 2, "molecule": {"qcmol": {"schema_name": "qcschema_molecule", "schema_version": 2, "validated": true, "symbols": ["C", "C", "C", "C", "C", "C", "C", "C", "C", "H", "H", "H", "H", "H", "H", "H", "H", "H", "H", "H", "H", "H", "H", "H", "H", "H", "H", "H", "H"], "geometry": [[0.0, 0.0, 0.0], [2.890704999607033, -3.506274280507972e-16, 5.832161734970781e-17], [4.089065193537816, 2.6398548823224512, 0.0], [3.4781183206879858, 4.319709286905414, 2.286655433425962], [4.219562471750467, 3.2765311768647583, 4.8900725446599], [7.061397870083473, 2.8501845816218947, 5.243720603177293], [7.812450929912385, 1.864016379246367, 7.864069490426262], [7.420312530655825, 3.7356063745623946, 10.035908675993543], [8.370116140686035, 2.71452337228808, 12.565957307643721], [-0.7673634499795907, 0.8052117198453712, 1.7227244707426932], [-0.7382855413879528, 1.0859637550181869, -1.5790395485900928], [-0.7290645202455074, -1.91090128837721, -0.16313187973575483], [3.550346255782879, -0.9977384414207631, -1.670886486848445], [3.5716993347029407, -1.08376372286456, 1.6063776636547864], [3.4801588615338286, 3.6329438293195295, -1.6953199086305966], [6.124643617704143, 2.4344048362998683, -0.1754697737706068], [4.417110395405789, 6.12926152139058, 2.0147209327370263], [1.4665291819134514, 4.734210379797272, 2.3028004693210615], [3.5466430142519743, 4.60500261155437, 6.3030795778206326], [3.2229150835134956, 1.5153563994761756, 5.253083186157587], [7.725759136418543, 1.5034934529362847, 3.8435081087760588], [8.064568827107767, 4.607888313622288, 4.867811072168926], [9.79909222985612, 1.3347353662392032, 7.813300709920991], [6.772639584639758, 0.13318702895586387, 8.26282641931741], [5.43116096391234, 4.20991977231857, 10.212417167994111], [8.398119413440705, 5.491715439051126, 9.600297790284467], [10.378379194706826, 2.295078536527824, 12.490134009902695], [7.392158780957284, 0.9838965671654352, 13.079796204463069], [8.071574333692103, 4.0714770112588825, 14.075631043370665]], "name": "C9H20", "identifiers": {"molecule_hash": "409a77f03f688d45ab39de7332cba45dac451d7a", "molecular_formula": "C9H20"}, "molecular_charge": 0.0, "molecular_multiplicity": 1, "connectivity": [[0, 1, 1.0], [0, 9, 1.0], [0, 10, 1.0], [0, 11, 1.0], [1, 2, 1.0], [1, 12, 1.0], [1, 13, 1.0], [2, 3, 1.0], [2, 14, 1.0], [2, 15, 1.0], [3, 4, 1.0], [3, 16, 1.0], [3, 17, 1.0], [4, 5, 1.0], [4, 18, 1.0], [4, 19, 1.0], [5, 6, 1.0], [5, 20, 1.0], [5, 21, 1.0], [6, 7, 1.0], [6, 22, 1.0], [6, 23, 1.0], [7, 8, 1.0], [7, 24, 1.0], [7, 25, 1.0], [8, 26, 1.0], [8, 27, 1.0], [8, 28, 1.0]], "fix_com": true, "fix_orientation": true, "provenance": {"creator": "QCElemental", "version": "v0.22.0", "routine": "qcelemental.molparse.from_schema"}, "id": "96589"}, "charge": 0, "optimize_geometry": false, "conformers": [], "conformer_generation_options": {"n_conformer_pool": 4000, "n_max_conformers": 0, "rms_tolerance": 0.05, "energy_window": 15, "keep_original_conformer": true}, "stage_1_unrestrained_charges": null, "stage_1_restrained_charges": null, "stage_2_unrestrained_charges": null, "stage_2_restrained_charges": null, "keep_original_orientation": false, "reorientations": [], "translations": [], "rotations": []}}, {"index": 3, "molecule": {"qcmol": {"schema_name": "qcschema_molecule", "schema_version": 2, "validated": true, "symbols": ["C", "C", "C", "C", "C", "C", "C", "C", "C", "H", "H", "H", "H", "H", "H", "H", "H", "H", "H", "H", "H", "H", "H", "H", "H", "H", "H", "H", "H"], "geometry": [[0.0, 0.0, 0.0], [2.890704999607033, -3.506274280507972e-16, 5.832161734970781e-17], [4.089065193537816, 2.6398548823224512, 0.0], [3.4781183206879858, 4.319709286905414, 2.286655433425962], [4.219562471750467, 3.2765311768647583, 4.8900725446599], [7.061397870083473, 2.8501845816218947, 5.243720603177293], [7.812450929912385, 1.864016379246367, 7.864069490426262], [7.420312530655825, 3.7356063745623946, 10.035908675993543], [8.370116140686035, 2.71452337228808, 12.565957307643721], [-0.7673634499795907, 0.8052117198453712, 1.7227244707426932], [-0.7382855413879528, 1.0859637550181869, -1.5790395485900928], [-0.7290645202455074, -1.91090128837721, -0.16313187973575483], [3.550346255782879, -0.9977384414207631, -1.670886486848445], [3.5716993347029407, -1.08376372286456, 1.6063776636547864], [3.4801588615338286, 3.6329438293195295, -1.6953199086305966], [6.124643617704143, 2.4344048362998683, -0.1754697737706068], [4.417110395405789, 6.12926152139058, 2.0147209327370263], [1.4665291819134514, 4.734210379797272, 2.3028004693210615], [3.5466430142519743, 4.60500261155437, 6.3030795778206326], [3.2229150835134956, 1.5153563994761756, 5.253083186157587], [7.725759136418543, 1.5034934529362847, 3.8435081087760588], [8.064568827107767, 4.607888313622288, 4.867811072168926], [9.79909222985612, 1.3347353662392032, 7.813300709920991], [6.772639584639758, 0.13318702895586387, 8.26282641931741], [5.43116096391234, 4.20991977231857, 10.212417167994111], [8.398119413440705, 5.491715439051126, 9.600297790284467], [10.378379194706826, 2.295078536527824, 12.490134009902695], [7.392158780957284, 0.9838965671654352, 13.079796204463069], [8.071574333692103, 4.0714770112588825, 14.075631043370665]], "name": "C9H20", "identifiers": {"molecule_hash": "409a77f03f688d45ab39de7332cba45dac451d7a", "molecular_formula": "C9H20"}, "molecular_charge": 0.0, "molecular_multiplicity": 1, "connectivity": [[0, 1, 1.0], [0, 9, 1.0], [0, 10, 1.0], [0, 11, 1.0], [1, 2, 1.0], [1, 12, 1.0], [1, 13, 1.0], [2, 3, 1.0], [2, 14, 1.0], [2, 15, 1.0], [3, 4, 1.0], [3, 16, 1.0], [3, 17, 1.0], [4, 5, 1.0], [4, 18, 1.0], [4, 19, 1.0], [5, 6, 1.0], [5, 20, 1.0], [5, 21, 1.0], [6, 7, 1.0], [6, 22, 1.0], [6, 23, 1.0], [7, 8, 1.0], [7, 24, 1.0], [7, 25, 1.0], [8, 26, 1.0], [8, 27, 1.0], [8, 28, 1.0]], "fix_com": true, "fix_orientation": true, "provenance": {"creator": "QCElemental", "version": "v0.22.0", "routine": "qcelemental.molparse.from_schema"}, "id": "96589"}, "charge": 0, "optimize_geometry": false, "conformers": [], "conformer_generation_options": {"n_conformer_pool": 4000, "n_max_conformers": 0, "rms_tolerance": 0.05, "energy_window": 15, "keep_original_conformer": true}, "stage_1_unrestrained_charges": null, "stage_1_restrained_charges": null, "stage_2_unrestrained_charges": null, "stage_2_restrained_charges": null, "keep_original_orientation": false, "reorientations": [], "translations": [], "rotations": []}}, {"index": 4, "molecule": {"qcmol": {"schema_name": "qcschema_molecule", "schema_version": 2, "validated": true, "symbols": ["C", "C", "C", "C", "C", "C", "C", "C", "C", "H", "H", "H", "H", "H", "H", "H", "H", "H", "H", "H", "H", "H", "H", "H", "H", "H", "H", "H", "H"], "geometry": [[0.0, 0.0, 0.0], [2.890704999607033, -3.506274280507972e-16, 5.832161734970781e-17], [4.089065193537816, 2.6398548823224512, 0.0], [3.4781183206879858, 4.319709286905414, 2.286655433425962], [4.219562471750467, 3.2765311768647583, 4.8900725446599], [7.061397870083473, 2.8501845816218947, 5.243720603177293], [7.812450929912385, 1.864016379246367, 7.864069490426262], [7.420312530655825, 3.7356063745623946, 10.035908675993543], [8.370116140686035, 2.71452337228808, 12.565957307643721], [-0.7673634499795907, 0.8052117198453712, 1.7227244707426932], [-0.7382855413879528, 1.0859637550181869, -1.5790395485900928], [-0.7290645202455074, -1.91090128837721, -0.16313187973575483], [3.550346255782879, -0.9977384414207631, -1.670886486848445], [3.5716993347029407, -1.08376372286456, 1.6063776636547864], [3.4801588615338286, 3.6329438293195295, -1.6953199086305966], [6.124643617704143, 2.4344048362998683, -0.1754697737706068], [4.417110395405789, 6.12926152139058, 2.0147209327370263], [1.4665291819134514, 4.734210379797272, 2.3028004693210615], [3.5466430142519743, 4.60500261155437, 6.3030795778206326], [3.2229150835134956, 1.5153563994761756, 5.253083186157587], [7.725759136418543, 1.5034934529362847, 3.8435081087760588], [8.064568827107767, 4.607888313622288, 4.867811072168926], [9.79909222985612, 1.3347353662392032, 7.813300709920991], [6.772639584639758, 0.13318702895586387, 8.26282641931741], [5.43116096391234, 4.20991977231857, 10.212417167994111], [8.398119413440705, 5.491715439051126, 9.600297790284467], [10.378379194706826, 2.295078536527824, 12.490134009902695], [7.392158780957284, 0.9838965671654352, 13.079796204463069], [8.071574333692103, 4.0714770112588825, 14.075631043370665]], "name": "C9H20", "identifiers": {"molecule_hash": "409a77f03f688d45ab39de7332cba45dac451d7a", "molecular_formula": "C9H20"}, "molecular_charge": 0.0, "molecular_multiplicity": 1, "connectivity": [[0, 1, 1.0], [0, 9, 1.0], [0, 10, 1.0], [0, 11, 1.0], [1, 2, 1.0], [1, 12, 1.0], [1, 13, 1.0], [2, 3, 1.0], [2, 14, 1.0], [2, 15, 1.0], [3, 4, 1.0], [3, 16, 1.0], [3, 17, 1.0], [4, 5, 1.0], [4, 18, 1.0], [4, 19, 1.0], [5, 6, 1.0], [5, 20, 1.0], [5, 21, 1.0], [6, 7, 1.0], [6, 22, 1.0], [6, 23, 1.0], [7, 8, 1.0], [7, 24, 1.0], [7, 25, 1.0], [8, 26, 1.0], [8, 27, 1.0], [8, 28, 1.0]], "fix_com": true, "fix_orientation": true, "provenance": {"creator": "QCElemental", "version": "v0.22.0", "routine": "qcelemental.molparse.from_schema"}, "id": "96589"}, "charge": 0, "optimize_geometry": false, "conformers": [], "conformer_generation_options": {"n_conformer_pool": 4000, "n_max_conformers": 0, "rms_tolerance": 0.05, "energy_window": 15, "keep_original_conformer": true}, "stage_1_unrestrained_charges": null, "stage_1_restrained_charges": null, "stage_2_unrestrained_charges": null, "stage_2_restrained_charges": null, "keep_original_orientation": false, "reorientations": [], "translations": [], "rotations": []}}, {"index": 5, "molecule": {"qcmol": {"schema_name": "qcschema_molecule", "schema_version": 2, "validated": true, "symbols": ["C", "C", "C", "C", "C", "C", "C", "C", "C", "H", "H", "H", "H", "H", "H", "H", "H", "H", "H", "H", "H", "H", "H", "H", "H", "H", "H", "H", "H"], "geometry": [[0.0, 0.0, 0.0], [2.890704999607033, -3.506274280507972e-16, 5.832161734970781e-17], [4.089065193537816, 2.6398548823224512, 0.0], [3.4781183206879858, 4.319709286905414, 2.286655433425962], [4.219562471750467, 3.2765311768647583, 4.8900725446599], [7.061397870083473, 2.8501845816218947, 5.243720603177293], [7.812450929912385, 1.864016379246367, 7.864069490426262], [7.420312530655825, 3.7356063745623946, 10.035908675993543], [8.370116140686035, 2.71452337228808, 12.565957307643721], [-0.7673634499795907, 0.8052117198453712, 1.7227244707426932], [-0.7382855413879528, 1.0859637550181869, -1.5790395485900928], [-0.7290645202455074, -1.91090128837721, -0.16313187973575483], [3.550346255782879, -0.9977384414207631, -1.670886486848445], [3.5716993347029407, -1.08376372286456, 1.6063776636547864], [3.4801588615338286, 3.6329438293195295, -1.6953199086305966], [6.124643617704143, 2.4344048362998683, -0.1754697737706068], [4.417110395405789, 6.12926152139058, 2.0147209327370263], [1.4665291819134514, 4.734210379797272, 2.3028004693210615], [3.5466430142519743, 4.60500261155437, 6.3030795778206326], [3.2229150835134956, 1.5153563994761756, 5.253083186157587], [7.725759136418543, 1.5034934529362847, 3.8435081087760588], [8.064568827107767, 4.607888313622288, 4.867811072168926], [9.79909222985612, 1.3347353662392032, 7.813300709920991], [6.772639584639758, 0.13318702895586387, 8.26282641931741], [5.43116096391234, 4.20991977231857, 10.212417167994111], [8.398119413440705, 5.491715439051126, 9.600297790284467], [10.378379194706826, 2.295078536527824, 12.490134009902695], [7.392158780957284, 0.9838965671654352, 13.079796204463069], [8.071574333692103, 4.0714770112588825, 14.075631043370665]], "name": "C9H20", "identifiers": {"molecule_hash": "409a77f03f688d45ab39de7332cba45dac451d7a", "molecular_formula": "C9H20"}, "molecular_charge": 0.0, "molecular_multiplicity": 1, "connectivity": [[0, 1, 1.0], [0, 9, 1.0], [0, 10, 1.0], [0, 11, 1.0], [1, 2, 1.0], [1, 12, 1.0], [1, 13, 1.0], [2, 3, 1.0], [2, 14, 1.0], [2, 15, 1.0], [3, 4, 1.0], [3, 16, 1.0], [3, 17, 1.0], [4, 5, 1.0], [4, 18, 1.0], [4, 19, 1.0], [5, 6, 1.0], [5, 20, 1.0], [5, 21, 1.0], [6, 7, 1.0], [6, 22, 1.0], [6, 23, 1.0], [7, 8, 1.0], [7, 24, 1.0], [7, 25, 1.0], [8, 26, 1.0], [8, 27, 1.0], [8, 28, 1.0]], "fix_com": true, "fix_orientation": true, "provenance": {"creator": "QCElemental", "version": "v0.22.0", "routine": "qcelemental.molparse.from_schema"}, "id": "96589"}, "charge": 0, "optimize_geometry": false, "conformers": [], "conformer_generation_options": {"n_conformer_pool": 4000, "n_max_conformers": 0, "rms_tolerance": 0.05, "energy_window": 15, "keep_original_conformer": true}, "stage_1_unrestrained_charges": null, "stage_1_restrained_charges": null, "stage_2_unrestrained_charges": null, "stage_2_restrained_charges": null, "keep_original_orientation": false, "reorientations": [], "translations": [], "rotations": []}}, {"index": 6, "molecule": {"qcmol": {"schema_name": "qcschema_molecule", "schema_version": 2, "validated": true, "symbols": ["C", "C", "C", "C", "C", "C", "C", "C", "C", "H", "H", "H", "H", "H", "H", "H", "H", "H", "H", "H", "H", "H", "H", "H", "H", "H", "H", "H", "H"], "geometry": [[0.0, 0.0, 0.0], [2.890704999607033, -3.506274280507972e-16, 5.832161734970781e-17], [4.089065193537816, 2.6398548823224512, 0.0], [3.4781183206879858, 4.319709286905414, 2.286655433425962], [4.219562471750467, 3.2765311768647583, 4.8900725446599], [7.061397870083473, 2.8501845816218947, 5.243720603177293], [7.812450929912385, 1.864016379246367, 7.864069490426262], [7.420312530655825, 3.7356063745623946, 10.035908675993543], [8.370116140686035, 2.71452337228808, 12.565957307643721], [-0.7673634499795907, 0.8052117198453712, 1.7227244707426932], [-0.7382855413879528, 1.0859637550181869, -1.5790395485900928], [-0.7290645202455074, -1.91090128837721, -0.16313187973575483], [3.550346255782879, -0.9977384414207631, -1.670886486848445], [3.5716993347029407, -1.08376372286456, 1.6063776636547864], [3.4801588615338286, 3.6329438293195295, -1.6953199086305966], [6.124643617704143, 2.4344048362998683, -0.1754697737706068], [4.417110395405789, 6.12926152139058, 2.0147209327370263], [1.4665291819134514, 4.734210379797272, 2.3028004693210615], [3.5466430142519743, 4.60500261155437, 6.3030795778206326], [3.2229150835134956, 1.5153563994761756, 5.253083186157587], [7.725759136418543, 1.5034934529362847, 3.8435081087760588], [8.064568827107767, 4.607888313622288, 4.867811072168926], [9.79909222985612, 1.3347353662392032, 7.813300709920991], [6.772639584639758, 0.13318702895586387, 8.26282641931741], [5.43116096391234, 4.20991977231857, 10.212417167994111], [8.398119413440705, 5.491715439051126, 9.600297790284467], [10.378379194706826, 2.295078536527824, 12.490134009902695], [7.392158780957284, 0.9838965671654352, 13.079796204463069], [8.071574333692103, 4.0714770112588825, 14.075631043370665]], "name": "C9H20", "identifiers": {"molecule_hash": "409a77f03f688d45ab39de7332cba45dac451d7a", "molecular_formula": "C9H20"}, "molecular_charge": 0.0, "molecular_multiplicity": 1, "connectivity": [[0, 1, 1.0], [0, 9, 1.0], [0, 10, 1.0], [0, 11, 1.0], [1, 2, 1.0], [1, 12, 1.0], [1, 13, 1.0], [2, 3, 1.0], [2, 14, 1.0], [2, 15, 1.0], [3, 4, 1.0], [3, 16, 1.0], [3, 17, 1.0], [4, 5, 1.0], [4, 18, 1.0], [4, 19, 1.0], [5, 6, 1.0], [5, 20, 1.0], [5, 21, 1.0], [6, 7, 1.0], [6, 22, 1.0], [6, 23, 1.0], [7, 8, 1.0], [7, 24, 1.0], [7, 25, 1.0], [8, 26, 1.0], [8, 27, 1.0], [8, 28, 1.0]], "fix_com": true, "fix_orientation": true, "provenance": {"creator": "QCElemental", "version": "v0.22.0", "routine": "qcelemental.molparse.from_schema"}, "id": "96589"}, "charge": 0, "optimize_geometry": false, "conformers": [], "conformer_generation_options": {"n_conformer_pool": 4000, "n_max_conformers": 0, "rms_tolerance": 0.05, "energy_window": 15, "keep_original_conformer": true}, "stage_1_unrestrained_charges": null, "stage_1_restrained_charges": null, "stage_2_unrestrained_charges": null, "stage_2_restrained_charges": null, "keep_original_orientation": false, "reorientations": [], "translations": [], "rotations": []}}, {"index": 7, "molecule": {"qcmol": {"schema_name": "qcschema_molecule", "schema_version": 2, "validated": true, "symbols": ["C", "C", "C", "C", "C", "C", "C", "C", "C", "H", "H", "H", "H", "H", "H", "H", "H", "H", "H", "H", "H", "H", "H", "H", "H", "H", "H", "H", "H"], "geometry": [[0.0, 0.0, 0.0], [2.890704999607033, -3.506274280507972e-16, 5.832161734970781e-17], [4.089065193537816, 2.6398548823224512, 0.0], [3.4781183206879858, 4.319709286905414, 2.286655433425962], [4.219562471750467, 3.2765311768647583, 4.8900725446599], [7.061397870083473, 2.8501845816218947, 5.243720603177293], [7.812450929912385, 1.864016379246367, 7.864069490426262], [7.420312530655825, 3.7356063745623946, 10.035908675993543], [8.370116140686035, 2.71452337228808, 12.565957307643721], [-0.7673634499795907, 0.8052117198453712, 1.7227244707426932], [-0.7382855413879528, 1.0859637550181869, -1.5790395485900928], [-0.7290645202455074, -1.91090128837721, -0.16313187973575483], [3.550346255782879, -0.9977384414207631, -1.670886486848445], [3.5716993347029407, -1.08376372286456, 1.6063776636547864], [3.4801588615338286, 3.6329438293195295, -1.6953199086305966], [6.124643617704143, 2.4344048362998683, -0.1754697737706068], [4.417110395405789, 6.12926152139058, 2.0147209327370263], [1.4665291819134514, 4.734210379797272, 2.3028004693210615], [3.5466430142519743, 4.60500261155437, 6.3030795778206326], [3.2229150835134956, 1.5153563994761756, 5.253083186157587], [7.725759136418543, 1.5034934529362847, 3.8435081087760588], [8.064568827107767, 4.607888313622288, 4.867811072168926], [9.79909222985612, 1.3347353662392032, 7.813300709920991], [6.772639584639758, 0.13318702895586387, 8.26282641931741], [5.43116096391234, 4.20991977231857, 10.212417167994111], [8.398119413440705, 5.491715439051126, 9.600297790284467], [10.378379194706826, 2.295078536527824, 12.490134009902695], [7.392158780957284, 0.9838965671654352, 13.079796204463069], [8.071574333692103, 4.0714770112588825, 14.075631043370665]], "name": "C9H20", "identifiers": {"molecule_hash": "409a77f03f688d45ab39de7332cba45dac451d7a", "molecular_formula": "C9H20"}, "molecular_charge": 0.0, "molecular_multiplicity": 1, "connectivity": [[0, 1, 1.0], [0, 9, 1.0], [0, 10, 1.0], [0, 11, 1.0], [1, 2, 1.0], [1, 12, 1.0], [1, 13, 1.0], [2, 3, 1.0], [2, 14, 1.0], [2, 15, 1.0], [3, 4, 1.0], [3, 16, 1.0], [3, 17, 1.0], [4, 5, 1.0], [4, 18, 1.0], [4, 19, 1.0], [5, 6, 1.0], [5, 20, 1.0], [5, 21, 1.0], [6, 7, 1.0], [6, 22, 1.0], [6, 23, 1.0], [7, 8, 1.0], [7, 24, 1.0], [7, 25, 1.0], [8, 26, 1.0], [8, 27, 1.0], [8, 28, 1.0]], "fix_com": true, "fix_orientation": true, "provenance": {"creator": "QCElemental", "version": "v0.22.0", "routine": "qcelemental.molparse.from_schema"}, "id": "96589"}, "charge": 0, "optimize_geometry": false, "conformers": [], "conformer_generation_options": {"n_conformer_pool": 4000, "n_max_conformers": 0, "rms_tolerance": 0.05, "energy_window": 15, "keep_original_conformer": true}, "stage_1_unrestrained_charges": null, "stage_1_restrained_charges": null, "stage_2_unrestrained_charges": null, "stage_2_restrained_charges": null, "keep_original_orientation": false, "reorientations": [], "translations": [], "rotations": []}}, {"index": 8, "molecule": {"qcmol": {"schema_name": "qcschema_molecule", "schema_version": 2, "validated": true, "symbols": ["C", "C", "C", "C", "C", "C", "C", "C", "C", "H", "H", "H", "H", "H", "H", "H", "H", "H", "H", "H", "H", "H", "H", "H", "H", "H", "H", "H", "H"], "geometry": [[0.0, 0.0, 0.0], [2.890704999607033, -3.506274280507972e-16, 5.832161734970781e-17], [4.089065193537816, 2.6398548823224512, 0.0], [3.4781183206879858, 4.319709286905414, 2.286655433425962], [4.219562471750467, 3.2765311768647583, 4.8900725446599], [7.061397870083473, 2.8501845816218947, 5.243720603177293], [7.812450929912385, 1.864016379246367, 7.864069490426262], [7.420312530655825, 3.7356063745623946, 10.035908675993543], [8.370116140686035, 2.71452337228808, 12.565957307643721], [-0.7673634499795907, 0.8052117198453712, 1.7227244707426932], [-0.7382855413879528, 1.0859637550181869, -1.5790395485900928], [-0.7290645202455074, -1.91090128837721, -0.16313187973575483], [3.550346255782879, -0.9977384414207631, -1.670886486848445], [3.5716993347029407, -1.08376372286456, 1.6063776636547864], [3.4801588615338286, 3.6329438293195295, -1.6953199086305966], [6.124643617704143, 2.4344048362998683, -0.1754697737706068], [4.417110395405789, 6.12926152139058, 2.0147209327370263], [1.4665291819134514, 4.734210379797272, 2.3028004693210615], [3.5466430142519743, 4.60500261155437, 6.3030795778206326], [3.2229150835134956, 1.5153563994761756, 5.253083186157587], [7.725759136418543, 1.5034934529362847, 3.8435081087760588], [8.064568827107767, 4.607888313622288, 4.867811072168926], [9.79909222985612, 1.3347353662392032, 7.813300709920991], [6.772639584639758, 0.13318702895586387, 8.26282641931741], [5.43116096391234, 4.20991977231857, 10.212417167994111], [8.398119413440705, 5.491715439051126, 9.600297790284467], [10.378379194706826, 2.295078536527824, 12.490134009902695], [7.392158780957284, 0.9838965671654352, 13.079796204463069], [8.071574333692103, 4.0714770112588825, 14.075631043370665]], "name": "C9H20", "identifiers": {"molecule_hash": "409a77f03f688d45ab39de7332cba45dac451d7a", "molecular_formula": "C9H20"}, "molecular_charge": 0.0, "molecular_multiplicity": 1, "connectivity": [[0, 1, 1.0], [0, 9, 1.0], [0, 10, 1.0], [0, 11, 1.0], [1, 2, 1.0], [1, 12, 1.0], [1, 13, 1.0], [2, 3, 1.0], [2, 14, 1.0], [2, 15, 1.0], [3, 4, 1.0], [3, 16, 1.0], [3, 17, 1.0], [4, 5, 1.0], [4, 18, 1.0], [4, 19, 1.0], [5, 6, 1.0], [5, 20, 1.0], [5, 21, 1.0], [6, 7, 1.0], [6, 22, 1.0], [6, 23, 1.0], [7, 8, 1.0], [7, 24, 1.0], [7, 25, 1.0], [8, 26, 1.0], [8, 27, 1.0], [8, 28, 1.0]], "fix_com": true, "fix_orientation": true, "provenance": {"creator": "QCElemental", "version": "v0.22.0", "routine": "qcelemental.molparse.from_schema"}, "id": "96589"}, "charge": 0, "optimize_geometry": false, "conformers": [], "conformer_generation_options": {"n_conformer_pool": 4000, "n_max_conformers": 0, "rms_tolerance": 0.05, "energy_window": 15, "keep_original_conformer": true}, "stage_1_unrestrained_charges": null, "stage_1_restrained_charges": null, "stage_2_unrestrained_charges": null, "stage_2_restrained_charges": null, "keep_original_orientation": false, "reorientations": [], "translations": [], "rotations": []}}]}, "surface_constraints": {"matrix": [[682744741464689.0, 664983440247572.4, 642655403683773.0, 625300643868961.5, 593428290804121.2, 565763144818978.2, 541405363976660.5, 527181992984624.3, 511363626522648.7, 686010700742137.0, 686864910036133.8, 685704270167046.6, 663699058592942.5, 663231433577953.4, 637078184702575.6, 640383220115594.5, 633462213744131.2, 626167494817155.0, 588320169622157.8, 592601520995241.9, 561531078857036.2, 565061340622046.2, 537230059271272.2, 534545702868889.5, 540154286359561.6, 512306923977143.7, 502724092946210.1, 516176164823776.2, 501050052726111.1], [664983440247572.4, 681292453488483.1, 666179638356432.8, 642396817518061.2, 615107626352408.5, 594591826024273.8, 570808706527583.9, 555757015720947.8, 538458203049658.7, 659305806570801.1, 659862567656644.2, 658944362022132.9, 690207556011080.0, 690406505962805.0, 667332780357096.0, 667880246625866.5, 641858860832799.4, 643206568874011.2, 608702556344602.5, 612412694891765.2, 592244676129121.9, 596596727071242.8, 566238486722064.0, 565414568754643.5, 568560012738661.4, 541174443216388.6, 530477764473507.7, 541281344900828.2, 528164786623804.06], [642655403683773.0, 666179638356432.8, 681818875723582.5, 664935199695015.6, 643508933765769.4, 626168198563599.8, 602298274029953.8, 584519262368365.6, 564798397526639.8, 631607445765624.6, 639506556206284.2, 635712197824004.4, 665784563578804.9, 666228393492487.0, 692502809798967.8, 692798427327311.8, 664280562398382.6, 665550437084782.5, 637808259193394.1, 641199149953388.9, 625884196215414.5, 628571004653406.8, 600011910408139.6, 596465411582300.4, 597077689741523.6, 569613624891324.2, 556076154277610.5, 565676200406908.6, 555442103846747.0], [625300643868961.5, 642396817518061.2, 664935199695015.6, 679820603028389.4, 665310517622161.8, 642752157145561.4, 616575016562977.1, 593053772993805.0, 571049791151556.2, 614002761246355.9, 623195760521830.2, 622635235462384.4, 638017584228539.5, 636455120446058.6, 665885259895103.5, 666003835821196.4, 688627440361222.8, 690524329639111.0, 665433543154320.0, 666512022160434.9, 643291103346378.1, 642098130788204.6, 616744556791141.1, 611069045295492.9, 603603559378972.4, 577680944095394.4, 561645480294053.5, 571075648029315.8, 561259931221714.0], [593428290804121.2, 615107626352408.5, 643508933765769.4, 665310517622161.8, 680593106758456.4, 664607761306328.1, 641810243610274.2, 616664183441492.4, 592811696397825.6, 581591770232149.9, 591504343539299.2, 587754883488938.5, 613202678144303.6, 607071291140704.6, 644354688971611.5, 645235229964060.4, 665243786659507.8, 666649982600806.1, 689782301890420.2, 691374992735417.4, 665296793278094.9, 665227072755509.8, 639976265833767.5, 641715720619102.4, 623274815130518.0, 605200930848013.8, 583836334050975.1, 592210987321005.2, 581663179074872.1], [565763144818978.2, 594591826024273.8, 626168198563599.8, 642752157145561.4, 664607761306328.1, 679283537373563.8, 662984880035971.0, 640237904979220.4, 621160881819860.0, 555291934792038.8, 560815629806596.7, 556662632880812.6, 595017599275236.4, 588530846838554.8, 631410423052671.4, 630364900308062.2, 638949379553376.0, 638881425850091.0, 664340175981641.1, 665671675323819.4, 689661784803471.0, 689363362106657.0, 662520956636752.1, 663791609223516.9, 641216759918917.2, 631482641128979.0, 611674014472066.4, 618485331862585.8, 615993807040401.2], [541405363976660.5, 570808706527583.9, 602298274029953.8, 616575016562977.1, 641810243610274.2, 662984880035971.0, 677263891697538.8, 661393485812796.9, 641192476132193.6, 530667434498327.94, 537298176309787.94, 531538279121398.0, 569468850863884.1, 567613709745449.4, 605275355093266.2, 610628308753273.2, 613064878507821.4, 608378829412797.6, 637491570581144.8, 645430277254923.0, 663612731492687.6, 663612806841330.6, 686345312363332.9, 687529182159330.4, 661720156361190.6, 658599960095731.6, 635489053743799.0, 634096788259890.4, 635323288342835.4], [527181992984624.3, 555757015720947.8, 584519262368365.6, 593053772993805.0, 616664183441492.4, 640237904979220.4, 661393485812796.9, 677158049629330.2, 664428798841796.8, 517549463440006.94, 523770048661727.1, 516474583139463.9, 556615223174439.7, 551945105929653.1, 588877162706433.9, 593737602878479.1, 589735270409008.9, 581282878807058.4, 613452400922618.1, 616385398547845.8, 639494319268705.5, 639532194947273.5, 661078035582225.8, 661606820227556.6, 687125218364497.1, 683356737122657.0, 658815915127260.0, 661343463590155.2, 659000644653952.5], [511363626522648.7, 538458203049658.7, 564798397526639.8, 571049791151556.2, 592811696397825.6, 621160881819860.0, 641192476132193.6, 664428798841796.8, 685355429974302.9, 502354975438723.7, 507679435552097.6, 501587392500207.94, 541195414328102.4, 533474382024772.1, 568090074205483.1, 574868129470836.8, 566430183385515.6, 560265583188857.5, 586398428982115.0, 590864062629522.0, 622074665429510.5, 624006075834133.1, 636787200588602.9, 639228238639337.2, 664557814407604.5, 659940409326712.8, 688649381369786.8, 691463570839634.4, 688775262690016.4], [686010700742137.0, 659305806570801.1, 631607445765624.6, 614002761246355.9, 581591770232149.9, 555291934792038.8, 530667434498327.94, 517549463440006.94, 502354975438723.7, 716040815303706.6, 680588022990714.0, 679490199798974.0, 655985179669097.1, 657201276015229.0, 625869938493545.1, 625928988874727.4, 621521055723150.4, 615767125714671.5, 576200788743110.1, 579705965390676.9, 551857220722462.9, 554958044751538.06, 525143141667341.2, 524084384277409.9, 530876427849892.5, 502692094854526.25, 493909956358539.3, 507360291200481.56, 492330602396245.06], [686864910036133.8, 659862567656644.2, 639506556206284.2, 623195760521830.2, 591504343539299.2, 560815629806596.7, 537298176309787.94, 523770048661727.1, 507679435552097.6, 680588022990714.0, 718197151849960.6, 680414471304273.5, 656300698891727.0, 651363510395292.6, 632388698670872.1, 639191390841069.8, 635590433130420.2, 620424151956792.2, 585178798988587.8, 594615938853198.1, 553863401386940.75, 560209445160002.44, 533755765070920.44, 529810509146325.94, 536960795368068.0, 509659500283928.5, 498124600428902.56, 513364654893378.44, 497204603353809.7], [685704270167046.6, 658944362022132.9, 635712197824004.4, 622635235462384.4, 587754883488938.5, 556662632880812.6, 531538279121398.0, 516474583139463.9, 501587392500207.94, 679490199798974.0, 680414471304273.5, 715438562032390.8, 653350214013646.6, 655147840742619.9, 627128384680791.5, 632082978510762.9, 633985864268164.8, 626244815404630.5, 584997204159245.2, 585330662162298.8, 553148238449377.9, 553431333063830.06, 528349026701383.9, 523898471653875.6, 529046776590370.94, 500697966350667.0, 493303645774562.7, 506733424504144.7, 491227230218763.56], [663699058592942.5, 690207556011080.0, 665784563578804.9, 638017584228539.5, 613202678144303.6, 595017599275236.4, 569468850863884.1, 556615223174439.7, 541195414328102.4, 655985179669097.1, 656300698891727.0, 653350214013646.6, 724906554272647.2, 689967827812396.0, 666620966301368.6, 663559014658972.9, 631927575441983.5, 639448438842477.4, 609056213521131.2, 608312040107156.1, 594538245701374.1, 598293690289179.5, 561739029233369.3, 564088816852421.9, 568451739659797.6, 543055321749355.4, 534846256599807.56, 544848324776524.1, 529891122239396.0], [663231433577953.4, 690406505962805.0, 666228393492487.0, 636455120446058.6, 607071291140704.6, 588530846838554.8, 567613709745449.4, 551945105929653.1, 533474382024772.1, 657201276015229.0, 651363510395292.6, 655147840742619.9, 689967827812396.0, 725549598491920.5, 665449445744132.6, 667400584610304.9, 634156517868987.8, 636536141936847.9, 597005570910354.2, 604812603783925.5, 584437096687573.5, 591155628313641.5, 564097651656846.4, 564157339406717.8, 565464620341566.