{"resp_b": 0.1, "restrained_fit": true, "exclude_hydrogens": true, "convergence_tolerance": 1e-06, "max_iter": 500, "resp_a": 0.0005, "charge_constraints": {"charge_sum_constraints": [], "charge_equivalence_constraints": [], "molecules": [{"qcmol": {"schema_name": "qcschema_molecule", "schema_version": 2, "validated": true, "symbols": ["C", "C", "C", "C", "C", "C", "C", "C", "C", "C", "H", "H", "H", "H", "H", "H", "H", "H", "H", "H", "H", "H", "H", "H"], "geometry": [[0.0, -0.0, 0.0], [2.890927883475845, 1.1699080579180615e-16, -1.8872455573267917e-16], [4.086630550024044, 2.638434212721636, 1.1102230246251565e-15], [3.6620448603939497, 4.21727278400728, -2.4066073427529693], [4.849342468578718, 3.109373758292538, -4.766699528055852], [7.459987367313646, 3.1640500931106286, -5.100074790059721], [8.569105008928581, 2.14806284661454, -7.238406877305004], [7.084046189379152, 1.0535989552782499, -9.100404606355974], [4.488017142331879, 0.9935077438373847, -8.79942607573016], [3.385540208388937, 2.0156983965119903, -6.651404630795725], [-0.7268304099568302, -1.9137361911511455, 0.13461125876559232], [-0.7402698198207518, 1.061732669290562, 1.594582914047579], [-0.7712962815766521, 0.8268141910096045, -1.7106203404835862], [3.545568941586026, -0.9954616878280199, 1.6739096367345998], [3.5795508567980177, -1.0708844358565444, -1.6095608797890397], [3.360086760807037, 3.702357721446772, 1.6032636625819332], [6.108251121677189, 2.4450314330243343, 0.30786833941675695], [4.445003651121373, 6.088754910946934, -2.0855301948208766], [1.6539742439462248, 4.48896888867636, -2.7185583460386056], [8.634496030268203, 4.021266835874331, -3.676671960493655], [10.58898294107371, 2.2165045460092387, -7.457769909968302], [7.943141752896115, 0.2663343152494919, -10.765362820937998], [3.3145910151020015, 0.15755183978451903, -10.233584797394562], [1.3624166989327169, 1.9657358461320376, -6.448969832726901]], "name": "C10H14", "identifiers": {"molecule_hash": "31359e883fc1ef3089156fd353e462144887c328", "molecular_formula": "C10H14"}, "molecular_charge": 0.0, "molecular_multiplicity": 1, "connectivity": [[0, 1, 1.0], [0, 10, 1.0], [0, 11, 1.0], [0, 12, 1.0], [1, 2, 1.0], [1, 13, 1.0], [1, 14, 1.0], [2, 3, 1.0], [2, 15, 1.0], [2, 16, 1.0], [3, 4, 1.0], [3, 17, 1.0], [3, 18, 1.0], [4, 5, 1.5], [4, 9, 1.5], [5, 6, 1.5], [5, 19, 1.0], [6, 7, 1.5], [6, 20, 1.0], [7, 8, 1.5], [7, 21, 1.0], [8, 9, 1.5], [8, 22, 1.0], [9, 23, 1.0]], "fix_com": true, "fix_orientation": true, "provenance": {"creator": "QCElemental", "version": "v0.22.0", "routine": "qcelemental.molparse.from_schema"}, "id": "166144"}, "charge": 0, "optimize_geometry": false, "conformers": [], "conformer_generation_options": {"n_conformer_pool": 4000, "n_max_conformers": 0, "rms_tolerance": 0.05, "energy_window": 15, "keep_original_conformer": true}, "stage_1_unrestrained_charges": null, "stage_1_restrained_charges": null, "stage_2_unrestrained_charges": null, "stage_2_restrained_charges": null, "keep_original_orientation": false, "reorientations": [], "translations": [], "rotations": []}], "unconstrained_atoms": [{"index": 0, "molecule": {"qcmol": {"schema_name": "qcschema_molecule", "schema_version": 2, "validated": true, "symbols": ["C", "C", "C", "C", "C", "C", "C", "C", "C", "C", "H", "H", "H", "H", "H", "H", "H", "H", "H", "H", "H", "H", "H", "H"], "geometry": [[0.0, -0.0, 0.0], [2.890927883475845, 1.1699080579180615e-16, -1.8872455573267917e-16], [4.086630550024044, 2.638434212721636, 1.1102230246251565e-15], [3.6620448603939497, 4.21727278400728, -2.4066073427529693], [4.849342468578718, 3.109373758292538, -4.766699528055852], [7.459987367313646, 3.1640500931106286, -5.100074790059721], [8.569105008928581, 2.14806284661454, -7.238406877305004], [7.084046189379152, 1.0535989552782499, -9.100404606355974], [4.488017142331879, 0.9935077438373847, -8.79942607573016], [3.385540208388937, 2.0156983965119903, -6.651404630795725], [-0.7268304099568302, -1.9137361911511455, 0.13461125876559232], [-0.7402698198207518, 1.061732669290562, 1.594582914047579], [-0.7712962815766521, 0.8268141910096045, -1.7106203404835862], [3.545568941586026, -0.9954616878280199, 1.6739096367345998], [3.5795508567980177, -1.0708844358565444, -1.6095608797890397], [3.360086760807037, 3.702357721446772, 1.6032636625819332], [6.108251121677189, 2.4450314330243343, 0.30786833941675695], [4.445003651121373, 6.088754910946934, -2.0855301948208766], [1.6539742439462248, 4.48896888867636, -2.7185583460386056], [8.634496030268203, 4.021266835874331, -3.676671960493655], [10.58898294107371, 2.2165045460092387, -7.457769909968302], [7.943141752896115, 0.2663343152494919, -10.765362820937998], [3.3145910151020015, 0.15755183978451903, -10.233584797394562], [1.3624166989327169, 1.9657358461320376, -6.448969832726901]], "name": "C10H14", "identifiers": {"molecule_hash": "31359e883fc1ef3089156fd353e462144887c328", "molecular_formula": "C10H14"}, "molecular_charge": 0.0, "molecular_multiplicity": 1, "connectivity": [[0, 1, 1.0], [0, 10, 1.0], [0, 11, 1.0], [0, 12, 1.0], [1, 2, 1.0], [1, 13, 1.0], [1, 14, 1.0], [2, 3, 1.0], [2, 15, 1.0], [2, 16, 1.0], [3, 4, 1.0], [3, 17, 1.0], [3, 18, 1.0], [4, 5, 1.5], [4, 9, 1.5], [5, 6, 1.5], [5, 19, 1.0], [6, 7, 1.5], [6, 20, 1.0], [7, 8, 1.5], [7, 21, 1.0], [8, 9, 1.5], [8, 22, 1.0], [9, 23, 1.0]], "fix_com": true, "fix_orientation": true, "provenance": {"creator": "QCElemental", "version": "v0.22.0", "routine": "qcelemental.molparse.from_schema"}, "id": "166144"}, "charge": 0, "optimize_geometry": false, "conformers": [], "conformer_generation_options": {"n_conformer_pool": 4000, "n_max_conformers": 0, "rms_tolerance": 0.05, "energy_window": 15, "keep_original_conformer": true}, "stage_1_unrestrained_charges": null, "stage_1_restrained_charges": null, "stage_2_unrestrained_charges": null, "stage_2_restrained_charges": null, "keep_original_orientation": false, "reorientations": [], "translations": [], "rotations": []}}, {"index": 1, "molecule": {"qcmol": {"schema_name": "qcschema_molecule", "schema_version": 2, "validated": true, "symbols": ["C", "C", "C", "C", "C", "C", "C", "C", "C", "C", "H", "H", "H", "H", "H", "H", "H", "H", "H", "H", "H", "H", "H", "H"], "geometry": [[0.0, -0.0, 0.0], [2.890927883475845, 1.1699080579180615e-16, -1.8872455573267917e-16], [4.086630550024044, 2.638434212721636, 1.1102230246251565e-15], [3.6620448603939497, 4.21727278400728, -2.4066073427529693], [4.849342468578718, 3.109373758292538, -4.766699528055852], [7.459987367313646, 3.1640500931106286, -5.100074790059721], [8.569105008928581, 2.14806284661454, -7.238406877305004], [7.084046189379152, 1.0535989552782499, -9.100404606355974], [4.488017142331879, 0.9935077438373847, -8.79942607573016], [3.385540208388937, 2.0156983965119903, -6.651404630795725], [-0.7268304099568302, -1.9137361911511455, 0.13461125876559232], [-0.7402698198207518, 1.061732669290562, 1.594582914047579], [-0.7712962815766521, 0.8268141910096045, -1.7106203404835862], [3.545568941586026, -0.9954616878280199, 1.6739096367345998], [3.5795508567980177, -1.0708844358565444, -1.6095608797890397], [3.360086760807037, 3.702357721446772, 1.6032636625819332], [6.108251121677189, 2.4450314330243343, 0.30786833941675695], [4.445003651121373, 6.088754910946934, -2.0855301948208766], [1.6539742439462248, 4.48896888867636, -2.7185583460386056], [8.634496030268203, 4.021266835874331, -3.676671960493655], [10.58898294107371, 2.2165045460092387, -7.457769909968302], [7.943141752896115, 0.2663343152494919, -10.765362820937998], [3.3145910151020015, 0.15755183978451903, -10.233584797394562], [1.3624166989327169, 1.9657358461320376, -6.448969832726901]], "name": "C10H14", "identifiers": {"molecule_hash": "31359e883fc1ef3089156fd353e462144887c328", "molecular_formula": "C10H14"}, "molecular_charge": 0.0, "molecular_multiplicity": 1, "connectivity": [[0, 1, 1.0], [0, 10, 1.0], [0, 11, 1.0], [0, 12, 1.0], [1, 2, 1.0], [1, 13, 1.0], [1, 14, 1.0], [2, 3, 1.0], [2, 15, 1.0], [2, 16, 1.0], [3, 4, 1.0], [3, 17, 1.0], [3, 18, 1.0], [4, 5, 1.5], [4, 9, 1.5], [5, 6, 1.5], [5, 19, 1.0], [6, 7, 1.5], [6, 20, 1.0], [7, 8, 1.5], [7, 21, 1.0], [8, 9, 1.5], [8, 22, 1.0], [9, 23, 1.0]], "fix_com": true, "fix_orientation": true, "provenance": {"creator": "QCElemental", "version": "v0.22.0", "routine": "qcelemental.molparse.from_schema"}, "id": "166144"}, "charge": 0, "optimize_geometry": false, "conformers": [], "conformer_generation_options": {"n_conformer_pool": 4000, "n_max_conformers": 0, "rms_tolerance": 0.05, "energy_window": 15, "keep_original_conformer": true}, "stage_1_unrestrained_charges": null, "stage_1_restrained_charges": null, "stage_2_unrestrained_charges": null, "stage_2_restrained_charges": null, "keep_original_orientation": false, "reorientations": [], "translations": [], "rotations": []}}, {"index": 2, "molecule": {"qcmol": {"schema_name": "qcschema_molecule", "schema_version": 2, "validated": true, "symbols": ["C", "C", "C", "C", "C", "C", "C", "C", "C", "C", "H", "H", "H", "H", "H", "H", "H", "H", "H", "H", "H", "H", "H", "H"], "geometry": [[0.0, -0.0, 0.0], [2.890927883475845, 1.1699080579180615e-16, -1.8872455573267917e-16], [4.086630550024044, 2.638434212721636, 1.1102230246251565e-15], [3.6620448603939497, 4.21727278400728, -2.4066073427529693], [4.849342468578718, 3.109373758292538, -4.766699528055852], [7.459987367313646, 3.1640500931106286, -5.100074790059721], [8.569105008928581, 2.14806284661454, -7.238406877305004], [7.084046189379152, 1.0535989552782499, -9.100404606355974], [4.488017142331879, 0.9935077438373847, -8.79942607573016], [3.385540208388937, 2.0156983965119903, -6.651404630795725], [-0.7268304099568302, -1.9137361911511455, 0.13461125876559232], [-0.7402698198207518, 1.061732669290562, 1.594582914047579], [-0.7712962815766521, 0.8268141910096045, -1.7106203404835862], [3.545568941586026, -0.9954616878280199, 1.6739096367345998], [3.5795508567980177, -1.0708844358565444, -1.6095608797890397], [3.360086760807037, 3.702357721446772, 1.6032636625819332], [6.108251121677189, 2.4450314330243343, 0.30786833941675695], [4.445003651121373, 6.088754910946934, -2.0855301948208766], [1.6539742439462248, 4.48896888867636, -2.7185583460386056], [8.634496030268203, 4.021266835874331, -3.676671960493655], [10.58898294107371, 2.2165045460092387, -7.457769909968302], [7.943141752896115, 0.2663343152494919, -10.765362820937998], [3.3145910151020015, 0.15755183978451903, -10.233584797394562], [1.3624166989327169, 1.9657358461320376, -6.448969832726901]], "name": "C10H14", "identifiers": {"molecule_hash": "31359e883fc1ef3089156fd353e462144887c328", "molecular_formula": "C10H14"}, "molecular_charge": 0.0, "molecular_multiplicity": 1, "connectivity": [[0, 1, 1.0], [0, 10, 1.0], [0, 11, 1.0], [0, 12, 1.0], [1, 2, 1.0], [1, 13, 1.0], [1, 14, 1.0], [2, 3, 1.0], [2, 15, 1.0], [2, 16, 1.0], [3, 4, 1.0], [3, 17, 1.0], [3, 18, 1.0], [4, 5, 1.5], [4, 9, 1.5], [5, 6, 1.5], [5, 19, 1.0], [6, 7, 1.5], [6, 20, 1.0], [7, 8, 1.5], [7, 21, 1.0], [8, 9, 1.5], [8, 22, 1.0], [9, 23, 1.0]], "fix_com": true, "fix_orientation": true, "provenance": {"creator": "QCElemental", "version": "v0.22.0", "routine": "qcelemental.molparse.from_schema"}, "id": "166144"}, "charge": 0, "optimize_geometry": false, "conformers": [], "conformer_generation_options": {"n_conformer_pool": 4000, "n_max_conformers": 0, "rms_tolerance": 0.05, "energy_window": 15, "keep_original_conformer": true}, "stage_1_unrestrained_charges": null, "stage_1_restrained_charges": null, "stage_2_unrestrained_charges": null, "stage_2_restrained_charges": null, "keep_original_orientation": false, "reorientations": [], "translations": [], "rotations": []}}, {"index": 3, "molecule": {"qcmol": {"schema_name": "qcschema_molecule", "schema_version": 2, "validated": true, "symbols": ["C", "C", "C", "C", "C", "C", "C", "C", "C", "C", "H", "H", "H", "H", "H", "H", "H", "H", "H", "H", "H", "H", "H", "H"], "geometry": [[0.0, -0.0, 0.0], [2.890927883475845, 1.1699080579180615e-16, -1.8872455573267917e-16], [4.086630550024044, 2.638434212721636, 1.1102230246251565e-15], [3.6620448603939497, 4.21727278400728, -2.4066073427529693], [4.849342468578718, 3.109373758292538, -4.766699528055852], [7.459987367313646, 3.1640500931106286, -5.100074790059721], [8.569105008928581, 2.14806284661454, -7.238406877305004], [7.084046189379152, 1.0535989552782499, -9.100404606355974], [4.488017142331879, 0.9935077438373847, -8.79942607573016], [3.385540208388937, 2.0156983965119903, -6.651404630795725], [-0.7268304099568302, -1.9137361911511455, 0.13461125876559232], [-0.7402698198207518, 1.061732669290562, 1.594582914047579], [-0.7712962815766521, 0.8268141910096045, -1.7106203404835862], [3.545568941586026, -0.9954616878280199, 1.6739096367345998], [3.5795508567980177, -1.0708844358565444, -1.6095608797890397], [3.360086760807037, 3.702357721446772, 1.6032636625819332], [6.108251121677189, 2.4450314330243343, 0.30786833941675695], [4.445003651121373, 6.088754910946934, -2.0855301948208766], [1.6539742439462248, 4.48896888867636, -2.7185583460386056], [8.634496030268203, 4.021266835874331, -3.676671960493655], [10.58898294107371, 2.2165045460092387, -7.457769909968302], [7.943141752896115, 0.2663343152494919, -10.765362820937998], [3.3145910151020015, 0.15755183978451903, -10.233584797394562], [1.3624166989327169, 1.9657358461320376, -6.448969832726901]], "name": "C10H14", "identifiers": {"molecule_hash": "31359e883fc1ef3089156fd353e462144887c328", "molecular_formula": "C10H14"}, "molecular_charge": 0.0, "molecular_multiplicity": 1, "connectivity": [[0, 1, 1.0], [0, 10, 1.0], [0, 11, 1.0], [0, 12, 1.0], [1, 2, 1.0], [1, 13, 1.0], [1, 14, 1.0], [2, 3, 1.0], [2, 15, 1.0], [2, 16, 1.0], [3, 4, 1.0], [3, 17, 1.0], [3, 18, 1.0], [4, 5, 1.5], [4, 9, 1.5], [5, 6, 1.5], [5, 19, 1.0], [6, 7, 1.5], [6, 20, 1.0], [7, 8, 1.5], [7, 21, 1.0], [8, 9, 1.5], [8, 22, 1.0], [9, 23, 1.0]], "fix_com": true, "fix_orientation": true, "provenance": {"creator": "QCElemental", "version": "v0.22.0", "routine": "qcelemental.molparse.from_schema"}, "id": "166144"}, "charge": 0, "optimize_geometry": false, "conformers": [], "conformer_generation_options": {"n_conformer_pool": 4000, "n_max_conformers": 0, "rms_tolerance": 0.05, "energy_window": 15, "keep_original_conformer": true}, "stage_1_unrestrained_charges": null, "stage_1_restrained_charges": null, "stage_2_unrestrained_charges": null, "stage_2_restrained_charges": null, "keep_original_orientation": false, "reorientations": [], "translations": [], "rotations": []}}]}, "surface_constraints": {"matrix": [[4779.2177705792255, 4636.607688352151, 4459.494785145424, 4260.445466124248, 4134.828121743825, 4030.130239661744, 3821.1636174503774, 3729.754909662017, 3841.4494441920833, 4054.544644295668, 4800.982505570652, 4808.812341773128, 4804.598606731444, 4628.619605319161, 4631.314102183257, 4492.119562307614, 4418.616921246456, 4216.213680203186, 4224.22855171673, 4069.122065899954, 3680.3205798959307, 3533.139137439515, 3712.146308058746, 4115.664010831882], [4636.607688352151, 4730.55104194108, 4605.771110478701, 4433.857592052669, 4284.87716330848, 4179.31976269424, 3941.897136562366, 3831.0863137406814, 3945.903349833741, 4181.882772175431, 4597.407335409393, 4602.543808114327, 4599.859231348164, 4796.7018355263845, 4793.77378723859, 4607.54031302869, 4609.518422629944, 4395.190975946112, 4427.906718104205, 4242.004791443272, 3797.0259493512617, 3620.7030342982407, 3804.157538034998, 4246.454600692607], [4459.494785145424, 4605.771110478701, 4710.040515757675, 4586.483039576104, 4405.291173367637, 4286.026409112377, 4024.6860415260408, 3904.4939897230456, 4027.917529449159, 4288.268214833001, 4379.231329235034, 4441.821366178965, 4416.209814093603, 4603.67069665796, 4603.00088782917, 4784.682735647581, 4782.529547267105, 4596.611461271406, 4591.042160851079, 4363.320462868311, 3874.1622335967295, 3684.765307863643, 3879.9530113843734, 4367.751411565973], [4260.445466124248, 4433.857592052669, 4586.483039576104, 4684.882354636617, 4539.306920969822, 4426.255000008411, 4169.639489574278, 4050.0826988955773, 4171.521667889199, 4426.74675130709, 4179.553983874808, 4214.939198425097, 4228.803353696469, 4451.233867377484, 4406.551568621062, 4595.778818526915, 4593.514841022741, 4764.255225078869, 4759.315324545108, 4500.165065077676, 4019.250729995471, 3829.8871141883233, 4022.890035908722, 4500.9908024805745], [4134.828121743825, 4284.87716330848, 4405.291173367637, 4539.306920969822, 4578.947961476282, 4541.52242903953, 4395.560428278026, 4315.761774464046, 4397.628682368343, 4542.242873109648, 4054.6210342526956, 4079.142803816733, 4131.034340009774, 4278.3517477723335, 4290.478061069434, 4391.311215633779, 4390.51865150689, 4558.150309063296, 4552.497349413396, 4562.035029557043, 4273.200316483058, 4136.249142803957, 4277.074609805144, 4563.2903382215345], [4030.130239661744, 4179.31976269424, 4286.026409112377, 4426.255000008411, 4541.52242903953, 4676.787051403773, 4584.976259692249, 4407.099691507388, 4349.5605568844185, 4419.96215206144, 3949.7112457351086, 3971.044376821956, 4031.5754128428653, 4172.213019267145, 4197.253356538104, 4245.408045558516, 4282.288124849087, 4400.734192733396, 4429.663757413983, 4783.810361708489, 4570.23746344022, 4258.94877365236, 4182.0865730530895, 4324.743761188052], [3821.1636174503774, 3941.897136562366, 4024.6860415260408, 4169.639489574278, 4395.560428278026, 4584.976259692249, 4671.763680181043, 4559.031299839567, 4408.3586395331695, 4348.886660687076, 3749.6206673038423, 3760.2107748431467, 3840.4377055256814, 3919.1495117749005, 3974.7838396563693, 3977.126808457871, 4005.2483330123555, 4111.626150622469, 4132.0250881916645, 4600.552147833376, 4739.617473397103, 4519.524499843019, 4272.114834066101, 4210.44710693702], [3729.754909662017, 3831.0863137406814, 3904.4939897230456, 4050.0826988955773, 4315.761774464046, 4407.099691507388, 4559.031299839567, 4643.897284234874, 4561.613162598868, 4408.78298718848, 3663.8250242325353, 3669.2586259813593, 3759.1778320147564, 3798.6320297751804, 3867.3551392003665, 3866.866598014555, 3866.891157970693, 3991.1084325344327, 3989.174699020488, 4305.0895472333905, 4534.437154611062, 4694.435730006573, 4538.835523794654, 4308.059943695978], [3841.4494441920833, 3945.903349833741, 4027.917529449159, 4171.521667889199, 4397.628682368343, 4349.5605568844185, 4408.3586395331695, 4561.613162598868, 4676.815614638353, 4588.80999911332, 3772.238626381384, 3780.946059993248, 3869.9819318233676, 3913.4765745905984, 3975.810776261205, 4009.0320001786217, 3980.2133007862085, 4135.43489637491, 4110.53692043943, 4209.846550715041, 4270.338658759215, 4522.09355526473, 4746.512029310414, 4605.545257712986], [4054.544644295668, 4181.882772175431, 4288.268214833001, 4426.74675130709, 4542.242873109648, 4419.96215206144, 4348.886660687076, 4408.78298718848, 4588.80999911332, 4678.833726728865, 3977.644259123071, 3994.9364024324095, 4069.619991725217, 4160.144926142636, 4196.710494599553, 4286.020157332151, 4247.375872162977, 4433.197316674681, 4396.421517031751, 4323.82420343103, 4179.794415488084, 4260.741989745578, 4576.113008659297, 4786.451096085252], [4800.982505570652, 4597.407335409393, 4379.231329235034, 4179.553983874808, 4054.6210342526956, 3949.7112457351086, 3749.6206673038423, 3663.8250242325353, 3772.238626381384, 3977.644259123071, 5003.704229682086, 4761.114645850377, 4766.411116484233, 4592.23489506143, 4577.232598179499, 4403.847612383055, 4318.861387287866, 4142.255769023224, 4136.867606629225, 3981.4900194662296, 3611.4475984648025, 3473.2669736600214, 3646.7675225285802, 4035.362252703708], [4808.812341773128, 4602.543808114327, 4441.821366178965, 4214.939198425097, 4079.142803816733, 3971.044376821956, 3760.2107748431467, 3669.2586259813593, 3780.946059993248, 3994.9364024324095, 4761.114645850377, 5031.635936476473, 4767.86639288941, 4577.105130892926, 4549.1029480177995, 4478.986345943522, 4430.6766885907, 4174.103565011393, 4165.6841512537485, 4009.504697206648, 3619.4132042211245, 3473.8904662925843, 3651.9909375713864, 4053.437920495325], [4804.598606731444, 4599.859231348164, 4416.209814093603, 4228.803353696469, 4131.034340009774, 4031.5754128428653, 3840.4377055256814, 3759.1778320147564, 3869.9819318233676, 4069.619991725217, 4766.411116484233, 4767.86639288941, 5009.500944826103, 4544.701528195707, 4600.634155763424, 4474.185505133038, 4335.718335069902, 4172.0415501138605, 4190.749770220493, 4059.4013570138186, 3701.7691290568223, 3568.394461802135, 3747.572464127247, 4133.9434433232145], [4628.619605319161, 4796.7018355263845, 4603.67069665796, 4451.233867377484, 4278.3517477723335, 4172.213019267145, 3919.1495117749005, 3798.6320297751804, 3913.4765745905984, 4160.144926142636, 4592.23489506143, 4577.105130892926, 4544.701528195707, 5046.908855577687, 4793.619051216577, 4532.379654913514, 4606.112560002185, 4405.653052154879, 4484.4568620532, 4253.152862321339, 3775.254242956365, 3584.8594430290686, 3768.0755576963165, 4228.019178966638], [4631.314102183257, 4793.77378723859, 4603.00088782917, 4406.551568621062, 4290.478061069434, 4197.253356538104, 3974.7838396563693, 3867.3551392003665, 3975.810776261205, 4196.710494599553, 4577.232598179499, 4549.1029480177995, 4600.634155763424, 4793.619051216577, 5033.961985789669, 4590.074601064104, 4589.549053869408, 4345.465538117671, 4378.908970967782, 4248.557493127848, 3830.797927869105, 3658.5354329632573, 3833.1500813429416, 4247.681828179055], [4492.119562307614, 4607.54031302869, 4784.682735647581, 4595.778818526915, 4391.311215633779, 4245.408045558516, 3977.126808457871, 3866.866598014555, 4009.0320001786217, 4286.020157332151, 4403.847612383055, 4478.986345943522, 4474.185505133038, 4532.379654913514, 4590.074601064104, 5038.555639335519, 4791.741013877409, 4620.731193968771, 4552.89157557016, 4311.650874790145, 3817.0405734674137, 3643.4898711495557, 3866.271983524108, 4390.516734583378], [4418.616921246456, 4609.518422629944, 4782.529547267105, 4593.514841022741, 4390.51865150689, 4282.288124849087, 4005.2483330123555, 3866.891157970693, 3980.2133007862085, 4247.375872162977, 4318.861387287866, 4430.6766885907, 4335.718335069902, 4606.112560002185, 4589.549053869408, 4791.741013877409, 5030.284844392579, 4573.194097766814, 4595.233058152329, 4381.6885045265435, 3859.2351795563604, 3643.3252177524028, 3822.05589353017, 4314.679064424515], [4216.213680203186, 4395.190975946112, 4596.611461271406, 4764.255225078869, 4558.150309063296, 4400.734192733396, 4111.626150622469, 3991.1084325344327, 4135.43489637491, 4433.197316674681, 4142.255769023224, 4174.103565011393, 4172.0415501138605, 4405.653052154879, 4345.465538117671, 4620.731193968771, 4573.194097766814, 5016.5464114084425, 4771.628234279413, 4474.386486986309, 3945.7720309580077, 3758.5968716008642, 3981.851442662279, 4538.414340709157], [4224.22855171673, 4427.906718104205, 4591.042160851079, 4759.315324545108, 4552.497349413396, 4429.663757413983, 4132.0250881916645, 3989.174699020488, 4110.53692043943, 4396.421517031751, 4136.867606629225, 4165.6841512537485, 4190.749770220493, 4484.4568620532, 4378.908970967782, 4552.89157557016, 4595.233058152329, 4771.628234279413, 5008.55247405561, 4537.044051230702, 3978.4937239667984, 3757.567205249912, 3947.379811871287, 4471.021855185034], [4069.122065899954, 4242.004791443272, 4363.320462868311, 4500.165065077676, 4562.035029557043, 4783.810361708489, 4600.552147833376, 4305.0895472333905, 4209.846550715041, 4323.82420343103, 3981.4900194662296, 4009.504697206648, 4059.4013570138186, 4253.152862321339, 4248.557493127848, 4311.650874790145, 4381.6885045265435, 4474.386486986309, 4537.044051230702, 5058.449499306318, 4627.019632509964, 4121.54050688795, 3995.6956936125857, 4194.5877272928665], [3680.3205798959307, 3797.0259493512617, 3874.1622335967295, 4019.250729995471, 4273.200316483058, 4570.23746344022, 4739.617473397103, 4534.437154611062, 4270.338658759215, 4179.794415488084, 3611.4475984648025, 3619.4132042211245, 3701.7691290568223, 3775.254242956365, 3830.797927869105, 3817.0405734674137, 3859.2351795563604, 3945.7720309580077, 3978.4937239667984, 4627.019632509964, 4971.700178818446, 4532.9730443012795, 4097.6343544121855, 3994.8372254147353], [3533.139137439515, 3620.7030342982407, 3684.765307863643, 3829.8871141883233, 4136.249142803957, 4258.94877365236, 4519.524499843019, 4694.435730006573, 4522.09355526473, 4260.741989745578, 3473.2669736600214, 3473.8904662925843, 3568.394461802135, 3584.8594430290686, 3658.5354329632573, 3643.4898711495557, 3643.3252177524028, 3758.5968716008642, 3757.567205249912, 4121.54050688795, 4532.9730443012795, 4910.579257449314, 4537.324354731413, 4124.710554820601], [3712.146308058746, 3804.157538034998, 3879.9530113843734, 4022.890035908722, 4277.074609805144, 4182.0865730530895, 4272.114834066101, 4538.835523794654, 4746.512029310414, 4576.113008659297, 3646.7675225285802, 3651.9909375713864, 3747.572464127247, 3768.0755576963165, 3833.1500813429416, 3866.271983524108, 3822.05589353017, 3981.851442662279, 3947.379811871287, 3995.6956936125857, 4097.6343544121855, 4537.324354731413, 4980.337209266887, 4634.3050903869735], [4115.664010831882, 4246.454600692607, 4367.751411565973, 4500.9908024805745, 4563.2903382215345, 4324.743761188052, 4210.44710693702, 4308.059943695978, 4605.545257712986, 4786.451096085252, 4035.362252703708, 4053.437920495325, 4133.9434433232145, 4228.019178966638, 4247.681828179055, 4390.516734583378, 4314.679064424515, 4538.414340709157, 4471.021855185034, 4194.5877272928665, 3994.8372254147353, 4124.710554820601, 4634.3050903869735, 5061.235178137633], [-7.8175845559985175, -0.48894735586547666, 5.310980501869555, -5.641718034815433, -39.64038950244752, -45.26893473185296, -57.34333487992041, -62.915323180287594, -57.54297895712441, -45.487519131001, -9.239768148163163, -6.703500032861104, -12.131737831822026, 6.25611903330625, -7.224575043832869, 11.159088586965693, 9.973501721006494, 3.319389162996117, 4.366415972095786, -20.158876671030274, -40.91807286394005, -49.40543996241556, -41.21482815146774, -20.59240945033317]]}}