{"resp_b": 0.1, "restrained_fit": true, "exclude_hydrogens": true, "convergence_tolerance": 1e-06, "max_iter": 500, "resp_a": 0.0005, "charge_constraints": {"charge_sum_constraints": [], "charge_equivalence_constraints": [], "molecules": [{"qcmol": {"schema_name": "qcschema_molecule", "schema_version": 2, "validated": true, "symbols": ["C", "C", "C", "C", "C", "C", "C", "C", "C", "C", "H", "H", "H", "H", "H", "H", "H", "H", "H", "H", "H", "H", "H", "H"], "geometry": [[0.0, -0.0, 0.0], [2.890927883475845, 1.1699080579180615e-16, -1.8872455573267917e-16], [4.086630550024044, 2.638434212721636, 1.1102230246251565e-15], [3.6620448603939497, 4.21727278400728, -2.4066073427529693], [4.849342468578718, 3.109373758292538, -4.766699528055852], [7.459987367313646, 3.1640500931106286, -5.100074790059721], [8.569105008928581, 2.14806284661454, -7.238406877305004], [7.084046189379152, 1.0535989552782499, -9.100404606355974], [4.488017142331879, 0.9935077438373847, -8.79942607573016], [3.385540208388937, 2.0156983965119903, -6.651404630795725], [-0.7268304099568302, -1.9137361911511455, 0.13461125876559232], [-0.7402698198207518, 1.061732669290562, 1.594582914047579], [-0.7712962815766521, 0.8268141910096045, -1.7106203404835862], [3.545568941586026, -0.9954616878280199, 1.6739096367345998], [3.5795508567980177, -1.0708844358565444, -1.6095608797890397], [3.360086760807037, 3.702357721446772, 1.6032636625819332], [6.108251121677189, 2.4450314330243343, 0.30786833941675695], [4.445003651121373, 6.088754910946934, -2.0855301948208766], [1.6539742439462248, 4.48896888867636, -2.7185583460386056], [8.634496030268203, 4.021266835874331, -3.676671960493655], [10.58898294107371, 2.2165045460092387, -7.457769909968302], [7.943141752896115, 0.2663343152494919, -10.765362820937998], [3.3145910151020015, 0.15755183978451903, -10.233584797394562], [1.3624166989327169, 1.9657358461320376, -6.448969832726901]], "name": "C10H14", "identifiers": {"molecule_hash": "31359e883fc1ef3089156fd353e462144887c328", "molecular_formula": "C10H14"}, "molecular_charge": 0.0, "molecular_multiplicity": 1, "connectivity": [[0, 1, 1.0], [0, 10, 1.0], [0, 11, 1.0], [0, 12, 1.0], [1, 2, 1.0], [1, 13, 1.0], [1, 14, 1.0], [2, 3, 1.0], [2, 15, 1.0], [2, 16, 1.0], [3, 4, 1.0], [3, 17, 1.0], [3, 18, 1.0], [4, 5, 1.5], [4, 9, 1.5], [5, 6, 1.5], [5, 19, 1.0], [6, 7, 1.5], [6, 20, 1.0], [7, 8, 1.5], [7, 21, 1.0], [8, 9, 1.5], [8, 22, 1.0], [9, 23, 1.0]], "fix_com": true, "fix_orientation": true, "provenance": {"creator": "QCElemental", "version": "v0.22.0", "routine": "qcelemental.molparse.from_schema"}, "id": "166144"}, "charge": 0, "optimize_geometry": false, "conformers": [], "conformer_generation_options": {"n_conformer_pool": 4000, "n_max_conformers": 0, "rms_tolerance": 0.05, "energy_window": 15, "keep_original_conformer": true}, "stage_1_unrestrained_charges": null, "stage_1_restrained_charges": null, "stage_2_unrestrained_charges": null, "stage_2_restrained_charges": null, "keep_original_orientation": false, "reorientations": [], "translations": [], "rotations": []}], "unconstrained_atoms": [{"index": 0, "molecule": {"qcmol": {"schema_name": "qcschema_molecule", "schema_version": 2, "validated": true, "symbols": ["C", "C", "C", "C", "C", "C", "C", "C", "C", "C", "H", "H", "H", "H", "H", "H", "H", "H", "H", "H", "H", "H", "H", "H"], "geometry": [[0.0, -0.0, 0.0], [2.890927883475845, 1.1699080579180615e-16, -1.8872455573267917e-16], [4.086630550024044, 2.638434212721636, 1.1102230246251565e-15], [3.6620448603939497, 4.21727278400728, -2.4066073427529693], [4.849342468578718, 3.109373758292538, -4.766699528055852], [7.459987367313646, 3.1640500931106286, -5.100074790059721], [8.569105008928581, 2.14806284661454, -7.238406877305004], [7.084046189379152, 1.0535989552782499, -9.100404606355974], [4.488017142331879, 0.9935077438373847, -8.79942607573016], [3.385540208388937, 2.0156983965119903, -6.651404630795725], [-0.7268304099568302, -1.9137361911511455, 0.13461125876559232], [-0.7402698198207518, 1.061732669290562, 1.594582914047579], [-0.7712962815766521, 0.8268141910096045, -1.7106203404835862], [3.545568941586026, -0.9954616878280199, 1.6739096367345998], [3.5795508567980177, -1.0708844358565444, -1.6095608797890397], [3.360086760807037, 3.702357721446772, 1.6032636625819332], [6.108251121677189, 2.4450314330243343, 0.30786833941675695], [4.445003651121373, 6.088754910946934, -2.0855301948208766], [1.6539742439462248, 4.48896888867636, -2.7185583460386056], [8.634496030268203, 4.021266835874331, -3.676671960493655], [10.58898294107371, 2.2165045460092387, -7.457769909968302], [7.943141752896115, 0.2663343152494919, -10.765362820937998], [3.3145910151020015, 0.15755183978451903, -10.233584797394562], [1.3624166989327169, 1.9657358461320376, -6.448969832726901]], "name": "C10H14", "identifiers": {"molecule_hash": "31359e883fc1ef3089156fd353e462144887c328", "molecular_formula": "C10H14"}, "molecular_charge": 0.0, "molecular_multiplicity": 1, "connectivity": [[0, 1, 1.0], [0, 10, 1.0], [0, 11, 1.0], [0, 12, 1.0], [1, 2, 1.0], [1, 13, 1.0], [1, 14, 1.0], [2, 3, 1.0], [2, 15, 1.0], [2, 16, 1.0], [3, 4, 1.0], [3, 17, 1.0], [3, 18, 1.0], [4, 5, 1.5], [4, 9, 1.5], [5, 6, 1.5], [5, 19, 1.0], [6, 7, 1.5], [6, 20, 1.0], [7, 8, 1.5], [7, 21, 1.0], [8, 9, 1.5], [8, 22, 1.0], [9, 23, 1.0]], "fix_com": true, "fix_orientation": true, "provenance": {"creator": "QCElemental", "version": "v0.22.0", "routine": "qcelemental.molparse.from_schema"}, "id": "166144"}, "charge": 0, "optimize_geometry": false, "conformers": [], "conformer_generation_options": {"n_conformer_pool": 4000, "n_max_conformers": 0, "rms_tolerance": 0.05, "energy_window": 15, "keep_original_conformer": true}, "stage_1_unrestrained_charges": null, "stage_1_restrained_charges": null, "stage_2_unrestrained_charges": null, "stage_2_restrained_charges": null, "keep_original_orientation": false, "reorientations": [], "translations": [], "rotations": []}}, {"index": 1, "molecule": {"qcmol": {"schema_name": "qcschema_molecule", "schema_version": 2, "validated": true, "symbols": ["C", "C", "C", "C", "C", "C", "C", "C", "C", "C", "H", "H", "H", "H", "H", "H", "H", "H", "H", "H", "H", "H", "H", "H"], "geometry": [[0.0, -0.0, 0.0], [2.890927883475845, 1.1699080579180615e-16, -1.8872455573267917e-16], [4.086630550024044, 2.638434212721636, 1.1102230246251565e-15], [3.6620448603939497, 4.21727278400728, -2.4066073427529693], [4.849342468578718, 3.109373758292538, -4.766699528055852], [7.459987367313646, 3.1640500931106286, -5.100074790059721], [8.569105008928581, 2.14806284661454, -7.238406877305004], [7.084046189379152, 1.0535989552782499, -9.100404606355974], [4.488017142331879, 0.9935077438373847, -8.79942607573016], [3.385540208388937, 2.0156983965119903, -6.651404630795725], [-0.7268304099568302, -1.9137361911511455, 0.13461125876559232], [-0.7402698198207518, 1.061732669290562, 1.594582914047579], [-0.7712962815766521, 0.8268141910096045, -1.7106203404835862], [3.545568941586026, -0.9954616878280199, 1.6739096367345998], [3.5795508567980177, -1.0708844358565444, -1.6095608797890397], [3.360086760807037, 3.702357721446772, 1.6032636625819332], [6.108251121677189, 2.4450314330243343, 0.30786833941675695], [4.445003651121373, 6.088754910946934, -2.0855301948208766], [1.6539742439462248, 4.48896888867636, -2.7185583460386056], [8.634496030268203, 4.021266835874331, -3.676671960493655], [10.58898294107371, 2.2165045460092387, -7.457769909968302], [7.943141752896115, 0.2663343152494919, -10.765362820937998], [3.3145910151020015, 0.15755183978451903, -10.233584797394562], [1.3624166989327169, 1.9657358461320376, -6.448969832726901]], "name": "C10H14", "identifiers": {"molecule_hash": "31359e883fc1ef3089156fd353e462144887c328", "molecular_formula": "C10H14"}, "molecular_charge": 0.0, "molecular_multiplicity": 1, "connectivity": [[0, 1, 1.0], [0, 10, 1.0], [0, 11, 1.0], [0, 12, 1.0], [1, 2, 1.0], [1, 13, 1.0], [1, 14, 1.0], [2, 3, 1.0], [2, 15, 1.0], [2, 16, 1.0], [3, 4, 1.0], [3, 17, 1.0], [3, 18, 1.0], [4, 5, 1.5], [4, 9, 1.5], [5, 6, 1.5], [5, 19, 1.0], [6, 7, 1.5], [6, 20, 1.0], [7, 8, 1.5], [7, 21, 1.0], [8, 9, 1.5], [8, 22, 1.0], [9, 23, 1.0]], "fix_com": true, "fix_orientation": true, "provenance": {"creator": "QCElemental", "version": "v0.22.0", "routine": "qcelemental.molparse.from_schema"}, "id": "166144"}, "charge": 0, "optimize_geometry": false, "conformers": [], "conformer_generation_options": {"n_conformer_pool": 4000, "n_max_conformers": 0, "rms_tolerance": 0.05, "energy_window": 15, "keep_original_conformer": true}, "stage_1_unrestrained_charges": null, "stage_1_restrained_charges": null, "stage_2_unrestrained_charges": null, "stage_2_restrained_charges": null, "keep_original_orientation": false, "reorientations": [], "translations": [], "rotations": []}}, {"index": 2, "molecule": {"qcmol": {"schema_name": "qcschema_molecule", "schema_version": 2, "validated": true, "symbols": ["C", "C", "C", "C", "C", "C", "C", "C", "C", "C", "H", "H", "H", "H", "H", "H", "H", "H", "H", "H", "H", "H", "H", "H"], "geometry": [[0.0, -0.0, 0.0], [2.890927883475845, 1.1699080579180615e-16, -1.8872455573267917e-16], [4.086630550024044, 2.638434212721636, 1.1102230246251565e-15], [3.6620448603939497, 4.21727278400728, -2.4066073427529693], [4.849342468578718, 3.109373758292538, -4.766699528055852], [7.459987367313646, 3.1640500931106286, -5.100074790059721], [8.569105008928581, 2.14806284661454, -7.238406877305004], [7.084046189379152, 1.0535989552782499, -9.100404606355974], [4.488017142331879, 0.9935077438373847, -8.79942607573016], [3.385540208388937, 2.0156983965119903, -6.651404630795725], [-0.7268304099568302, -1.9137361911511455, 0.13461125876559232], [-0.7402698198207518, 1.061732669290562, 1.594582914047579], [-0.7712962815766521, 0.8268141910096045, -1.7106203404835862], [3.545568941586026, -0.9954616878280199, 1.6739096367345998], [3.5795508567980177, -1.0708844358565444, -1.6095608797890397], [3.360086760807037, 3.702357721446772, 1.6032636625819332], [6.108251121677189, 2.4450314330243343, 0.30786833941675695], [4.445003651121373, 6.088754910946934, -2.0855301948208766], [1.6539742439462248, 4.48896888867636, -2.7185583460386056], [8.634496030268203, 4.021266835874331, -3.676671960493655], [10.58898294107371, 2.2165045460092387, -7.457769909968302], [7.943141752896115, 0.2663343152494919, -10.765362820937998], [3.3145910151020015, 0.15755183978451903, -10.233584797394562], [1.3624166989327169, 1.9657358461320376, -6.448969832726901]], "name": "C10H14", "identifiers": {"molecule_hash": "31359e883fc1ef3089156fd353e462144887c328", "molecular_formula": "C10H14"}, "molecular_charge": 0.0, "molecular_multiplicity": 1, "connectivity": [[0, 1, 1.0], [0, 10, 1.0], [0, 11, 1.0], [0, 12, 1.0], [1, 2, 1.0], [1, 13, 1.0], [1, 14, 1.0], [2, 3, 1.0], [2, 15, 1.0], [2, 16, 1.0], [3, 4, 1.0], [3, 17, 1.0], [3, 18, 1.0], [4, 5, 1.5], [4, 9, 1.5], [5, 6, 1.5], [5, 19, 1.0], [6, 7, 1.5], [6, 20, 1.0], [7, 8, 1.5], [7, 21, 1.0], [8, 9, 1.5], [8, 22, 1.0], [9, 23, 1.0]], "fix_com": true, "fix_orientation": true, "provenance": {"creator": "QCElemental", "version": "v0.22.0", "routine": "qcelemental.molparse.from_schema"}, "id": "166144"}, "charge": 0, "optimize_geometry": false, "conformers": [], "conformer_generation_options": {"n_conformer_pool": 4000, "n_max_conformers": 0, "rms_tolerance": 0.05, "energy_window": 15, "keep_original_conformer": true}, "stage_1_unrestrained_charges": null, "stage_1_restrained_charges": null, "stage_2_unrestrained_charges": null, "stage_2_restrained_charges": null, "keep_original_orientation": false, "reorientations": [], "translations": [], "rotations": []}}, {"index": 3, "molecule": {"qcmol": {"schema_name": "qcschema_molecule", "schema_version": 2, "validated": true, "symbols": ["C", "C", "C", "C", "C", "C", "C", "C", "C", "C", "H", "H", "H", "H", "H", "H", "H", "H", "H", "H", "H", "H", "H", "H"], "geometry": [[0.0, -0.0, 0.0], [2.890927883475845, 1.1699080579180615e-16, -1.8872455573267917e-16], [4.086630550024044, 2.638434212721636, 1.1102230246251565e-15], [3.6620448603939497, 4.21727278400728, -2.4066073427529693], [4.849342468578718, 3.109373758292538, -4.766699528055852], [7.459987367313646, 3.1640500931106286, -5.100074790059721], [8.569105008928581, 2.14806284661454, -7.238406877305004], [7.084046189379152, 1.0535989552782499, -9.100404606355974], [4.488017142331879, 0.9935077438373847, -8.79942607573016], [3.385540208388937, 2.0156983965119903, -6.651404630795725], [-0.7268304099568302, -1.9137361911511455, 0.13461125876559232], [-0.7402698198207518, 1.061732669290562, 1.594582914047579], [-0.7712962815766521, 0.8268141910096045, -1.7106203404835862], [3.545568941586026, -0.9954616878280199, 1.6739096367345998], [3.5795508567980177, -1.0708844358565444, -1.6095608797890397], [3.360086760807037, 3.702357721446772, 1.6032636625819332], [6.108251121677189, 2.4450314330243343, 0.30786833941675695], [4.445003651121373, 6.088754910946934, -2.0855301948208766], [1.6539742439462248, 4.48896888867636, -2.7185583460386056], [8.634496030268203, 4.021266835874331, -3.676671960493655], [10.58898294107371, 2.2165045460092387, -7.457769909968302], [7.943141752896115, 0.2663343152494919, -10.765362820937998], [3.3145910151020015, 0.15755183978451903, -10.233584797394562], [1.3624166989327169, 1.9657358461320376, -6.448969832726901]], "name": "C10H14", "identifiers": {"molecule_hash": "31359e883fc1ef3089156fd353e462144887c328", "molecular_formula": "C10H14"}, "molecular_charge": 0.0, "molecular_multiplicity": 1, "connectivity": [[0, 1, 1.0], [0, 10, 1.0], [0, 11, 1.0], [0, 12, 1.0], [1, 2, 1.0], [1, 13, 1.0], [1, 14, 1.0], [2, 3, 1.0], [2, 15, 1.0], [2, 16, 1.0], [3, 4, 1.0], [3, 17, 1.0], [3, 18, 1.0], [4, 5, 1.5], [4, 9, 1.5], [5, 6, 1.5], [5, 19, 1.0], [6, 7, 1.5], [6, 20, 1.0], [7, 8, 1.5], [7, 21, 1.0], [8, 9, 1.5], [8, 22, 1.0], [9, 23, 1.0]], "fix_com": true, "fix_orientation": true, "provenance": {"creator": "QCElemental", "version": "v0.22.0", "routine": "qcelemental.molparse.from_schema"}, "id": "166144"}, "charge": 0, "optimize_geometry": false, "conformers": [], "conformer_generation_options": {"n_conformer_pool": 4000, "n_max_conformers": 0, "rms_tolerance": 0.05, "energy_window": 15, "keep_original_conformer": true}, "stage_1_unrestrained_charges": null, "stage_1_restrained_charges": null, "stage_2_unrestrained_charges": null, "stage_2_restrained_charges": null, "keep_original_orientation": false, "reorientations": [], "translations": [], "rotations": []}}]}, "surface_constraints": {"matrix": [[813645491543885.4, 789366629284800.9, 759213767986230.4, 725326290625871.2, 703940311117696.5, 686115805204232.8, 650539919246409.2, 634977903477042.2, 653993548372111.8, 690272321127046.1, 817350858843062.9, 818683851398841.0, 817966497170154.6, 788006683338756.0, 788465418174163.4, 764768027206651.0, 752254461700067.4, 717795999379036.1, 719160504727049.2, 692754022137048.6, 626561854067478.2, 601504727176667.2, 631980132506480.8, 700677720680364.8], [789366629284800.9, 805360176716609.2, 784116820994868.5, 754849130436150.0, 729485718581883.4, 711514914434252.4, 671094515147307.0, 652229356444067.1, 671776577990103.2, 711951280308988.0, 782692899011237.8, 783567357593660.4, 783110334151830.6, 816622123163323.8, 816123635059644.9, 784418022402980.5, 784754789570855.6, 748266278723655.4, 753836007261622.8, 722186812919119.5, 646430677879230.8, 616412314223953.5, 647644836598849.2, 722944420478920.0], [759213767986230.4, 784116820994868.5, 801868330902647.0, 780833089354806.1, 749985798000906.8, 729681385597147.2, 685189071097353.5, 664726775620825.0, 685739207667492.5, 730063025615476.9, 745549206637668.1, 756204894975001.6, 751844655437859.6, 783759233623085.0, 783645199038927.2, 814575915988864.2, 814209340773492.1, 782557414493229.4, 781609260036976.5, 742840438177160.1, 659562903412796.4, 627318711655586.4, 660548744964237.0, 743594753895823.4], [725326290625871.2, 754849130436150.0, 780833089354806.1, 797585232467362.8, 772801514367042.9, 753554805738660.5, 709866885496323.4, 689512749494438.1, 710187323163152.5, 753638527626718.2, 711554812705383.6, 717578976816800.5, 719939320604343.0, 757807365712848.0, 750200399101303.6, 782415667304016.6, 782030227403959.8, 811098189341139.2, 810257187946930.1, 766137736351153.9, 684263705972002.6, 652025197600882.6, 684883291478167.4, 766278321119549.5], [703940311117696.5, 729485718581883.4, 749985798000906.8, 772801514367042.9, 779550268509529.0, 773178693150261.9, 748329153764062.9, 734743704529868.1, 748681270608068.4, 773301349684685.6, 690285341066356.2, 694460034084411.5, 703294408519823.1, 728374772266660.1, 730439317205033.2, 747605742315124.8, 747470852745257.8, 776009532725453.1, 775047135606358.9, 776670886553537.6, 727497754233216.0, 704182285012407.6, 728157346211439.0, 776884605472137.5], [686115805204232.8, 711514914434252.4, 729681385597147.2, 753554805738660.5, 773178693150261.9, 796207025852675.9, 780576544841236.6, 750293666578256.0, 740497830739830.8, 752483468990202.5, 672424746835317.4, 676056613772109.1, 686361789895258.1, 710304999786075.6, 714568121183656.4, 722766239553365.5, 729045002931369.0, 749209994780582.9, 754135099276103.8, 814427371298749.0, 778067306071200.2, 725071472003033.0, 711985952426830.9, 736272861088668.5], [650539919246409.2, 671094515147307.0, 685189071097353.5, 709866885496323.4, 748329153764062.9, 780576544841236.6, 795351799145413.1, 776159496326396.2, 750507996168380.5, 740383102093007.1, 638359972063056.4, 640162876023377.9, 653821205425388.5, 667221796438470.9, 676693456063935.5, 677092257141491.0, 681879920431238.6, 699990326297662.1, 703463136594403.1, 783228280161134.5, 806903667018357.9, 769433591804794.9, 727312949613783.0, 716814239632179.0], [634977903477042.2, 652229356444067.1, 664726775620825.0, 689512749494438.1, 734743704529868.1, 750293666578256.0, 776159496326396.2, 790607639051965.5, 776599053520585.4, 750580245479584.8, 623753566767566.9, 624678570433635.0, 639987002913303.9, 646704113834339.9, 658404101592766.5, 658320812257050.8, 658325068571379.9, 679472580211379.0, 679143367813117.6, 732926782901722.6, 771972419694021.0, 799211629712659.0, 772721233960870.0, 733432489928299.5], [653993548372111.8, 671776577990103.2, 685739207667492.5, 710187323163152.5, 748681270608068.4, 740497830739830.8, 750507996168380.5, 776599053520585.4, 796211881447070.4, 781229233189092.8, 642210655046558.6, 643692987523405.0, 658851076398233.5, 666256016856168.2, 676868316261867.8, 682523972160456.1, 677617762392643.4, 704043655598312.6, 699804897448584.9, 716711993592602.9, 727010558939997.4, 769870968558750.2, 808077452645724.1, 784078351227657.8], [690272321127046.1, 711951280308988.0, 730063025615476.9, 753638527626718.2, 773301349684685.6, 752483468990202.5, 740383102093007.1, 750580245479584.8, 781229233189092.8, 796555472284804.6, 677180312198383.2, 680124154098194.4, 692838836110039.2, 708250469294406.1, 714475734757229.2, 729680264483209.6, 723101268735566.1, 754736688732905.8, 748475787628706.5, 736116306112081.2, 711595717414060.9, 725376764405698.2, 779067608213631.5, 814876958058240.2], [817350858843062.9, 782692899011237.8, 745549206637668.1, 711554812705383.6, 690285341066356.2, 672424746835317.4, 638359972063056.4, 623753566767566.9, 642210655046558.6, 677180312198383.2, 851863542408057.0, 810563477988742.0, 811465196276903.8, 781812309332670.9, 779258201699160.0, 749740055452463.8, 735271445420227.1, 705204951270785.1, 704287619222723.1, 677834964093361.0, 614836454961250.9, 591311694887914.1, 620849633773317.5, 687006650942128.6], [818683851398841.0, 783567357593660.4, 756204894975001.6, 717578976816800.5, 694460034084411.5, 676056613772109.1, 640162876023377.9, 624678570433635.0, 643692987523405.0, 680124154098194.4, 810563477988742.0, 856618790772077.9, 811712945489426.1, 779236542140743.9, 774469224558783.4, 762532083359391.8, 754307566482904.1, 710626866237560.9, 709193513476357.5, 682604361076071.5, 616192562101214.5, 591417798105453.6, 621738810517400.1, 690083858342205.0], [817966497170154.6, 783110334151830.6, 751844655437859.6, 719939320604343.0, 703294408519823.1, 686361789895258.1, 653821205425388.5, 639987002913303.9, 658851076398233.5, 692838836110039.2, 811465196276903.8, 811712945489426.1, 852850437655949.5, 773719882962531.6, 783242301279170.2, 761714837719683.6, 738141263262078.5, 710275835047451.4, 713460852456425.0, 691099045417461.4, 630213324963483.9, 607506768278028.9, 638011290746567.4, 703789748231091.2], [788006683338756.0, 816622123163323.8, 783759233623085.0, 757807365712848.0, 728374772266660.1, 710304999786075.6, 667221796438470.9, 646704113834339.9, 666256016856168.2, 708250469294406.1, 781812309332670.9, 779236542140743.9, 773719882962531.6, 859219011806042.4, 816097293119402.5, 771622182819603.2, 784174964330369.5, 750047394722869.1, 763463449609437.6, 724084716124839.2, 642724106515810.4, 610310055452295.9, 641501989966288.5, 719805832270165.1], [788465418174163.4, 816123635059644.9, 783645199038927.2, 750200399101303.6, 730439317205033.2, 714568121183656.4, 676693456063935.5, 658404101592766.5, 676868316261867.8, 714475734757229.2, 779258201699160.0, 774469224558783.4, 783242301279170.2, 816097293119402.5, 857014858057599.1, 781444536041051.1, 781355055589833.1, 739800718118801.2, 745494319790319.8, 723302447348307.6, 652180333033578.0, 622853254283678.4, 652580822863680.1, 723153433210858.0], [764768027206651.0, 784418022402980.5, 814575915988864.2, 782415667304016.6, 747605742315124.8, 722766239553365.5, 677092257141491.0, 658320812257050.8, 682523972160456.1, 729680264483209.6, 749740055452463.8, 762532083359391.8, 761714837719683.6, 771622182819603.2, 781444536041051.1, 857796913331915.2, 815777562267951.5, 786663714288109.9, 775114279402849.2, 734043872340059.6, 649838123173601.8, 620291680530206.6, 658219550552476.0, 747470420416736.6], [752254461700067.4, 784754789570855.6, 814209340773492.1, 782030227403959.8, 747470852745257.8, 729045002931369.0, 681879920431238.6, 658325068571379.9, 677617762392643.4, 723101268735566.1, 735271445420227.1, 754307566482904.1, 738141263262078.5, 784174964330369.5, 781355055589833.1, 815777562267951.5, 856388835633426.6, 778570680653256.5, 782322723454474.8, 745967590496865.9, 657021682073387.2, 620263725864548.6, 650691993247671.9, 734559380628971.0], [717795999379036.1, 748266278723655.4, 782557414493229.4, 811098189341139.2, 776009532725453.1, 749209994780582.9, 699990326297662.1, 679472580211379.0, 704043655598312.6, 754736688732905.8, 705204951270785.1, 710626866237560.9, 710275835047451.4, 750047394722869.1, 739800718118801.2, 786663714288109.9, 778570680653256.5, 854049897912223.1, 812353417767831.4, 761749064339733.1, 671754231145941.9, 639888276555937.4, 677896586656578.2, 772649505447257.0], [719160504727049.2, 753836007261622.8, 781609260036976.5, 810257187946930.1, 775047135606358.9, 754135099276103.8, 703463136594403.1, 679143367813117.6, 699804897448584.9, 748475787628706.5, 704287619222723.1, 709193513476357.5, 713460852456425.0, 763463449609437.6, 745494319790319.8, 775114279402849.2, 782322723454474.8, 812353417767831.4, 852688956498244.5, 772416191080081.2, 677324928984332.1, 639712978270152.6, 672027964967151.0, 761176268417725.9], [692754022137048.6, 722186812919119.5, 742840438177160.1, 766137736351153.9, 776670886553537.6, 814427371298749.0, 783228280161134.5, 732926782901722.6, 716711993592602.9, 736116306112081.2, 677834964093361.0, 682604361076071.5, 691099045417461.4, 724084716124839.2, 723302447348307.6, 734043872340059.6, 745967590496865.9, 761749064339733.1, 772416191080081.2, 861183738240772.4, 787734270430373.6, 701678180255305.1, 680253538436516.0, 714114236743473.4], [626561854067478.2, 646430677879230.8, 659562903412796.4, 684263705972002.6, 727497754233216.0, 778067306071200.2, 806903667018357.9, 771972419694021.0, 727010558939997.4, 711595717414060.9, 614836454961250.9, 616192562101214.5, 630213324963483.9, 642724106515810.4, 652180333033578.0, 649838123173601.8, 657021682073387.2, 671754231145941.9, 677324928984332.1, 787734270430373.6, 846414946327899.9, 771723154304356.1, 697608238471518.9, 680107387660813.8], [601504727176667.2, 616412314223953.5, 627318711655586.4, 652025197600882.6, 704182285012407.6, 725071472003033.0, 769433591804794.9, 799211629712659.0, 769870968558750.2, 725376764405698.2, 591311694887914.1, 591417798105453.6, 607506768278028.9, 610310055452295.9, 622853254283678.4, 620291680530206.6, 620263725864548.6, 639888276555937.4, 639712978270152.6, 701678180255305.1, 771723154304356.1, 836009319880807.4, 772463956782048.8, 702217877031784.6], [631980132506480.8, 647644836598849.2, 660548744964237.0, 684883291478167.4, 728157346211439.0, 711985952426830.9, 727312949613783.0, 772721233960870.0, 808077452645724.1, 779067608213631.5, 620849633773317.5, 621738810517400.1, 638011290746567.4, 641501989966288.5, 652580822863680.1, 658219550552476.0, 650691993247671.9, 677896586656578.2, 672027964967151.0, 680253538436516.0, 697608238471518.9, 772463956782048.8, 847885385747832.1, 788974609408702.6], [700677720680364.8, 722944420478920.0, 743594753895823.4, 766278321119549.5, 776884605472137.5, 736272861088668.5, 716814239632179.0, 733432489928299.5, 784078351227657.8, 814876958058240.2, 687006650942128.6, 690083858342205.0, 703789748231091.2, 719805832270165.1, 723153433210858.0, 747470420416736.6, 734559380628971.0, 772649505447257.0, 761176268417725.9, 714114236743473.4, 680107387660813.8, 702217877031784.6, 788974609408702.6, 861658005064170.9], [-1330905773677.8655, -83242539294.08395, 904173540037.4937, -960485202970.7124, -6748643348939.254, -7706883322083.884, -9762508243042.84, -10711120193628.602, -9796497435217.203, -7744097291087.524, -1573025225563.2153, -1141234372787.5457, -2065370587938.7417, 1065081772852.4011, -1229968378300.8457, 1899795710921.472, 1697947932126.1921, 565113618782.4841, 743365474407.7642, -3431981055593.593, -6966162816744.948, -8411108138058.61, -7016685108047.932, -3505789955021.3525]]}}