{"resp_b": 0.1, "restrained_fit": true, "exclude_hydrogens": true, "convergence_tolerance": 1e-06, "max_iter": 500, "resp_a": 0.0005, "charge_constraints": {"charge_sum_constraints": [], "charge_equivalence_constraints": [], "molecules": [{"qcmol": {"schema_name": "qcschema_molecule", "schema_version": 2, "validated": true, "symbols": ["C", "C", "C", "C", "C", "C", "C", "C", "C", "C", "H", "H", "H", "H", "H", "H", "H", "H", "H", "H", "H", "H", "H", "H"], "geometry": [[0.0, -0.0, 0.0], [2.890927883475845, 1.1699080579180615e-16, -1.8872455573267917e-16], [4.086630550024044, 2.638434212721636, 1.1102230246251565e-15], [3.6620448603939497, 4.21727278400728, -2.4066073427529693], [4.849342468578718, 3.109373758292538, -4.766699528055852], [7.459987367313646, 3.1640500931106286, -5.100074790059721], [8.569105008928581, 2.14806284661454, -7.238406877305004], [7.084046189379152, 1.0535989552782499, -9.100404606355974], [4.488017142331879, 0.9935077438373847, -8.79942607573016], [3.385540208388937, 2.0156983965119903, -6.651404630795725], [-0.7268304099568302, -1.9137361911511455, 0.13461125876559232], [-0.7402698198207518, 1.061732669290562, 1.594582914047579], [-0.7712962815766521, 0.8268141910096045, -1.7106203404835862], [3.545568941586026, -0.9954616878280199, 1.6739096367345998], [3.5795508567980177, -1.0708844358565444, -1.6095608797890397], [3.360086760807037, 3.702357721446772, 1.6032636625819332], [6.108251121677189, 2.4450314330243343, 0.30786833941675695], [4.445003651121373, 6.088754910946934, -2.0855301948208766], [1.6539742439462248, 4.48896888867636, -2.7185583460386056], [8.634496030268203, 4.021266835874331, -3.676671960493655], [10.58898294107371, 2.2165045460092387, -7.457769909968302], [7.943141752896115, 0.2663343152494919, -10.765362820937998], [3.3145910151020015, 0.15755183978451903, -10.233584797394562], [1.3624166989327169, 1.9657358461320376, -6.448969832726901]], "name": "C10H14", "identifiers": {"molecule_hash": "31359e883fc1ef3089156fd353e462144887c328", "molecular_formula": "C10H14"}, "molecular_charge": 0.0, "molecular_multiplicity": 1, "connectivity": [[0, 1, 1.0], [0, 10, 1.0], [0, 11, 1.0], [0, 12, 1.0], [1, 2, 1.0], [1, 13, 1.0], [1, 14, 1.0], [2, 3, 1.0], [2, 15, 1.0], [2, 16, 1.0], [3, 4, 1.0], [3, 17, 1.0], [3, 18, 1.0], [4, 5, 1.5], [4, 9, 1.5], [5, 6, 1.5], [5, 19, 1.0], [6, 7, 1.5], [6, 20, 1.0], [7, 8, 1.5], [7, 21, 1.0], [8, 9, 1.5], [8, 22, 1.0], [9, 23, 1.0]], "fix_com": true, "fix_orientation": true, "provenance": {"creator": "QCElemental", "version": "v0.22.0", "routine": "qcelemental.molparse.from_schema"}, "id": "166144"}, "charge": 0, "optimize_geometry": false, "conformers": [], "conformer_generation_options": {"n_conformer_pool": 4000, "n_max_conformers": 0, "rms_tolerance": 0.05, "energy_window": 15, "keep_original_conformer": true}, "stage_1_unrestrained_charges": null, "stage_1_restrained_charges": null, "stage_2_unrestrained_charges": null, "stage_2_restrained_charges": null, "keep_original_orientation": false, "reorientations": [], "translations": [], "rotations": []}], "unconstrained_atoms": [{"index": 0, "molecule": {"qcmol": {"schema_name": "qcschema_molecule", "schema_version": 2, "validated": true, "symbols": ["C", "C", "C", "C", "C", "C", "C", "C", "C", "C", "H", "H", "H", "H", "H", "H", "H", "H", "H", "H", "H", "H", "H", "H"], "geometry": [[0.0, -0.0, 0.0], [2.890927883475845, 1.1699080579180615e-16, -1.8872455573267917e-16], [4.086630550024044, 2.638434212721636, 1.1102230246251565e-15], [3.6620448603939497, 4.21727278400728, -2.4066073427529693], [4.849342468578718, 3.109373758292538, -4.766699528055852], [7.459987367313646, 3.1640500931106286, -5.100074790059721], [8.569105008928581, 2.14806284661454, -7.238406877305004], [7.084046189379152, 1.0535989552782499, -9.100404606355974], [4.488017142331879, 0.9935077438373847, -8.79942607573016], [3.385540208388937, 2.0156983965119903, -6.651404630795725], [-0.7268304099568302, -1.9137361911511455, 0.13461125876559232], [-0.7402698198207518, 1.061732669290562, 1.594582914047579], [-0.7712962815766521, 0.8268141910096045, -1.7106203404835862], [3.545568941586026, -0.9954616878280199, 1.6739096367345998], [3.5795508567980177, -1.0708844358565444, -1.6095608797890397], [3.360086760807037, 3.702357721446772, 1.6032636625819332], [6.108251121677189, 2.4450314330243343, 0.30786833941675695], [4.445003651121373, 6.088754910946934, -2.0855301948208766], [1.6539742439462248, 4.48896888867636, -2.7185583460386056], [8.634496030268203, 4.021266835874331, -3.676671960493655], [10.58898294107371, 2.2165045460092387, -7.457769909968302], [7.943141752896115, 0.2663343152494919, -10.765362820937998], [3.3145910151020015, 0.15755183978451903, -10.233584797394562], [1.3624166989327169, 1.9657358461320376, -6.448969832726901]], "name": "C10H14", "identifiers": {"molecule_hash": "31359e883fc1ef3089156fd353e462144887c328", "molecular_formula": "C10H14"}, "molecular_charge": 0.0, "molecular_multiplicity": 1, "connectivity": [[0, 1, 1.0], [0, 10, 1.0], [0, 11, 1.0], [0, 12, 1.0], [1, 2, 1.0], [1, 13, 1.0], [1, 14, 1.0], [2, 3, 1.0], [2, 15, 1.0], [2, 16, 1.0], [3, 4, 1.0], [3, 17, 1.0], [3, 18, 1.0], [4, 5, 1.5], [4, 9, 1.5], [5, 6, 1.5], [5, 19, 1.0], [6, 7, 1.5], [6, 20, 1.0], [7, 8, 1.5], [7, 21, 1.0], [8, 9, 1.5], [8, 22, 1.0], [9, 23, 1.0]], "fix_com": true, "fix_orientation": true, "provenance": {"creator": "QCElemental", "version": "v0.22.0", "routine": "qcelemental.molparse.from_schema"}, "id": "166144"}, "charge": 0, "optimize_geometry": false, "conformers": [], "conformer_generation_options": {"n_conformer_pool": 4000, "n_max_conformers": 0, "rms_tolerance": 0.05, "energy_window": 15, "keep_original_conformer": true}, "stage_1_unrestrained_charges": null, "stage_1_restrained_charges": null, "stage_2_unrestrained_charges": null, "stage_2_restrained_charges": null, "keep_original_orientation": false, "reorientations": [], "translations": [], "rotations": []}}, {"index": 1, "molecule": {"qcmol": {"schema_name": "qcschema_molecule", "schema_version": 2, "validated": true, "symbols": ["C", "C", "C", "C", "C", "C", "C", "C", "C", "C", "H", "H", "H", "H", "H", "H", "H", "H", "H", "H", "H", "H", "H", "H"], "geometry": [[0.0, -0.0, 0.0], [2.890927883475845, 1.1699080579180615e-16, -1.8872455573267917e-16], [4.086630550024044, 2.638434212721636, 1.1102230246251565e-15], [3.6620448603939497, 4.21727278400728, -2.4066073427529693], [4.849342468578718, 3.109373758292538, -4.766699528055852], [7.459987367313646, 3.1640500931106286, -5.100074790059721], [8.569105008928581, 2.14806284661454, -7.238406877305004], [7.084046189379152, 1.0535989552782499, -9.100404606355974], [4.488017142331879, 0.9935077438373847, -8.79942607573016], [3.385540208388937, 2.0156983965119903, -6.651404630795725], [-0.7268304099568302, -1.9137361911511455, 0.13461125876559232], [-0.7402698198207518, 1.061732669290562, 1.594582914047579], [-0.7712962815766521, 0.8268141910096045, -1.7106203404835862], [3.545568941586026, -0.9954616878280199, 1.6739096367345998], [3.5795508567980177, -1.0708844358565444, -1.6095608797890397], [3.360086760807037, 3.702357721446772, 1.6032636625819332], [6.108251121677189, 2.4450314330243343, 0.30786833941675695], [4.445003651121373, 6.088754910946934, -2.0855301948208766], [1.6539742439462248, 4.48896888867636, -2.7185583460386056], [8.634496030268203, 4.021266835874331, -3.676671960493655], [10.58898294107371, 2.2165045460092387, -7.457769909968302], [7.943141752896115, 0.2663343152494919, -10.765362820937998], [3.3145910151020015, 0.15755183978451903, -10.233584797394562], [1.3624166989327169, 1.9657358461320376, -6.448969832726901]], "name": "C10H14", "identifiers": {"molecule_hash": "31359e883fc1ef3089156fd353e462144887c328", "molecular_formula": "C10H14"}, "molecular_charge": 0.0, "molecular_multiplicity": 1, "connectivity": [[0, 1, 1.0], [0, 10, 1.0], [0, 11, 1.0], [0, 12, 1.0], [1, 2, 1.0], [1, 13, 1.0], [1, 14, 1.0], [2, 3, 1.0], [2, 15, 1.0], [2, 16, 1.0], [3, 4, 1.0], [3, 17, 1.0], [3, 18, 1.0], [4, 5, 1.5], [4, 9, 1.5], [5, 6, 1.5], [5, 19, 1.0], [6, 7, 1.5], [6, 20, 1.0], [7, 8, 1.5], [7, 21, 1.0], [8, 9, 1.5], [8, 22, 1.0], [9, 23, 1.0]], "fix_com": true, "fix_orientation": true, "provenance": {"creator": "QCElemental", "version": "v0.22.0", "routine": "qcelemental.molparse.from_schema"}, "id": "166144"}, "charge": 0, "optimize_geometry": false, "conformers": [], "conformer_generation_options": {"n_conformer_pool": 4000, "n_max_conformers": 0, "rms_tolerance": 0.05, "energy_window": 15, "keep_original_conformer": true}, "stage_1_unrestrained_charges": null, "stage_1_restrained_charges": null, "stage_2_unrestrained_charges": null, "stage_2_restrained_charges": null, "keep_original_orientation": false, "reorientations": [], "translations": [], "rotations": []}}, {"index": 2, "molecule": {"qcmol": {"schema_name": "qcschema_molecule", "schema_version": 2, "validated": true, "symbols": ["C", "C", "C", "C", "C", "C", "C", "C", "C", "C", "H", "H", "H", "H", "H", "H", "H", "H", "H", "H", "H", "H", "H", "H"], "geometry": [[0.0, -0.0, 0.0], [2.890927883475845, 1.1699080579180615e-16, -1.8872455573267917e-16], [4.086630550024044, 2.638434212721636, 1.1102230246251565e-15], [3.6620448603939497, 4.21727278400728, -2.4066073427529693], [4.849342468578718, 3.109373758292538, -4.766699528055852], [7.459987367313646, 3.1640500931106286, -5.100074790059721], [8.569105008928581, 2.14806284661454, -7.238406877305004], [7.084046189379152, 1.0535989552782499, -9.100404606355974], [4.488017142331879, 0.9935077438373847, -8.79942607573016], [3.385540208388937, 2.0156983965119903, -6.651404630795725], [-0.7268304099568302, -1.9137361911511455, 0.13461125876559232], [-0.7402698198207518, 1.061732669290562, 1.594582914047579], [-0.7712962815766521, 0.8268141910096045, -1.7106203404835862], [3.545568941586026, -0.9954616878280199, 1.6739096367345998], [3.5795508567980177, -1.0708844358565444, -1.6095608797890397], [3.360086760807037, 3.702357721446772, 1.6032636625819332], [6.108251121677189, 2.4450314330243343, 0.30786833941675695], [4.445003651121373, 6.088754910946934, -2.0855301948208766], [1.6539742439462248, 4.48896888867636, -2.7185583460386056], [8.634496030268203, 4.021266835874331, -3.676671960493655], [10.58898294107371, 2.2165045460092387, -7.457769909968302], [7.943141752896115, 0.2663343152494919, -10.765362820937998], [3.3145910151020015, 0.15755183978451903, -10.233584797394562], [1.3624166989327169, 1.9657358461320376, -6.448969832726901]], "name": "C10H14", "identifiers": {"molecule_hash": "31359e883fc1ef3089156fd353e462144887c328", "molecular_formula": "C10H14"}, "molecular_charge": 0.0, "molecular_multiplicity": 1, "connectivity": [[0, 1, 1.0], [0, 10, 1.0], [0, 11, 1.0], [0, 12, 1.0], [1, 2, 1.0], [1, 13, 1.0], [1, 14, 1.0], [2, 3, 1.0], [2, 15, 1.0], [2, 16, 1.0], [3, 4, 1.0], [3, 17, 1.0], [3, 18, 1.0], [4, 5, 1.5], [4, 9, 1.5], [5, 6, 1.5], [5, 19, 1.0], [6, 7, 1.5], [6, 20, 1.0], [7, 8, 1.5], [7, 21, 1.0], [8, 9, 1.5], [8, 22, 1.0], [9, 23, 1.0]], "fix_com": true, "fix_orientation": true, "provenance": {"creator": "QCElemental", "version": "v0.22.0", "routine": "qcelemental.molparse.from_schema"}, "id": "166144"}, "charge": 0, "optimize_geometry": false, "conformers": [], "conformer_generation_options": {"n_conformer_pool": 4000, "n_max_conformers": 0, "rms_tolerance": 0.05, "energy_window": 15, "keep_original_conformer": true}, "stage_1_unrestrained_charges": null, "stage_1_restrained_charges": null, "stage_2_unrestrained_charges": null, "stage_2_restrained_charges": null, "keep_original_orientation": false, "reorientations": [], "translations": [], "rotations": []}}, {"index": 3, "molecule": {"qcmol": {"schema_name": "qcschema_molecule", "schema_version": 2, "validated": true, "symbols": ["C", "C", "C", "C", "C", "C", "C", "C", "C", "C", "H", "H", "H", "H", "H", "H", "H", "H", "H", "H", "H", "H", "H", "H"], "geometry": [[0.0, -0.0, 0.0], [2.890927883475845, 1.1699080579180615e-16, -1.8872455573267917e-16], [4.086630550024044, 2.638434212721636, 1.1102230246251565e-15], [3.6620448603939497, 4.21727278400728, -2.4066073427529693], [4.849342468578718, 3.109373758292538, -4.766699528055852], [7.459987367313646, 3.1640500931106286, -5.100074790059721], [8.569105008928581, 2.14806284661454, -7.238406877305004], [7.084046189379152, 1.0535989552782499, -9.100404606355974], [4.488017142331879, 0.9935077438373847, -8.79942607573016], [3.385540208388937, 2.0156983965119903, -6.651404630795725], [-0.7268304099568302, -1.9137361911511455, 0.13461125876559232], [-0.7402698198207518, 1.061732669290562, 1.594582914047579], [-0.7712962815766521, 0.8268141910096045, -1.7106203404835862], [3.545568941586026, -0.9954616878280199, 1.6739096367345998], [3.5795508567980177, -1.0708844358565444, -1.6095608797890397], [3.360086760807037, 3.702357721446772, 1.6032636625819332], [6.108251121677189, 2.4450314330243343, 0.30786833941675695], [4.445003651121373, 6.088754910946934, -2.0855301948208766], [1.6539742439462248, 4.48896888867636, -2.7185583460386056], [8.634496030268203, 4.021266835874331, -3.676671960493655], [10.58898294107371, 2.2165045460092387, -7.457769909968302], [7.943141752896115, 0.2663343152494919, -10.765362820937998], [3.3145910151020015, 0.15755183978451903, -10.233584797394562], [1.3624166989327169, 1.9657358461320376, -6.448969832726901]], "name": "C10H14", "identifiers": {"molecule_hash": "31359e883fc1ef3089156fd353e462144887c328", "molecular_formula": "C10H14"}, "molecular_charge": 0.0, "molecular_multiplicity": 1, "connectivity": [[0, 1, 1.0], [0, 10, 1.0], [0, 11, 1.0], [0, 12, 1.0], [1, 2, 1.0], [1, 13, 1.0], [1, 14, 1.0], [2, 3, 1.0], [2, 15, 1.0], [2, 16, 1.0], [3, 4, 1.0], [3, 17, 1.0], [3, 18, 1.0], [4, 5, 1.5], [4, 9, 1.5], [5, 6, 1.5], [5, 19, 1.0], [6, 7, 1.5], [6, 20, 1.0], [7, 8, 1.5], [7, 21, 1.0], [8, 9, 1.5], [8, 22, 1.0], [9, 23, 1.0]], "fix_com": true, "fix_orientation": true, "provenance": {"creator": "QCElemental", "version": "v0.22.0", "routine": "qcelemental.molparse.from_schema"}, "id": "166144"}, "charge": 0, "optimize_geometry": false, "conformers": [], "conformer_generation_options": {"n_conformer_pool": 4000, "n_max_conformers": 0, "rms_tolerance": 0.05, "energy_window": 15, "keep_original_conformer": true}, "stage_1_unrestrained_charges": null, "stage_1_restrained_charges": null, "stage_2_unrestrained_charges": null, "stage_2_restrained_charges": null, "keep_original_orientation": false, "reorientations": [], "translations": [], "rotations": []}}]}, "surface_constraints": {"matrix": [[4771.819337321603, 4631.435596587738, 4455.771289777929, 4266.066661588794, 4136.439124942647, 4025.7260741684877, 3808.140686462995, 3714.358630911521, 3830.146133569143, 4051.7304871116703, 4793.320406178619, 4800.800520335702, 4799.821917435943, 4623.296768956795, 4624.50015513433, 4483.802482478676, 4411.4309073581635, 4222.161544211638, 4235.90076090396, 4066.0696162243366, 3662.9692715019924, 3512.960159314389, 3697.868398897863, 4115.518518970299], [4631.435596587738, 4723.751161581548, 4600.615364889885, 4432.600681791763, 4278.799311163618, 4165.479217412798, 3922.5677701539457, 3812.609315538135, 3931.8167550969497, 4174.173918051716, 4591.735849221841, 4596.931112761562, 4596.94041988151, 4789.702920250659, 4785.093088029421, 4601.382780764788, 4602.8158886726305, 4395.088023863496, 4430.073245023253, 4226.395569669655, 3773.3930971391987, 3599.2371591471247, 3788.938156964671, 4242.202474962563], [4455.771289777929, 4600.615364889885, 4702.15325868516, 4582.3957681259835, 4404.613789577788, 4283.226049063107, 4021.042961059034, 3901.85896278024, 4027.2079675756345, 4288.821496136043, 4375.463519615037, 4438.430058418795, 4413.326231505843, 4599.644317916904, 4597.204123633088, 4775.119016491344, 4772.530953818671, 4591.388302657275, 4587.266597610446, 4359.062652066668, 3868.378778938928, 3680.449967369951, 3878.9899172093674, 4369.7527457006545], [4266.066661588794, 4432.600681791763, 4582.3957681259835, 4680.30447296978, 4539.131157643832, 4427.680806006261, 4172.54482927613, 4053.5796971224436, 4174.362184815524, 4427.536103634891, 4184.027607207522, 4225.1151972763855, 4235.833644820002, 4447.826445420265, 4402.531904529619, 4590.082073184205, 4587.675417544084, 4758.24012221706, 4754.967030034239, 4500.498589501892, 4021.235602878105, 3832.523963511984, 4025.0717930846795, 4499.740016834879], [4136.439124942647, 4278.799311163618, 4404.613789577788, 4539.131157643832, 4581.050523531884, 4544.3515739444, 4399.186441684537, 4319.924900774145, 4401.30315243123, 4544.803779793529, 4051.4943545445235, 4094.720231545397, 4130.4130290377, 4264.74471756156, 4279.979271145278, 4391.864230582201, 4390.046517564069, 4557.705382963918, 4553.02702215253, 4563.382961788494, 4275.633774641525, 4139.535234577765, 4279.8090527245595, 4563.908460774066], [4025.7260741684877, 4165.479217412798, 4283.226049063107, 4427.680806006261, 4544.3515739444, 4678.495188010081, 4587.18562100403, 4410.833866217368, 4353.807702288927, 4423.895176127158, 3941.469131316997, 3985.4069675093324, 4021.461066787223, 4146.88062091475, 4177.072381384336, 4245.6289814316415, 4279.647659846468, 4405.4897081511535, 4431.39540520091, 4783.407214119734, 4571.278906065697, 4261.971090754605, 4185.264301580617, 4327.1988721812695], [3808.140686462995, 3922.5677701539457, 4021.042961059034, 4172.54482927613, 4399.186441684537, 4587.18562100403, 4672.94200829646, 4561.428663013345, 4411.924826028065, 4353.05445194275, 3729.3574339089096, 3771.3274378963733, 3817.8001390826657, 3888.087734530839, 3948.7662583266188, 3977.076911581473, 4003.1140247201674, 4118.22358179288, 4136.41648135741, 4601.040742278033, 4739.370379290249, 4521.441348457674, 4274.643646952798, 4213.237253115551], [3714.358630911521, 3812.609315538135, 3901.85896278024, 4053.5796971224436, 4319.924900774145, 4410.833866217368, 4561.428663013345, 4645.732028840722, 4564.027075806977, 4412.542870870003, 3637.5448765225165, 3679.379964222385, 3733.5238429925025, 3769.826248498992, 3843.3690211513667, 3867.632646910446, 3866.368647545197, 3996.6803081383673, 3995.068039205925, 4307.339522039636, 4535.646534390474, 4695.778379884774, 4540.169483757282, 4310.453178857469], [3830.146133569143, 3931.8167550969497, 4027.2079675756345, 4174.362184815524, 4401.30315243123, 4353.807702288927, 4411.924826028065, 4564.027075806977, 4677.987584667709, 4591.0652873134395, 3748.9376064809, 3793.319242861344, 3851.413341607853, 3889.8508361664576, 3957.335337501841, 4011.4074740423894, 3981.988596266675, 4137.98717561871, 4116.197906359268, 4212.72837036731, 4272.727271660608, 4524.166550187007, 4746.326218559018, 4606.197835196263], [4051.7304871116703, 4174.173918051716, 4288.821496136043, 4427.536103634891, 4544.803779793529, 4423.895176127158, 4353.05445194275, 4412.542870870003, 4591.0652873134395, 4680.270018512623, 3965.5537808590275, 4010.202188369972, 4063.7417784276176, 4144.351874351716, 4185.050169274984, 4288.430424994454, 4250.149030087514, 4431.70255492583, 4399.535801975666, 4326.4586148533435, 4182.719236148852, 4263.89442973426, 4577.468585746865, 4785.468159248182], [4793.320406178619, 4591.735849221841, 4375.463519615037, 4184.027607207522, 4051.4943545445235, 3941.469131316997, 3729.3574339089096, 3637.5448765225165, 3748.9376064809, 3965.5537808590275, 4996.882951415031, 4753.893464837149, 4760.207266799119, 4583.606795009587, 4571.642020270677, 4394.69952701623, 4313.205466438449, 4146.313914294708, 4150.027337612057, 3977.894318419537, 3587.5356372296324, 3441.1389456305974, 3618.626207803136, 4025.341015584904], [4800.800520335702, 4596.931112761562, 4438.430058418795, 4225.1151972763855, 4094.720231545397, 3985.4069675093324, 3771.3274378963733, 3679.379964222385, 3793.319242861344, 4010.202188369972, 4753.893464837149, 5023.391057797389, 4762.056865953857, 4570.713815032205, 4541.595310465743, 4470.7409078443625, 4421.77459468587, 4182.9526240098885, 4178.326354915696, 4023.870542879225, 3627.6150245523977, 3480.537052691387, 3662.5179127904935, 4069.1463138874524], [4799.821917435943, 4596.94041988151, 4413.326231505843, 4235.833644820002, 4130.4130290377, 4021.461066787223, 3817.8001390826657, 3733.5238429925025, 3851.413341607853, 4063.7417784276176, 4760.207266799119, 4762.056865953857, 5010.209453438927, 4543.703991005006, 4593.538146605307, 4465.862482157852, 4328.063360947029, 4180.748251391214, 4205.568548563355, 4050.9470375777314, 3672.9816886765457, 3535.9788220352452, 3725.4728679264517, 4132.998946431018], [4623.296768956795, 4789.702920250659, 4599.644317916904, 4447.826445420265, 4264.74471756156, 4146.88062091475, 3888.087734530839, 3769.826248498992, 3889.8508361664576, 4144.351874351716, 4583.606795009587, 4570.713815032205, 4543.703991005006, 5041.018226445112, 4783.726231011816, 4530.08808229384, 4600.363605822009, 4406.6092721930945, 4484.240217034365, 4223.380124210888, 3738.8655374710866, 3553.2712786217016, 3743.210520437055, 4216.138917216206], [4624.50015513433, 4785.093088029421, 4597.204123633088, 4402.531904529619, 4279.979271145278, 4177.072381384336, 3948.7662583266188, 3843.3690211513667, 3957.335337501841, 4185.050169274984, 4571.642020270677, 4541.595310465743, 4593.538146605307, 4783.726231011816, 5025.078119209544, 4583.164185563586, 4584.97366011995, 4341.529360208351, 4378.81095197994, 4225.512002914091, 3799.9140233956823, 3631.9203760219916, 3814.3930944462873, 4240.317613722941], [4483.802482478676, 4601.382780764788, 4775.119016491344, 4590.082073184205, 4391.864230582201, 4245.6289814316415, 3977.076911581473, 3867.632646910446, 4011.4074740423894, 4288.430424994454, 4394.69952701623, 4470.7409078443625, 4465.862482157852, 4530.08808229384, 4583.164185563586, 5027.333029684966, 4781.409427245894, 4609.6878908722865, 4548.632307662686, 4311.460724906823, 3815.391898500852, 3642.8581065658973, 3869.121517475788, 4394.655854010725], [4411.4309073581635, 4602.8158886726305, 4772.530953818671, 4587.675417544084, 4390.046517564069, 4279.647659846468, 4003.1140247201674, 3866.368647545197, 3981.988596266675, 4250.149030087514, 4313.205466438449, 4421.77459468587, 4328.063360947029, 4600.363605822009, 4584.97366011995, 4781.409427245894, 5018.03075748756, 4568.7266178263035, 4585.197931244523, 4377.320752634435, 3855.611049278926, 3641.5472734078494, 3824.2624566763975, 4320.632576076555], [4222.161544211638, 4395.088023863496, 4591.388302657275, 4758.24012221706, 4557.705382963918, 4405.4897081511535, 4118.22358179288, 3996.6803081383673, 4137.98717561871, 4431.70255492583, 4146.313914294708, 4182.9526240098885, 4180.748251391214, 4406.6092721930945, 4341.529360208351, 4609.6878908722865, 4568.7266178263035, 5009.282004563969, 4766.374283385721, 4480.290595867252, 3952.6164144234017, 3763.563141443156, 3982.974255050654, 4531.593625319754], [4235.90076090396, 4430.073245023253, 4587.266597610446, 4754.967030034239, 4553.02702215253, 4431.39540520091, 4136.41648135741, 3995.068039205925, 4116.197906359268, 4399.535801975666, 4150.027337612057, 4178.326354915696, 4205.568548563355, 4484.240217034365, 4378.81095197994, 4548.632307662686, 4585.197931244523, 4766.374283385721, 5005.14895983511, 4536.691952322204, 3981.930441688768, 3762.7927457668793, 3952.8504588337587, 4473.034328994231], [4066.0696162243366, 4226.395569669655, 4359.062652066668, 4500.498589501892, 4563.382961788494, 4783.407214119734, 4601.040742278033, 4307.339522039636, 4212.72837036731, 4326.4586148533435, 3977.894318419537, 4023.870542879225, 4050.9470375777314, 4223.380124210888, 4225.512002914091, 4311.460724906823, 4377.320752634435, 4480.290595867252, 4536.691952322204, 5056.206731361956, 4626.961715783069, 4123.010039925123, 3997.4179783462346, 4195.934991953848], [3662.9692715019924, 3773.3930971391987, 3868.378778938928, 4021.235602878105, 4275.633774641525, 4571.278906065697, 4739.370379290249, 4535.646534390474, 4272.727271660608, 4182.719236148852, 3587.5356372296324, 3627.6150245523977, 3672.9816886765457, 3738.8655374710866, 3799.9140233956823, 3815.391898500852, 3855.611049278926, 3952.6164144234017, 3981.930441688768, 4626.961715783069, 4970.960218814869, 4534.2335678384325, 4098.911116066161, 3996.33175910181], [3512.960159314389, 3599.2371591471247, 3680.449967369951, 3832.523963511984, 4139.535234577765, 4261.971090754605, 4521.441348457674, 4695.778379884774, 4524.166550187007, 4263.89442973426, 3441.1389456305974, 3480.537052691387, 3535.9788220352452, 3553.2712786217016, 3631.9203760219916, 3642.8581065658973, 3641.5472734078494, 3763.563141443156, 3762.7927457668793, 4123.010039925123, 4534.2335678384325, 4912.59982956263, 4538.9072293957615, 4126.521083180309], [3697.868398897863, 3788.938156964671, 3878.9899172093674, 4025.0717930846795, 4279.8090527245595, 4185.264301580617, 4274.643646952798, 4540.169483757282, 4746.326218559018, 4577.468585746865, 3618.626207803136, 3662.5179127904935, 3725.4728679264517, 3743.210520437055, 3814.3930944462873, 3869.121517475788, 3824.2624566763975, 3982.974255050654, 3952.8504588337587, 3997.4179783462346, 4098.911116066161, 4538.9072293957615, 4979.512676971412, 4634.876636061335], [4115.518518970299, 4242.202474962563, 4369.7527457006545, 4499.740016834879, 4563.908460774066, 4327.1988721812695, 4213.237253115551, 4310.453178857469, 4606.197835196263, 4785.468159248182, 4025.341015584904, 4069.1463138874524, 4132.998946431018, 4216.138917216206, 4240.317613722941, 4394.655854010725, 4320.632576076555, 4531.593625319754, 4473.034328994231, 4195.934991953848, 3996.33175910181, 4126.521083180309, 4634.876636061335, 5057.705206471724], [-10.1864033136278, -6.0707972763987845, -2.920980942437949, -9.888179251621748, -32.29071016793771, -35.15465529117203, -41.174294096577505, -43.83989321467969, -41.147364098029094, -35.139018963318144, -10.355221728419854, -10.203440531574651, -12.459497830737574, -1.5432647947010518, -10.6526188672553, 0.7190524010007735, 0.12141345094501949, -3.681118078568831, -3.036272629954026, -17.615961132555306, -27.599555457844275, -31.515961033850893, -27.560829766510494, -17.645242689064098]]}}