{"resp_b": 0.1, "restrained_fit": true, "exclude_hydrogens": true, "convergence_tolerance": 1e-06, "max_iter": 500, "resp_a": 0.0005, "charge_constraints": {"charge_sum_constraints": [], "charge_equivalence_constraints": [], "molecules": [{"qcmol": {"schema_name": "qcschema_molecule", "schema_version": 2, "validated": true, "symbols": ["C", "C", "C", "C", "C", "C", "C", "C", "C", "C", "H", "H", "H", "H", "H", "H", "H", "H", "H", "H", "H", "H", "H", "H"], "geometry": [[0.0, -0.0, 0.0], [2.890927883475845, 1.1699080579180615e-16, -1.8872455573267917e-16], [4.086630550024044, 2.638434212721636, 1.1102230246251565e-15], [3.6620448603939497, 4.21727278400728, -2.4066073427529693], [4.849342468578718, 3.109373758292538, -4.766699528055852], [7.459987367313646, 3.1640500931106286, -5.100074790059721], [8.569105008928581, 2.14806284661454, -7.238406877305004], [7.084046189379152, 1.0535989552782499, -9.100404606355974], [4.488017142331879, 0.9935077438373847, -8.79942607573016], [3.385540208388937, 2.0156983965119903, -6.651404630795725], [-0.7268304099568302, -1.9137361911511455, 0.13461125876559232], [-0.7402698198207518, 1.061732669290562, 1.594582914047579], [-0.7712962815766521, 0.8268141910096045, -1.7106203404835862], [3.545568941586026, -0.9954616878280199, 1.6739096367345998], [3.5795508567980177, -1.0708844358565444, -1.6095608797890397], [3.360086760807037, 3.702357721446772, 1.6032636625819332], [6.108251121677189, 2.4450314330243343, 0.30786833941675695], [4.445003651121373, 6.088754910946934, -2.0855301948208766], [1.6539742439462248, 4.48896888867636, -2.7185583460386056], [8.634496030268203, 4.021266835874331, -3.676671960493655], [10.58898294107371, 2.2165045460092387, -7.457769909968302], [7.943141752896115, 0.2663343152494919, -10.765362820937998], [3.3145910151020015, 0.15755183978451903, -10.233584797394562], [1.3624166989327169, 1.9657358461320376, -6.448969832726901]], "name": "C10H14", "identifiers": {"molecule_hash": "31359e883fc1ef3089156fd353e462144887c328", "molecular_formula": "C10H14"}, "molecular_charge": 0.0, "molecular_multiplicity": 1, "connectivity": [[0, 1, 1.0], [0, 10, 1.0], [0, 11, 1.0], [0, 12, 1.0], [1, 2, 1.0], [1, 13, 1.0], [1, 14, 1.0], [2, 3, 1.0], [2, 15, 1.0], [2, 16, 1.0], [3, 4, 1.0], [3, 17, 1.0], [3, 18, 1.0], [4, 5, 1.5], [4, 9, 1.5], [5, 6, 1.5], [5, 19, 1.0], [6, 7, 1.5], [6, 20, 1.0], [7, 8, 1.5], [7, 21, 1.0], [8, 9, 1.5], [8, 22, 1.0], [9, 23, 1.0]], "fix_com": true, "fix_orientation": true, "provenance": {"creator": "QCElemental", "version": "v0.22.0", "routine": "qcelemental.molparse.from_schema"}, "id": "166144"}, "charge": 0, "optimize_geometry": false, "conformers": [], "conformer_generation_options": {"n_conformer_pool": 4000, "n_max_conformers": 0, "rms_tolerance": 0.05, "energy_window": 15, "keep_original_conformer": true}, "stage_1_unrestrained_charges": null, "stage_1_restrained_charges": null, "stage_2_unrestrained_charges": null, "stage_2_restrained_charges": null, "keep_original_orientation": false, "reorientations": [], "translations": [], "rotations": []}], "unconstrained_atoms": [{"index": 0, "molecule": {"qcmol": {"schema_name": "qcschema_molecule", "schema_version": 2, "validated": true, "symbols": ["C", "C", "C", "C", "C", "C", "C", "C", "C", "C", "H", "H", "H", "H", "H", "H", "H", "H", "H", "H", "H", "H", "H", "H"], "geometry": [[0.0, -0.0, 0.0], [2.890927883475845, 1.1699080579180615e-16, -1.8872455573267917e-16], [4.086630550024044, 2.638434212721636, 1.1102230246251565e-15], [3.6620448603939497, 4.21727278400728, -2.4066073427529693], [4.849342468578718, 3.109373758292538, -4.766699528055852], [7.459987367313646, 3.1640500931106286, -5.100074790059721], [8.569105008928581, 2.14806284661454, -7.238406877305004], [7.084046189379152, 1.0535989552782499, -9.100404606355974], [4.488017142331879, 0.9935077438373847, -8.79942607573016], [3.385540208388937, 2.0156983965119903, -6.651404630795725], [-0.7268304099568302, -1.9137361911511455, 0.13461125876559232], [-0.7402698198207518, 1.061732669290562, 1.594582914047579], [-0.7712962815766521, 0.8268141910096045, -1.7106203404835862], [3.545568941586026, -0.9954616878280199, 1.6739096367345998], [3.5795508567980177, -1.0708844358565444, -1.6095608797890397], [3.360086760807037, 3.702357721446772, 1.6032636625819332], [6.108251121677189, 2.4450314330243343, 0.30786833941675695], [4.445003651121373, 6.088754910946934, -2.0855301948208766], [1.6539742439462248, 4.48896888867636, -2.7185583460386056], [8.634496030268203, 4.021266835874331, -3.676671960493655], [10.58898294107371, 2.2165045460092387, -7.457769909968302], [7.943141752896115, 0.2663343152494919, -10.765362820937998], [3.3145910151020015, 0.15755183978451903, -10.233584797394562], [1.3624166989327169, 1.9657358461320376, -6.448969832726901]], "name": "C10H14", "identifiers": {"molecule_hash": "31359e883fc1ef3089156fd353e462144887c328", "molecular_formula": "C10H14"}, "molecular_charge": 0.0, "molecular_multiplicity": 1, "connectivity": [[0, 1, 1.0], [0, 10, 1.0], [0, 11, 1.0], [0, 12, 1.0], [1, 2, 1.0], [1, 13, 1.0], [1, 14, 1.0], [2, 3, 1.0], [2, 15, 1.0], [2, 16, 1.0], [3, 4, 1.0], [3, 17, 1.0], [3, 18, 1.0], [4, 5, 1.5], [4, 9, 1.5], [5, 6, 1.5], [5, 19, 1.0], [6, 7, 1.5], [6, 20, 1.0], [7, 8, 1.5], [7, 21, 1.0], [8, 9, 1.5], [8, 22, 1.0], [9, 23, 1.0]], "fix_com": true, "fix_orientation": true, "provenance": {"creator": "QCElemental", "version": "v0.22.0", "routine": "qcelemental.molparse.from_schema"}, "id": "166144"}, "charge": 0, "optimize_geometry": false, "conformers": [], "conformer_generation_options": {"n_conformer_pool": 4000, "n_max_conformers": 0, "rms_tolerance": 0.05, "energy_window": 15, "keep_original_conformer": true}, "stage_1_unrestrained_charges": null, "stage_1_restrained_charges": null, "stage_2_unrestrained_charges": null, "stage_2_restrained_charges": null, "keep_original_orientation": false, "reorientations": [], "translations": [], "rotations": []}}, {"index": 1, "molecule": {"qcmol": {"schema_name": "qcschema_molecule", "schema_version": 2, "validated": true, "symbols": ["C", "C", "C", "C", "C", "C", "C", "C", "C", "C", "H", "H", "H", "H", "H", "H", "H", "H", "H", "H", "H", "H", "H", "H"], "geometry": [[0.0, -0.0, 0.0], [2.890927883475845, 1.1699080579180615e-16, -1.8872455573267917e-16], [4.086630550024044, 2.638434212721636, 1.1102230246251565e-15], [3.6620448603939497, 4.21727278400728, -2.4066073427529693], [4.849342468578718, 3.109373758292538, -4.766699528055852], [7.459987367313646, 3.1640500931106286, -5.100074790059721], [8.569105008928581, 2.14806284661454, -7.238406877305004], [7.084046189379152, 1.0535989552782499, -9.100404606355974], [4.488017142331879, 0.9935077438373847, -8.79942607573016], [3.385540208388937, 2.0156983965119903, -6.651404630795725], [-0.7268304099568302, -1.9137361911511455, 0.13461125876559232], [-0.7402698198207518, 1.061732669290562, 1.594582914047579], [-0.7712962815766521, 0.8268141910096045, -1.7106203404835862], [3.545568941586026, -0.9954616878280199, 1.6739096367345998], [3.5795508567980177, -1.0708844358565444, -1.6095608797890397], [3.360086760807037, 3.702357721446772, 1.6032636625819332], [6.108251121677189, 2.4450314330243343, 0.30786833941675695], [4.445003651121373, 6.088754910946934, -2.0855301948208766], [1.6539742439462248, 4.48896888867636, -2.7185583460386056], [8.634496030268203, 4.021266835874331, -3.676671960493655], [10.58898294107371, 2.2165045460092387, -7.457769909968302], [7.943141752896115, 0.2663343152494919, -10.765362820937998], [3.3145910151020015, 0.15755183978451903, -10.233584797394562], [1.3624166989327169, 1.9657358461320376, -6.448969832726901]], "name": "C10H14", "identifiers": {"molecule_hash": "31359e883fc1ef3089156fd353e462144887c328", "molecular_formula": "C10H14"}, "molecular_charge": 0.0, "molecular_multiplicity": 1, "connectivity": [[0, 1, 1.0], [0, 10, 1.0], [0, 11, 1.0], [0, 12, 1.0], [1, 2, 1.0], [1, 13, 1.0], [1, 14, 1.0], [2, 3, 1.0], [2, 15, 1.0], [2, 16, 1.0], [3, 4, 1.0], [3, 17, 1.0], [3, 18, 1.0], [4, 5, 1.5], [4, 9, 1.5], [5, 6, 1.5], [5, 19, 1.0], [6, 7, 1.5], [6, 20, 1.0], [7, 8, 1.5], [7, 21, 1.0], [8, 9, 1.5], [8, 22, 1.0], [9, 23, 1.0]], "fix_com": true, "fix_orientation": true, "provenance": {"creator": "QCElemental", "version": "v0.22.0", "routine": "qcelemental.molparse.from_schema"}, "id": "166144"}, "charge": 0, "optimize_geometry": false, "conformers": [], "conformer_generation_options": {"n_conformer_pool": 4000, "n_max_conformers": 0, "rms_tolerance": 0.05, "energy_window": 15, "keep_original_conformer": true}, "stage_1_unrestrained_charges": null, "stage_1_restrained_charges": null, "stage_2_unrestrained_charges": null, "stage_2_restrained_charges": null, "keep_original_orientation": false, "reorientations": [], "translations": [], "rotations": []}}, {"index": 2, "molecule": {"qcmol": {"schema_name": "qcschema_molecule", "schema_version": 2, "validated": true, "symbols": ["C", "C", "C", "C", "C", "C", "C", "C", "C", "C", "H", "H", "H", "H", "H", "H", "H", "H", "H", "H", "H", "H", "H", "H"], "geometry": [[0.0, -0.0, 0.0], [2.890927883475845, 1.1699080579180615e-16, -1.8872455573267917e-16], [4.086630550024044, 2.638434212721636, 1.1102230246251565e-15], [3.6620448603939497, 4.21727278400728, -2.4066073427529693], [4.849342468578718, 3.109373758292538, -4.766699528055852], [7.459987367313646, 3.1640500931106286, -5.100074790059721], [8.569105008928581, 2.14806284661454, -7.238406877305004], [7.084046189379152, 1.0535989552782499, -9.100404606355974], [4.488017142331879, 0.9935077438373847, -8.79942607573016], [3.385540208388937, 2.0156983965119903, -6.651404630795725], [-0.7268304099568302, -1.9137361911511455, 0.13461125876559232], [-0.7402698198207518, 1.061732669290562, 1.594582914047579], [-0.7712962815766521, 0.8268141910096045, -1.7106203404835862], [3.545568941586026, -0.9954616878280199, 1.6739096367345998], [3.5795508567980177, -1.0708844358565444, -1.6095608797890397], [3.360086760807037, 3.702357721446772, 1.6032636625819332], [6.108251121677189, 2.4450314330243343, 0.30786833941675695], [4.445003651121373, 6.088754910946934, -2.0855301948208766], [1.6539742439462248, 4.48896888867636, -2.7185583460386056], [8.634496030268203, 4.021266835874331, -3.676671960493655], [10.58898294107371, 2.2165045460092387, -7.457769909968302], [7.943141752896115, 0.2663343152494919, -10.765362820937998], [3.3145910151020015, 0.15755183978451903, -10.233584797394562], [1.3624166989327169, 1.9657358461320376, -6.448969832726901]], "name": "C10H14", "identifiers": {"molecule_hash": "31359e883fc1ef3089156fd353e462144887c328", "molecular_formula": "C10H14"}, "molecular_charge": 0.0, "molecular_multiplicity": 1, "connectivity": [[0, 1, 1.0], [0, 10, 1.0], [0, 11, 1.0], [0, 12, 1.0], [1, 2, 1.0], [1, 13, 1.0], [1, 14, 1.0], [2, 3, 1.0], [2, 15, 1.0], [2, 16, 1.0], [3, 4, 1.0], [3, 17, 1.0], [3, 18, 1.0], [4, 5, 1.5], [4, 9, 1.5], [5, 6, 1.5], [5, 19, 1.0], [6, 7, 1.5], [6, 20, 1.0], [7, 8, 1.5], [7, 21, 1.0], [8, 9, 1.5], [8, 22, 1.0], [9, 23, 1.0]], "fix_com": true, "fix_orientation": true, "provenance": {"creator": "QCElemental", "version": "v0.22.0", "routine": "qcelemental.molparse.from_schema"}, "id": "166144"}, "charge": 0, "optimize_geometry": false, "conformers": [], "conformer_generation_options": {"n_conformer_pool": 4000, "n_max_conformers": 0, "rms_tolerance": 0.05, "energy_window": 15, "keep_original_conformer": true}, "stage_1_unrestrained_charges": null, "stage_1_restrained_charges": null, "stage_2_unrestrained_charges": null, "stage_2_restrained_charges": null, "keep_original_orientation": false, "reorientations": [], "translations": [], "rotations": []}}, {"index": 3, "molecule": {"qcmol": {"schema_name": "qcschema_molecule", "schema_version": 2, "validated": true, "symbols": ["C", "C", "C", "C", "C", "C", "C", "C", "C", "C", "H", "H", "H", "H", "H", "H", "H", "H", "H", "H", "H", "H", "H", "H"], "geometry": [[0.0, -0.0, 0.0], [2.890927883475845, 1.1699080579180615e-16, -1.8872455573267917e-16], [4.086630550024044, 2.638434212721636, 1.1102230246251565e-15], [3.6620448603939497, 4.21727278400728, -2.4066073427529693], [4.849342468578718, 3.109373758292538, -4.766699528055852], [7.459987367313646, 3.1640500931106286, -5.100074790059721], [8.569105008928581, 2.14806284661454, -7.238406877305004], [7.084046189379152, 1.0535989552782499, -9.100404606355974], [4.488017142331879, 0.9935077438373847, -8.79942607573016], [3.385540208388937, 2.0156983965119903, -6.651404630795725], [-0.7268304099568302, -1.9137361911511455, 0.13461125876559232], [-0.7402698198207518, 1.061732669290562, 1.594582914047579], [-0.7712962815766521, 0.8268141910096045, -1.7106203404835862], [3.545568941586026, -0.9954616878280199, 1.6739096367345998], [3.5795508567980177, -1.0708844358565444, -1.6095608797890397], [3.360086760807037, 3.702357721446772, 1.6032636625819332], [6.108251121677189, 2.4450314330243343, 0.30786833941675695], [4.445003651121373, 6.088754910946934, -2.0855301948208766], [1.6539742439462248, 4.48896888867636, -2.7185583460386056], [8.634496030268203, 4.021266835874331, -3.676671960493655], [10.58898294107371, 2.2165045460092387, -7.457769909968302], [7.943141752896115, 0.2663343152494919, -10.765362820937998], [3.3145910151020015, 0.15755183978451903, -10.233584797394562], [1.3624166989327169, 1.9657358461320376, -6.448969832726901]], "name": "C10H14", "identifiers": {"molecule_hash": "31359e883fc1ef3089156fd353e462144887c328", "molecular_formula": "C10H14"}, "molecular_charge": 0.0, "molecular_multiplicity": 1, "connectivity": [[0, 1, 1.0], [0, 10, 1.0], [0, 11, 1.0], [0, 12, 1.0], [1, 2, 1.0], [1, 13, 1.0], [1, 14, 1.0], [2, 3, 1.0], [2, 15, 1.0], [2, 16, 1.0], [3, 4, 1.0], [3, 17, 1.0], [3, 18, 1.0], [4, 5, 1.5], [4, 9, 1.5], [5, 6, 1.5], [5, 19, 1.0], [6, 7, 1.5], [6, 20, 1.0], [7, 8, 1.5], [7, 21, 1.0], [8, 9, 1.5], [8, 22, 1.0], [9, 23, 1.0]], "fix_com": true, "fix_orientation": true, "provenance": {"creator": "QCElemental", "version": "v0.22.0", "routine": "qcelemental.molparse.from_schema"}, "id": "166144"}, "charge": 0, "optimize_geometry": false, "conformers": [], "conformer_generation_options": {"n_conformer_pool": 4000, "n_max_conformers": 0, "rms_tolerance": 0.05, "energy_window": 15, "keep_original_conformer": true}, "stage_1_unrestrained_charges": null, "stage_1_restrained_charges": null, "stage_2_unrestrained_charges": null, "stage_2_restrained_charges": null, "keep_original_orientation": false, "reorientations": [], "translations": [], "rotations": []}}]}, "surface_constraints": {"matrix": [[814270215587847.6, 790314963384940.0, 760339360213583.1, 727967820990105.4, 705847906201396.8, 686955629030291.2, 649826494431020.6, 633823374797061.2, 653581541807233.4, 691393068452024.8, 817939174585467.6, 819215589946570.4, 819048612221600.4, 788926141135403.6, 789131498484162.5, 765122668838222.0, 752773092043831.6, 720475816821473.2, 722820262936207.5, 693839921556372.1, 625054219791955.5, 599456432424010.6, 631009467012671.6, 702277971583133.4], [790314963384940.0, 806067848885801.0, 785055778000547.5, 756385503713695.9, 730140616215253.2, 710803502805762.8, 669352729642316.1, 650589255600710.2, 670930992862517.6, 712287183950312.8, 783540527108525.6, 784427054310045.0, 784428653013001.8, 817321954171528.0, 816535330710329.9, 785186732597016.1, 785431281562837.2, 749984297050677.0, 755954201427436.9, 721198350912315.1, 643897336214926.1, 614179109927232.2, 646549972611254.0, 723895674068393.2], [760339360213583.1, 785055778000547.5, 802382354541961.6, 781946753205402.2, 751609779554580.8, 730896002145512.1, 686156685230487.5, 665818942690231.9, 687208675444795.8, 731850797209667.2, 746635545695943.4, 757380183028614.5, 753096472443224.0, 784890075419328.8, 784473679066123.5, 814833342076861.4, 814391710981008.6, 783481244267914.4, 782777912645483.6, 743836873297409.2, 660105841013444.8, 628037379607462.4, 661916517828950.5, 745661007622310.2], [727967820990105.4, 756385503713695.9, 781946753205402.2, 798654027373760.4, 774564004496392.9, 755545945283919.0, 712009159369356.5, 691708772140900.8, 712319276304064.4, 755521255013377.0, 713968559272193.2, 720979776284117.9, 722808773952418.4, 758983666992306.6, 751254563677412.6, 783258360582397.5, 782847682094275.6, 811953073552391.0, 811394549874258.6, 767971673744252.8, 686189523868747.4, 653987490946724.2, 686844138296575.0, 767842234242880.6], [705847906201396.8, 730140616215253.2, 751609779554580.8, 774564004496392.9, 781717185674575.9, 775454814335142.4, 750683612301097.5, 737158303301536.5, 751044811535398.6, 775531980697774.0, 691352786728792.0, 698728883002217.9, 704819543474098.2, 727742351227489.5, 730342064856910.0, 749434167344034.8, 749124020726535.2, 777733528866966.0, 776935208098756.8, 778702352427595.0, 729600395039270.0, 706376337798474.5, 730312872026997.8, 778792027335170.2], [686955629030291.2, 710803502805762.8, 730896002145512.1, 755545945283919.0, 775454814335142.4, 798345267197988.9, 782764057630136.0, 752671133967131.8, 742940111326706.6, 754899952019756.2, 672577864179915.1, 680075479258379.0, 686227761217460.6, 707629861973724.9, 712781877431479.2, 724480401044481.4, 730285395765833.4, 751759254569164.4, 756179754958297.4, 816247602427212.2, 780049702165861.0, 727268963729732.1, 714179611853872.4, 738399550335217.4], [649826494431020.6, 669352729642316.1, 686156685230487.5, 712009159369356.5, 750683612301097.5, 782764057630136.0, 797397641089281.5, 778368838473654.4, 752857290981605.6, 742811575720599.9, 636382759762450.5, 643544576646732.4, 651474706848990.6, 663469059417372.1, 673823408148332.5, 678654260403695.5, 683097289379837.5, 702739722626019.0, 705844125052403.0, 785128310825667.4, 808733065762079.2, 771545336295249.6, 729431423906225.2, 718952962330363.2], [633823374797061.2, 650589255600710.2, 665818942690231.9, 691708772140900.8, 737158303301536.5, 752671133967131.8, 778368838473654.4, 792754483829884.6, 778812236293698.9, 752962761659956.5, 620715723758286.5, 627854493551093.0, 637093668686614.2, 643288737191005.9, 655838287365833.4, 659978495779614.9, 659762859758198.1, 681999371484528.5, 681724250784817.9, 735010704606316.5, 773969330754998.2, 801294457342692.0, 774741135614810.8, 735542024714425.1], [653581541807233.4, 670930992862517.6, 687208675444795.8, 712319276304064.4, 751044811535398.6, 742940111326706.6, 752857290981605.6, 778812236293698.9, 798258627159221.0, 783426090725789.0, 639723973133728.8, 647297260372438.0, 657210537419806.1, 663769904307142.4, 675285678950549.5, 684512413359269.6, 679492421284491.6, 706112159235592.1, 702394065201268.8, 718866124965864.0, 729104409897542.8, 772010369658306.5, 809920023452257.2, 786008326297003.0], [691393068452024.8, 712287183950312.8, 731850797209667.2, 755521255013377.0, 775531980697774.0, 754899952019756.2, 742811575720599.9, 752962761659956.5, 783426090725789.0, 798648128615716.8, 676687733495075.2, 684306537226208.2, 693442635606801.1, 707198333339030.9, 714143263224139.4, 731784017259355.0, 725251712715418.8, 756232179428316.6, 750743282568821.6, 738273230693120.6, 713745317479959.1, 727597165694957.1, 781105920277632.6, 816599288060680.6], [817939174585467.6, 783540527108525.6, 746635545695943.4, 713968559272193.2, 691352786728792.0, 672577864179915.1, 636382759762450.5, 620715723758286.5, 639723973133728.8, 676687733495075.2, 852675384249307.1, 811211286406117.5, 812288683548541.1, 782153384837428.9, 780111655312360.5, 749918058169298.4, 736011793006497.0, 707533084566716.1, 708166690986752.8, 678793522191718.6, 612182063847452.9, 587200714446986.8, 617487442116776.5, 686889950630049.9], [819215589946570.4, 784427054310045.0, 757380183028614.5, 720979776284117.9, 698728883002217.9, 680075479258379.0, 643544576646732.4, 627854493551093.0, 647297260372438.0, 684306537226208.2, 811211286406117.5, 857198744834848.1, 812604308648265.2, 779953338311285.4, 774984469491645.8, 762893721824988.6, 754538130877814.6, 713785133716045.0, 712995677439151.1, 686638992111770.0, 619021276579235.1, 593923635968005.5, 624977110614103.2, 694364855106509.8], [819048612221600.4, 784428653013001.8, 753096472443224.0, 722808773952418.4, 704819543474098.2, 686227761217460.6, 651474706848990.6, 637093668686614.2, 657210537419806.1, 693442635606801.1, 812288683548541.1, 812604308648265.2, 854949460662687.6, 775344254494051.5, 783848146820635.0, 762061404882340.5, 738547122474936.4, 713408942129324.8, 717644286757406.4, 691259300274948.4, 626762657593440.8, 603384283142108.4, 635719867094833.1, 705260818201478.4], [788926141135403.6, 817321954171528.0, 784890075419328.8, 758983666992306.6, 727742351227489.5, 707629861973724.9, 663469059417372.1, 643288737191005.9, 663769904307142.4, 707198333339030.9, 782153384837428.9, 779953338311285.4, 775344254494051.5, 860206765785960.5, 816302093271022.5, 773020870200393.2, 785012830345192.4, 751950299382210.8, 765197366926912.9, 720683854466776.2, 638005562370857.6, 606335472741534.8, 638746977269749.4, 719448165400357.4], [789131498484162.5, 816535330710329.9, 784473679066123.5, 751254563677412.6, 730342064856910.0, 712781877431479.2, 673823408148332.5, 655838287365833.4, 675285678950549.5, 714143263224139.4, 780111655312360.5, 774984469491645.8, 783848146820635.0, 816302093271022.5, 857486731559933.6, 782077892221655.0, 782386613631765.0, 740845020151687.1, 747206734921991.9, 721047645604954.2, 648423030907967.0, 619756374436878.6, 650893806648276.4, 723574184569221.9], [765122668838222.0, 785186732597016.1, 814833342076861.4, 783258360582397.5, 749434167344034.8, 724480401044481.4, 678654260403695.5, 659978495779614.9, 684512413359269.6, 731784017259355.0, 749918058169298.4, 762893721824988.6, 762061404882340.5, 773020870200393.2, 782077892221655.0, 857871516491269.4, 815906747787036.4, 786603909624872.8, 776185326659568.2, 735714056342324.4, 651064099404270.1, 621622630591608.6, 660232501722079.1, 749910429771561.6], [752773092043831.6, 785431281562837.2, 814391710981008.6, 782847682094275.6, 749124020726535.2, 730285395765833.4, 683097289379837.5, 659762859758198.1, 679492421284491.6, 725251712715418.8, 736011793006497.0, 754538130877814.6, 738547122474936.4, 785012830345192.4, 782386613631765.0, 815906747787036.4, 856284164132469.2, 779614215262339.8, 782424902601993.2, 746952462321337.5, 657927155896675.0, 621399004238899.5, 652577796344542.5, 737279121002580.5], [720475816821473.2, 749984297050677.0, 783481244267914.4, 811953073552391.0, 777733528866966.0, 751759254569164.4, 702739722626019.0, 681999371484528.5, 706112159235592.1, 756232179428316.6, 707533084566716.1, 713785133716045.0, 713408942129324.8, 751950299382210.8, 740845020151687.1, 786603909624872.8, 779614215262339.8, 854791219470637.4, 813341095504141.2, 764523423309842.8, 674480280658502.9, 642219911306247.4, 679660509703015.0, 773277702943761.5], [722820262936207.5, 755954201427436.9, 782777912645483.6, 811394549874258.6, 776935208098756.8, 756179754958297.4, 705844125052403.0, 681724250784817.9, 702394065201268.8, 750743282568821.6, 708166690986752.8, 712995677439151.1, 717644286757406.4, 765197366926912.9, 747206734921991.9, 776185326659568.2, 782424902601993.2, 813341095504141.2, 854085953528949.0, 774147660929576.4, 679482377768181.9, 642088448516818.5, 674520228069085.5, 763285223054194.4], [693839921556372.1, 721198350912315.1, 743836873297409.2, 767971673744252.8, 778702352427595.0, 816247602427212.2, 785128310825667.4, 735010704606316.5, 718866124965864.0, 738273230693120.6, 678793522191718.6, 686638992111770.0, 691259300274948.4, 720683854466776.2, 721047645604954.2, 735714056342324.4, 746952462321337.5, 764523423309842.8, 774147660929576.4, 862798504573476.1, 789551493437963.1, 703556445212230.5, 682125239386829.1, 716000487432431.4], [625054219791955.5, 643897336214926.1, 660105841013444.8, 686189523868747.4, 729600395039270.0, 780049702165861.0, 808733065762079.2, 773969330754998.2, 729104409897542.8, 713745317479959.1, 612182063847452.9, 619021276579235.1, 626762657593440.8, 638005562370857.6, 648423030907967.0, 651064099404270.1, 657927155896675.0, 674480280658502.9, 679482377768181.9, 789551493437963.1, 848251884492217.1, 773728213129061.4, 699444162984683.0, 681939885406971.2], [599456432424010.6, 614179109927232.2, 628037379607462.4, 653987490946724.2, 706376337798474.5, 727268963729732.1, 771545336295249.6, 801294457342692.0, 772010369658306.5, 727597165694957.1, 587200714446986.8, 593923635968005.5, 603384283142108.4, 606335472741534.8, 619756374436878.6, 621622630591608.6, 621399004238899.5, 642219911306247.4, 642088448516818.5, 703556445212230.5, 773728213129061.4, 838293176702994.5, 774525735874906.1, 704155575688336.4], [631009467012671.6, 646549972611254.0, 661916517828950.5, 686844138296575.0, 730312872026997.8, 714179611853872.4, 729431423906225.2, 774741135614810.8, 809920023452257.2, 781105920277632.6, 617487442116776.5, 624977110614103.2, 635719867094833.1, 638746977269749.4, 650893806648276.4, 660232501722079.1, 652577796344542.5, 679660509703015.0, 674520228069085.5, 682125239386829.1, 699444162984683.0, 774525735874906.1, 849711293781651.8, 790902109125797.8], [702277971583133.4, 723895674068393.2, 745661007622310.2, 767842234242880.6, 778792027335170.2, 738399550335217.4, 718952962330363.2, 735542024714425.1, 786008326297003.0, 816599288060680.6, 686889950630049.9, 694364855106509.8, 705260818201478.4, 719448165400357.4, 723574184569221.9, 749910429771561.6, 737279121002580.5, 773277702943761.5, 763285223054194.4, 716000487432431.4, 681939885406971.2, 704155575688336.4, 790902109125797.8, 863054210989061.2], [-1738210959831.191, -1035930756443.5155, -498443374774.4869, -1687335569405.28, -5510136728057.857, -5998844020296.287, -7026043269287.449, -7480904710768.047, -7021448125565.85, -5996176143672.618, -1767014287574.0896, -1741115854851.6418, -2126090796759.3445, -263346872773.86493, -1817787265729.8462, 122697141418.97838, 20712809723.69478, -628152710335.9298, -518116153237.33246, -3006015200704.287, -4709629530563.205, -5377930360782.341, -4703021675673.775, -3011012473899.71]]}}