{"resp_b": 0.1, "restrained_fit": true, "exclude_hydrogens": true, "convergence_tolerance": 1e-06, "max_iter": 500, "resp_a": 0.0005, "charge_constraints": {"charge_sum_constraints": [], "charge_equivalence_constraints": [], "molecules": [{"qcmol": {"schema_name": "qcschema_molecule", "schema_version": 2, "validated": true, "symbols": ["C", "C", "C", "C", "C", "C", "C", "C", "C", "C", "H", "H", "H", "H", "H", "H", "H", "H", "H", "H", "H", "H", "H", "H"], "geometry": [[0.0, -0.0, 0.0], [2.890927883475845, 1.1699080579180615e-16, -1.8872455573267917e-16], [4.086630550024044, 2.638434212721636, 1.1102230246251565e-15], [3.6620448603939497, 4.21727278400728, -2.4066073427529693], [4.849342468578718, 3.109373758292538, -4.766699528055852], [7.459987367313646, 3.1640500931106286, -5.100074790059721], [8.569105008928581, 2.14806284661454, -7.238406877305004], [7.084046189379152, 1.0535989552782499, -9.100404606355974], [4.488017142331879, 0.9935077438373847, -8.79942607573016], [3.385540208388937, 2.0156983965119903, -6.651404630795725], [-0.7268304099568302, -1.9137361911511455, 0.13461125876559232], [-0.7402698198207518, 1.061732669290562, 1.594582914047579], [-0.7712962815766521, 0.8268141910096045, -1.7106203404835862], [3.545568941586026, -0.9954616878280199, 1.6739096367345998], [3.5795508567980177, -1.0708844358565444, -1.6095608797890397], [3.360086760807037, 3.702357721446772, 1.6032636625819332], [6.108251121677189, 2.4450314330243343, 0.30786833941675695], [4.445003651121373, 6.088754910946934, -2.0855301948208766], [1.6539742439462248, 4.48896888867636, -2.7185583460386056], [8.634496030268203, 4.021266835874331, -3.676671960493655], [10.58898294107371, 2.2165045460092387, -7.457769909968302], [7.943141752896115, 0.2663343152494919, -10.765362820937998], [3.3145910151020015, 0.15755183978451903, -10.233584797394562], [1.3624166989327169, 1.9657358461320376, -6.448969832726901]], "name": "C10H14", "identifiers": {"molecule_hash": "31359e883fc1ef3089156fd353e462144887c328", "molecular_formula": "C10H14"}, "molecular_charge": 0.0, "molecular_multiplicity": 1, "connectivity": [[0, 1, 1.0], [0, 10, 1.0], [0, 11, 1.0], [0, 12, 1.0], [1, 2, 1.0], [1, 13, 1.0], [1, 14, 1.0], [2, 3, 1.0], [2, 15, 1.0], [2, 16, 1.0], [3, 4, 1.0], [3, 17, 1.0], [3, 18, 1.0], [4, 5, 1.5], [4, 9, 1.5], [5, 6, 1.5], [5, 19, 1.0], [6, 7, 1.5], [6, 20, 1.0], [7, 8, 1.5], [7, 21, 1.0], [8, 9, 1.5], [8, 22, 1.0], [9, 23, 1.0]], "fix_com": true, "fix_orientation": true, "provenance": {"creator": "QCElemental", "version": "v0.22.0", "routine": "qcelemental.molparse.from_schema"}, "id": "166144"}, "charge": 0, "optimize_geometry": false, "conformers": [], "conformer_generation_options": {"n_conformer_pool": 4000, "n_max_conformers": 0, "rms_tolerance": 0.05, "energy_window": 15, "keep_original_conformer": true}, "stage_1_unrestrained_charges": null, "stage_1_restrained_charges": null, "stage_2_unrestrained_charges": null, "stage_2_restrained_charges": null, "keep_original_orientation": false, "reorientations": [], "translations": [], "rotations": []}], "unconstrained_atoms": [{"index": 0, "molecule": {"qcmol": {"schema_name": "qcschema_molecule", "schema_version": 2, "validated": true, "symbols": ["C", "C", "C", "C", "C", "C", "C", "C", "C", "C", "H", "H", "H", "H", "H", "H", "H", "H", "H", "H", "H", "H", "H", "H"], "geometry": [[0.0, -0.0, 0.0], [2.890927883475845, 1.1699080579180615e-16, -1.8872455573267917e-16], [4.086630550024044, 2.638434212721636, 1.1102230246251565e-15], [3.6620448603939497, 4.21727278400728, -2.4066073427529693], [4.849342468578718, 3.109373758292538, -4.766699528055852], [7.459987367313646, 3.1640500931106286, -5.100074790059721], [8.569105008928581, 2.14806284661454, -7.238406877305004], [7.084046189379152, 1.0535989552782499, -9.100404606355974], [4.488017142331879, 0.9935077438373847, -8.79942607573016], [3.385540208388937, 2.0156983965119903, -6.651404630795725], [-0.7268304099568302, -1.9137361911511455, 0.13461125876559232], [-0.7402698198207518, 1.061732669290562, 1.594582914047579], [-0.7712962815766521, 0.8268141910096045, -1.7106203404835862], [3.545568941586026, -0.9954616878280199, 1.6739096367345998], [3.5795508567980177, -1.0708844358565444, -1.6095608797890397], [3.360086760807037, 3.702357721446772, 1.6032636625819332], [6.108251121677189, 2.4450314330243343, 0.30786833941675695], [4.445003651121373, 6.088754910946934, -2.0855301948208766], [1.6539742439462248, 4.48896888867636, -2.7185583460386056], [8.634496030268203, 4.021266835874331, -3.676671960493655], [10.58898294107371, 2.2165045460092387, -7.457769909968302], [7.943141752896115, 0.2663343152494919, -10.765362820937998], [3.3145910151020015, 0.15755183978451903, -10.233584797394562], [1.3624166989327169, 1.9657358461320376, -6.448969832726901]], "name": "C10H14", "identifiers": {"molecule_hash": "31359e883fc1ef3089156fd353e462144887c328", "molecular_formula": "C10H14"}, "molecular_charge": 0.0, "molecular_multiplicity": 1, "connectivity": [[0, 1, 1.0], [0, 10, 1.0], [0, 11, 1.0], [0, 12, 1.0], [1, 2, 1.0], [1, 13, 1.0], [1, 14, 1.0], [2, 3, 1.0], [2, 15, 1.0], [2, 16, 1.0], [3, 4, 1.0], [3, 17, 1.0], [3, 18, 1.0], [4, 5, 1.5], [4, 9, 1.5], [5, 6, 1.5], [5, 19, 1.0], [6, 7, 1.5], [6, 20, 1.0], [7, 8, 1.5], [7, 21, 1.0], [8, 9, 1.5], [8, 22, 1.0], [9, 23, 1.0]], "fix_com": true, "fix_orientation": true, "provenance": {"creator": "QCElemental", "version": "v0.22.0", "routine": "qcelemental.molparse.from_schema"}, "id": "166144"}, "charge": 0, "optimize_geometry": false, "conformers": [], "conformer_generation_options": {"n_conformer_pool": 4000, "n_max_conformers": 0, "rms_tolerance": 0.05, "energy_window": 15, "keep_original_conformer": true}, "stage_1_unrestrained_charges": null, "stage_1_restrained_charges": null, "stage_2_unrestrained_charges": null, "stage_2_restrained_charges": null, "keep_original_orientation": false, "reorientations": [], "translations": [], "rotations": []}}, {"index": 1, "molecule": {"qcmol": {"schema_name": "qcschema_molecule", "schema_version": 2, "validated": true, "symbols": ["C", "C", "C", "C", "C", "C", "C", "C", "C", "C", "H", "H", "H", "H", "H", "H", "H", "H", "H", "H", "H", "H", "H", "H"], "geometry": [[0.0, -0.0, 0.0], [2.890927883475845, 1.1699080579180615e-16, -1.8872455573267917e-16], [4.086630550024044, 2.638434212721636, 1.1102230246251565e-15], [3.6620448603939497, 4.21727278400728, -2.4066073427529693], [4.849342468578718, 3.109373758292538, -4.766699528055852], [7.459987367313646, 3.1640500931106286, -5.100074790059721], [8.569105008928581, 2.14806284661454, -7.238406877305004], [7.084046189379152, 1.0535989552782499, -9.100404606355974], [4.488017142331879, 0.9935077438373847, -8.79942607573016], [3.385540208388937, 2.0156983965119903, -6.651404630795725], [-0.7268304099568302, -1.9137361911511455, 0.13461125876559232], [-0.7402698198207518, 1.061732669290562, 1.594582914047579], [-0.7712962815766521, 0.8268141910096045, -1.7106203404835862], [3.545568941586026, -0.9954616878280199, 1.6739096367345998], [3.5795508567980177, -1.0708844358565444, -1.6095608797890397], [3.360086760807037, 3.702357721446772, 1.6032636625819332], [6.108251121677189, 2.4450314330243343, 0.30786833941675695], [4.445003651121373, 6.088754910946934, -2.0855301948208766], [1.6539742439462248, 4.48896888867636, -2.7185583460386056], [8.634496030268203, 4.021266835874331, -3.676671960493655], [10.58898294107371, 2.2165045460092387, -7.457769909968302], [7.943141752896115, 0.2663343152494919, -10.765362820937998], [3.3145910151020015, 0.15755183978451903, -10.233584797394562], [1.3624166989327169, 1.9657358461320376, -6.448969832726901]], "name": "C10H14", "identifiers": {"molecule_hash": "31359e883fc1ef3089156fd353e462144887c328", "molecular_formula": "C10H14"}, "molecular_charge": 0.0, "molecular_multiplicity": 1, "connectivity": [[0, 1, 1.0], [0, 10, 1.0], [0, 11, 1.0], [0, 12, 1.0], [1, 2, 1.0], [1, 13, 1.0], [1, 14, 1.0], [2, 3, 1.0], [2, 15, 1.0], [2, 16, 1.0], [3, 4, 1.0], [3, 17, 1.0], [3, 18, 1.0], [4, 5, 1.5], [4, 9, 1.5], [5, 6, 1.5], [5, 19, 1.0], [6, 7, 1.5], [6, 20, 1.0], [7, 8, 1.5], [7, 21, 1.0], [8, 9, 1.5], [8, 22, 1.0], [9, 23, 1.0]], "fix_com": true, "fix_orientation": true, "provenance": {"creator": "QCElemental", "version": "v0.22.0", "routine": "qcelemental.molparse.from_schema"}, "id": "166144"}, "charge": 0, "optimize_geometry": false, "conformers": [], "conformer_generation_options": {"n_conformer_pool": 4000, "n_max_conformers": 0, "rms_tolerance": 0.05, "energy_window": 15, "keep_original_conformer": true}, "stage_1_unrestrained_charges": null, "stage_1_restrained_charges": null, "stage_2_unrestrained_charges": null, "stage_2_restrained_charges": null, "keep_original_orientation": false, "reorientations": [], "translations": [], "rotations": []}}, {"index": 2, "molecule": {"qcmol": {"schema_name": "qcschema_molecule", "schema_version": 2, "validated": true, "symbols": ["C", "C", "C", "C", "C", "C", "C", "C", "C", "C", "H", "H", "H", "H", "H", "H", "H", "H", "H", "H", "H", "H", "H", "H"], "geometry": [[0.0, -0.0, 0.0], [2.890927883475845, 1.1699080579180615e-16, -1.8872455573267917e-16], [4.086630550024044, 2.638434212721636, 1.1102230246251565e-15], [3.6620448603939497, 4.21727278400728, -2.4066073427529693], [4.849342468578718, 3.109373758292538, -4.766699528055852], [7.459987367313646, 3.1640500931106286, -5.100074790059721], [8.569105008928581, 2.14806284661454, -7.238406877305004], [7.084046189379152, 1.0535989552782499, -9.100404606355974], [4.488017142331879, 0.9935077438373847, -8.79942607573016], [3.385540208388937, 2.0156983965119903, -6.651404630795725], [-0.7268304099568302, -1.9137361911511455, 0.13461125876559232], [-0.7402698198207518, 1.061732669290562, 1.594582914047579], [-0.7712962815766521, 0.8268141910096045, -1.7106203404835862], [3.545568941586026, -0.9954616878280199, 1.6739096367345998], [3.5795508567980177, -1.0708844358565444, -1.6095608797890397], [3.360086760807037, 3.702357721446772, 1.6032636625819332], [6.108251121677189, 2.4450314330243343, 0.30786833941675695], [4.445003651121373, 6.088754910946934, -2.0855301948208766], [1.6539742439462248, 4.48896888867636, -2.7185583460386056], [8.634496030268203, 4.021266835874331, -3.676671960493655], [10.58898294107371, 2.2165045460092387, -7.457769909968302], [7.943141752896115, 0.2663343152494919, -10.765362820937998], [3.3145910151020015, 0.15755183978451903, -10.233584797394562], [1.3624166989327169, 1.9657358461320376, -6.448969832726901]], "name": "C10H14", "identifiers": {"molecule_hash": "31359e883fc1ef3089156fd353e462144887c328", "molecular_formula": "C10H14"}, "molecular_charge": 0.0, "molecular_multiplicity": 1, "connectivity": [[0, 1, 1.0], [0, 10, 1.0], [0, 11, 1.0], [0, 12, 1.0], [1, 2, 1.0], [1, 13, 1.0], [1, 14, 1.0], [2, 3, 1.0], [2, 15, 1.0], [2, 16, 1.0], [3, 4, 1.0], [3, 17, 1.0], [3, 18, 1.0], [4, 5, 1.5], [4, 9, 1.5], [5, 6, 1.5], [5, 19, 1.0], [6, 7, 1.5], [6, 20, 1.0], [7, 8, 1.5], [7, 21, 1.0], [8, 9, 1.5], [8, 22, 1.0], [9, 23, 1.0]], "fix_com": true, "fix_orientation": true, "provenance": {"creator": "QCElemental", "version": "v0.22.0", "routine": "qcelemental.molparse.from_schema"}, "id": "166144"}, "charge": 0, "optimize_geometry": false, "conformers": [], "conformer_generation_options": {"n_conformer_pool": 4000, "n_max_conformers": 0, "rms_tolerance": 0.05, "energy_window": 15, "keep_original_conformer": true}, "stage_1_unrestrained_charges": null, "stage_1_restrained_charges": null, "stage_2_unrestrained_charges": null, "stage_2_restrained_charges": null, "keep_original_orientation": false, "reorientations": [], "translations": [], "rotations": []}}, {"index": 3, "molecule": {"qcmol": {"schema_name": "qcschema_molecule", "schema_version": 2, "validated": true, "symbols": ["C", "C", "C", "C", "C", "C", "C", "C", "C", "C", "H", "H", "H", "H", "H", "H", "H", "H", "H", "H", "H", "H", "H", "H"], "geometry": [[0.0, -0.0, 0.0], [2.890927883475845, 1.1699080579180615e-16, -1.8872455573267917e-16], [4.086630550024044, 2.638434212721636, 1.1102230246251565e-15], [3.6620448603939497, 4.21727278400728, -2.4066073427529693], [4.849342468578718, 3.109373758292538, -4.766699528055852], [7.459987367313646, 3.1640500931106286, -5.100074790059721], [8.569105008928581, 2.14806284661454, -7.238406877305004], [7.084046189379152, 1.0535989552782499, -9.100404606355974], [4.488017142331879, 0.9935077438373847, -8.79942607573016], [3.385540208388937, 2.0156983965119903, -6.651404630795725], [-0.7268304099568302, -1.9137361911511455, 0.13461125876559232], [-0.7402698198207518, 1.061732669290562, 1.594582914047579], [-0.7712962815766521, 0.8268141910096045, -1.7106203404835862], [3.545568941586026, -0.9954616878280199, 1.6739096367345998], [3.5795508567980177, -1.0708844358565444, -1.6095608797890397], [3.360086760807037, 3.702357721446772, 1.6032636625819332], [6.108251121677189, 2.4450314330243343, 0.30786833941675695], [4.445003651121373, 6.088754910946934, -2.0855301948208766], [1.6539742439462248, 4.48896888867636, -2.7185583460386056], [8.634496030268203, 4.021266835874331, -3.676671960493655], [10.58898294107371, 2.2165045460092387, -7.457769909968302], [7.943141752896115, 0.2663343152494919, -10.765362820937998], [3.3145910151020015, 0.15755183978451903, -10.233584797394562], [1.3624166989327169, 1.9657358461320376, -6.448969832726901]], "name": "C10H14", "identifiers": {"molecule_hash": "31359e883fc1ef3089156fd353e462144887c328", "molecular_formula": "C10H14"}, "molecular_charge": 0.0, "molecular_multiplicity": 1, "connectivity": [[0, 1, 1.0], [0, 10, 1.0], [0, 11, 1.0], [0, 12, 1.0], [1, 2, 1.0], [1, 13, 1.0], [1, 14, 1.0], [2, 3, 1.0], [2, 15, 1.0], [2, 16, 1.0], [3, 4, 1.0], [3, 17, 1.0], [3, 18, 1.0], [4, 5, 1.5], [4, 9, 1.5], [5, 6, 1.5], [5, 19, 1.0], [6, 7, 1.5], [6, 20, 1.0], [7, 8, 1.5], [7, 21, 1.0], [8, 9, 1.5], [8, 22, 1.0], [9, 23, 1.0]], "fix_com": true, "fix_orientation": true, "provenance": {"creator": "QCElemental", "version": "v0.22.0", "routine": "qcelemental.molparse.from_schema"}, "id": "166144"}, "charge": 0, "optimize_geometry": false, "conformers": [], "conformer_generation_options": {"n_conformer_pool": 4000, "n_max_conformers": 0, "rms_tolerance": 0.05, "energy_window": 15, "keep_original_conformer": true}, "stage_1_unrestrained_charges": null, "stage_1_restrained_charges": null, "stage_2_unrestrained_charges": null, "stage_2_restrained_charges": null, "keep_original_orientation": false, "reorientations": [], "translations": [], "rotations": []}}]}, "surface_constraints": {"matrix": [[337276402975528.1, 326492280353712.3, 313222370051966.5, 298836826358864.9, 290447198656764.6, 282163275573180.56, 265737251965417.94, 258721681583523.38, 267548746995081.6, 284211277079146.75, 338101972826738.06, 338872266356148.75, 338882375413260.75, 325039103079687.5, 325587267402478.94, 315076179823086.9, 309343737850540.56, 294610028276344.0, 295721748068101.06, 283966796836037.5, 253782233294780.94, 242747096569204.7, 256591423776965.56, 287698347882343.7], [326492280353712.3, 333623237065853.1, 324175069438675.44, 311273478672576.75, 301175350346431.8, 292649023314822.2, 274242726550240.7, 266012343549621.03, 275124782097689.47, 293419783845717.3, 322793009899458.4, 323372015057489.1, 323432986708603.0, 337654961275486.3, 338057723440146.7, 323989404189116.25, 323694094175183.3, 307400366769055.7, 310029480608085.7, 295886107396933.5, 261890463099220.06, 249100946555940.7, 263317054543196.25, 297168277305996.25], [313222370051966.5, 324175069438675.44, 331879263436837.75, 322553141996793.1, 310701739001415.06, 301524085372284.94, 281625339023487.06, 272685795618055.22, 282278498098560.75, 302055159133389.25, 306620021634670.1, 311519415145692.3, 309704376206797.44, 323234815743320.25, 323723798515043.3, 337111211270201.25, 336492531329172.06, 321993406093936.25, 321796089111694.56, 305718231778976.8, 268896886670217.47, 255072770350747.16, 269976300467072.84, 306625073046516.75], [298836826358864.9, 311273478672576.75, 322553141996793.1, 329965148002966.7, 321127500318330.6, 312610764926444.56, 293036701901559.9, 284024245907971.56, 293349490696756.6, 312659431448820.0, 292216376985776.2, 295464075317945.44, 296393608372337.4, 311601597684976.56, 308919821591544.8, 322881767351714.0, 322318450407412.75, 334426180671855.75, 334345741917056.94, 316383975854368.7, 280137133333478.38, 266150455461620.7, 280707817706275.97, 316337998581226.7], [290447198656764.6, 301175350346431.8, 310701739001415.06, 321127500318330.6, 326851954504254.0, 323909701004203.1, 312268509871099.44, 306042072284909.75, 312680103583737.1, 324085778212782.0, 283606385431491.4, 287025314948467.25, 289867414901672.7, 299384749852298.4, 301245489068362.4, 309430070863979.7, 308940157094341.4, 321014188205637.0, 320822257435201.3, 323147522433227.1, 300603719467413.5, 290233690349213.56, 301309205414566.3, 323320016958813.44], [282163275573180.56, 292649023314822.2, 301524085372284.94, 312610764926444.56, 323909701004203.1, 334411030642773.4, 326856908681318.25, 312935590343396.56, 308851370393991.5, 314560012374333.06, 275467113731164.0, 278849451970906.72, 281769208895307.06, 290578323676678.9, 293506845792762.06, 298427524442034.44, 300613885377964.2, 309529067417925.75, 311616988934909.8, 339998559778493.25, 322976628739089.06, 299298755971388.56, 294053252095086.75, 305296540741422.4], [265737251965417.94, 274242726550240.7, 281625339023487.06, 293036701901559.9, 312268509871099.44, 326856908681318.25, 333318556154324.7, 324411009481970.06, 312995400410837.6, 308736472910588.75, 259542423514321.28, 262779932876141.3, 266392894382073.8, 271141325957792.2, 276131270247656.28, 278135409671804.53, 279747144168801.56, 287776117161055.0, 289249664945194.94, 325615031820917.2, 335573432902322.44, 318745055353636.25, 300403086599782.0, 296366451059215.9], [258721681583523.38, 266012343549621.03, 272685795618055.22, 284024245907971.56, 306042072284909.75, 312935590343396.56, 324411009481970.06, 331076622262811.44, 324914450228950.0, 313287458015508.25, 252687950960610.16, 255958387193718.66, 260050483312140.44, 262376398952380.06, 268213093621663.7, 269953583796947.38, 269550595682997.78, 278666400710252.6, 278662365890522.88, 303098154454256.94, 319814536559362.8, 332152323392783.06, 320649797998709.75, 303600794431377.56], [267548746995081.6, 275124782097689.47, 282278498098560.75, 293349490696756.6, 312680103583737.1, 308851370393991.5, 312995400410837.6, 324914450228950.0, 334362396274793.94, 327696001560727.8, 261112013549634.44, 264660057556214.0, 269008477533422.0, 271497448296391.53, 276953757611014.25, 280887342249640.0, 278364876224552.88, 289384144409057.0, 287888353833805.9, 296319710641535.8, 300078775799339.6, 319224879253460.3, 336966149840718.6, 326595470626960.3], [284211277079146.75, 293419783845717.3, 302055159133389.25, 312659431448820.0, 324085778212782.0, 314560012374333.06, 308736472910588.75, 313287458015508.25, 327696001560727.8, 334958291106289.4, 277288580905259.75, 280900715471551.25, 284963822505812.4, 290557592457000.75, 294207935279245.6, 301743887385189.2, 298535251144402.25, 311502094585229.9, 309241332194225.3, 305200644561082.9, 293648096392245.75, 299640665476928.0, 324160912757773.7, 340592884283822.8], [338101972826738.06, 322793009899458.4, 306620021634670.1, 292216376985776.2, 283606385431491.4, 275467113731164.0, 259542423514321.28, 252687950960610.16, 261112013549634.44, 277288580905259.75, 352515073721111.94, 334598233430030.3, 335049621388184.9, 321366799404026.7, 320914576140587.2, 307833525888236.1, 301499356579406.0, 288469308397875.1, 288936654256717.5, 277061715163378.53, 247953293426120.12, 237198937490196.9, 250405186193429.47, 280516388046013.88], [338872266356148.75, 323372015057489.1, 311519415145692.3, 295464075317945.44, 287025314948467.25, 278849451970906.72, 262779932876141.3, 255958387193718.66, 264660057556214.0, 280900715471551.25, 334598233430030.3, 354905673871745.5, 335468610260302.9, 320637713846670.4, 318843628972672.8, 313718614750498.06, 309689276877400.1, 291391882288485.4, 291213794943216.7, 280494707962435.06, 250980375755127.4, 240223859316192.88, 253875594755408.5, 284065316228979.56], [338882375413260.75, 323432986708603.0, 309704376206797.44, 296393608372337.4, 289867414901672.7, 281769208895307.06, 266392894382073.8, 260050483312140.44, 269008477533422.0, 284963822505812.4, 335049621388184.9, 335468610260302.9, 354233172138580.44, 318698198155430.6, 322734180962700.56, 313317250743549.6, 302850146815530.0, 291434173305386.56, 293254378662484.2, 282773219913794.6, 254442407527106.5, 244307422853766.97, 258461459999590.75, 288794903602356.3], [325039103079687.5, 337654961275486.3, 323234815743320.25, 311601597684976.56, 299384749852298.4, 290578323676678.9, 271141325957792.2, 262376398952380.06, 271497448296391.53, 290557592457000.75, 321366799404026.7, 320637713846670.4, 318698198155430.6, 355371114791804.2, 337058065948742.1, 317877818966389.4, 322713554045211.75, 307530737843394.5, 313166813327053.7, 294985248534780.94, 258910398934549.56, 245391344462473.56, 259554989528765.6, 294657348700338.75], [325587267402478.94, 338057723440146.7, 323723798515043.3, 308919821591544.8, 301245489068362.4, 293506845792762.06, 276131270247656.28, 268213093621663.7, 276953757611014.25, 294207935279245.6, 320914576140587.2, 318843628972672.8, 322734180962700.56, 337058065948742.1, 355966890786192.0, 322414951541371.1, 322109744481820.3, 303318208467429.5, 306115965310693.6, 295828550877892.0, 263749749546778.84, 251393510901021.1, 265081513842144.75, 296987050026721.25], [315076179823086.9, 323989404189116.25, 337111211270201.25, 322881767351714.0, 309430070863979.7, 298427524442034.44, 278135409671804.53, 269953583796947.38, 280887342249640.0, 301743887385189.2, 307833525888236.1, 313718614750498.06, 313317250743549.6, 317877818966389.4, 322414951541371.1, 355650150031879.1, 336899741078579.56, 323121233141160.5, 318771139052974.6, 301955581500737.6, 264865507047871.2, 252200782198299.0, 269099743718426.25, 308214008221554.9], [309343737850540.56, 323694094175183.3, 336492531329172.06, 322318450407412.75, 308940157094341.4, 300613885377964.2, 279747144168801.56, 269550595682997.78, 278364876224552.88, 298535251144402.25, 301499356579406.0, 309689276877400.1, 302850146815530.0, 322713554045211.75, 322109744481820.3, 336899741078579.56, 354083424335054.8, 319764819268804.6, 321068230619211.4, 306431159428017.2, 267496807200000.53, 251834503186973.56, 265508375840097.0, 302428901404103.25], [294610028276344.0, 307400366769055.7, 321993406093936.25, 334426180671855.75, 321014188205637.0, 309529067417925.75, 287776117161055.0, 278666400710252.6, 289384144409057.0, 311502094585229.9, 288469308397875.1, 291391882288485.4, 291434173305386.56, 307530737843394.5, 303318208467429.5, 323121233141160.5, 319764819268804.6, 351453688254250.9, 334107264808316.7, 313578460137808.5, 274112656546798.53, 260222311939952.9, 276571560240551.3, 317307781562789.6], [295721748068101.06, 310029480608085.7, 321796089111694.56, 334345741917056.94, 320822257435201.3, 311616988934909.8, 289249664945194.94, 278662365890522.88, 287888353833805.9, 309241332194225.3, 288936654256717.5, 291213794943216.7, 293254378662484.2, 313166813327053.7, 306115965310693.6, 318771139052974.6, 321068230619211.4, 334107264808316.7, 351533490636184.94, 317919877442898.4, 276363175557698.16, 260266853648596.03, 274478195730830.78, 313123503822536.5], [283966796836037.5, 295886107396933.5, 305718231778976.8, 316383975854368.7, 323147522433227.1, 339998559778493.25, 325615031820917.2, 303098154454256.94, 296319710641535.8, 305200644561082.9, 277061715163378.53, 280494707962435.06, 282773219913794.6, 294985248534780.94, 295828550877892.0, 301955581500737.6, 306431159428017.2, 313578460137808.5, 317919877442898.4, 358295318382308.75, 325207742067512.0, 287442069956082.4, 278751936713475.62, 294011562033678.4], [253782233294780.94, 261890463099220.06, 268896886670217.47, 280137133333478.38, 300603719467413.5, 322976628739089.06, 335573432902322.44, 319814536559362.8, 300078775799339.6, 293648096392245.75, 247953293426120.12, 250980375755127.4, 254442407527106.5, 258910398934549.56, 263749749546778.84, 264865507047871.2, 267496807200000.53, 274112656546798.53, 276363175557698.16, 325207742067512.0, 350341010546004.44, 317457299003869.7, 285421093966287.5, 278540353995924.78], [242747096569204.7, 249100946555940.7, 255072770350747.16, 266150455461620.7, 290233690349213.56, 299298755971388.56, 318745055353636.25, 332152323392783.06, 319224879253460.3, 299640665476928.0, 237198937490196.9, 240223859316192.88, 244307422853766.97, 245391344462473.56, 251393510901021.1, 252200782198299.0, 251834503186973.56, 260222311939952.9, 260266853648596.03, 287442069956082.4, 317457299003869.7, 345907919089631.4, 318264389180350.5, 287943839812296.5], [256591423776965.56, 263317054543196.25, 269976300467072.84, 280707817706275.97, 301309205414566.3, 294053252095086.75, 300403086599782.0, 320649797998709.75, 336966149840718.6, 324160912757773.7, 250405186193429.47, 253875594755408.5, 258461459999590.75, 259554989528765.6, 265081513842144.75, 269099743718426.25, 265508375840097.0, 276571560240551.3, 274478195730830.78, 278751936713475.62, 285421093966287.5, 318264389180350.5, 352109471520868.94, 326570297390693.56], [287698347882343.7, 297168277305996.25, 306625073046516.75, 316337998581226.7, 323320016958813.44, 305296540741422.4, 296366451059215.9, 303600794431377.56, 326595470626960.3, 340592884283822.8, 280516388046013.88, 284065316228979.56, 288794903602356.3, 294657348700338.75, 296987050026721.25, 308214008221554.9, 302428901404103.25, 317307781562789.6, 313123503822536.5, 294011562033678.4, 278540353995924.78, 287943839812296.5, 326570297390693.56, 358885337822407.8], [-1549457572258.4949, -1188312125068.1929, -922576055234.9568, -1678415273802.3467, -4229570107054.6626, -4605013323102.513, -5266724300221.67, -5541629298295.316, -5270722751655.579, -4607951167583.3545, -1509865240659.9597, -1555544986546.3677, -1801889685287.6274, -710995299618.3407, -1670495023651.2842, -542875972637.885, -584719418346.5242, -965311631065.8638, -894345873552.5709, -2776510193456.427, -3855624534461.6284, -4253348941247.621, -3856387239626.434, -2776385996634.168]]}}