{"resp_b": 0.1, "restrained_fit": true, "exclude_hydrogens": true, "convergence_tolerance": 1e-06, "max_iter": 500, "resp_a": 0.0005, "charge_constraints": {"charge_sum_constraints": [], "charge_equivalence_constraints": [], "molecules": [{"qcmol": {"schema_name": "qcschema_molecule", "schema_version": 2, "validated": true, "symbols": ["C", "C", "C", "C", "C", "C", "O", "O", "H", "H", "H", "H", "H", "H", "H", "H", "H", "H", "H", "H"], "geometry": [[0.0, 0.0, 0.0], [2.8908405987254344, -5.280280010843163e-16, 4.0988068650369465e-16], [4.0937835114832595, 2.6350093042027076, 2.220446049250313e-16], [3.6106414428201723, 4.166722785952254, -2.4055702482739605], [5.000379761871221, 6.715369680684082, -2.3550323129697768], [4.4791836685082025, 8.26696303067244, -4.682425490423979], [3.2806611222512174, 10.16440785071048, -4.750090964160149], [5.506565500087026, 7.260924041041634, -6.751484193944832], [-0.7700001479421548, 0.8188672033820824, -1.7146311245910761], [-0.7253748743125663, -1.913246917575749, 0.14463490350190877], [-0.737892165220806, 1.068263022805626, 1.590867519251099], [3.5763215842681246, -1.0589166149625657, -1.6234259739617585], [3.5508702092966775, -1.0100322949743976, 1.662348882863618], [3.4148479240065597, 3.691513518478531, 1.6291255637453874], [6.123740804229943, 2.4276874358361504, 0.25186723914648357], [4.2222942852495775, 3.093633091683642, -4.043677229298119], [1.6010458633446003, 4.5135673625063975, -2.6329120180762073], [4.41467352846941, 7.827139012739758, -0.7418833191341259], [7.023321314620467, 6.400235789883279, -2.2303079968556556], [5.08293655142848, 8.30982722264119, -8.150998581110683]], "name": "C6H12O2", "identifiers": {"molecule_hash": "d522e69507980e7f5574820954a52d593d18f9d5", "molecular_formula": "C6H12O2"}, "molecular_charge": 0.0, "molecular_multiplicity": 1, "connectivity": [[0, 1, 1.0], [0, 8, 1.0], [0, 9, 1.0], [0, 10, 1.0], [1, 2, 1.0], [1, 11, 1.0], [1, 12, 1.0], [2, 3, 1.0], [2, 13, 1.0], [2, 14, 1.0], [3, 4, 1.0], [3, 15, 1.0], [3, 16, 1.0], [4, 5, 1.0], [4, 17, 1.0], [4, 18, 1.0], [5, 6, 2.0], [5, 7, 1.0], [7, 19, 1.0]], "fix_com": true, "fix_orientation": true, "provenance": {"creator": "QCElemental", "version": "v0.22.0", "routine": "qcelemental.molparse.from_schema"}, "id": "145500"}, "charge": 0, "optimize_geometry": false, "conformers": [], "conformer_generation_options": {"n_conformer_pool": 4000, "n_max_conformers": 0, "rms_tolerance": 0.05, "energy_window": 15, "keep_original_conformer": true}, "stage_1_unrestrained_charges": null, "stage_1_restrained_charges": null, "stage_2_unrestrained_charges": null, "stage_2_restrained_charges": null, "keep_original_orientation": false, "reorientations": [], "translations": [], "rotations": []}], "unconstrained_atoms": [{"index": 0, "molecule": {"qcmol": {"schema_name": "qcschema_molecule", "schema_version": 2, "validated": true, "symbols": ["C", "C", "C", "C", "C", "C", "O", "O", "H", "H", "H", "H", "H", "H", "H", "H", "H", "H", "H", "H"], "geometry": [[0.0, 0.0, 0.0], [2.8908405987254344, -5.280280010843163e-16, 4.0988068650369465e-16], [4.0937835114832595, 2.6350093042027076, 2.220446049250313e-16], [3.6106414428201723, 4.166722785952254, -2.4055702482739605], [5.000379761871221, 6.715369680684082, -2.3550323129697768], [4.4791836685082025, 8.26696303067244, -4.682425490423979], [3.2806611222512174, 10.16440785071048, -4.750090964160149], [5.506565500087026, 7.260924041041634, -6.751484193944832], [-0.7700001479421548, 0.8188672033820824, -1.7146311245910761], [-0.7253748743125663, -1.913246917575749, 0.14463490350190877], [-0.737892165220806, 1.068263022805626, 1.590867519251099], [3.5763215842681246, -1.0589166149625657, -1.6234259739617585], [3.5508702092966775, -1.0100322949743976, 1.662348882863618], [3.4148479240065597, 3.691513518478531, 1.6291255637453874], [6.123740804229943, 2.4276874358361504, 0.25186723914648357], [4.2222942852495775, 3.093633091683642, -4.043677229298119], [1.6010458633446003, 4.5135673625063975, -2.6329120180762073], [4.41467352846941, 7.827139012739758, -0.7418833191341259], [7.023321314620467, 6.400235789883279, -2.2303079968556556], [5.08293655142848, 8.30982722264119, -8.150998581110683]], "name": "C6H12O2", "identifiers": {"molecule_hash": "d522e69507980e7f5574820954a52d593d18f9d5", "molecular_formula": "C6H12O2"}, "molecular_charge": 0.0, "molecular_multiplicity": 1, "connectivity": [[0, 1, 1.0], [0, 8, 1.0], [0, 9, 1.0], [0, 10, 1.0], [1, 2, 1.0], [1, 11, 1.0], [1, 12, 1.0], [2, 3, 1.0], [2, 13, 1.0], [2, 14, 1.0], [3, 4, 1.0], [3, 15, 1.0], [3, 16, 1.0], [4, 5, 1.0], [4, 17, 1.0], [4, 18, 1.0], [5, 6, 2.0], [5, 7, 1.0], [7, 19, 1.0]], "fix_com": true, "fix_orientation": true, "provenance": {"creator": "QCElemental", "version": "v0.22.0", "routine": "qcelemental.molparse.from_schema"}, "id": "145500"}, "charge": 0, "optimize_geometry": false, "conformers": [], "conformer_generation_options": {"n_conformer_pool": 4000, "n_max_conformers": 0, "rms_tolerance": 0.05, "energy_window": 15, "keep_original_conformer": true}, "stage_1_unrestrained_charges": null, "stage_1_restrained_charges": null, "stage_2_unrestrained_charges": null, "stage_2_restrained_charges": null, "keep_original_orientation": false, "reorientations": [], "translations": [], "rotations": []}}, {"index": 1, "molecule": {"qcmol": {"schema_name": "qcschema_molecule", "schema_version": 2, "validated": true, "symbols": ["C", "C", "C", "C", "C", "C", "O", "O", "H", "H", "H", "H", "H", "H", "H", "H", "H", "H", "H", "H"], "geometry": [[0.0, 0.0, 0.0], [2.8908405987254344, -5.280280010843163e-16, 4.0988068650369465e-16], [4.0937835114832595, 2.6350093042027076, 2.220446049250313e-16], [3.6106414428201723, 4.166722785952254, -2.4055702482739605], [5.000379761871221, 6.715369680684082, -2.3550323129697768], [4.4791836685082025, 8.26696303067244, -4.682425490423979], [3.2806611222512174, 10.16440785071048, -4.750090964160149], [5.506565500087026, 7.260924041041634, -6.751484193944832], [-0.7700001479421548, 0.8188672033820824, -1.7146311245910761], [-0.7253748743125663, -1.913246917575749, 0.14463490350190877], [-0.737892165220806, 1.068263022805626, 1.590867519251099], [3.5763215842681246, -1.0589166149625657, -1.6234259739617585], [3.5508702092966775, -1.0100322949743976, 1.662348882863618], [3.4148479240065597, 3.691513518478531, 1.6291255637453874], [6.123740804229943, 2.4276874358361504, 0.25186723914648357], [4.2222942852495775, 3.093633091683642, -4.043677229298119], [1.6010458633446003, 4.5135673625063975, -2.6329120180762073], [4.41467352846941, 7.827139012739758, -0.7418833191341259], [7.023321314620467, 6.400235789883279, -2.2303079968556556], [5.08293655142848, 8.30982722264119, -8.150998581110683]], "name": "C6H12O2", "identifiers": {"molecule_hash": "d522e69507980e7f5574820954a52d593d18f9d5", "molecular_formula": "C6H12O2"}, "molecular_charge": 0.0, "molecular_multiplicity": 1, "connectivity": [[0, 1, 1.0], [0, 8, 1.0], [0, 9, 1.0], [0, 10, 1.0], [1, 2, 1.0], [1, 11, 1.0], [1, 12, 1.0], [2, 3, 1.0], [2, 13, 1.0], [2, 14, 1.0], [3, 4, 1.0], [3, 15, 1.0], [3, 16, 1.0], [4, 5, 1.0], [4, 17, 1.0], [4, 18, 1.0], [5, 6, 2.0], [5, 7, 1.0], [7, 19, 1.0]], "fix_com": true, "fix_orientation": true, "provenance": {"creator": "QCElemental", "version": "v0.22.0", "routine": "qcelemental.molparse.from_schema"}, "id": "145500"}, "charge": 0, "optimize_geometry": false, "conformers": [], "conformer_generation_options": {"n_conformer_pool": 4000, "n_max_conformers": 0, "rms_tolerance": 0.05, "energy_window": 15, "keep_original_conformer": true}, "stage_1_unrestrained_charges": null, "stage_1_restrained_charges": null, "stage_2_unrestrained_charges": null, "stage_2_restrained_charges": null, "keep_original_orientation": false, "reorientations": [], "translations": [], "rotations": []}}, {"index": 2, "molecule": {"qcmol": {"schema_name": "qcschema_molecule", "schema_version": 2, "validated": true, "symbols": ["C", "C", "C", "C", "C", "C", "O", "O", "H", "H", "H", "H", "H", "H", "H", "H", "H", "H", "H", "H"], "geometry": [[0.0, 0.0, 0.0], [2.8908405987254344, -5.280280010843163e-16, 4.0988068650369465e-16], [4.0937835114832595, 2.6350093042027076, 2.220446049250313e-16], [3.6106414428201723, 4.166722785952254, -2.4055702482739605], [5.000379761871221, 6.715369680684082, -2.3550323129697768], [4.4791836685082025, 8.26696303067244, -4.682425490423979], [3.2806611222512174, 10.16440785071048, -4.750090964160149], [5.506565500087026, 7.260924041041634, -6.751484193944832], [-0.7700001479421548, 0.8188672033820824, -1.7146311245910761], [-0.7253748743125663, -1.913246917575749, 0.14463490350190877], [-0.737892165220806, 1.068263022805626, 1.590867519251099], [3.5763215842681246, -1.0589166149625657, -1.6234259739617585], [3.5508702092966775, -1.0100322949743976, 1.662348882863618], [3.4148479240065597, 3.691513518478531, 1.6291255637453874], [6.123740804229943, 2.4276874358361504, 0.25186723914648357], [4.2222942852495775, 3.093633091683642, -4.043677229298119], [1.6010458633446003, 4.5135673625063975, -2.6329120180762073], [4.41467352846941, 7.827139012739758, -0.7418833191341259], [7.023321314620467, 6.400235789883279, -2.2303079968556556], [5.08293655142848, 8.30982722264119, -8.150998581110683]], "name": "C6H12O2", "identifiers": {"molecule_hash": "d522e69507980e7f5574820954a52d593d18f9d5", "molecular_formula": "C6H12O2"}, "molecular_charge": 0.0, "molecular_multiplicity": 1, "connectivity": [[0, 1, 1.0], [0, 8, 1.0], [0, 9, 1.0], [0, 10, 1.0], [1, 2, 1.0], [1, 11, 1.0], [1, 12, 1.0], [2, 3, 1.0], [2, 13, 1.0], [2, 14, 1.0], [3, 4, 1.0], [3, 15, 1.0], [3, 16, 1.0], [4, 5, 1.0], [4, 17, 1.0], [4, 18, 1.0], [5, 6, 2.0], [5, 7, 1.0], [7, 19, 1.0]], "fix_com": true, "fix_orientation": true, "provenance": {"creator": "QCElemental", "version": "v0.22.0", "routine": "qcelemental.molparse.from_schema"}, "id": "145500"}, "charge": 0, "optimize_geometry": false, "conformers": [], "conformer_generation_options": {"n_conformer_pool": 4000, "n_max_conformers": 0, "rms_tolerance": 0.05, "energy_window": 15, "keep_original_conformer": true}, "stage_1_unrestrained_charges": null, "stage_1_restrained_charges": null, "stage_2_unrestrained_charges": null, "stage_2_restrained_charges": null, "keep_original_orientation": false, "reorientations": [], "translations": [], "rotations": []}}, {"index": 3, "molecule": {"qcmol": {"schema_name": "qcschema_molecule", "schema_version": 2, "validated": true, "symbols": ["C", "C", "C", "C", "C", "C", "O", "O", "H", "H", "H", "H", "H", "H", "H", "H", "H", "H", "H", "H"], "geometry": [[0.0, 0.0, 0.0], [2.8908405987254344, -5.280280010843163e-16, 4.0988068650369465e-16], [4.0937835114832595, 2.6350093042027076, 2.220446049250313e-16], [3.6106414428201723, 4.166722785952254, -2.4055702482739605], [5.000379761871221, 6.715369680684082, -2.3550323129697768], [4.4791836685082025, 8.26696303067244, -4.682425490423979], [3.2806611222512174, 10.16440785071048, -4.750090964160149], [5.506565500087026, 7.260924041041634, -6.751484193944832], [-0.7700001479421548, 0.8188672033820824, -1.7146311245910761], [-0.7253748743125663, -1.913246917575749, 0.14463490350190877], [-0.737892165220806, 1.068263022805626, 1.590867519251099], [3.5763215842681246, -1.0589166149625657, -1.6234259739617585], [3.5508702092966775, -1.0100322949743976, 1.662348882863618], [3.4148479240065597, 3.691513518478531, 1.6291255637453874], [6.123740804229943, 2.4276874358361504, 0.25186723914648357], [4.2222942852495775, 3.093633091683642, -4.043677229298119], [1.6010458633446003, 4.5135673625063975, -2.6329120180762073], [4.41467352846941, 7.827139012739758, -0.7418833191341259], [7.023321314620467, 6.400235789883279, -2.2303079968556556], [5.08293655142848, 8.30982722264119, -8.150998581110683]], "name": "C6H12O2", "identifiers": {"molecule_hash": "d522e69507980e7f5574820954a52d593d18f9d5", "molecular_formula": "C6H12O2"}, "molecular_charge": 0.0, "molecular_multiplicity": 1, "connectivity": [[0, 1, 1.0], [0, 8, 1.0], [0, 9, 1.0], [0, 10, 1.0], [1, 2, 1.0], [1, 11, 1.0], [1, 12, 1.0], [2, 3, 1.0], [2, 13, 1.0], [2, 14, 1.0], [3, 4, 1.0], [3, 15, 1.0], [3, 16, 1.0], [4, 5, 1.0], [4, 17, 1.0], [4, 18, 1.0], [5, 6, 2.0], [5, 7, 1.0], [7, 19, 1.0]], "fix_com": true, "fix_orientation": true, "provenance": {"creator": "QCElemental", "version": "v0.22.0", "routine": "qcelemental.molparse.from_schema"}, "id": "145500"}, "charge": 0, "optimize_geometry": false, "conformers": [], "conformer_generation_options": {"n_conformer_pool": 4000, "n_max_conformers": 0, "rms_tolerance": 0.05, "energy_window": 15, "keep_original_conformer": true}, "stage_1_unrestrained_charges": null, "stage_1_restrained_charges": null, "stage_2_unrestrained_charges": null, "stage_2_restrained_charges": null, "keep_original_orientation": false, "reorientations": [], "translations": [], "rotations": []}}, {"index": 4, "molecule": {"qcmol": {"schema_name": "qcschema_molecule", "schema_version": 2, "validated": true, "symbols": ["C", "C", "C", "C", "C", "C", "O", "O", "H", "H", "H", "H", "H", "H", "H", "H", "H", "H", "H", "H"], "geometry": [[0.0, 0.0, 0.0], [2.8908405987254344, -5.280280010843163e-16, 4.0988068650369465e-16], [4.0937835114832595, 2.6350093042027076, 2.220446049250313e-16], [3.6106414428201723, 4.166722785952254, -2.4055702482739605], [5.000379761871221, 6.715369680684082, -2.3550323129697768], [4.4791836685082025, 8.26696303067244, -4.682425490423979], [3.2806611222512174, 10.16440785071048, -4.750090964160149], [5.506565500087026, 7.260924041041634, -6.751484193944832], [-0.7700001479421548, 0.8188672033820824, -1.7146311245910761], [-0.7253748743125663, -1.913246917575749, 0.14463490350190877], [-0.737892165220806, 1.068263022805626, 1.590867519251099], [3.5763215842681246, -1.0589166149625657, -1.6234259739617585], [3.5508702092966775, -1.0100322949743976, 1.662348882863618], [3.4148479240065597, 3.691513518478531, 1.6291255637453874], [6.123740804229943, 2.4276874358361504, 0.25186723914648357], [4.2222942852495775, 3.093633091683642, -4.043677229298119], [1.6010458633446003, 4.5135673625063975, -2.6329120180762073], [4.41467352846941, 7.827139012739758, -0.7418833191341259], [7.023321314620467, 6.400235789883279, -2.2303079968556556], [5.08293655142848, 8.30982722264119, -8.150998581110683]], "name": "C6H12O2", "identifiers": {"molecule_hash": "d522e69507980e7f5574820954a52d593d18f9d5", "molecular_formula": "C6H12O2"}, "molecular_charge": 0.0, "molecular_multiplicity": 1, "connectivity": [[0, 1, 1.0], [0, 8, 1.0], [0, 9, 1.0], [0, 10, 1.0], [1, 2, 1.0], [1, 11, 1.0], [1, 12, 1.0], [2, 3, 1.0], [2, 13, 1.0], [2, 14, 1.0], [3, 4, 1.0], [3, 15, 1.0], [3, 16, 1.0], [4, 5, 1.0], [4, 17, 1.0], [4, 18, 1.0], [5, 6, 2.0], [5, 7, 1.0], [7, 19, 1.0]], "fix_com": true, "fix_orientation": true, "provenance": {"creator": "QCElemental", "version": "v0.22.0", "routine": "qcelemental.molparse.from_schema"}, "id": "145500"}, "charge": 0, "optimize_geometry": false, "conformers": [], "conformer_generation_options": {"n_conformer_pool": 4000, "n_max_conformers": 0, "rms_tolerance": 0.05, "energy_window": 15, "keep_original_conformer": true}, "stage_1_unrestrained_charges": null, "stage_1_restrained_charges": null, "stage_2_unrestrained_charges": null, "stage_2_restrained_charges": null, "keep_original_orientation": false, "reorientations": [], "translations": [], "rotations": []}}]}, "surface_constraints": {"matrix": [[318722380021571.7, 307948799997674.4, 295258018051117.06, 286500953668075.3, 272574317770271.53, 261585692712360.75, 255931852879745.53, 253649840176408.3, 320742267566843.8, 319771983688611.5, 320235607901267.7, 306605420164689.4, 306621549487334.75, 295737270054735.94, 289002152668053.8, 285719751263876.0, 288984478890679.3, 268122286066120.8, 272094998818987.34, 243085714797589.4], [307948799997674.4, 315151504126624.4, 306426009355388.56, 294148707268042.75, 281656946815663.6, 271334234855813.7, 267716687323759.84, 260986239506734.4, 305375582428074.0, 304590399063256.4, 304826705987637.94, 319257491874877.3, 318889238235435.5, 306547388350870.3, 306165134419431.06, 291702056560435.56, 294563401158811.94, 275489497147017.5, 283109274899034.9, 250683020294523.72], [295258018051117.06, 306426009355388.56, 314437835624940.5, 306025670153436.5, 294415268716254.1, 283577658674323.7, 278822066738288.97, 273521308119736.3, 292429533098970.44, 289031908460017.44, 293247077782639.2, 306004339696084.8, 305299826906835.94, 319546545283674.06, 318915268982968.25, 305782027701569.4, 305901745289303.06, 288028078947977.4, 296776778226645.44, 262212281670469.12], [286500953668075.3, 294148707268042.75, 306025670153436.5, 314269469809183.94, 305941703498005.06, 295046617892035.7, 288992611739889.3, 286389858701061.9, 284445095611221.7, 281696483521752.7, 285119592456581.56, 289372550556047.9, 292129198717851.4, 306289955315470.4, 305735953483531.44, 319064836798403.9, 319239400022308.9, 305425559256469.8, 304594488721083.25, 274212385735902.25], [272574317770271.53, 281656946815663.6, 294415268716254.1, 305941703498005.06, 314204729862710.2, 306513837168460.5, 299922696792258.2, 299586392662620.4, 271142653105641.06, 266196665745830.4, 271363057248561.53, 275835156490470.2, 281703191107771.5, 294052989408568.9, 293421585498385.25, 305876463582812.25, 306068286241926.2, 318560524406839.75, 318115447394394.44, 287770334593137.9], [261585692712360.75, 271334234855813.7, 283577658674323.7, 295046617892035.7, 306513837168460.5, 314921129812618.25, 315388954678625.1, 312158816085884.2, 259907723366517.78, 255290341527711.44, 260192868832260.47, 265973596001221.9, 272170986292513.56, 283499343309141.56, 282306748673606.4, 293119876548033.06, 295026631278022.25, 306273127107962.0, 305819103133824.0, 308773407519645.2], [255931852879745.53, 267716687323759.84, 278822066738288.97, 288992611739889.3, 299922696792258.2, 315388954678625.1, 329121248645702.94, 304660869723331.56, 253853200076764.38, 249517759319755.97, 253651813114073.72, 263162231297336.8, 270434419309104.97, 277580940197035.5, 278795965283209.4, 285958291076397.2, 289391082223806.6, 296748148221544.06, 296800728610949.8, 306944093578368.25], [253649840176408.3, 260986239506734.4, 273521308119736.3, 286389858701061.9, 299586392662620.4, 312158816085884.2, 304660869723331.56, 325379188104990.75, 251879450476766.25, 247968940298738.3, 253697910186969.78, 255003663369229.7, 260530904959384.66, 274671707238668.88, 270341617362136.4, 284726351765830.1, 286126124217207.5, 298423910986265.1, 298529248485805.8, 323837335031705.06], [320742267566843.8, 305375582428074.0, 292429533098970.44, 284445095611221.7, 271142653105641.06, 259907723366517.78, 253853200076764.38, 251879450476766.25, 336437512846464.7, 316890932359201.6, 317430192494363.2, 301722537389483.7, 303093462916473.0, 294483852661130.1, 283761918545694.9, 285192720792803.75, 285483503721777.6, 266759178193969.28, 271215429179969.22, 240885433214777.6], [319771983688611.5, 304590399063256.4, 289031908460017.44, 281696483521752.7, 266196665745830.4, 255290341527711.44, 249517759319755.97, 247968940298738.3, 316890932359201.6, 334179948234373.8, 316530801016091.0, 300919351836757.25, 304716722825845.06, 287667227494788.6, 281579888604957.06, 281541136621269.56, 285908557723035.25, 261338562168060.38, 265124776125848.84, 237877732516266.34], [320235607901267.7, 304826705987637.94, 293247077782639.2, 285119592456581.56, 271363057248561.53, 260192868832260.47, 253651813114073.72, 253697910186969.78, 317430192494363.2, 316530801016091.0, 335420747342050.75, 303702255284221.7, 298874884944832.5, 294190382338195.75, 286685044487570.44, 283430583194592.4, 288832881245872.25, 268488621651577.8, 269571111443214.03, 242989852226246.03], [306605420164689.4, 319257491874877.3, 306004339696084.8, 289372550556047.9, 275835156490470.2, 265973596001221.9, 263162231297336.8, 255003663369229.7, 301722537389483.7, 300919351836757.25, 303702255284221.7, 336245448549104.9, 318163382266427.2, 303702199033274.1, 308131697941185.9, 285399163179935.9, 289245995558539.4, 268395719991226.12, 277465074162208.2, 245175485017014.25], [306621549487334.75, 318889238235435.5, 305299826906835.94, 292129198717851.4, 281703191107771.5, 272170986292513.56, 270434419309104.97, 260530904959384.66, 303093462916473.0, 304716722825845.06, 298874884944832.5, 318163382266427.2, 335585776771861.1, 303391814100905.8, 303993598675059.8, 288327832327587.06, 291641699860016.8, 275607929550160.8, 284064755230049.0, 250937161899619.72], [295737270054735.94, 306547388350870.3, 319546545283674.06, 306289955315470.4, 294052989408568.9, 283499343309141.56, 277580940197035.5, 274671707238668.88, 294483852661130.1, 287667227494788.6, 294190382338195.75, 303702199033274.1, 303391814100905.8, 337590323004462.44, 319149363572267.44, 303514038632037.94, 305278521749076.25, 286232241783010.4, 297143268851283.6, 263150425557700.8], [289002152668053.8, 306165134419431.06, 318915268982968.25, 305735953483531.44, 293421585498385.25, 282306748673606.4, 278795965283209.4, 270341617362136.4, 283761918545694.9, 281579888604957.06, 286685044487570.44, 308131697941185.9, 303993598675059.8, 319149363572267.44, 335963799679834.6, 305856451555366.25, 301934060109395.5, 284358863124198.7, 298128943032420.06, 259405251293325.1], [285719751263876.0, 291702056560435.56, 305782027701569.4, 319064836798403.9, 305876463582812.25, 293119876548033.06, 285958291076397.2, 284726351765830.1, 285192720792803.75, 281541136621269.56, 283430583194592.4, 285399163179935.9, 288327832327587.06, 303514038632037.94, 305856451555366.25, 336184814375055.2, 319531485507076.9, 305550965437482.7, 301975727806327.44, 271802915453135.53], [288984478890679.3, 294563401158811.94, 305901745289303.06, 319239400022308.9, 306068286241926.2, 295026631278022.25, 289391082223806.6, 286126124217207.5, 285483503721777.6, 285908557723035.25, 288832881245872.25, 289245995558539.4, 291641699860016.8, 305278521749076.25, 301934060109395.5, 319531485507076.9, 336765647218248.6, 306607670305882.0, 299978952502772.1, 273678466516805.47], [268122286066120.8, 275489497147017.5, 288028078947977.4, 305425559256469.8, 318560524406839.75, 306273127107962.0, 296748148221544.06, 298423910986265.1, 266759178193969.28, 261338562168060.38, 268488621651577.8, 268395719991226.12, 275607929550160.8, 286232241783010.4, 284358863124198.7, 305550965437482.7, 306607670305882.0, 335484576978565.1, 317521141075192.4, 284214479170342.44], [272094998818987.34, 283109274899034.9, 296776778226645.44, 304594488721083.25, 318115447394394.44, 305819103133824.0, 296800728610949.8, 298529248485805.8, 271215429179969.22, 265124776125848.84, 269571111443214.03, 277465074162208.2, 284064755230049.0, 297143268851283.6, 298128943032420.06, 301975727806327.44, 299978952502772.1, 317521141075192.4, 334774005084831.06, 284207488648822.25], [243085714797589.4, 250683020294523.72, 262212281670469.12, 274212385735902.25, 287770334593137.9, 308773407519645.2, 306944093578368.25, 323837335031705.06, 240885433214777.6, 237877732516266.34, 242989852226246.03, 245175485017014.25, 250937161899619.72, 263150425557700.8, 259405251293325.1, 271802915453135.53, 273678466516805.47, 284214479170342.44, 284207488648822.25, 333639067152370.2], [1980911744015.2312, 1328615571588.8276, 1484677867578.421, 1338254052141.8113, 495624606248.81146, -2746600237255.883, -7768974679728.407, -173166957034.601, 1995293842302.9763, 2182326088277.2905, 2223465228280.901, 1252327911008.8152, 581888887861.6182, 1995325111097.4653, 1287919625806.4233, 1956579383085.2393, 1165105067585.5986, 1783607219774.8098, 1282278939508.1272, 318518714122.1507]]}}