{"resp_b": 0.1, "restrained_fit": true, "exclude_hydrogens": true, "convergence_tolerance": 1e-06, "max_iter": 500, "resp_a": 0.0005, "charge_constraints": {"charge_sum_constraints": [], "charge_equivalence_constraints": [], "molecules": [{"qcmol": {"schema_name": "qcschema_molecule", "schema_version": 2, "validated": true, "symbols": ["C", "C", "C", "C", "C", "C", "O", "O", "H", "H", "H", "H", "H", "H", "H", "H", "H", "H", "H", "H"], "geometry": [[0.0, 0.0, 0.0], [2.8908405987254344, -5.280280010843163e-16, 4.0988068650369465e-16], [4.0937835114832595, 2.6350093042027076, 2.220446049250313e-16], [3.6106414428201723, 4.166722785952254, -2.4055702482739605], [5.000379761871221, 6.715369680684082, -2.3550323129697768], [4.4791836685082025, 8.26696303067244, -4.682425490423979], [3.2806611222512174, 10.16440785071048, -4.750090964160149], [5.506565500087026, 7.260924041041634, -6.751484193944832], [-0.7700001479421548, 0.8188672033820824, -1.7146311245910761], [-0.7253748743125663, -1.913246917575749, 0.14463490350190877], [-0.737892165220806, 1.068263022805626, 1.590867519251099], [3.5763215842681246, -1.0589166149625657, -1.6234259739617585], [3.5508702092966775, -1.0100322949743976, 1.662348882863618], [3.4148479240065597, 3.691513518478531, 1.6291255637453874], [6.123740804229943, 2.4276874358361504, 0.25186723914648357], [4.2222942852495775, 3.093633091683642, -4.043677229298119], [1.6010458633446003, 4.5135673625063975, -2.6329120180762073], [4.41467352846941, 7.827139012739758, -0.7418833191341259], [7.023321314620467, 6.400235789883279, -2.2303079968556556], [5.08293655142848, 8.30982722264119, -8.150998581110683]], "name": "C6H12O2", "identifiers": {"molecule_hash": "d522e69507980e7f5574820954a52d593d18f9d5", "molecular_formula": "C6H12O2"}, "molecular_charge": 0.0, "molecular_multiplicity": 1, "connectivity": [[0, 1, 1.0], [0, 8, 1.0], [0, 9, 1.0], [0, 10, 1.0], [1, 2, 1.0], [1, 11, 1.0], [1, 12, 1.0], [2, 3, 1.0], [2, 13, 1.0], [2, 14, 1.0], [3, 4, 1.0], [3, 15, 1.0], [3, 16, 1.0], [4, 5, 1.0], [4, 17, 1.0], [4, 18, 1.0], [5, 6, 2.0], [5, 7, 1.0], [7, 19, 1.0]], "fix_com": true, "fix_orientation": true, "provenance": {"creator": "QCElemental", "version": "v0.22.0", "routine": "qcelemental.molparse.from_schema"}, "id": "145500"}, "charge": 0, "optimize_geometry": false, "conformers": [], "conformer_generation_options": {"n_conformer_pool": 4000, "n_max_conformers": 0, "rms_tolerance": 0.05, "energy_window": 15, "keep_original_conformer": true}, "stage_1_unrestrained_charges": null, "stage_1_restrained_charges": null, "stage_2_unrestrained_charges": null, "stage_2_restrained_charges": null, "keep_original_orientation": false, "reorientations": [], "translations": [], "rotations": []}], "unconstrained_atoms": [{"index": 0, "molecule": {"qcmol": {"schema_name": "qcschema_molecule", "schema_version": 2, "validated": true, "symbols": ["C", "C", "C", "C", "C", "C", "O", "O", "H", "H", "H", "H", "H", "H", "H", "H", "H", "H", "H", "H"], "geometry": [[0.0, 0.0, 0.0], [2.8908405987254344, -5.280280010843163e-16, 4.0988068650369465e-16], [4.0937835114832595, 2.6350093042027076, 2.220446049250313e-16], [3.6106414428201723, 4.166722785952254, -2.4055702482739605], [5.000379761871221, 6.715369680684082, -2.3550323129697768], [4.4791836685082025, 8.26696303067244, -4.682425490423979], [3.2806611222512174, 10.16440785071048, -4.750090964160149], [5.506565500087026, 7.260924041041634, -6.751484193944832], [-0.7700001479421548, 0.8188672033820824, -1.7146311245910761], [-0.7253748743125663, -1.913246917575749, 0.14463490350190877], [-0.737892165220806, 1.068263022805626, 1.590867519251099], [3.5763215842681246, -1.0589166149625657, -1.6234259739617585], [3.5508702092966775, -1.0100322949743976, 1.662348882863618], [3.4148479240065597, 3.691513518478531, 1.6291255637453874], [6.123740804229943, 2.4276874358361504, 0.25186723914648357], [4.2222942852495775, 3.093633091683642, -4.043677229298119], [1.6010458633446003, 4.5135673625063975, -2.6329120180762073], [4.41467352846941, 7.827139012739758, -0.7418833191341259], [7.023321314620467, 6.400235789883279, -2.2303079968556556], [5.08293655142848, 8.30982722264119, -8.150998581110683]], "name": "C6H12O2", "identifiers": {"molecule_hash": "d522e69507980e7f5574820954a52d593d18f9d5", "molecular_formula": "C6H12O2"}, "molecular_charge": 0.0, "molecular_multiplicity": 1, "connectivity": [[0, 1, 1.0], [0, 8, 1.0], [0, 9, 1.0], [0, 10, 1.0], [1, 2, 1.0], [1, 11, 1.0], [1, 12, 1.0], [2, 3, 1.0], [2, 13, 1.0], [2, 14, 1.0], [3, 4, 1.0], [3, 15, 1.0], [3, 16, 1.0], [4, 5, 1.0], [4, 17, 1.0], [4, 18, 1.0], [5, 6, 2.0], [5, 7, 1.0], [7, 19, 1.0]], "fix_com": true, "fix_orientation": true, "provenance": {"creator": "QCElemental", "version": "v0.22.0", "routine": "qcelemental.molparse.from_schema"}, "id": "145500"}, "charge": 0, "optimize_geometry": false, "conformers": [], "conformer_generation_options": {"n_conformer_pool": 4000, "n_max_conformers": 0, "rms_tolerance": 0.05, "energy_window": 15, "keep_original_conformer": true}, "stage_1_unrestrained_charges": null, "stage_1_restrained_charges": null, "stage_2_unrestrained_charges": null, "stage_2_restrained_charges": null, "keep_original_orientation": false, "reorientations": [], "translations": [], "rotations": []}}, {"index": 1, "molecule": {"qcmol": {"schema_name": "qcschema_molecule", "schema_version": 2, "validated": true, "symbols": ["C", "C", "C", "C", "C", "C", "O", "O", "H", "H", "H", "H", "H", "H", "H", "H", "H", "H", "H", "H"], "geometry": [[0.0, 0.0, 0.0], [2.8908405987254344, -5.280280010843163e-16, 4.0988068650369465e-16], [4.0937835114832595, 2.6350093042027076, 2.220446049250313e-16], [3.6106414428201723, 4.166722785952254, -2.4055702482739605], [5.000379761871221, 6.715369680684082, -2.3550323129697768], [4.4791836685082025, 8.26696303067244, -4.682425490423979], [3.2806611222512174, 10.16440785071048, -4.750090964160149], [5.506565500087026, 7.260924041041634, -6.751484193944832], [-0.7700001479421548, 0.8188672033820824, -1.7146311245910761], [-0.7253748743125663, -1.913246917575749, 0.14463490350190877], [-0.737892165220806, 1.068263022805626, 1.590867519251099], [3.5763215842681246, -1.0589166149625657, -1.6234259739617585], [3.5508702092966775, -1.0100322949743976, 1.662348882863618], [3.4148479240065597, 3.691513518478531, 1.6291255637453874], [6.123740804229943, 2.4276874358361504, 0.25186723914648357], [4.2222942852495775, 3.093633091683642, -4.043677229298119], [1.6010458633446003, 4.5135673625063975, -2.6329120180762073], [4.41467352846941, 7.827139012739758, -0.7418833191341259], [7.023321314620467, 6.400235789883279, -2.2303079968556556], [5.08293655142848, 8.30982722264119, -8.150998581110683]], "name": "C6H12O2", "identifiers": {"molecule_hash": "d522e69507980e7f5574820954a52d593d18f9d5", "molecular_formula": "C6H12O2"}, "molecular_charge": 0.0, "molecular_multiplicity": 1, "connectivity": [[0, 1, 1.0], [0, 8, 1.0], [0, 9, 1.0], [0, 10, 1.0], [1, 2, 1.0], [1, 11, 1.0], [1, 12, 1.0], [2, 3, 1.0], [2, 13, 1.0], [2, 14, 1.0], [3, 4, 1.0], [3, 15, 1.0], [3, 16, 1.0], [4, 5, 1.0], [4, 17, 1.0], [4, 18, 1.0], [5, 6, 2.0], [5, 7, 1.0], [7, 19, 1.0]], "fix_com": true, "fix_orientation": true, "provenance": {"creator": "QCElemental", "version": "v0.22.0", "routine": "qcelemental.molparse.from_schema"}, "id": "145500"}, "charge": 0, "optimize_geometry": false, "conformers": [], "conformer_generation_options": {"n_conformer_pool": 4000, "n_max_conformers": 0, "rms_tolerance": 0.05, "energy_window": 15, "keep_original_conformer": true}, "stage_1_unrestrained_charges": null, "stage_1_restrained_charges": null, "stage_2_unrestrained_charges": null, "stage_2_restrained_charges": null, "keep_original_orientation": false, "reorientations": [], "translations": [], "rotations": []}}, {"index": 2, "molecule": {"qcmol": {"schema_name": "qcschema_molecule", "schema_version": 2, "validated": true, "symbols": ["C", "C", "C", "C", "C", "C", "O", "O", "H", "H", "H", "H", "H", "H", "H", "H", "H", "H", "H", "H"], "geometry": [[0.0, 0.0, 0.0], [2.8908405987254344, -5.280280010843163e-16, 4.0988068650369465e-16], [4.0937835114832595, 2.6350093042027076, 2.220446049250313e-16], [3.6106414428201723, 4.166722785952254, -2.4055702482739605], [5.000379761871221, 6.715369680684082, -2.3550323129697768], [4.4791836685082025, 8.26696303067244, -4.682425490423979], [3.2806611222512174, 10.16440785071048, -4.750090964160149], [5.506565500087026, 7.260924041041634, -6.751484193944832], [-0.7700001479421548, 0.8188672033820824, -1.7146311245910761], [-0.7253748743125663, -1.913246917575749, 0.14463490350190877], [-0.737892165220806, 1.068263022805626, 1.590867519251099], [3.5763215842681246, -1.0589166149625657, -1.6234259739617585], [3.5508702092966775, -1.0100322949743976, 1.662348882863618], [3.4148479240065597, 3.691513518478531, 1.6291255637453874], [6.123740804229943, 2.4276874358361504, 0.25186723914648357], [4.2222942852495775, 3.093633091683642, -4.043677229298119], [1.6010458633446003, 4.5135673625063975, -2.6329120180762073], [4.41467352846941, 7.827139012739758, -0.7418833191341259], [7.023321314620467, 6.400235789883279, -2.2303079968556556], [5.08293655142848, 8.30982722264119, -8.150998581110683]], "name": "C6H12O2", "identifiers": {"molecule_hash": "d522e69507980e7f5574820954a52d593d18f9d5", "molecular_formula": "C6H12O2"}, "molecular_charge": 0.0, "molecular_multiplicity": 1, "connectivity": [[0, 1, 1.0], [0, 8, 1.0], [0, 9, 1.0], [0, 10, 1.0], [1, 2, 1.0], [1, 11, 1.0], [1, 12, 1.0], [2, 3, 1.0], [2, 13, 1.0], [2, 14, 1.0], [3, 4, 1.0], [3, 15, 1.0], [3, 16, 1.0], [4, 5, 1.0], [4, 17, 1.0], [4, 18, 1.0], [5, 6, 2.0], [5, 7, 1.0], [7, 19, 1.0]], "fix_com": true, "fix_orientation": true, "provenance": {"creator": "QCElemental", "version": "v0.22.0", "routine": "qcelemental.molparse.from_schema"}, "id": "145500"}, "charge": 0, "optimize_geometry": false, "conformers": [], "conformer_generation_options": {"n_conformer_pool": 4000, "n_max_conformers": 0, "rms_tolerance": 0.05, "energy_window": 15, "keep_original_conformer": true}, "stage_1_unrestrained_charges": null, "stage_1_restrained_charges": null, "stage_2_unrestrained_charges": null, "stage_2_restrained_charges": null, "keep_original_orientation": false, "reorientations": [], "translations": [], "rotations": []}}, {"index": 3, "molecule": {"qcmol": {"schema_name": "qcschema_molecule", "schema_version": 2, "validated": true, "symbols": ["C", "C", "C", "C", "C", "C", "O", "O", "H", "H", "H", "H", "H", "H", "H", "H", "H", "H", "H", "H"], "geometry": [[0.0, 0.0, 0.0], [2.8908405987254344, -5.280280010843163e-16, 4.0988068650369465e-16], [4.0937835114832595, 2.6350093042027076, 2.220446049250313e-16], [3.6106414428201723, 4.166722785952254, -2.4055702482739605], [5.000379761871221, 6.715369680684082, -2.3550323129697768], [4.4791836685082025, 8.26696303067244, -4.682425490423979], [3.2806611222512174, 10.16440785071048, -4.750090964160149], [5.506565500087026, 7.260924041041634, -6.751484193944832], [-0.7700001479421548, 0.8188672033820824, -1.7146311245910761], [-0.7253748743125663, -1.913246917575749, 0.14463490350190877], [-0.737892165220806, 1.068263022805626, 1.590867519251099], [3.5763215842681246, -1.0589166149625657, -1.6234259739617585], [3.5508702092966775, -1.0100322949743976, 1.662348882863618], [3.4148479240065597, 3.691513518478531, 1.6291255637453874], [6.123740804229943, 2.4276874358361504, 0.25186723914648357], [4.2222942852495775, 3.093633091683642, -4.043677229298119], [1.6010458633446003, 4.5135673625063975, -2.6329120180762073], [4.41467352846941, 7.827139012739758, -0.7418833191341259], [7.023321314620467, 6.400235789883279, -2.2303079968556556], [5.08293655142848, 8.30982722264119, -8.150998581110683]], "name": "C6H12O2", "identifiers": {"molecule_hash": "d522e69507980e7f5574820954a52d593d18f9d5", "molecular_formula": "C6H12O2"}, "molecular_charge": 0.0, "molecular_multiplicity": 1, "connectivity": [[0, 1, 1.0], [0, 8, 1.0], [0, 9, 1.0], [0, 10, 1.0], [1, 2, 1.0], [1, 11, 1.0], [1, 12, 1.0], [2, 3, 1.0], [2, 13, 1.0], [2, 14, 1.0], [3, 4, 1.0], [3, 15, 1.0], [3, 16, 1.0], [4, 5, 1.0], [4, 17, 1.0], [4, 18, 1.0], [5, 6, 2.0], [5, 7, 1.0], [7, 19, 1.0]], "fix_com": true, "fix_orientation": true, "provenance": {"creator": "QCElemental", "version": "v0.22.0", "routine": "qcelemental.molparse.from_schema"}, "id": "145500"}, "charge": 0, "optimize_geometry": false, "conformers": [], "conformer_generation_options": {"n_conformer_pool": 4000, "n_max_conformers": 0, "rms_tolerance": 0.05, "energy_window": 15, "keep_original_conformer": true}, "stage_1_unrestrained_charges": null, "stage_1_restrained_charges": null, "stage_2_unrestrained_charges": null, "stage_2_restrained_charges": null, "keep_original_orientation": false, "reorientations": [], "translations": [], "rotations": []}}, {"index": 4, "molecule": {"qcmol": {"schema_name": "qcschema_molecule", "schema_version": 2, "validated": true, "symbols": ["C", "C", "C", "C", "C", "C", "O", "O", "H", "H", "H", "H", "H", "H", "H", "H", "H", "H", "H", "H"], "geometry": [[0.0, 0.0, 0.0], [2.8908405987254344, -5.280280010843163e-16, 4.0988068650369465e-16], [4.0937835114832595, 2.6350093042027076, 2.220446049250313e-16], [3.6106414428201723, 4.166722785952254, -2.4055702482739605], [5.000379761871221, 6.715369680684082, -2.3550323129697768], [4.4791836685082025, 8.26696303067244, -4.682425490423979], [3.2806611222512174, 10.16440785071048, -4.750090964160149], [5.506565500087026, 7.260924041041634, -6.751484193944832], [-0.7700001479421548, 0.8188672033820824, -1.7146311245910761], [-0.7253748743125663, -1.913246917575749, 0.14463490350190877], [-0.737892165220806, 1.068263022805626, 1.590867519251099], [3.5763215842681246, -1.0589166149625657, -1.6234259739617585], [3.5508702092966775, -1.0100322949743976, 1.662348882863618], [3.4148479240065597, 3.691513518478531, 1.6291255637453874], [6.123740804229943, 2.4276874358361504, 0.25186723914648357], [4.2222942852495775, 3.093633091683642, -4.043677229298119], [1.6010458633446003, 4.5135673625063975, -2.6329120180762073], [4.41467352846941, 7.827139012739758, -0.7418833191341259], [7.023321314620467, 6.400235789883279, -2.2303079968556556], [5.08293655142848, 8.30982722264119, -8.150998581110683]], "name": "C6H12O2", "identifiers": {"molecule_hash": "d522e69507980e7f5574820954a52d593d18f9d5", "molecular_formula": "C6H12O2"}, "molecular_charge": 0.0, "molecular_multiplicity": 1, "connectivity": [[0, 1, 1.0], [0, 8, 1.0], [0, 9, 1.0], [0, 10, 1.0], [1, 2, 1.0], [1, 11, 1.0], [1, 12, 1.0], [2, 3, 1.0], [2, 13, 1.0], [2, 14, 1.0], [3, 4, 1.0], [3, 15, 1.0], [3, 16, 1.0], [4, 5, 1.0], [4, 17, 1.0], [4, 18, 1.0], [5, 6, 2.0], [5, 7, 1.0], [7, 19, 1.0]], "fix_com": true, "fix_orientation": true, "provenance": {"creator": "QCElemental", "version": "v0.22.0", "routine": "qcelemental.molparse.from_schema"}, "id": "145500"}, "charge": 0, "optimize_geometry": false, "conformers": [], "conformer_generation_options": {"n_conformer_pool": 4000, "n_max_conformers": 0, "rms_tolerance": 0.05, "energy_window": 15, "keep_original_conformer": true}, "stage_1_unrestrained_charges": null, "stage_1_restrained_charges": null, "stage_2_unrestrained_charges": null, "stage_2_restrained_charges": null, "keep_original_orientation": false, "reorientations": [], "translations": [], "rotations": []}}]}, "surface_constraints": {"matrix": [[318708312690730.4, 307935209212750.56, 295244982364404.3, 286488283831376.94, 272562277758990.34, 261574173229309.97, 255920600447809.53, 253638681893455.12, 320728110510019.44, 319757873528262.6, 320221467694129.56, 306591892378011.25, 306608020571685.94, 295724223312317.9, 288989398324858.0, 285707105885827.7, 288971681171139.94, 268110402491039.25, 272083003921958.28, 243075044492097.9], [307935209212750.56, 315137593878733.2, 306412478897025.75, 294135712168991.8, 281644523327539.94, 271322310094345.06, 267704946755693.47, 260974779018954.16, 305362105258509.0, 304576960710325.1, 304813247113096.94, 319243405180419.8, 318875163671683.75, 306533854134170.25, 306151617775281.1, 291689155998060.1, 294550378404969.94, 275477311465870.1, 283096804359372.25, 250672037107462.94], [295244982364404.3, 306412478897025.75, 314423948782843.06, 306012149789768.94, 294402257175743.94, 283565139983735.8, 278809765602290.25, 273509243357068.78, 292416625504616.06, 289019137463344.1, 293234135971116.3, 305990832652267.06, 305286344923739.56, 319532435993092.3, 318901186018015.56, 305768517107213.5, 305888229886388.3, 288015333721738.2, 296763667603255.75, 262200727374262.28], [286488283831376.94, 294135712168991.8, 306012149789768.94, 314255580667157.2, 305928180823494.75, 295033571964864.3, 288979833494950.9, 286377204193851.25, 284432502774407.3, 281684020227782.7, 285106991662557.1, 289359766913874.25, 292116306948872.2, 306276427900394.56, 305722447609217.8, 319050733778819.4, 319225290667957.0, 305412062217642.25, 304581028962631.06, 274200273681150.28], [272562277758990.34, 281644523327539.94, 294402257175743.94, 305928180823494.75, 314190843319556.8, 306500288275601.3, 299909444643749.8, 299573153398475.75, 271130655749706.2, 266184923155734.9, 271351060416461.06, 275822982382295.72, 281690808207930.2, 294039979229282.2, 293408616915000.0, 305862941453201.25, 306054758070444.1, 318546447135495.06, 318101392828507.56, 287757624186028.8], [261574173229309.97, 271322310094345.06, 283565139983735.8, 295033571964864.3, 306500288275601.3, 314907209506516.9, 315375020588805.3, 312145022683044.06, 259896246354504.94, 255279122259922.25, 260181398654755.3, 265961909223561.8, 272159085988895.4, 283486795557494.8, 282294291880641.2, 293106914369684.06, 295013567800568.4, 306259590344476.75, 305805590674012.75, 308759771845186.0], [255920600447809.53, 267704946755693.47, 278809765602290.25, 288979833494950.9, 299909444643749.8, 315375020588805.3, 329106714788624.0, 304647414483458.2, 253842000598907.66, 249506816070942.3, 253640646975621.5, 263150705198560.28, 270422626766155.38, 277568647210548.2, 278783675483704.22, 285945630539522.9, 289378272906513.56, 296735029346751.0, 296787631817213.75, 306930545144846.2], [253638681893455.12, 260974779018954.16, 273509243357068.78, 286377204193851.25, 299573153398475.75, 312145022683044.06, 304647414483458.2, 325364814824956.0, 251868340070862.75, 247958053656952.38, 253686740355975.9, 254992459825193.1, 260519530139051.72, 274659563670143.66, 270329696706648.72, 284713791444433.6, 286113443654304.75, 298410731948940.3, 298516047638012.6, 323823038397956.94], [320728110510019.44, 305362105258509.0, 292416625504616.06, 284432502774407.3, 271130655749706.2, 259896246354504.94, 253842000598907.66, 251868340070862.75, 336422662846349.0, 316876947956651.56, 317416175417319.7, 301709224705860.25, 303080087455652.06, 294470880774485.06, 283749398535089.3, 285180080320510.5, 285470844582486.9, 266747329860086.1, 271203460460008.53, 240874823970863.34], [319757873528262.6, 304576960710325.1, 289019137463344.1, 281684020227782.7, 266184923155734.9, 255279122259922.25, 249506816070942.3, 247958053656952.38, 316876947956651.56, 334165204688619.44, 316516828862078.7, 300906084794514.0, 304703289499239.8, 287654518717618.4, 281567446557742.06, 281528659639337.4, 285895886563617.75, 261326998060831.7, 265113109910297.6, 237867317825227.56], [320221467694129.56, 304813247113096.94, 293234135971116.3, 285106991662557.1, 271351060416461.06, 260181398654755.3, 253640646975621.5, 253686740355975.9, 317416175417319.7, 316516828862078.7, 335405930392040.06, 303688843657236.94, 298861689215063.1, 294177406160433.7, 286672405201394.4, 283418065106287.44, 288820098015777.06, 268476709584582.5, 269559208657128.6, 242979176853364.47], [306591892378011.25, 319243405180419.8, 305990832652267.06, 289359766913874.25, 275822982382295.72, 265961909223561.8, 263150705198560.28, 254992459825193.1, 301709224705860.25, 300906084794514.0, 303688843657236.94, 336230614927945.6, 318149346595295.8, 303688798703264.44, 308118098945262.6, 285386536198638.4, 289233216997118.8, 268383836991697.75, 277452834299569.62, 245164741859845.5], [306608020571685.94, 318875163671683.75, 305286344923739.56, 292116306948872.2, 281690808207930.2, 272159085988895.4, 270422626766155.38, 260519530139051.72, 303080087455652.06, 304703289499239.8, 298861689215063.1, 318149346595295.8, 335570963725607.5, 303378405927532.0, 303980174930358.9, 288315089327155.44, 291628812835543.2, 275595774684819.12, 284052297551351.1, 250926238297696.34], [295724223312317.9, 306533854134170.25, 319532435993092.3, 306276427900394.56, 294039979229282.2, 283486795557494.8, 277568647210548.2, 274659563670143.66, 294470880774485.06, 287654518717618.4, 294177406160433.7, 303688798703264.44, 303378405927532.0, 337575420511640.8, 319135272415703.1, 303500653821434.94, 305265033958179.5, 286219561191568.3, 297130128322532.0, 263138793141586.94], [288989398324858.0, 306151617775281.1, 318901186018015.56, 305722447609217.8, 293408616915000.0, 282294291880641.2, 278783675483704.22, 270329696706648.72, 283749398535089.3, 281567446557742.06, 286672405201394.4, 308118098945262.6, 303980174930358.9, 319135272415703.1, 335948965826754.44, 305842929955875.94, 301920733357121.8, 284346281701153.06, 298115761865923.3, 259393827956279.8], [285707105885827.7, 291689155998060.1, 305768517107213.5, 319050733778819.4, 305862941453201.25, 293106914369684.06, 285945630539522.9, 284713791444433.6, 285180080320510.5, 281528659639337.4, 283418065106287.44, 285386536198638.4, 288315089327155.44, 303500653821434.94, 305842929955875.94, 336169952308881.25, 319517361209669.0, 305537473383854.1, 301962367462216.2, 271790925007074.0], [288971681171139.94, 294550378404969.94, 305888229886388.3, 319225290667957.0, 306054758070444.1, 295013567800568.4, 289378272906513.56, 286113443654304.75, 285470844582486.9, 285895886563617.75, 288820098015777.06, 289233216997118.8, 291628812835543.2, 305265033958179.5, 301920733357121.8, 319517361209669.0, 336750762400819.75, 306594124710816.9, 299965708267050.8, 273666338039066.16], [268110402491039.25, 275477311465870.1, 288015333721738.2, 305412062217642.25, 318546447135495.06, 306259590344476.75, 296735029346751.0, 298410731948940.3, 266747329860086.1, 261326998060831.7, 268476709584582.5, 268383836991697.75, 275595774684819.12, 286219561191568.3, 284346281701153.06, 305537473383854.1, 306594124710816.9, 335469752772951.75, 317507114038434.25, 284201931423428.7], [272083003921958.28, 283096804359372.25, 296763667603255.75, 304581028962631.06, 318101392828507.56, 305805590674012.75, 296787631817213.75, 298516047638012.6, 271203460460008.53, 265113109910297.6, 269559208657128.6, 277452834299569.62, 284052297551351.1, 297130128322532.0, 298115761865923.3, 301962367462216.2, 299965708267050.8, 317507114038434.25, 334759220061461.9, 284194931016476.8], [243075044492097.9, 250672037107462.94, 262200727374262.28, 274200273681150.28, 287757624186028.8, 308759771845186.0, 306930545144846.2, 323823038397956.94, 240874823970863.34, 237867317825227.56, 242979176853364.47, 245164741859845.5, 250926238297696.34, 263138793141586.94, 259393827956279.8, 271790925007074.0, 273666338039066.16, 284201931423428.7, 284194931016476.8, 333624345725905.7], [1800664346375.2925, 1350964993698.8896, 1376734953802.193, 1128020091486.3672, 321854033690.6064, -2237783199111.802, -6244832206198.407, -293445573146.3875, 1769880663433.3323, 1987625700292.9084, 1959383456612.091, 1344616881791.177, 818907427035.3016, 1753545437275.0713, 1284299941881.1697, 1593271182855.2585, 1009197342526.2429, 1336271213088.4312, 868391464527.6193, 427806084440.5945]]}}