{"resp_b": 0.1, "restrained_fit": true, "exclude_hydrogens": true, "convergence_tolerance": 1e-06, "max_iter": 500, "resp_a": 0.0005, "charge_constraints": {"charge_sum_constraints": [], "charge_equivalence_constraints": [], "molecules": [{"qcmol": {"schema_name": "qcschema_molecule", "schema_version": 2, "validated": true, "symbols": ["C", "C", "C", "C", "C", "C", "O", "O", "H", "H", "H", "H", "H", "H", "H", "H", "H", "H", "H", "H"], "geometry": [[0.0, 0.0, 0.0], [2.8908405987254344, -5.280280010843163e-16, 4.0988068650369465e-16], [4.0937835114832595, 2.6350093042027076, 2.220446049250313e-16], [3.6106414428201723, 4.166722785952254, -2.4055702482739605], [5.000379761871221, 6.715369680684082, -2.3550323129697768], [4.4791836685082025, 8.26696303067244, -4.682425490423979], [3.2806611222512174, 10.16440785071048, -4.750090964160149], [5.506565500087026, 7.260924041041634, -6.751484193944832], [-0.7700001479421548, 0.8188672033820824, -1.7146311245910761], [-0.7253748743125663, -1.913246917575749, 0.14463490350190877], [-0.737892165220806, 1.068263022805626, 1.590867519251099], [3.5763215842681246, -1.0589166149625657, -1.6234259739617585], [3.5508702092966775, -1.0100322949743976, 1.662348882863618], [3.4148479240065597, 3.691513518478531, 1.6291255637453874], [6.123740804229943, 2.4276874358361504, 0.25186723914648357], [4.2222942852495775, 3.093633091683642, -4.043677229298119], [1.6010458633446003, 4.5135673625063975, -2.6329120180762073], [4.41467352846941, 7.827139012739758, -0.7418833191341259], [7.023321314620467, 6.400235789883279, -2.2303079968556556], [5.08293655142848, 8.30982722264119, -8.150998581110683]], "name": "C6H12O2", "identifiers": {"molecule_hash": "d522e69507980e7f5574820954a52d593d18f9d5", "molecular_formula": "C6H12O2"}, "molecular_charge": 0.0, "molecular_multiplicity": 1, "connectivity": [[0, 1, 1.0], [0, 8, 1.0], [0, 9, 1.0], [0, 10, 1.0], [1, 2, 1.0], [1, 11, 1.0], [1, 12, 1.0], [2, 3, 1.0], [2, 13, 1.0], [2, 14, 1.0], [3, 4, 1.0], [3, 15, 1.0], [3, 16, 1.0], [4, 5, 1.0], [4, 17, 1.0], [4, 18, 1.0], [5, 6, 2.0], [5, 7, 1.0], [7, 19, 1.0]], "fix_com": true, "fix_orientation": true, "provenance": {"creator": "QCElemental", "version": "v0.22.0", "routine": "qcelemental.molparse.from_schema"}, "id": "145500"}, "charge": 0, "optimize_geometry": false, "conformers": [], "conformer_generation_options": {"n_conformer_pool": 4000, "n_max_conformers": 0, "rms_tolerance": 0.05, "energy_window": 15, "keep_original_conformer": true}, "stage_1_unrestrained_charges": null, "stage_1_restrained_charges": null, "stage_2_unrestrained_charges": null, "stage_2_restrained_charges": null, "keep_original_orientation": false, "reorientations": [], "translations": [], "rotations": []}], "unconstrained_atoms": [{"index": 0, "molecule": {"qcmol": {"schema_name": "qcschema_molecule", "schema_version": 2, "validated": true, "symbols": ["C", "C", "C", "C", "C", "C", "O", "O", "H", "H", "H", "H", "H", "H", "H", "H", "H", "H", "H", "H"], "geometry": [[0.0, 0.0, 0.0], [2.8908405987254344, -5.280280010843163e-16, 4.0988068650369465e-16], [4.0937835114832595, 2.6350093042027076, 2.220446049250313e-16], [3.6106414428201723, 4.166722785952254, -2.4055702482739605], [5.000379761871221, 6.715369680684082, -2.3550323129697768], [4.4791836685082025, 8.26696303067244, -4.682425490423979], [3.2806611222512174, 10.16440785071048, -4.750090964160149], [5.506565500087026, 7.260924041041634, -6.751484193944832], [-0.7700001479421548, 0.8188672033820824, -1.7146311245910761], [-0.7253748743125663, -1.913246917575749, 0.14463490350190877], [-0.737892165220806, 1.068263022805626, 1.590867519251099], [3.5763215842681246, -1.0589166149625657, -1.6234259739617585], [3.5508702092966775, -1.0100322949743976, 1.662348882863618], [3.4148479240065597, 3.691513518478531, 1.6291255637453874], [6.123740804229943, 2.4276874358361504, 0.25186723914648357], [4.2222942852495775, 3.093633091683642, -4.043677229298119], [1.6010458633446003, 4.5135673625063975, -2.6329120180762073], [4.41467352846941, 7.827139012739758, -0.7418833191341259], [7.023321314620467, 6.400235789883279, -2.2303079968556556], [5.08293655142848, 8.30982722264119, -8.150998581110683]], "name": "C6H12O2", "identifiers": {"molecule_hash": "d522e69507980e7f5574820954a52d593d18f9d5", "molecular_formula": "C6H12O2"}, "molecular_charge": 0.0, "molecular_multiplicity": 1, "connectivity": [[0, 1, 1.0], [0, 8, 1.0], [0, 9, 1.0], [0, 10, 1.0], [1, 2, 1.0], [1, 11, 1.0], [1, 12, 1.0], [2, 3, 1.0], [2, 13, 1.0], [2, 14, 1.0], [3, 4, 1.0], [3, 15, 1.0], [3, 16, 1.0], [4, 5, 1.0], [4, 17, 1.0], [4, 18, 1.0], [5, 6, 2.0], [5, 7, 1.0], [7, 19, 1.0]], "fix_com": true, "fix_orientation": true, "provenance": {"creator": "QCElemental", "version": "v0.22.0", "routine": "qcelemental.molparse.from_schema"}, "id": "145500"}, "charge": 0, "optimize_geometry": false, "conformers": [], "conformer_generation_options": {"n_conformer_pool": 4000, "n_max_conformers": 0, "rms_tolerance": 0.05, "energy_window": 15, "keep_original_conformer": true}, "stage_1_unrestrained_charges": null, "stage_1_restrained_charges": null, "stage_2_unrestrained_charges": null, "stage_2_restrained_charges": null, "keep_original_orientation": false, "reorientations": [], "translations": [], "rotations": []}}, {"index": 1, "molecule": {"qcmol": {"schema_name": "qcschema_molecule", "schema_version": 2, "validated": true, "symbols": ["C", "C", "C", "C", "C", "C", "O", "O", "H", "H", "H", "H", "H", "H", "H", "H", "H", "H", "H", "H"], "geometry": [[0.0, 0.0, 0.0], [2.8908405987254344, -5.280280010843163e-16, 4.0988068650369465e-16], [4.0937835114832595, 2.6350093042027076, 2.220446049250313e-16], [3.6106414428201723, 4.166722785952254, -2.4055702482739605], [5.000379761871221, 6.715369680684082, -2.3550323129697768], [4.4791836685082025, 8.26696303067244, -4.682425490423979], [3.2806611222512174, 10.16440785071048, -4.750090964160149], [5.506565500087026, 7.260924041041634, -6.751484193944832], [-0.7700001479421548, 0.8188672033820824, -1.7146311245910761], [-0.7253748743125663, -1.913246917575749, 0.14463490350190877], [-0.737892165220806, 1.068263022805626, 1.590867519251099], [3.5763215842681246, -1.0589166149625657, -1.6234259739617585], [3.5508702092966775, -1.0100322949743976, 1.662348882863618], [3.4148479240065597, 3.691513518478531, 1.6291255637453874], [6.123740804229943, 2.4276874358361504, 0.25186723914648357], [4.2222942852495775, 3.093633091683642, -4.043677229298119], [1.6010458633446003, 4.5135673625063975, -2.6329120180762073], [4.41467352846941, 7.827139012739758, -0.7418833191341259], [7.023321314620467, 6.400235789883279, -2.2303079968556556], [5.08293655142848, 8.30982722264119, -8.150998581110683]], "name": "C6H12O2", "identifiers": {"molecule_hash": "d522e69507980e7f5574820954a52d593d18f9d5", "molecular_formula": "C6H12O2"}, "molecular_charge": 0.0, "molecular_multiplicity": 1, "connectivity": [[0, 1, 1.0], [0, 8, 1.0], [0, 9, 1.0], [0, 10, 1.0], [1, 2, 1.0], [1, 11, 1.0], [1, 12, 1.0], [2, 3, 1.0], [2, 13, 1.0], [2, 14, 1.0], [3, 4, 1.0], [3, 15, 1.0], [3, 16, 1.0], [4, 5, 1.0], [4, 17, 1.0], [4, 18, 1.0], [5, 6, 2.0], [5, 7, 1.0], [7, 19, 1.0]], "fix_com": true, "fix_orientation": true, "provenance": {"creator": "QCElemental", "version": "v0.22.0", "routine": "qcelemental.molparse.from_schema"}, "id": "145500"}, "charge": 0, "optimize_geometry": false, "conformers": [], "conformer_generation_options": {"n_conformer_pool": 4000, "n_max_conformers": 0, "rms_tolerance": 0.05, "energy_window": 15, "keep_original_conformer": true}, "stage_1_unrestrained_charges": null, "stage_1_restrained_charges": null, "stage_2_unrestrained_charges": null, "stage_2_restrained_charges": null, "keep_original_orientation": false, "reorientations": [], "translations": [], "rotations": []}}, {"index": 2, "molecule": {"qcmol": {"schema_name": "qcschema_molecule", "schema_version": 2, "validated": true, "symbols": ["C", "C", "C", "C", "C", "C", "O", "O", "H", "H", "H", "H", "H", "H", "H", "H", "H", "H", "H", "H"], "geometry": [[0.0, 0.0, 0.0], [2.8908405987254344, -5.280280010843163e-16, 4.0988068650369465e-16], [4.0937835114832595, 2.6350093042027076, 2.220446049250313e-16], [3.6106414428201723, 4.166722785952254, -2.4055702482739605], [5.000379761871221, 6.715369680684082, -2.3550323129697768], [4.4791836685082025, 8.26696303067244, -4.682425490423979], [3.2806611222512174, 10.16440785071048, -4.750090964160149], [5.506565500087026, 7.260924041041634, -6.751484193944832], [-0.7700001479421548, 0.8188672033820824, -1.7146311245910761], [-0.7253748743125663, -1.913246917575749, 0.14463490350190877], [-0.737892165220806, 1.068263022805626, 1.590867519251099], [3.5763215842681246, -1.0589166149625657, -1.6234259739617585], [3.5508702092966775, -1.0100322949743976, 1.662348882863618], [3.4148479240065597, 3.691513518478531, 1.6291255637453874], [6.123740804229943, 2.4276874358361504, 0.25186723914648357], [4.2222942852495775, 3.093633091683642, -4.043677229298119], [1.6010458633446003, 4.5135673625063975, -2.6329120180762073], [4.41467352846941, 7.827139012739758, -0.7418833191341259], [7.023321314620467, 6.400235789883279, -2.2303079968556556], [5.08293655142848, 8.30982722264119, -8.150998581110683]], "name": "C6H12O2", "identifiers": {"molecule_hash": "d522e69507980e7f5574820954a52d593d18f9d5", "molecular_formula": "C6H12O2"}, "molecular_charge": 0.0, "molecular_multiplicity": 1, "connectivity": [[0, 1, 1.0], [0, 8, 1.0], [0, 9, 1.0], [0, 10, 1.0], [1, 2, 1.0], [1, 11, 1.0], [1, 12, 1.0], [2, 3, 1.0], [2, 13, 1.0], [2, 14, 1.0], [3, 4, 1.0], [3, 15, 1.0], [3, 16, 1.0], [4, 5, 1.0], [4, 17, 1.0], [4, 18, 1.0], [5, 6, 2.0], [5, 7, 1.0], [7, 19, 1.0]], "fix_com": true, "fix_orientation": true, "provenance": {"creator": "QCElemental", "version": "v0.22.0", "routine": "qcelemental.molparse.from_schema"}, "id": "145500"}, "charge": 0, "optimize_geometry": false, "conformers": [], "conformer_generation_options": {"n_conformer_pool": 4000, "n_max_conformers": 0, "rms_tolerance": 0.05, "energy_window": 15, "keep_original_conformer": true}, "stage_1_unrestrained_charges": null, "stage_1_restrained_charges": null, "stage_2_unrestrained_charges": null, "stage_2_restrained_charges": null, "keep_original_orientation": false, "reorientations": [], "translations": [], "rotations": []}}, {"index": 3, "molecule": {"qcmol": {"schema_name": "qcschema_molecule", "schema_version": 2, "validated": true, "symbols": ["C", "C", "C", "C", "C", "C", "O", "O", "H", "H", "H", "H", "H", "H", "H", "H", "H", "H", "H", "H"], "geometry": [[0.0, 0.0, 0.0], [2.8908405987254344, -5.280280010843163e-16, 4.0988068650369465e-16], [4.0937835114832595, 2.6350093042027076, 2.220446049250313e-16], [3.6106414428201723, 4.166722785952254, -2.4055702482739605], [5.000379761871221, 6.715369680684082, -2.3550323129697768], [4.4791836685082025, 8.26696303067244, -4.682425490423979], [3.2806611222512174, 10.16440785071048, -4.750090964160149], [5.506565500087026, 7.260924041041634, -6.751484193944832], [-0.7700001479421548, 0.8188672033820824, -1.7146311245910761], [-0.7253748743125663, -1.913246917575749, 0.14463490350190877], [-0.737892165220806, 1.068263022805626, 1.590867519251099], [3.5763215842681246, -1.0589166149625657, -1.6234259739617585], [3.5508702092966775, -1.0100322949743976, 1.662348882863618], [3.4148479240065597, 3.691513518478531, 1.6291255637453874], [6.123740804229943, 2.4276874358361504, 0.25186723914648357], [4.2222942852495775, 3.093633091683642, -4.043677229298119], [1.6010458633446003, 4.5135673625063975, -2.6329120180762073], [4.41467352846941, 7.827139012739758, -0.7418833191341259], [7.023321314620467, 6.400235789883279, -2.2303079968556556], [5.08293655142848, 8.30982722264119, -8.150998581110683]], "name": "C6H12O2", "identifiers": {"molecule_hash": "d522e69507980e7f5574820954a52d593d18f9d5", "molecular_formula": "C6H12O2"}, "molecular_charge": 0.0, "molecular_multiplicity": 1, "connectivity": [[0, 1, 1.0], [0, 8, 1.0], [0, 9, 1.0], [0, 10, 1.0], [1, 2, 1.0], [1, 11, 1.0], [1, 12, 1.0], [2, 3, 1.0], [2, 13, 1.0], [2, 14, 1.0], [3, 4, 1.0], [3, 15, 1.0], [3, 16, 1.0], [4, 5, 1.0], [4, 17, 1.0], [4, 18, 1.0], [5, 6, 2.0], [5, 7, 1.0], [7, 19, 1.0]], "fix_com": true, "fix_orientation": true, "provenance": {"creator": "QCElemental", "version": "v0.22.0", "routine": "qcelemental.molparse.from_schema"}, "id": "145500"}, "charge": 0, "optimize_geometry": false, "conformers": [], "conformer_generation_options": {"n_conformer_pool": 4000, "n_max_conformers": 0, "rms_tolerance": 0.05, "energy_window": 15, "keep_original_conformer": true}, "stage_1_unrestrained_charges": null, "stage_1_restrained_charges": null, "stage_2_unrestrained_charges": null, "stage_2_restrained_charges": null, "keep_original_orientation": false, "reorientations": [], "translations": [], "rotations": []}}, {"index": 4, "molecule": {"qcmol": {"schema_name": "qcschema_molecule", "schema_version": 2, "validated": true, "symbols": ["C", "C", "C", "C", "C", "C", "O", "O", "H", "H", "H", "H", "H", "H", "H", "H", "H", "H", "H", "H"], "geometry": [[0.0, 0.0, 0.0], [2.8908405987254344, -5.280280010843163e-16, 4.0988068650369465e-16], [4.0937835114832595, 2.6350093042027076, 2.220446049250313e-16], [3.6106414428201723, 4.166722785952254, -2.4055702482739605], [5.000379761871221, 6.715369680684082, -2.3550323129697768], [4.4791836685082025, 8.26696303067244, -4.682425490423979], [3.2806611222512174, 10.16440785071048, -4.750090964160149], [5.506565500087026, 7.260924041041634, -6.751484193944832], [-0.7700001479421548, 0.8188672033820824, -1.7146311245910761], [-0.7253748743125663, -1.913246917575749, 0.14463490350190877], [-0.737892165220806, 1.068263022805626, 1.590867519251099], [3.5763215842681246, -1.0589166149625657, -1.6234259739617585], [3.5508702092966775, -1.0100322949743976, 1.662348882863618], [3.4148479240065597, 3.691513518478531, 1.6291255637453874], [6.123740804229943, 2.4276874358361504, 0.25186723914648357], [4.2222942852495775, 3.093633091683642, -4.043677229298119], [1.6010458633446003, 4.5135673625063975, -2.6329120180762073], [4.41467352846941, 7.827139012739758, -0.7418833191341259], [7.023321314620467, 6.400235789883279, -2.2303079968556556], [5.08293655142848, 8.30982722264119, -8.150998581110683]], "name": "C6H12O2", "identifiers": {"molecule_hash": "d522e69507980e7f5574820954a52d593d18f9d5", "molecular_formula": "C6H12O2"}, "molecular_charge": 0.0, "molecular_multiplicity": 1, "connectivity": [[0, 1, 1.0], [0, 8, 1.0], [0, 9, 1.0], [0, 10, 1.0], [1, 2, 1.0], [1, 11, 1.0], [1, 12, 1.0], [2, 3, 1.0], [2, 13, 1.0], [2, 14, 1.0], [3, 4, 1.0], [3, 15, 1.0], [3, 16, 1.0], [4, 5, 1.0], [4, 17, 1.0], [4, 18, 1.0], [5, 6, 2.0], [5, 7, 1.0], [7, 19, 1.0]], "fix_com": true, "fix_orientation": true, "provenance": {"creator": "QCElemental", "version": "v0.22.0", "routine": "qcelemental.molparse.from_schema"}, "id": "145500"}, "charge": 0, "optimize_geometry": false, "conformers": [], "conformer_generation_options": {"n_conformer_pool": 4000, "n_max_conformers": 0, "rms_tolerance": 0.05, "energy_window": 15, "keep_original_conformer": true}, "stage_1_unrestrained_charges": null, "stage_1_restrained_charges": null, "stage_2_unrestrained_charges": null, "stage_2_restrained_charges": null, "keep_original_orientation": false, "reorientations": [], "translations": [], "rotations": []}}]}, "surface_constraints": {"matrix": [[1902.798541959012, 1838.479378921641, 1762.7143433904366, 1710.4338449238317, 1627.290920383942, 1561.6881716907797, 1527.9343071297424, 1514.3106616381617, 1914.8574522562433, 1909.0647854977765, 1911.8326005464796, 1830.4593120301145, 1830.5556004146385, 1765.575613112768, 1725.3662979689, 1705.7698460070394, 1725.2605806198585, 1600.7117170309189, 1624.4295450609825, 1451.2420875471794], [1838.479378921641, 1881.4800814445982, 1829.3881355972437, 1756.0916000999403, 1681.5149566904558, 1619.887754861478, 1598.290769032232, 1558.1094909357964, 1823.1170800513771, 1818.4294830657013, 1819.8401876344967, 1905.9931860763286, 1903.7946588161292, 1830.112789182834, 1827.83070574167, 1741.4847811304342, 1758.567284855701, 1644.6946079107522, 1690.1856153166473, 1496.598550803322], [1762.7143433904366, 1829.3881355972437, 1877.2193762388717, 1826.998035567574, 1757.6829734675393, 1692.9816390887895, 1664.5903915249012, 1632.9444897425037, 1745.8281154456727, 1725.5438692396401, 1750.7089129621245, 1826.870753020097, 1822.6647300047787, 1907.7188065234075, 1903.9500283811196, 1825.5434633198952, 1826.258196295023, 1719.5508606792446, 1771.7814014421601, 1565.4287476528891], [1710.4338449238317, 1756.0916000999403, 1826.998035567574, 1876.2141619866213, 1826.4967162070277, 1761.4521564914285, 1725.309227596208, 1709.7706883148999, 1698.1601329422604, 1681.75063741367, 1702.1871736872813, 1727.577626652958, 1744.0349648697943, 1828.5758650954117, 1825.268418897895, 1904.8428732065545, 1905.8850546976016, 1823.415314363794, 1818.4537534581225, 1637.0702161697807], [1627.290920383942, 1681.5149566904558, 1757.6829734675393, 1826.4967162070277, 1875.827670561788, 1829.9124184350833, 1790.5628026879917, 1788.555048521787, 1618.7436746297644, 1589.2158054176957, 1620.059699317127, 1646.7583858697503, 1681.7912133624166, 1755.5200497036117, 1751.750545492428, 1826.107202560373, 1827.2524390096335, 1901.832131311621, 1899.174999311822, 1718.0122721417404], [1561.6881716907797, 1619.887754861478, 1692.9816390887895, 1761.4521564914285, 1829.9124184350833, 1880.1046485701775, 1882.897634591553, 1863.6134539933626, 1551.6704494117364, 1524.1044471306725, 1553.372967951273, 1587.8842890068438, 1624.8835130090547, 1692.5139321534414, 1685.3941539629795, 1749.9494422735438, 1761.332641682539, 1828.4753685257465, 1825.7648396861457, 1843.402347487711], [1527.9343071297424, 1598.290769032232, 1664.5903915249012, 1725.309227596208, 1790.5628026879917, 1882.897634591553, 1964.8805743637931, 1818.8501412563112, 1515.5244331138447, 1489.6417085556252, 1514.3223209868283, 1571.1003329243435, 1614.5161616642245, 1657.1805434816367, 1664.434571210401, 1707.1941628966058, 1727.68787579735, 1771.6104507958835, 1771.9245215856718, 1832.4812266406886], [1514.3106616381617, 1558.1094909357964, 1632.9444897425037, 1709.7706883148999, 1788.555048521787, 1863.6134539933626, 1818.8501412563112, 1942.5401843058403, 1503.7412065978942, 1480.3952552279038, 1514.5977441750904, 1522.3929447037983, 1555.3914192243528, 1639.8123341939358, 1613.9613702250506, 1699.8396167563621, 1708.1959043307131, 1781.6149890699512, 1782.2437538682177, 1933.3352571467449], [1914.8574522562433, 1823.1170800513771, 1745.8281154456727, 1698.1601329422604, 1618.7436746297644, 1551.6704494117364, 1515.5244331138447, 1503.7412065978942, 2008.5593666080736, 1891.864680682636, 1895.084063265056, 1801.3080951103473, 1809.4926485011604, 1758.0928035821012, 1694.0817247937446, 1702.623307377785, 1704.3593748193782, 1592.5737141257187, 1619.1783975272272, 1438.1061096517813], [1909.0647854977765, 1818.4294830657013, 1725.5438692396401, 1681.75063741367, 1589.2158054176957, 1524.1044471306725, 1489.6417085556252, 1480.3952552279038, 1891.864680682636, 1995.081519296504, 1889.7146382745025, 1796.5131265395353, 1819.1836968553407, 1717.396661121145, 1681.054679806948, 1680.8229655944012, 1706.8969069066686, 1560.212315856032, 1582.816778191885, 1420.1500768671056], [1911.8326005464796, 1819.8401876344967, 1750.7089129621245, 1702.1871736872813, 1620.059699317127, 1553.372967951273, 1514.3223209868283, 1514.5977441750904, 1895.084063265056, 1889.7146382745025, 2002.4890751087187, 1813.1270961721261, 1784.3073300183917, 1756.3405789651276, 1711.5330091267117, 1692.1035987723524, 1724.355739830545, 1602.8989040148883, 1609.3617873065843, 1450.669867512436], [1830.4593120301145, 1905.9931860763286, 1826.870753020097, 1727.577626652958, 1646.7583858697503, 1587.8842890068438, 1571.1003329243435, 1522.3929447037983, 1801.3080951103473, 1796.5131265395353, 1813.1270961721261, 2007.412684483959, 1899.4612766452497, 1813.1267500361416, 1839.571266529544, 1703.8560506334927, 1726.822122704157, 1602.3441860744288, 1656.48919953321, 1463.7180441937537], [1830.5556004146385, 1903.7946588161292, 1822.6647300047787, 1744.0349648697943, 1681.7912133624166, 1624.8835130090547, 1614.5161616642245, 1555.3914192243528, 1809.4926485011604, 1819.1836968553407, 1784.3073300183917, 1899.4612766452497, 2003.4743325074974, 1811.2737156031524, 1814.8664917785404, 1721.3403632741715, 1741.124357309336, 1645.4017744113148, 1695.8901848722396, 1498.11614464318], [1765.575613112768, 1830.112789182834, 1907.7188065234075, 1828.5758650954117, 1755.5200497036117, 1692.5139321534414, 1657.1805434816367, 1639.8123341939358, 1758.0928035821012, 1717.396661121145, 1756.3405789651276, 1813.1267500361416, 1811.2737156031524, 2015.4416482903769, 1905.3476051377793, 1812.0035405296412, 1822.537493392483, 1708.8294765882608, 1773.9692753773884, 1571.029370974202], [1725.3662979689, 1827.83070574167, 1903.9500283811196, 1825.268418897895, 1751.750545492428, 1685.3941539629795, 1664.434571210401, 1613.9613702250506, 1694.0817247937446, 1681.054679806948, 1711.5330091267117, 1839.571266529544, 1814.8664917785404, 1905.3476051377793, 2005.7311514456796, 1825.987768542188, 1802.570898697586, 1697.6453087828913, 1779.853795326024, 1548.6704607839847], [1705.7698460070394, 1741.4847811304342, 1825.5434633198952, 1904.8428732065545, 1826.107202560373, 1749.9494422735438, 1707.1941628966058, 1699.8396167563621, 1702.623307377785, 1680.8229655944012, 1692.1035987723524, 1703.8560506334927, 1721.3403632741715, 1812.0035405296412, 1825.987768542188, 2007.050505805209, 1907.6288114591252, 1824.164023273284, 1802.8193671307192, 1622.6856847258157], [1725.2605806198585, 1758.567284855701, 1826.258196295023, 1905.8850546976016, 1827.2524390096335, 1761.332641682539, 1727.68787579735, 1708.1959043307131, 1704.3593748193782, 1706.8969069066686, 1724.355739830545, 1726.822122704157, 1741.124357309336, 1822.537493392483, 1802.570898697586, 1907.6288114591252, 2010.5181721133424, 1830.4726596872158, 1790.8987770923627, 1633.8823576971417], [1600.7117170309189, 1644.6946079107522, 1719.5508606792446, 1823.415314363794, 1901.832131311621, 1828.4753685257465, 1771.6104507958835, 1781.6149890699512, 1592.5737141257187, 1560.212315856032, 1602.8989040148883, 1602.3441860744288, 1645.4017744113148, 1708.8294765882608, 1697.6453087828913, 1824.164023273284, 1830.4726596872158, 2002.8701051099808, 1895.6269586886892, 1696.7835569254487], [1624.4295450609825, 1690.1856153166473, 1771.7814014421601, 1818.4537534581225, 1899.174999311822, 1825.7648396861457, 1771.9245215856718, 1782.2437538682177, 1619.1783975272272, 1582.816778191885, 1609.3617873065843, 1656.48919953321, 1695.8901848722396, 1773.9692753773884, 1779.853795326024, 1802.8193671307192, 1790.8987770923627, 1895.6269586886892, 1998.6279607804718, 1696.7417612438612], [1451.2420875471794, 1496.598550803322, 1565.4287476528891, 1637.0702161697807, 1718.0122721417404, 1843.402347487711, 1832.4812266406886, 1933.3352571467449, 1438.1061096517813, 1420.1500768671056, 1450.669867512436, 1463.7180441937537, 1498.11614464318, 1571.029370974202, 1548.6704607839847, 1622.6856847258157, 1633.8823576971417, 1696.7835569254487, 1696.7417612438612, 1991.8524527827137], [10.750603726229286, 8.065751636656188, 8.219591707397964, 6.734675124633845, 1.9215814107984432, -13.36033579340961, -37.28380140453763, -1.75196826601985, 10.566806711835133, 11.866828644688592, 11.69821286920869, 8.027860809275035, 4.889191531320827, 10.46927231504336, 7.66771919984497, 9.512353554857754, 6.025294647806926, 7.9780010573339935, 5.184595524594716, 2.5541524206329296]]}}