{"resp_b": 0.1, "restrained_fit": true, "exclude_hydrogens": true, "convergence_tolerance": 1e-06, "max_iter": 500, "resp_a": 0.0005, "charge_constraints": {"charge_sum_constraints": [], "charge_equivalence_constraints": [], "molecules": [{"qcmol": {"schema_name": "qcschema_molecule", "schema_version": 2, "validated": true, "symbols": ["C", "C", "C", "C", "C", "C", "O", "O", "H", "H", "H", "H", "H", "H", "H", "H", "H", "H", "H", "H"], "geometry": [[0.0, 0.0, 0.0], [2.8908405987254344, -5.280280010843163e-16, 4.0988068650369465e-16], [4.0937835114832595, 2.6350093042027076, 2.220446049250313e-16], [3.6106414428201723, 4.166722785952254, -2.4055702482739605], [5.000379761871221, 6.715369680684082, -2.3550323129697768], [4.4791836685082025, 8.26696303067244, -4.682425490423979], [3.2806611222512174, 10.16440785071048, -4.750090964160149], [5.506565500087026, 7.260924041041634, -6.751484193944832], [-0.7700001479421548, 0.8188672033820824, -1.7146311245910761], [-0.7253748743125663, -1.913246917575749, 0.14463490350190877], [-0.737892165220806, 1.068263022805626, 1.590867519251099], [3.5763215842681246, -1.0589166149625657, -1.6234259739617585], [3.5508702092966775, -1.0100322949743976, 1.662348882863618], [3.4148479240065597, 3.691513518478531, 1.6291255637453874], [6.123740804229943, 2.4276874358361504, 0.25186723914648357], [4.2222942852495775, 3.093633091683642, -4.043677229298119], [1.6010458633446003, 4.5135673625063975, -2.6329120180762073], [4.41467352846941, 7.827139012739758, -0.7418833191341259], [7.023321314620467, 6.400235789883279, -2.2303079968556556], [5.08293655142848, 8.30982722264119, -8.150998581110683]], "name": "C6H12O2", "identifiers": {"molecule_hash": "d522e69507980e7f5574820954a52d593d18f9d5", "molecular_formula": "C6H12O2"}, "molecular_charge": 0.0, "molecular_multiplicity": 1, "connectivity": [[0, 1, 1.0], [0, 8, 1.0], [0, 9, 1.0], [0, 10, 1.0], [1, 2, 1.0], [1, 11, 1.0], [1, 12, 1.0], [2, 3, 1.0], [2, 13, 1.0], [2, 14, 1.0], [3, 4, 1.0], [3, 15, 1.0], [3, 16, 1.0], [4, 5, 1.0], [4, 17, 1.0], [4, 18, 1.0], [5, 6, 2.0], [5, 7, 1.0], [7, 19, 1.0]], "fix_com": true, "fix_orientation": true, "provenance": {"creator": "QCElemental", "version": "v0.22.0", "routine": "qcelemental.molparse.from_schema"}, "id": "145500"}, "charge": 0, "optimize_geometry": false, "conformers": [], "conformer_generation_options": {"n_conformer_pool": 4000, "n_max_conformers": 0, "rms_tolerance": 0.05, "energy_window": 15, "keep_original_conformer": true}, "stage_1_unrestrained_charges": null, "stage_1_restrained_charges": null, "stage_2_unrestrained_charges": null, "stage_2_restrained_charges": null, "keep_original_orientation": false, "reorientations": [], "translations": [], "rotations": []}], "unconstrained_atoms": [{"index": 0, "molecule": {"qcmol": {"schema_name": "qcschema_molecule", "schema_version": 2, "validated": true, "symbols": ["C", "C", "C", "C", "C", "C", "O", "O", "H", "H", "H", "H", "H", "H", "H", "H", "H", "H", "H", "H"], "geometry": [[0.0, 0.0, 0.0], [2.8908405987254344, -5.280280010843163e-16, 4.0988068650369465e-16], [4.0937835114832595, 2.6350093042027076, 2.220446049250313e-16], [3.6106414428201723, 4.166722785952254, -2.4055702482739605], [5.000379761871221, 6.715369680684082, -2.3550323129697768], [4.4791836685082025, 8.26696303067244, -4.682425490423979], [3.2806611222512174, 10.16440785071048, -4.750090964160149], [5.506565500087026, 7.260924041041634, -6.751484193944832], [-0.7700001479421548, 0.8188672033820824, -1.7146311245910761], [-0.7253748743125663, -1.913246917575749, 0.14463490350190877], [-0.737892165220806, 1.068263022805626, 1.590867519251099], [3.5763215842681246, -1.0589166149625657, -1.6234259739617585], [3.5508702092966775, -1.0100322949743976, 1.662348882863618], [3.4148479240065597, 3.691513518478531, 1.6291255637453874], [6.123740804229943, 2.4276874358361504, 0.25186723914648357], [4.2222942852495775, 3.093633091683642, -4.043677229298119], [1.6010458633446003, 4.5135673625063975, -2.6329120180762073], [4.41467352846941, 7.827139012739758, -0.7418833191341259], [7.023321314620467, 6.400235789883279, -2.2303079968556556], [5.08293655142848, 8.30982722264119, -8.150998581110683]], "name": "C6H12O2", "identifiers": {"molecule_hash": "d522e69507980e7f5574820954a52d593d18f9d5", "molecular_formula": "C6H12O2"}, "molecular_charge": 0.0, "molecular_multiplicity": 1, "connectivity": [[0, 1, 1.0], [0, 8, 1.0], [0, 9, 1.0], [0, 10, 1.0], [1, 2, 1.0], [1, 11, 1.0], [1, 12, 1.0], [2, 3, 1.0], [2, 13, 1.0], [2, 14, 1.0], [3, 4, 1.0], [3, 15, 1.0], [3, 16, 1.0], [4, 5, 1.0], [4, 17, 1.0], [4, 18, 1.0], [5, 6, 2.0], [5, 7, 1.0], [7, 19, 1.0]], "fix_com": true, "fix_orientation": true, "provenance": {"creator": "QCElemental", "version": "v0.22.0", "routine": "qcelemental.molparse.from_schema"}, "id": "145500"}, "charge": 0, "optimize_geometry": false, "conformers": [], "conformer_generation_options": {"n_conformer_pool": 4000, "n_max_conformers": 0, "rms_tolerance": 0.05, "energy_window": 15, "keep_original_conformer": true}, "stage_1_unrestrained_charges": null, "stage_1_restrained_charges": null, "stage_2_unrestrained_charges": null, "stage_2_restrained_charges": null, "keep_original_orientation": false, "reorientations": [], "translations": [], "rotations": []}}, {"index": 1, "molecule": {"qcmol": {"schema_name": "qcschema_molecule", "schema_version": 2, "validated": true, "symbols": ["C", "C", "C", "C", "C", "C", "O", "O", "H", "H", "H", "H", "H", "H", "H", "H", "H", "H", "H", "H"], "geometry": [[0.0, 0.0, 0.0], [2.8908405987254344, -5.280280010843163e-16, 4.0988068650369465e-16], [4.0937835114832595, 2.6350093042027076, 2.220446049250313e-16], [3.6106414428201723, 4.166722785952254, -2.4055702482739605], [5.000379761871221, 6.715369680684082, -2.3550323129697768], [4.4791836685082025, 8.26696303067244, -4.682425490423979], [3.2806611222512174, 10.16440785071048, -4.750090964160149], [5.506565500087026, 7.260924041041634, -6.751484193944832], [-0.7700001479421548, 0.8188672033820824, -1.7146311245910761], [-0.7253748743125663, -1.913246917575749, 0.14463490350190877], [-0.737892165220806, 1.068263022805626, 1.590867519251099], [3.5763215842681246, -1.0589166149625657, -1.6234259739617585], [3.5508702092966775, -1.0100322949743976, 1.662348882863618], [3.4148479240065597, 3.691513518478531, 1.6291255637453874], [6.123740804229943, 2.4276874358361504, 0.25186723914648357], [4.2222942852495775, 3.093633091683642, -4.043677229298119], [1.6010458633446003, 4.5135673625063975, -2.6329120180762073], [4.41467352846941, 7.827139012739758, -0.7418833191341259], [7.023321314620467, 6.400235789883279, -2.2303079968556556], [5.08293655142848, 8.30982722264119, -8.150998581110683]], "name": "C6H12O2", "identifiers": {"molecule_hash": "d522e69507980e7f5574820954a52d593d18f9d5", "molecular_formula": "C6H12O2"}, "molecular_charge": 0.0, "molecular_multiplicity": 1, "connectivity": [[0, 1, 1.0], [0, 8, 1.0], [0, 9, 1.0], [0, 10, 1.0], [1, 2, 1.0], [1, 11, 1.0], [1, 12, 1.0], [2, 3, 1.0], [2, 13, 1.0], [2, 14, 1.0], [3, 4, 1.0], [3, 15, 1.0], [3, 16, 1.0], [4, 5, 1.0], [4, 17, 1.0], [4, 18, 1.0], [5, 6, 2.0], [5, 7, 1.0], [7, 19, 1.0]], "fix_com": true, "fix_orientation": true, "provenance": {"creator": "QCElemental", "version": "v0.22.0", "routine": "qcelemental.molparse.from_schema"}, "id": "145500"}, "charge": 0, "optimize_geometry": false, "conformers": [], "conformer_generation_options": {"n_conformer_pool": 4000, "n_max_conformers": 0, "rms_tolerance": 0.05, "energy_window": 15, "keep_original_conformer": true}, "stage_1_unrestrained_charges": null, "stage_1_restrained_charges": null, "stage_2_unrestrained_charges": null, "stage_2_restrained_charges": null, "keep_original_orientation": false, "reorientations": [], "translations": [], "rotations": []}}, {"index": 2, "molecule": {"qcmol": {"schema_name": "qcschema_molecule", "schema_version": 2, "validated": true, "symbols": ["C", "C", "C", "C", "C", "C", "O", "O", "H", "H", "H", "H", "H", "H", "H", "H", "H", "H", "H", "H"], "geometry": [[0.0, 0.0, 0.0], [2.8908405987254344, -5.280280010843163e-16, 4.0988068650369465e-16], [4.0937835114832595, 2.6350093042027076, 2.220446049250313e-16], [3.6106414428201723, 4.166722785952254, -2.4055702482739605], [5.000379761871221, 6.715369680684082, -2.3550323129697768], [4.4791836685082025, 8.26696303067244, -4.682425490423979], [3.2806611222512174, 10.16440785071048, -4.750090964160149], [5.506565500087026, 7.260924041041634, -6.751484193944832], [-0.7700001479421548, 0.8188672033820824, -1.7146311245910761], [-0.7253748743125663, -1.913246917575749, 0.14463490350190877], [-0.737892165220806, 1.068263022805626, 1.590867519251099], [3.5763215842681246, -1.0589166149625657, -1.6234259739617585], [3.5508702092966775, -1.0100322949743976, 1.662348882863618], [3.4148479240065597, 3.691513518478531, 1.6291255637453874], [6.123740804229943, 2.4276874358361504, 0.25186723914648357], [4.2222942852495775, 3.093633091683642, -4.043677229298119], [1.6010458633446003, 4.5135673625063975, -2.6329120180762073], [4.41467352846941, 7.827139012739758, -0.7418833191341259], [7.023321314620467, 6.400235789883279, -2.2303079968556556], [5.08293655142848, 8.30982722264119, -8.150998581110683]], "name": "C6H12O2", "identifiers": {"molecule_hash": "d522e69507980e7f5574820954a52d593d18f9d5", "molecular_formula": "C6H12O2"}, "molecular_charge": 0.0, "molecular_multiplicity": 1, "connectivity": [[0, 1, 1.0], [0, 8, 1.0], [0, 9, 1.0], [0, 10, 1.0], [1, 2, 1.0], [1, 11, 1.0], [1, 12, 1.0], [2, 3, 1.0], [2, 13, 1.0], [2, 14, 1.0], [3, 4, 1.0], [3, 15, 1.0], [3, 16, 1.0], [4, 5, 1.0], [4, 17, 1.0], [4, 18, 1.0], [5, 6, 2.0], [5, 7, 1.0], [7, 19, 1.0]], "fix_com": true, "fix_orientation": true, "provenance": {"creator": "QCElemental", "version": "v0.22.0", "routine": "qcelemental.molparse.from_schema"}, "id": "145500"}, "charge": 0, "optimize_geometry": false, "conformers": [], "conformer_generation_options": {"n_conformer_pool": 4000, "n_max_conformers": 0, "rms_tolerance": 0.05, "energy_window": 15, "keep_original_conformer": true}, "stage_1_unrestrained_charges": null, "stage_1_restrained_charges": null, "stage_2_unrestrained_charges": null, "stage_2_restrained_charges": null, "keep_original_orientation": false, "reorientations": [], "translations": [], "rotations": []}}, {"index": 3, "molecule": {"qcmol": {"schema_name": "qcschema_molecule", "schema_version": 2, "validated": true, "symbols": ["C", "C", "C", "C", "C", "C", "O", "O", "H", "H", "H", "H", "H", "H", "H", "H", "H", "H", "H", "H"], "geometry": [[0.0, 0.0, 0.0], [2.8908405987254344, -5.280280010843163e-16, 4.0988068650369465e-16], [4.0937835114832595, 2.6350093042027076, 2.220446049250313e-16], [3.6106414428201723, 4.166722785952254, -2.4055702482739605], [5.000379761871221, 6.715369680684082, -2.3550323129697768], [4.4791836685082025, 8.26696303067244, -4.682425490423979], [3.2806611222512174, 10.16440785071048, -4.750090964160149], [5.506565500087026, 7.260924041041634, -6.751484193944832], [-0.7700001479421548, 0.8188672033820824, -1.7146311245910761], [-0.7253748743125663, -1.913246917575749, 0.14463490350190877], [-0.737892165220806, 1.068263022805626, 1.590867519251099], [3.5763215842681246, -1.0589166149625657, -1.6234259739617585], [3.5508702092966775, -1.0100322949743976, 1.662348882863618], [3.4148479240065597, 3.691513518478531, 1.6291255637453874], [6.123740804229943, 2.4276874358361504, 0.25186723914648357], [4.2222942852495775, 3.093633091683642, -4.043677229298119], [1.6010458633446003, 4.5135673625063975, -2.6329120180762073], [4.41467352846941, 7.827139012739758, -0.7418833191341259], [7.023321314620467, 6.400235789883279, -2.2303079968556556], [5.08293655142848, 8.30982722264119, -8.150998581110683]], "name": "C6H12O2", "identifiers": {"molecule_hash": "d522e69507980e7f5574820954a52d593d18f9d5", "molecular_formula": "C6H12O2"}, "molecular_charge": 0.0, "molecular_multiplicity": 1, "connectivity": [[0, 1, 1.0], [0, 8, 1.0], [0, 9, 1.0], [0, 10, 1.0], [1, 2, 1.0], [1, 11, 1.0], [1, 12, 1.0], [2, 3, 1.0], [2, 13, 1.0], [2, 14, 1.0], [3, 4, 1.0], [3, 15, 1.0], [3, 16, 1.0], [4, 5, 1.0], [4, 17, 1.0], [4, 18, 1.0], [5, 6, 2.0], [5, 7, 1.0], [7, 19, 1.0]], "fix_com": true, "fix_orientation": true, "provenance": {"creator": "QCElemental", "version": "v0.22.0", "routine": "qcelemental.molparse.from_schema"}, "id": "145500"}, "charge": 0, "optimize_geometry": false, "conformers": [], "conformer_generation_options": {"n_conformer_pool": 4000, "n_max_conformers": 0, "rms_tolerance": 0.05, "energy_window": 15, "keep_original_conformer": true}, "stage_1_unrestrained_charges": null, "stage_1_restrained_charges": null, "stage_2_unrestrained_charges": null, "stage_2_restrained_charges": null, "keep_original_orientation": false, "reorientations": [], "translations": [], "rotations": []}}, {"index": 4, "molecule": {"qcmol": {"schema_name": "qcschema_molecule", "schema_version": 2, "validated": true, "symbols": ["C", "C", "C", "C", "C", "C", "O", "O", "H", "H", "H", "H", "H", "H", "H", "H", "H", "H", "H", "H"], "geometry": [[0.0, 0.0, 0.0], [2.8908405987254344, -5.280280010843163e-16, 4.0988068650369465e-16], [4.0937835114832595, 2.6350093042027076, 2.220446049250313e-16], [3.6106414428201723, 4.166722785952254, -2.4055702482739605], [5.000379761871221, 6.715369680684082, -2.3550323129697768], [4.4791836685082025, 8.26696303067244, -4.682425490423979], [3.2806611222512174, 10.16440785071048, -4.750090964160149], [5.506565500087026, 7.260924041041634, -6.751484193944832], [-0.7700001479421548, 0.8188672033820824, -1.7146311245910761], [-0.7253748743125663, -1.913246917575749, 0.14463490350190877], [-0.737892165220806, 1.068263022805626, 1.590867519251099], [3.5763215842681246, -1.0589166149625657, -1.6234259739617585], [3.5508702092966775, -1.0100322949743976, 1.662348882863618], [3.4148479240065597, 3.691513518478531, 1.6291255637453874], [6.123740804229943, 2.4276874358361504, 0.25186723914648357], [4.2222942852495775, 3.093633091683642, -4.043677229298119], [1.6010458633446003, 4.5135673625063975, -2.6329120180762073], [4.41467352846941, 7.827139012739758, -0.7418833191341259], [7.023321314620467, 6.400235789883279, -2.2303079968556556], [5.08293655142848, 8.30982722264119, -8.150998581110683]], "name": "C6H12O2", "identifiers": {"molecule_hash": "d522e69507980e7f5574820954a52d593d18f9d5", "molecular_formula": "C6H12O2"}, "molecular_charge": 0.0, "molecular_multiplicity": 1, "connectivity": [[0, 1, 1.0], [0, 8, 1.0], [0, 9, 1.0], [0, 10, 1.0], [1, 2, 1.0], [1, 11, 1.0], [1, 12, 1.0], [2, 3, 1.0], [2, 13, 1.0], [2, 14, 1.0], [3, 4, 1.0], [3, 15, 1.0], [3, 16, 1.0], [4, 5, 1.0], [4, 17, 1.0], [4, 18, 1.0], [5, 6, 2.0], [5, 7, 1.0], [7, 19, 1.0]], "fix_com": true, "fix_orientation": true, "provenance": {"creator": "QCElemental", "version": "v0.22.0", "routine": "qcelemental.molparse.from_schema"}, "id": "145500"}, "charge": 0, "optimize_geometry": false, "conformers": [], "conformer_generation_options": {"n_conformer_pool": 4000, "n_max_conformers": 0, "rms_tolerance": 0.05, "energy_window": 15, "keep_original_conformer": true}, "stage_1_unrestrained_charges": null, "stage_1_restrained_charges": null, "stage_2_unrestrained_charges": null, "stage_2_restrained_charges": null, "keep_original_orientation": false, "reorientations": [], "translations": [], "rotations": []}}]}, "surface_constraints": {"matrix": [[314367107372456.1, 303934416402754.3, 291339738582000.06, 282219260244730.9, 268006197998234.97, 256436705929342.72, 250687706427937.2, 248419302329405.4, 316166229055308.06, 315349964267256.5, 315883201472059.44, 302584028229147.6, 302822709422323.4, 291924200910401.4, 285272585497812.1, 281435106589096.84, 284542234725863.7, 263517686817461.84, 267717294762822.88, 237761340963328.88], [303934416402754.3, 311155808050336.75, 302493843555761.44, 290235878201280.2, 277678176746440.94, 266869648071277.25, 263233741296675.84, 256515250774933.06, 301264969592473.8, 300623678951702.4, 300912359054115.75, 315095648075188.94, 315019743002005.5, 302601228767482.5, 302226455145742.7, 287874361561697.9, 290528556462769.4, 271608987222391.47, 279278050331289.1, 246032727475977.06], [291339738582000.06, 302493843555761.44, 310339246890573.1, 301903801638438.9, 290458690118344.8, 279328011598313.62, 274536808602196.25, 269484111536282.7, 288372338623285.4, 285192143463055.3, 289388354809058.0, 302034159946137.56, 301525871569721.6, 315363040888138.5, 314691425571178.9, 301638975704377.8, 301635301524452.0, 284226591391487.44, 292950612931856.4, 258073922859582.94], [282219260244730.9, 290235878201280.2, 301903801638438.9, 309792162256907.75, 301692623756931.6, 290786513360176.0, 284415987429884.8, 282849820907773.4, 279904256488742.2, 277361855487652.0, 280814432593657.1, 285588399380508.8, 288485649713037.1, 302175415941262.4, 301610214764793.0, 314402185474087.2, 314445113729883.25, 301248711743079.4, 300408632554242.94, 270630918444629.16], [268006197998234.97, 277678176746440.94, 290458690118344.8, 301692623756931.6, 309862871229775.44, 302263590671585.2, 295860290263938.4, 295524217653446.3, 266236473001902.53, 261588084638211.62, 266692153182714.2, 272012503749417.62, 277959247653406.0, 290143085414544.75, 289541137184575.75, 301566185643072.44, 301646720933803.0, 314165128858560.75, 313733975856981.8, 283891301334195.06], [256436705929342.72, 266869648071277.25, 279328011598313.62, 290786513360176.0, 302263590671585.2, 310494090902442.4, 310868346207766.4, 307850867179074.75, 254290275435120.78, 250071988052606.78, 255042897263262.88, 261685483167143.2, 267884554854937.75, 279186410061407.94, 278173289443612.1, 288891820962654.06, 290590067331042.1, 302080217760775.56, 301726552496774.6, 304338398213187.8], [250687706427937.2, 263233741296675.84, 274536808602196.25, 284415987429884.8, 295860290263938.4, 310868346207766.4, 323833451391888.75, 300627695062792.7, 248053457654354.3, 244156619095747.12, 248502205275242.34, 258888815836230.5, 266168267829908.34, 273350847893978.7, 274679042984891.25, 281134407549260.97, 284319181811936.9, 292776586482741.5, 293418514542822.94, 302243946467860.6], [248419302329405.4, 256515250774933.06, 269484111536282.7, 282849820907773.4, 295524217653446.3, 307850867179074.75, 300627695062792.7, 320387295273911.44, 246154257404182.78, 242706042902589.34, 248366648259629.97, 250775754479605.56, 256049004114287.78, 270331850435322.78, 266499784349368.44, 281613128411586.2, 282833080730097.1, 294729577110262.3, 294044358484925.1, 319026902741655.9], [316166229055308.06, 301264969592473.8, 288372338623285.4, 279904256488742.2, 266236473001902.53, 254290275435120.78, 248053457654354.3, 246154257404182.78, 331288519199029.75, 312362486429393.94, 312954744925618.1, 297685733052655.4, 299261259128888.06, 290438517719882.7, 280046958139205.12, 280591621239314.62, 280808931406010.7, 261828925482451.8, 266525771773724.3, 235125096445598.5], [315349964267256.5, 300623678951702.4, 285192143463055.3, 277361855487652.0, 261588084638211.62, 250071988052606.78, 244156619095747.12, 242706042902589.34, 312362486429393.94, 329386268127890.9, 312193551503575.94, 297050289818661.94, 300932442440026.7, 284034121150990.44, 277965161200838.78, 277140158002735.28, 281369118698921.62, 256639868205863.8, 260806672171878.72, 232433099698488.75], [315883201472059.44, 300912359054115.75, 289388354809058.0, 280814432593657.1, 266692153182714.2, 255042897263262.88, 248502205275242.34, 248366648259629.97, 312954744925618.1, 312193551503575.94, 330755236923579.0, 299794970425634.4, 295274416911028.56, 290495414141553.06, 282990294319430.56, 279156739577528.12, 284332234741226.2, 263700264841509.38, 265026628427042.28, 237683183582232.0], [302584028229147.6, 315095648075188.94, 302034159946137.56, 285588399380508.8, 272012503749417.62, 261685483167143.2, 258888815836230.5, 250775754479605.56, 297685733052655.4, 297050289818661.94, 299794970425634.4, 331591819706221.44, 314222795815546.6, 299800769058763.5, 304105525299491.0, 281707210835534.3, 285439929550256.8, 264734057522484.16, 273731468381537.97, 240714813616698.97], [302822709422323.4, 315019743002005.5, 301525871569721.6, 288485649713037.1, 277959247653406.0, 267884554854937.75, 266168267829908.34, 256049004114287.78, 299261259128888.06, 300932442440026.7, 295274416911028.56, 314222795815546.6, 331601699589268.0, 299535030949317.8, 300220240009036.9, 284900944706375.06, 287806945390472.25, 271930953899351.1, 280506514209324.1, 246211488735361.97], [291924200910401.4, 302601228767482.5, 315363040888138.5, 302175415941262.4, 290143085414544.75, 279186410061407.94, 273350847893978.7, 270331850435322.78, 290438517719882.7, 284034121150990.44, 290495414141553.06, 299800769058763.5, 299535030949317.8, 333004530090416.2, 314989327711180.94, 299430958822482.06, 301057760845416.9, 282520085642381.7, 293436790653431.2, 258728301158063.78], [285272585497812.1, 302226455145742.7, 314691425571178.9, 301610214764793.0, 289541137184575.75, 278173289443612.1, 274679042984891.25, 266499784349368.44, 280046958139205.12, 277965161200838.78, 282990294319430.56, 304105525299491.0, 300220240009036.9, 314989327711180.94, 331280603705784.1, 301718458340272.9, 297758160833614.5, 280686028508903.62, 294346214175662.2, 255427998085261.56], [281435106589096.84, 287874361561697.9, 301638975704377.8, 314402185474087.2, 301566185643072.44, 288891820962654.06, 281134407549260.97, 281613128411586.2, 280591621239314.62, 277140158002735.28, 279156739577528.12, 281707210835534.3, 284900944706375.06, 299430958822482.06, 301718458340272.9, 331012158767091.8, 314669312347797.7, 301365481025494.75, 297694857015270.3, 268622330139238.03], [284542234725863.7, 290528556462769.4, 301635301524452.0, 314445113729883.25, 301646720933803.0, 290590067331042.1, 284319181811936.9, 282833080730097.1, 280808931406010.7, 281369118698921.62, 284332234741226.2, 285439929550256.8, 287806945390472.25, 301057760845416.9, 297758160833614.5, 314669312347797.7, 331244956985775.56, 302230456122861.1, 295742648457620.44, 270259047186732.97], [263517686817461.84, 271608987222391.47, 284226591391487.44, 301248711743079.4, 314165128858560.75, 302080217760775.56, 292776586482741.5, 294729577110262.3, 261828925482451.8, 256639868205863.8, 263700264841509.38, 264734057522484.16, 271930953899351.1, 282520085642381.7, 280686028508903.62, 301365481025494.75, 302230456122861.1, 330732957951138.25, 313176567367015.5, 280759073090539.34], [267717294762822.88, 279278050331289.1, 292950612931856.4, 300408632554242.94, 313733975856981.8, 301726552496774.6, 293418514542822.94, 294044358484925.1, 266525771773724.3, 260806672171878.72, 265026628427042.28, 273731468381537.97, 280506514209324.1, 293436790653431.2, 294346214175662.2, 297694857015270.3, 295742648457620.44, 313176567367015.5, 330091224279061.44, 280225077435803.56], [237761340963328.88, 246032727475977.06, 258073922859582.94, 270630918444629.16, 283891301334195.06, 304338398213187.8, 302243946467860.6, 319026902741655.9, 235125096445598.5, 232433099698488.75, 237683183582232.0, 240714813616698.97, 246211488735361.97, 258728301158063.78, 255427998085261.56, 268622330139238.03, 270259047186732.97, 280759073090539.34, 280225077435803.56, 328270561575752.5], [1635317938874.676, 992879079885.8514, 1052806912583.0144, 979398878224.1388, 236512305801.40656, -2267890492434.8228, -6485249601522.728, -119581288133.32991, 1734461392780.8955, 1812244791030.1543, 1814269197991.5159, 891527185006.7758, 389752533003.42975, 1438045018448.305, 851822745506.4993, 1507069290806.1692, 900587934968.8594, 1288032130485.4165, 737503138081.3811, 576858856450.2216]]}}