{"resp_b": 0.1, "restrained_fit": true, "exclude_hydrogens": true, "convergence_tolerance": 1e-06, "max_iter": 500, "resp_a": 0.0005, "charge_constraints": {"charge_sum_constraints": [], "charge_equivalence_constraints": [], "molecules": [{"qcmol": {"schema_name": "qcschema_molecule", "schema_version": 2, "validated": true, "symbols": ["C", "C", "C", "C", "C", "C", "O", "O", "H", "H", "H", "H", "H", "H", "H", "H", "H", "H", "H", "H"], "geometry": [[0.0, 0.0, 0.0], [2.8908405987254344, -5.280280010843163e-16, 4.0988068650369465e-16], [4.0937835114832595, 2.6350093042027076, 2.220446049250313e-16], [3.6106414428201723, 4.166722785952254, -2.4055702482739605], [5.000379761871221, 6.715369680684082, -2.3550323129697768], [4.4791836685082025, 8.26696303067244, -4.682425490423979], [3.2806611222512174, 10.16440785071048, -4.750090964160149], [5.506565500087026, 7.260924041041634, -6.751484193944832], [-0.7700001479421548, 0.8188672033820824, -1.7146311245910761], [-0.7253748743125663, -1.913246917575749, 0.14463490350190877], [-0.737892165220806, 1.068263022805626, 1.590867519251099], [3.5763215842681246, -1.0589166149625657, -1.6234259739617585], [3.5508702092966775, -1.0100322949743976, 1.662348882863618], [3.4148479240065597, 3.691513518478531, 1.6291255637453874], [6.123740804229943, 2.4276874358361504, 0.25186723914648357], [4.2222942852495775, 3.093633091683642, -4.043677229298119], [1.6010458633446003, 4.5135673625063975, -2.6329120180762073], [4.41467352846941, 7.827139012739758, -0.7418833191341259], [7.023321314620467, 6.400235789883279, -2.2303079968556556], [5.08293655142848, 8.30982722264119, -8.150998581110683]], "name": "C6H12O2", "identifiers": {"molecule_hash": "d522e69507980e7f5574820954a52d593d18f9d5", "molecular_formula": "C6H12O2"}, "molecular_charge": 0.0, "molecular_multiplicity": 1, "connectivity": [[0, 1, 1.0], [0, 8, 1.0], [0, 9, 1.0], [0, 10, 1.0], [1, 2, 1.0], [1, 11, 1.0], [1, 12, 1.0], [2, 3, 1.0], [2, 13, 1.0], [2, 14, 1.0], [3, 4, 1.0], [3, 15, 1.0], [3, 16, 1.0], [4, 5, 1.0], [4, 17, 1.0], [4, 18, 1.0], [5, 6, 2.0], [5, 7, 1.0], [7, 19, 1.0]], "fix_com": true, "fix_orientation": true, "provenance": {"creator": "QCElemental", "version": "v0.22.0", "routine": "qcelemental.molparse.from_schema"}, "id": "145500"}, "charge": 0, "optimize_geometry": false, "conformers": [], "conformer_generation_options": {"n_conformer_pool": 4000, "n_max_conformers": 0, "rms_tolerance": 0.05, "energy_window": 15, "keep_original_conformer": true}, "stage_1_unrestrained_charges": null, "stage_1_restrained_charges": null, "stage_2_unrestrained_charges": null, "stage_2_restrained_charges": null, "keep_original_orientation": false, "reorientations": [], "translations": [], "rotations": []}], "unconstrained_atoms": [{"index": 0, "molecule": {"qcmol": {"schema_name": "qcschema_molecule", "schema_version": 2, "validated": true, "symbols": ["C", "C", "C", "C", "C", "C", "O", "O", "H", "H", "H", "H", "H", "H", "H", "H", "H", "H", "H", "H"], "geometry": [[0.0, 0.0, 0.0], [2.8908405987254344, -5.280280010843163e-16, 4.0988068650369465e-16], [4.0937835114832595, 2.6350093042027076, 2.220446049250313e-16], [3.6106414428201723, 4.166722785952254, -2.4055702482739605], [5.000379761871221, 6.715369680684082, -2.3550323129697768], [4.4791836685082025, 8.26696303067244, -4.682425490423979], [3.2806611222512174, 10.16440785071048, -4.750090964160149], [5.506565500087026, 7.260924041041634, -6.751484193944832], [-0.7700001479421548, 0.8188672033820824, -1.7146311245910761], [-0.7253748743125663, -1.913246917575749, 0.14463490350190877], [-0.737892165220806, 1.068263022805626, 1.590867519251099], [3.5763215842681246, -1.0589166149625657, -1.6234259739617585], [3.5508702092966775, -1.0100322949743976, 1.662348882863618], [3.4148479240065597, 3.691513518478531, 1.6291255637453874], [6.123740804229943, 2.4276874358361504, 0.25186723914648357], [4.2222942852495775, 3.093633091683642, -4.043677229298119], [1.6010458633446003, 4.5135673625063975, -2.6329120180762073], [4.41467352846941, 7.827139012739758, -0.7418833191341259], [7.023321314620467, 6.400235789883279, -2.2303079968556556], [5.08293655142848, 8.30982722264119, -8.150998581110683]], "name": "C6H12O2", "identifiers": {"molecule_hash": "d522e69507980e7f5574820954a52d593d18f9d5", "molecular_formula": "C6H12O2"}, "molecular_charge": 0.0, "molecular_multiplicity": 1, "connectivity": [[0, 1, 1.0], [0, 8, 1.0], [0, 9, 1.0], [0, 10, 1.0], [1, 2, 1.0], [1, 11, 1.0], [1, 12, 1.0], [2, 3, 1.0], [2, 13, 1.0], [2, 14, 1.0], [3, 4, 1.0], [3, 15, 1.0], [3, 16, 1.0], [4, 5, 1.0], [4, 17, 1.0], [4, 18, 1.0], [5, 6, 2.0], [5, 7, 1.0], [7, 19, 1.0]], "fix_com": true, "fix_orientation": true, "provenance": {"creator": "QCElemental", "version": "v0.22.0", "routine": "qcelemental.molparse.from_schema"}, "id": "145500"}, "charge": 0, "optimize_geometry": false, "conformers": [], "conformer_generation_options": {"n_conformer_pool": 4000, "n_max_conformers": 0, "rms_tolerance": 0.05, "energy_window": 15, "keep_original_conformer": true}, "stage_1_unrestrained_charges": null, "stage_1_restrained_charges": null, "stage_2_unrestrained_charges": null, "stage_2_restrained_charges": null, "keep_original_orientation": false, "reorientations": [], "translations": [], "rotations": []}}, {"index": 1, "molecule": {"qcmol": {"schema_name": "qcschema_molecule", "schema_version": 2, "validated": true, "symbols": ["C", "C", "C", "C", "C", "C", "O", "O", "H", "H", "H", "H", "H", "H", "H", "H", "H", "H", "H", "H"], "geometry": [[0.0, 0.0, 0.0], [2.8908405987254344, -5.280280010843163e-16, 4.0988068650369465e-16], [4.0937835114832595, 2.6350093042027076, 2.220446049250313e-16], [3.6106414428201723, 4.166722785952254, -2.4055702482739605], [5.000379761871221, 6.715369680684082, -2.3550323129697768], [4.4791836685082025, 8.26696303067244, -4.682425490423979], [3.2806611222512174, 10.16440785071048, -4.750090964160149], [5.506565500087026, 7.260924041041634, -6.751484193944832], [-0.7700001479421548, 0.8188672033820824, -1.7146311245910761], [-0.7253748743125663, -1.913246917575749, 0.14463490350190877], [-0.737892165220806, 1.068263022805626, 1.590867519251099], [3.5763215842681246, -1.0589166149625657, -1.6234259739617585], [3.5508702092966775, -1.0100322949743976, 1.662348882863618], [3.4148479240065597, 3.691513518478531, 1.6291255637453874], [6.123740804229943, 2.4276874358361504, 0.25186723914648357], [4.2222942852495775, 3.093633091683642, -4.043677229298119], [1.6010458633446003, 4.5135673625063975, -2.6329120180762073], [4.41467352846941, 7.827139012739758, -0.7418833191341259], [7.023321314620467, 6.400235789883279, -2.2303079968556556], [5.08293655142848, 8.30982722264119, -8.150998581110683]], "name": "C6H12O2", "identifiers": {"molecule_hash": "d522e69507980e7f5574820954a52d593d18f9d5", "molecular_formula": "C6H12O2"}, "molecular_charge": 0.0, "molecular_multiplicity": 1, "connectivity": [[0, 1, 1.0], [0, 8, 1.0], [0, 9, 1.0], [0, 10, 1.0], [1, 2, 1.0], [1, 11, 1.0], [1, 12, 1.0], [2, 3, 1.0], [2, 13, 1.0], [2, 14, 1.0], [3, 4, 1.0], [3, 15, 1.0], [3, 16, 1.0], [4, 5, 1.0], [4, 17, 1.0], [4, 18, 1.0], [5, 6, 2.0], [5, 7, 1.0], [7, 19, 1.0]], "fix_com": true, "fix_orientation": true, "provenance": {"creator": "QCElemental", "version": "v0.22.0", "routine": "qcelemental.molparse.from_schema"}, "id": "145500"}, "charge": 0, "optimize_geometry": false, "conformers": [], "conformer_generation_options": {"n_conformer_pool": 4000, "n_max_conformers": 0, "rms_tolerance": 0.05, "energy_window": 15, "keep_original_conformer": true}, "stage_1_unrestrained_charges": null, "stage_1_restrained_charges": null, "stage_2_unrestrained_charges": null, "stage_2_restrained_charges": null, "keep_original_orientation": false, "reorientations": [], "translations": [], "rotations": []}}, {"index": 2, "molecule": {"qcmol": {"schema_name": "qcschema_molecule", "schema_version": 2, "validated": true, "symbols": ["C", "C", "C", "C", "C", "C", "O", "O", "H", "H", "H", "H", "H", "H", "H", "H", "H", "H", "H", "H"], "geometry": [[0.0, 0.0, 0.0], [2.8908405987254344, -5.280280010843163e-16, 4.0988068650369465e-16], [4.0937835114832595, 2.6350093042027076, 2.220446049250313e-16], [3.6106414428201723, 4.166722785952254, -2.4055702482739605], [5.000379761871221, 6.715369680684082, -2.3550323129697768], [4.4791836685082025, 8.26696303067244, -4.682425490423979], [3.2806611222512174, 10.16440785071048, -4.750090964160149], [5.506565500087026, 7.260924041041634, -6.751484193944832], [-0.7700001479421548, 0.8188672033820824, -1.7146311245910761], [-0.7253748743125663, -1.913246917575749, 0.14463490350190877], [-0.737892165220806, 1.068263022805626, 1.590867519251099], [3.5763215842681246, -1.0589166149625657, -1.6234259739617585], [3.5508702092966775, -1.0100322949743976, 1.662348882863618], [3.4148479240065597, 3.691513518478531, 1.6291255637453874], [6.123740804229943, 2.4276874358361504, 0.25186723914648357], [4.2222942852495775, 3.093633091683642, -4.043677229298119], [1.6010458633446003, 4.5135673625063975, -2.6329120180762073], [4.41467352846941, 7.827139012739758, -0.7418833191341259], [7.023321314620467, 6.400235789883279, -2.2303079968556556], [5.08293655142848, 8.30982722264119, -8.150998581110683]], "name": "C6H12O2", "identifiers": {"molecule_hash": "d522e69507980e7f5574820954a52d593d18f9d5", "molecular_formula": "C6H12O2"}, "molecular_charge": 0.0, "molecular_multiplicity": 1, "connectivity": [[0, 1, 1.0], [0, 8, 1.0], [0, 9, 1.0], [0, 10, 1.0], [1, 2, 1.0], [1, 11, 1.0], [1, 12, 1.0], [2, 3, 1.0], [2, 13, 1.0], [2, 14, 1.0], [3, 4, 1.0], [3, 15, 1.0], [3, 16, 1.0], [4, 5, 1.0], [4, 17, 1.0], [4, 18, 1.0], [5, 6, 2.0], [5, 7, 1.0], [7, 19, 1.0]], "fix_com": true, "fix_orientation": true, "provenance": {"creator": "QCElemental", "version": "v0.22.0", "routine": "qcelemental.molparse.from_schema"}, "id": "145500"}, "charge": 0, "optimize_geometry": false, "conformers": [], "conformer_generation_options": {"n_conformer_pool": 4000, "n_max_conformers": 0, "rms_tolerance": 0.05, "energy_window": 15, "keep_original_conformer": true}, "stage_1_unrestrained_charges": null, "stage_1_restrained_charges": null, "stage_2_unrestrained_charges": null, "stage_2_restrained_charges": null, "keep_original_orientation": false, "reorientations": [], "translations": [], "rotations": []}}, {"index": 3, "molecule": {"qcmol": {"schema_name": "qcschema_molecule", "schema_version": 2, "validated": true, "symbols": ["C", "C", "C", "C", "C", "C", "O", "O", "H", "H", "H", "H", "H", "H", "H", "H", "H", "H", "H", "H"], "geometry": [[0.0, 0.0, 0.0], [2.8908405987254344, -5.280280010843163e-16, 4.0988068650369465e-16], [4.0937835114832595, 2.6350093042027076, 2.220446049250313e-16], [3.6106414428201723, 4.166722785952254, -2.4055702482739605], [5.000379761871221, 6.715369680684082, -2.3550323129697768], [4.4791836685082025, 8.26696303067244, -4.682425490423979], [3.2806611222512174, 10.16440785071048, -4.750090964160149], [5.506565500087026, 7.260924041041634, -6.751484193944832], [-0.7700001479421548, 0.8188672033820824, -1.7146311245910761], [-0.7253748743125663, -1.913246917575749, 0.14463490350190877], [-0.737892165220806, 1.068263022805626, 1.590867519251099], [3.5763215842681246, -1.0589166149625657, -1.6234259739617585], [3.5508702092966775, -1.0100322949743976, 1.662348882863618], [3.4148479240065597, 3.691513518478531, 1.6291255637453874], [6.123740804229943, 2.4276874358361504, 0.25186723914648357], [4.2222942852495775, 3.093633091683642, -4.043677229298119], [1.6010458633446003, 4.5135673625063975, -2.6329120180762073], [4.41467352846941, 7.827139012739758, -0.7418833191341259], [7.023321314620467, 6.400235789883279, -2.2303079968556556], [5.08293655142848, 8.30982722264119, -8.150998581110683]], "name": "C6H12O2", "identifiers": {"molecule_hash": "d522e69507980e7f5574820954a52d593d18f9d5", "molecular_formula": "C6H12O2"}, "molecular_charge": 0.0, "molecular_multiplicity": 1, "connectivity": [[0, 1, 1.0], [0, 8, 1.0], [0, 9, 1.0], [0, 10, 1.0], [1, 2, 1.0], [1, 11, 1.0], [1, 12, 1.0], [2, 3, 1.0], [2, 13, 1.0], [2, 14, 1.0], [3, 4, 1.0], [3, 15, 1.0], [3, 16, 1.0], [4, 5, 1.0], [4, 17, 1.0], [4, 18, 1.0], [5, 6, 2.0], [5, 7, 1.0], [7, 19, 1.0]], "fix_com": true, "fix_orientation": true, "provenance": {"creator": "QCElemental", "version": "v0.22.0", "routine": "qcelemental.molparse.from_schema"}, "id": "145500"}, "charge": 0, "optimize_geometry": false, "conformers": [], "conformer_generation_options": {"n_conformer_pool": 4000, "n_max_conformers": 0, "rms_tolerance": 0.05, "energy_window": 15, "keep_original_conformer": true}, "stage_1_unrestrained_charges": null, "stage_1_restrained_charges": null, "stage_2_unrestrained_charges": null, "stage_2_restrained_charges": null, "keep_original_orientation": false, "reorientations": [], "translations": [], "rotations": []}}, {"index": 4, "molecule": {"qcmol": {"schema_name": "qcschema_molecule", "schema_version": 2, "validated": true, "symbols": ["C", "C", "C", "C", "C", "C", "O", "O", "H", "H", "H", "H", "H", "H", "H", "H", "H", "H", "H", "H"], "geometry": [[0.0, 0.0, 0.0], [2.8908405987254344, -5.280280010843163e-16, 4.0988068650369465e-16], [4.0937835114832595, 2.6350093042027076, 2.220446049250313e-16], [3.6106414428201723, 4.166722785952254, -2.4055702482739605], [5.000379761871221, 6.715369680684082, -2.3550323129697768], [4.4791836685082025, 8.26696303067244, -4.682425490423979], [3.2806611222512174, 10.16440785071048, -4.750090964160149], [5.506565500087026, 7.260924041041634, -6.751484193944832], [-0.7700001479421548, 0.8188672033820824, -1.7146311245910761], [-0.7253748743125663, -1.913246917575749, 0.14463490350190877], [-0.737892165220806, 1.068263022805626, 1.590867519251099], [3.5763215842681246, -1.0589166149625657, -1.6234259739617585], [3.5508702092966775, -1.0100322949743976, 1.662348882863618], [3.4148479240065597, 3.691513518478531, 1.6291255637453874], [6.123740804229943, 2.4276874358361504, 0.25186723914648357], [4.2222942852495775, 3.093633091683642, -4.043677229298119], [1.6010458633446003, 4.5135673625063975, -2.6329120180762073], [4.41467352846941, 7.827139012739758, -0.7418833191341259], [7.023321314620467, 6.400235789883279, -2.2303079968556556], [5.08293655142848, 8.30982722264119, -8.150998581110683]], "name": "C6H12O2", "identifiers": {"molecule_hash": "d522e69507980e7f5574820954a52d593d18f9d5", "molecular_formula": "C6H12O2"}, "molecular_charge": 0.0, "molecular_multiplicity": 1, "connectivity": [[0, 1, 1.0], [0, 8, 1.0], [0, 9, 1.0], [0, 10, 1.0], [1, 2, 1.0], [1, 11, 1.0], [1, 12, 1.0], [2, 3, 1.0], [2, 13, 1.0], [2, 14, 1.0], [3, 4, 1.0], [3, 15, 1.0], [3, 16, 1.0], [4, 5, 1.0], [4, 17, 1.0], [4, 18, 1.0], [5, 6, 2.0], [5, 7, 1.0], [7, 19, 1.0]], "fix_com": true, "fix_orientation": true, "provenance": {"creator": "QCElemental", "version": "v0.22.0", "routine": "qcelemental.molparse.from_schema"}, "id": "145500"}, "charge": 0, "optimize_geometry": false, "conformers": [], "conformer_generation_options": {"n_conformer_pool": 4000, "n_max_conformers": 0, "rms_tolerance": 0.05, "energy_window": 15, "keep_original_conformer": true}, "stage_1_unrestrained_charges": null, "stage_1_restrained_charges": null, "stage_2_unrestrained_charges": null, "stage_2_restrained_charges": null, "keep_original_orientation": false, "reorientations": [], "translations": [], "rotations": []}}]}, "surface_constraints": {"matrix": [[1901.1201859629111, 1838.0289509367194, 1761.8632084975613, 1706.7075461941145, 1620.7549828456463, 1550.7891151072151, 1516.0222295251274, 1502.304412628221, 1912.0003107932107, 1907.0639841890059, 1910.2886898901002, 1829.8625483620272, 1831.305963915369, 1765.397770890377, 1725.1723210203606, 1701.965260249988, 1720.7555693351119, 1593.6109320618166, 1619.0079763207189, 1437.8509162483224], [1838.0289509367194, 1881.699942383085, 1829.3171035866228, 1755.187621171812, 1679.245690885826, 1613.8816521404838, 1591.8936185106024, 1551.264017845846, 1821.8856210119698, 1818.0074451742246, 1819.7531942021692, 1905.5259443397167, 1905.0669100677549, 1829.9665120075101, 1827.7000939092172, 1740.9063773183186, 1756.9575145735137, 1642.5425754737885, 1688.9209521498124, 1487.8714738616354], [1761.8632084975613, 1829.3171035866228, 1876.7618034332488, 1825.7488438619628, 1756.5350680959725, 1689.2228307109249, 1660.2482307173007, 1629.692375666155, 1743.9180244483134, 1724.6859002038943, 1750.062331571538, 1826.537190061704, 1823.4633445334705, 1907.1429627669309, 1903.0814065472152, 1824.1473256528, 1824.1251110684739, 1718.8467580802308, 1771.6048555466223, 1560.6898184635097], [1706.7075461941145, 1755.187621171812, 1825.7488438619628, 1873.4533291696205, 1824.4717597843567, 1758.5175783096909, 1719.992077044853, 1710.5208935937828, 1692.707605911176, 1677.332525168479, 1698.2121230569944, 1727.082282241529, 1744.6031137220548, 1827.3914244960954, 1823.9734050247773, 1901.3322202279421, 1901.5918454078285, 1821.7872439484827, 1816.706891616252, 1636.6276681208772], [1620.7549828456463, 1679.245690885826, 1756.5350680959725, 1824.4717597843567, 1873.8809690656867, 1827.9246858162621, 1789.201038602673, 1787.1686646184955, 1610.052611502196, 1581.941663249285, 1612.8085916179366, 1644.982824787258, 1680.9454636815426, 1754.626390656399, 1750.9861367179515, 1823.707113564629, 1824.1941846132722, 1899.8986885836882, 1897.2913040676658, 1716.8191784250123], [1550.7891151072151, 1613.8816521404838, 1689.2228307109249, 1758.5175783096909, 1827.9246858162621, 1877.6982470248015, 1879.9615472232024, 1861.7134955459394, 1537.8086723272231, 1512.2987208682812, 1542.3603344342716, 1582.5306012976714, 1620.0193000660759, 1688.3664365584111, 1682.2396174696878, 1747.0596898344975, 1757.3293935350089, 1826.8157620540394, 1824.6769953070188, 1840.4720317897556], [1516.0222295251274, 1591.8936185106024, 1660.2482307173007, 1719.992077044853, 1789.201038602673, 1879.9615472232024, 1958.3674101069644, 1818.0317152207588, 1500.0917345567104, 1476.5257388199273, 1502.8056805544288, 1565.6178158138773, 1609.6400927013167, 1653.0761069167077, 1661.1083616712583, 1700.147151958776, 1719.4063049178094, 1770.5524697971732, 1774.434616768901, 1827.8059414792842], [1502.304412628221, 1551.264017845846, 1629.692375666155, 1710.5208935937828, 1787.1686646184955, 1861.7134955459394, 1818.0317152207588, 1937.5269672288273, 1488.6066602161932, 1467.7536756222632, 1501.9862587064968, 1516.554587368115, 1548.4444533848841, 1634.818997773737, 1611.6446433996928, 1703.0422343504113, 1710.4195273016128, 1782.3631610499497, 1778.2192122478039, 1929.3000863954605], [1912.0003107932107, 1821.8856210119698, 1743.9180244483134, 1692.707605911176, 1610.052611502196, 1537.8086723272231, 1500.0917345567104, 1488.6066602161932, 2003.4516684028513, 1888.9973633113773, 1892.5790160789454, 1800.24033078654, 1809.7683113833405, 1756.4132761891797, 1693.5706122323509, 1696.8642029558746, 1698.1784991839315, 1583.3981570194487, 1611.8022697547033, 1421.9083449008062], [1907.0639841890059, 1818.0074451742246, 1724.6859002038943, 1677.332525168479, 1581.941663249285, 1512.2987208682812, 1476.5257388199273, 1467.7536756222632, 1888.9973633113773, 1991.9478772689524, 1887.9757364374489, 1796.39759910384, 1819.8746705071871, 1717.682863190439, 1680.9810430974792, 1675.9916195998812, 1701.5661786425826, 1552.0175278069312, 1577.2162591838442, 1405.6285789929882], [1910.2886898901002, 1819.7531942021692, 1750.062331571538, 1698.2121230569944, 1612.8085916179366, 1542.3603344342716, 1502.8056805544288, 1501.9862587064968, 1892.5790160789454, 1887.9757364374489, 2000.2266045196668, 1812.9958272350768, 1785.6580064303237, 1756.7572356234778, 1711.37020520385, 1688.1872001194097, 1719.4858707702451, 1594.715353283896, 1602.7365100296329, 1437.3785135176993], [1829.8625483620272, 1905.5259443397167, 1826.537190061704, 1727.082282241529, 1644.982824787258, 1582.5306012976714, 1565.6178158138773, 1516.554587368115, 1800.24033078654, 1796.39759910384, 1812.9958272350768, 2005.285763008882, 1900.2474236849346, 1813.0308033521253, 1839.063682230131, 1703.610887215225, 1726.1844419520885, 1600.9668397367395, 1655.3782604758267, 1455.7115235853328], [1831.305963915369, 1905.0669100677549, 1823.4633445334705, 1744.6031137220548, 1680.9454636815426, 1620.0193000660759, 1609.6400927013167, 1548.4444533848841, 1809.7683113833405, 1819.8746705071871, 1785.6580064303237, 1900.2474236849346, 2005.345495698925, 1811.4238446843265, 1815.5676749669633, 1722.92470448521, 1740.4984705170673, 1644.489623657105, 1696.350111896239, 1488.9525839674848], [1765.397770890377, 1829.9665120075101, 1907.1429627669309, 1827.3914244960954, 1754.626390656399, 1688.3664365584111, 1653.0761069167077, 1634.818997773737, 1756.4132761891797, 1717.682863190439, 1756.7572356234778, 1813.0308033521253, 1811.4238446843265, 2013.8290350580714, 1904.8829593561047, 1810.7945172279408, 1820.6324735816129, 1708.5266444245522, 1774.5448891442988, 1564.647093308175], [1725.1723210203606, 1827.7000939092172, 1903.0814065472152, 1823.9734050247773, 1750.9861367179515, 1682.2396174696878, 1661.1083616712583, 1611.6446433996928, 1693.5706122323509, 1680.9810430974792, 1711.37020520385, 1839.063682230131, 1815.5676749669633, 1904.8829593561047, 2003.4036783606903, 1824.6280284949173, 1800.678352400287, 1697.4353097508358, 1780.04455188455, 1544.6885727368524], [1701.965260249988, 1740.9063773183186, 1824.1473256528, 1901.3322202279421, 1823.707113564629, 1747.0596898344975, 1700.147151958776, 1703.0422343504113, 1696.8642029558746, 1675.9916195998812, 1688.1872001194097, 1703.610887215225, 1722.92470448521, 1810.7945172279408, 1824.6280284949173, 2001.7802383725766, 1902.9476744339615, 1822.4933710760195, 1800.2952959819324, 1624.4810551554042], [1720.7555693351119, 1756.9575145735137, 1824.1251110684739, 1901.5918454078285, 1824.1941846132722, 1757.3293935350089, 1719.4063049178094, 1710.4195273016128, 1698.1784991839315, 1701.5661786425826, 1719.4858707702451, 1726.1844419520885, 1740.4984705170673, 1820.6324735816129, 1800.678352400287, 1902.9476744339615, 2003.1881047200845, 1827.72433693622, 1788.4897447834117, 1634.3785911083949], [1593.6109320618166, 1642.5425754737885, 1718.8467580802308, 1821.7872439484827, 1899.8986885836882, 1826.8157620540394, 1770.5524697971732, 1782.3631610499497, 1583.3981570194487, 1552.0175278069312, 1594.715353283896, 1600.9668397367395, 1644.489623657105, 1708.5266444245522, 1697.4353097508358, 1822.4933710760195, 1827.72433693622, 2000.091865982253, 1893.9204289649756, 1697.8772094311355], [1619.0079763207189, 1688.9209521498124, 1771.6048555466223, 1816.706891616252, 1897.2913040676658, 1824.6769953070188, 1774.434616768901, 1778.2192122478039, 1611.8022697547033, 1577.2162591838442, 1602.7365100296329, 1655.3782604758267, 1696.350111896239, 1774.5448891442988, 1780.04455188455, 1800.2952959819324, 1788.4897447834117, 1893.9204289649756, 1996.2109874936068, 1694.647814034165], [1437.8509162483224, 1487.8714738616354, 1560.6898184635097, 1636.6276681208772, 1716.8191784250123, 1840.4720317897556, 1827.8059414792842, 1929.3000863954605, 1421.9083449008062, 1405.6285789929882, 1437.3785135176993, 1455.7115235853328, 1488.9525839674848, 1564.647093308175, 1544.6885727368524, 1624.4810551554042, 1634.3785911083949, 1697.8772094311355, 1694.647814034165, 1985.2007018507345], [9.889522831760996, 6.004406758680372, 6.36681041825136, 5.922882030711856, 1.4302976450760692, -13.714959976072624, -39.21924147468038, -0.7231584801675067, 10.489080525406575, 10.959479439062596, 10.971729774599183, 5.391497390927359, 2.3570203739987403, 8.69652433510414, 5.151354899205743, 9.113894238275845, 5.446339115947709, 7.789321008162156, 4.4599982937940235, 3.4885299171593145]]}}