{"resp_b": 0.1, "restrained_fit": true, "exclude_hydrogens": true, "convergence_tolerance": 1e-06, "max_iter": 500, "resp_a": 0.0005, "charge_constraints": {"charge_sum_constraints": [], "charge_equivalence_constraints": [], "molecules": [{"qcmol": {"schema_name": "qcschema_molecule", "schema_version": 2, "validated": true, "symbols": ["C", "C", "C", "C", "C", "C", "O", "O", "H", "H", "H", "H", "H", "H", "H", "H", "H", "H", "H", "H"], "geometry": [[0.0, 0.0, 0.0], [2.8908405987254344, -5.280280010843163e-16, 4.0988068650369465e-16], [4.0937835114832595, 2.6350093042027076, 2.220446049250313e-16], [3.6106414428201723, 4.166722785952254, -2.4055702482739605], [5.000379761871221, 6.715369680684082, -2.3550323129697768], [4.4791836685082025, 8.26696303067244, -4.682425490423979], [3.2806611222512174, 10.16440785071048, -4.750090964160149], [5.506565500087026, 7.260924041041634, -6.751484193944832], [-0.7700001479421548, 0.8188672033820824, -1.7146311245910761], [-0.7253748743125663, -1.913246917575749, 0.14463490350190877], [-0.737892165220806, 1.068263022805626, 1.590867519251099], [3.5763215842681246, -1.0589166149625657, -1.6234259739617585], [3.5508702092966775, -1.0100322949743976, 1.662348882863618], [3.4148479240065597, 3.691513518478531, 1.6291255637453874], [6.123740804229943, 2.4276874358361504, 0.25186723914648357], [4.2222942852495775, 3.093633091683642, -4.043677229298119], [1.6010458633446003, 4.5135673625063975, -2.6329120180762073], [4.41467352846941, 7.827139012739758, -0.7418833191341259], [7.023321314620467, 6.400235789883279, -2.2303079968556556], [5.08293655142848, 8.30982722264119, -8.150998581110683]], "name": "C6H12O2", "identifiers": {"molecule_hash": "d522e69507980e7f5574820954a52d593d18f9d5", "molecular_formula": "C6H12O2"}, "molecular_charge": 0.0, "molecular_multiplicity": 1, "connectivity": [[0, 1, 1.0], [0, 8, 1.0], [0, 9, 1.0], [0, 10, 1.0], [1, 2, 1.0], [1, 11, 1.0], [1, 12, 1.0], [2, 3, 1.0], [2, 13, 1.0], [2, 14, 1.0], [3, 4, 1.0], [3, 15, 1.0], [3, 16, 1.0], [4, 5, 1.0], [4, 17, 1.0], [4, 18, 1.0], [5, 6, 2.0], [5, 7, 1.0], [7, 19, 1.0]], "fix_com": true, "fix_orientation": true, "provenance": {"creator": "QCElemental", "version": "v0.22.0", "routine": "qcelemental.molparse.from_schema"}, "id": "145500"}, "charge": 0, "optimize_geometry": false, "conformers": [], "conformer_generation_options": {"n_conformer_pool": 4000, "n_max_conformers": 0, "rms_tolerance": 0.05, "energy_window": 15, "keep_original_conformer": true}, "stage_1_unrestrained_charges": null, "stage_1_restrained_charges": null, "stage_2_unrestrained_charges": null, "stage_2_restrained_charges": null, "keep_original_orientation": false, "reorientations": [], "translations": [], "rotations": []}], "unconstrained_atoms": [{"index": 0, "molecule": {"qcmol": {"schema_name": "qcschema_molecule", "schema_version": 2, "validated": true, "symbols": ["C", "C", "C", "C", "C", "C", "O", "O", "H", "H", "H", "H", "H", "H", "H", "H", "H", "H", "H", "H"], "geometry": [[0.0, 0.0, 0.0], [2.8908405987254344, -5.280280010843163e-16, 4.0988068650369465e-16], [4.0937835114832595, 2.6350093042027076, 2.220446049250313e-16], [3.6106414428201723, 4.166722785952254, -2.4055702482739605], [5.000379761871221, 6.715369680684082, -2.3550323129697768], [4.4791836685082025, 8.26696303067244, -4.682425490423979], [3.2806611222512174, 10.16440785071048, -4.750090964160149], [5.506565500087026, 7.260924041041634, -6.751484193944832], [-0.7700001479421548, 0.8188672033820824, -1.7146311245910761], [-0.7253748743125663, -1.913246917575749, 0.14463490350190877], [-0.737892165220806, 1.068263022805626, 1.590867519251099], [3.5763215842681246, -1.0589166149625657, -1.6234259739617585], [3.5508702092966775, -1.0100322949743976, 1.662348882863618], [3.4148479240065597, 3.691513518478531, 1.6291255637453874], [6.123740804229943, 2.4276874358361504, 0.25186723914648357], [4.2222942852495775, 3.093633091683642, -4.043677229298119], [1.6010458633446003, 4.5135673625063975, -2.6329120180762073], [4.41467352846941, 7.827139012739758, -0.7418833191341259], [7.023321314620467, 6.400235789883279, -2.2303079968556556], [5.08293655142848, 8.30982722264119, -8.150998581110683]], "name": "C6H12O2", "identifiers": {"molecule_hash": "d522e69507980e7f5574820954a52d593d18f9d5", "molecular_formula": "C6H12O2"}, "molecular_charge": 0.0, "molecular_multiplicity": 1, "connectivity": [[0, 1, 1.0], [0, 8, 1.0], [0, 9, 1.0], [0, 10, 1.0], [1, 2, 1.0], [1, 11, 1.0], [1, 12, 1.0], [2, 3, 1.0], [2, 13, 1.0], [2, 14, 1.0], [3, 4, 1.0], [3, 15, 1.0], [3, 16, 1.0], [4, 5, 1.0], [4, 17, 1.0], [4, 18, 1.0], [5, 6, 2.0], [5, 7, 1.0], [7, 19, 1.0]], "fix_com": true, "fix_orientation": true, "provenance": {"creator": "QCElemental", "version": "v0.22.0", "routine": "qcelemental.molparse.from_schema"}, "id": "145500"}, "charge": 0, "optimize_geometry": false, "conformers": [], "conformer_generation_options": {"n_conformer_pool": 4000, "n_max_conformers": 0, "rms_tolerance": 0.05, "energy_window": 15, "keep_original_conformer": true}, "stage_1_unrestrained_charges": null, "stage_1_restrained_charges": null, "stage_2_unrestrained_charges": null, "stage_2_restrained_charges": null, "keep_original_orientation": false, "reorientations": [], "translations": [], "rotations": []}}, {"index": 1, "molecule": {"qcmol": {"schema_name": "qcschema_molecule", "schema_version": 2, "validated": true, "symbols": ["C", "C", "C", "C", "C", "C", "O", "O", "H", "H", "H", "H", "H", "H", "H", "H", "H", "H", "H", "H"], "geometry": [[0.0, 0.0, 0.0], [2.8908405987254344, -5.280280010843163e-16, 4.0988068650369465e-16], [4.0937835114832595, 2.6350093042027076, 2.220446049250313e-16], [3.6106414428201723, 4.166722785952254, -2.4055702482739605], [5.000379761871221, 6.715369680684082, -2.3550323129697768], [4.4791836685082025, 8.26696303067244, -4.682425490423979], [3.2806611222512174, 10.16440785071048, -4.750090964160149], [5.506565500087026, 7.260924041041634, -6.751484193944832], [-0.7700001479421548, 0.8188672033820824, -1.7146311245910761], [-0.7253748743125663, -1.913246917575749, 0.14463490350190877], [-0.737892165220806, 1.068263022805626, 1.590867519251099], [3.5763215842681246, -1.0589166149625657, -1.6234259739617585], [3.5508702092966775, -1.0100322949743976, 1.662348882863618], [3.4148479240065597, 3.691513518478531, 1.6291255637453874], [6.123740804229943, 2.4276874358361504, 0.25186723914648357], [4.2222942852495775, 3.093633091683642, -4.043677229298119], [1.6010458633446003, 4.5135673625063975, -2.6329120180762073], [4.41467352846941, 7.827139012739758, -0.7418833191341259], [7.023321314620467, 6.400235789883279, -2.2303079968556556], [5.08293655142848, 8.30982722264119, -8.150998581110683]], "name": "C6H12O2", "identifiers": {"molecule_hash": "d522e69507980e7f5574820954a52d593d18f9d5", "molecular_formula": "C6H12O2"}, "molecular_charge": 0.0, "molecular_multiplicity": 1, "connectivity": [[0, 1, 1.0], [0, 8, 1.0], [0, 9, 1.0], [0, 10, 1.0], [1, 2, 1.0], [1, 11, 1.0], [1, 12, 1.0], [2, 3, 1.0], [2, 13, 1.0], [2, 14, 1.0], [3, 4, 1.0], [3, 15, 1.0], [3, 16, 1.0], [4, 5, 1.0], [4, 17, 1.0], [4, 18, 1.0], [5, 6, 2.0], [5, 7, 1.0], [7, 19, 1.0]], "fix_com": true, "fix_orientation": true, "provenance": {"creator": "QCElemental", "version": "v0.22.0", "routine": "qcelemental.molparse.from_schema"}, "id": "145500"}, "charge": 0, "optimize_geometry": false, "conformers": [], "conformer_generation_options": {"n_conformer_pool": 4000, "n_max_conformers": 0, "rms_tolerance": 0.05, "energy_window": 15, "keep_original_conformer": true}, "stage_1_unrestrained_charges": null, "stage_1_restrained_charges": null, "stage_2_unrestrained_charges": null, "stage_2_restrained_charges": null, "keep_original_orientation": false, "reorientations": [], "translations": [], "rotations": []}}, {"index": 2, "molecule": {"qcmol": {"schema_name": "qcschema_molecule", "schema_version": 2, "validated": true, "symbols": ["C", "C", "C", "C", "C", "C", "O", "O", "H", "H", "H", "H", "H", "H", "H", "H", "H", "H", "H", "H"], "geometry": [[0.0, 0.0, 0.0], [2.8908405987254344, -5.280280010843163e-16, 4.0988068650369465e-16], [4.0937835114832595, 2.6350093042027076, 2.220446049250313e-16], [3.6106414428201723, 4.166722785952254, -2.4055702482739605], [5.000379761871221, 6.715369680684082, -2.3550323129697768], [4.4791836685082025, 8.26696303067244, -4.682425490423979], [3.2806611222512174, 10.16440785071048, -4.750090964160149], [5.506565500087026, 7.260924041041634, -6.751484193944832], [-0.7700001479421548, 0.8188672033820824, -1.7146311245910761], [-0.7253748743125663, -1.913246917575749, 0.14463490350190877], [-0.737892165220806, 1.068263022805626, 1.590867519251099], [3.5763215842681246, -1.0589166149625657, -1.6234259739617585], [3.5508702092966775, -1.0100322949743976, 1.662348882863618], [3.4148479240065597, 3.691513518478531, 1.6291255637453874], [6.123740804229943, 2.4276874358361504, 0.25186723914648357], [4.2222942852495775, 3.093633091683642, -4.043677229298119], [1.6010458633446003, 4.5135673625063975, -2.6329120180762073], [4.41467352846941, 7.827139012739758, -0.7418833191341259], [7.023321314620467, 6.400235789883279, -2.2303079968556556], [5.08293655142848, 8.30982722264119, -8.150998581110683]], "name": "C6H12O2", "identifiers": {"molecule_hash": "d522e69507980e7f5574820954a52d593d18f9d5", "molecular_formula": "C6H12O2"}, "molecular_charge": 0.0, "molecular_multiplicity": 1, "connectivity": [[0, 1, 1.0], [0, 8, 1.0], [0, 9, 1.0], [0, 10, 1.0], [1, 2, 1.0], [1, 11, 1.0], [1, 12, 1.0], [2, 3, 1.0], [2, 13, 1.0], [2, 14, 1.0], [3, 4, 1.0], [3, 15, 1.0], [3, 16, 1.0], [4, 5, 1.0], [4, 17, 1.0], [4, 18, 1.0], [5, 6, 2.0], [5, 7, 1.0], [7, 19, 1.0]], "fix_com": true, "fix_orientation": true, "provenance": {"creator": "QCElemental", "version": "v0.22.0", "routine": "qcelemental.molparse.from_schema"}, "id": "145500"}, "charge": 0, "optimize_geometry": false, "conformers": [], "conformer_generation_options": {"n_conformer_pool": 4000, "n_max_conformers": 0, "rms_tolerance": 0.05, "energy_window": 15, "keep_original_conformer": true}, "stage_1_unrestrained_charges": null, "stage_1_restrained_charges": null, "stage_2_unrestrained_charges": null, "stage_2_restrained_charges": null, "keep_original_orientation": false, "reorientations": [], "translations": [], "rotations": []}}, {"index": 3, "molecule": {"qcmol": {"schema_name": "qcschema_molecule", "schema_version": 2, "validated": true, "symbols": ["C", "C", "C", "C", "C", "C", "O", "O", "H", "H", "H", "H", "H", "H", "H", "H", "H", "H", "H", "H"], "geometry": [[0.0, 0.0, 0.0], [2.8908405987254344, -5.280280010843163e-16, 4.0988068650369465e-16], [4.0937835114832595, 2.6350093042027076, 2.220446049250313e-16], [3.6106414428201723, 4.166722785952254, -2.4055702482739605], [5.000379761871221, 6.715369680684082, -2.3550323129697768], [4.4791836685082025, 8.26696303067244, -4.682425490423979], [3.2806611222512174, 10.16440785071048, -4.750090964160149], [5.506565500087026, 7.260924041041634, -6.751484193944832], [-0.7700001479421548, 0.8188672033820824, -1.7146311245910761], [-0.7253748743125663, -1.913246917575749, 0.14463490350190877], [-0.737892165220806, 1.068263022805626, 1.590867519251099], [3.5763215842681246, -1.0589166149625657, -1.6234259739617585], [3.5508702092966775, -1.0100322949743976, 1.662348882863618], [3.4148479240065597, 3.691513518478531, 1.6291255637453874], [6.123740804229943, 2.4276874358361504, 0.25186723914648357], [4.2222942852495775, 3.093633091683642, -4.043677229298119], [1.6010458633446003, 4.5135673625063975, -2.6329120180762073], [4.41467352846941, 7.827139012739758, -0.7418833191341259], [7.023321314620467, 6.400235789883279, -2.2303079968556556], [5.08293655142848, 8.30982722264119, -8.150998581110683]], "name": "C6H12O2", "identifiers": {"molecule_hash": "d522e69507980e7f5574820954a52d593d18f9d5", "molecular_formula": "C6H12O2"}, "molecular_charge": 0.0, "molecular_multiplicity": 1, "connectivity": [[0, 1, 1.0], [0, 8, 1.0], [0, 9, 1.0], [0, 10, 1.0], [1, 2, 1.0], [1, 11, 1.0], [1, 12, 1.0], [2, 3, 1.0], [2, 13, 1.0], [2, 14, 1.0], [3, 4, 1.0], [3, 15, 1.0], [3, 16, 1.0], [4, 5, 1.0], [4, 17, 1.0], [4, 18, 1.0], [5, 6, 2.0], [5, 7, 1.0], [7, 19, 1.0]], "fix_com": true, "fix_orientation": true, "provenance": {"creator": "QCElemental", "version": "v0.22.0", "routine": "qcelemental.molparse.from_schema"}, "id": "145500"}, "charge": 0, "optimize_geometry": false, "conformers": [], "conformer_generation_options": {"n_conformer_pool": 4000, "n_max_conformers": 0, "rms_tolerance": 0.05, "energy_window": 15, "keep_original_conformer": true}, "stage_1_unrestrained_charges": null, "stage_1_restrained_charges": null, "stage_2_unrestrained_charges": null, "stage_2_restrained_charges": null, "keep_original_orientation": false, "reorientations": [], "translations": [], "rotations": []}}, {"index": 4, "molecule": {"qcmol": {"schema_name": "qcschema_molecule", "schema_version": 2, "validated": true, "symbols": ["C", "C", "C", "C", "C", "C", "O", "O", "H", "H", "H", "H", "H", "H", "H", "H", "H", "H", "H", "H"], "geometry": [[0.0, 0.0, 0.0], [2.8908405987254344, -5.280280010843163e-16, 4.0988068650369465e-16], [4.0937835114832595, 2.6350093042027076, 2.220446049250313e-16], [3.6106414428201723, 4.166722785952254, -2.4055702482739605], [5.000379761871221, 6.715369680684082, -2.3550323129697768], [4.4791836685082025, 8.26696303067244, -4.682425490423979], [3.2806611222512174, 10.16440785071048, -4.750090964160149], [5.506565500087026, 7.260924041041634, -6.751484193944832], [-0.7700001479421548, 0.8188672033820824, -1.7146311245910761], [-0.7253748743125663, -1.913246917575749, 0.14463490350190877], [-0.737892165220806, 1.068263022805626, 1.590867519251099], [3.5763215842681246, -1.0589166149625657, -1.6234259739617585], [3.5508702092966775, -1.0100322949743976, 1.662348882863618], [3.4148479240065597, 3.691513518478531, 1.6291255637453874], [6.123740804229943, 2.4276874358361504, 0.25186723914648357], [4.2222942852495775, 3.093633091683642, -4.043677229298119], [1.6010458633446003, 4.5135673625063975, -2.6329120180762073], [4.41467352846941, 7.827139012739758, -0.7418833191341259], [7.023321314620467, 6.400235789883279, -2.2303079968556556], [5.08293655142848, 8.30982722264119, -8.150998581110683]], "name": "C6H12O2", "identifiers": {"molecule_hash": "d522e69507980e7f5574820954a52d593d18f9d5", "molecular_formula": "C6H12O2"}, "molecular_charge": 0.0, "molecular_multiplicity": 1, "connectivity": [[0, 1, 1.0], [0, 8, 1.0], [0, 9, 1.0], [0, 10, 1.0], [1, 2, 1.0], [1, 11, 1.0], [1, 12, 1.0], [2, 3, 1.0], [2, 13, 1.0], [2, 14, 1.0], [3, 4, 1.0], [3, 15, 1.0], [3, 16, 1.0], [4, 5, 1.0], [4, 17, 1.0], [4, 18, 1.0], [5, 6, 2.0], [5, 7, 1.0], [7, 19, 1.0]], "fix_com": true, "fix_orientation": true, "provenance": {"creator": "QCElemental", "version": "v0.22.0", "routine": "qcelemental.molparse.from_schema"}, "id": "145500"}, "charge": 0, "optimize_geometry": false, "conformers": [], "conformer_generation_options": {"n_conformer_pool": 4000, "n_max_conformers": 0, "rms_tolerance": 0.05, "energy_window": 15, "keep_original_conformer": true}, "stage_1_unrestrained_charges": null, "stage_1_restrained_charges": null, "stage_2_unrestrained_charges": null, "stage_2_restrained_charges": null, "keep_original_orientation": false, "reorientations": [], "translations": [], "rotations": []}}]}, "surface_constraints": {"matrix": [[769197226506930.9, 745643328235176.8, 718379936520575.5, 698722847594202.6, 666597178139333.5, 640083198072857.8, 627482305692417.2, 623068421290286.1, 775006149409368.2, 772792153936288.0, 774197036960395.5, 743307617819857.1, 743678143845540.1, 720292116161664.8, 705407220412874.9, 697946114128433.6, 705057892465227.1, 656991348811597.4, 666699251868574.4, 599843389608352.8], [745643328235176.8, 762150286960386.9, 744052621897707.5, 717108789616634.1, 689033989844943.1, 664392083468900.1, 656969861012655.9, 641982099159955.0, 740997965427402.4, 739154342805034.8, 739907490015586.8, 772105558200941.0, 771686502383764.9, 744964391944992.8, 744850816200969.6, 712661799006397.9, 718571350391340.2, 675746249629338.9, 693827938967708.8, 619489342834852.4], [718379936520575.5, 744052621897707.5, 763055312100064.9, 744778815928821.5, 719715195470963.8, 694280945655134.4, 684210034755529.0, 673420109456360.4, 712794409591740.0, 705041315700825.4, 714742318598333.0, 743780894485622.0, 742559042748534.6, 775240583061960.0, 774609344445476.1, 745251842751933.9, 744821951790080.4, 706384767395671.4, 726943431230700.6, 649135550263252.6], [698722847594202.6, 717108789616634.1, 744778815928821.5, 763717974541356.9, 746230736792243.9, 721489004817970.4, 707923540103804.1, 705470359840106.8, 694613625029791.8, 688273295969430.0, 696213482939598.0, 706851197142134.4, 713646175305099.6, 745906596614763.6, 745310002600907.6, 775661956545551.8, 775302088514755.0, 746582245639591.8, 744716829899925.8, 679844288340278.6], [666597178139333.5, 689033989844943.1, 719715195470963.8, 746230736792243.9, 765482586946181.6, 748080957386925.8, 734661628441391.1, 735466437975041.8, 663511476858212.5, 652266814734365.9, 664183306056034.0, 676200606233394.6, 690005659530293.8, 719494195942728.1, 718850879364367.2, 747228861461451.2, 746827743324557.9, 776876376916488.5, 776223981393066.6, 711945883700000.1], [640083198072857.8, 664392083468900.1, 694280945655134.4, 721489004817970.4, 748080957386925.8, 766530024574817.5, 768967609881130.6, 763875861378812.4, 636076773197557.5, 625697665409873.6, 637390227666599.5, 652716403153238.5, 666924355640295.9, 694233871252863.0, 692685046900284.2, 718333704310907.9, 721866208586518.0, 749208434869820.4, 748503971780278.2, 760394221450347.1], [627482305692417.2, 656969861012655.9, 684210034755529.0, 707923540103804.1, 734661628441391.1, 768967609881130.6, 799544922419991.1, 749062881589262.8, 622233164277693.6, 612553063084157.9, 622852466094369.5, 647291614837129.0, 664032417122360.2, 681596441996523.4, 685639588741129.4, 701458882273754.6, 708498587644776.0, 728986508096605.6, 730392753972206.4, 757268582257436.6], [623068421290286.1, 641982099159955.0, 673420109456360.4, 705470359840106.8, 735466437975041.8, 763875861378812.4, 749062881589262.8, 795476817568903.8, 618768868852334.9, 610072720366793.8, 623494439234604.0, 628772841979789.9, 640913979530181.0, 675726874678033.9, 667278200987292.8, 703590503776448.9, 706210856270240.2, 735177373298212.1, 733513581731889.4, 797918964497026.8], [775006149409368.2, 740997965427402.4, 712794409591740.0, 694613625029791.8, 663511476858212.5, 636076773197557.5, 622233164277693.6, 618768868852334.9, 811650731997815.5, 767600148800782.9, 769126590754375.1, 733440469613065.4, 736841510187554.2, 718120298736947.4, 694342281079870.9, 697321801801336.0, 697696771091851.2, 653949500243199.6, 664925866768233.1, 594520717625467.9], [772792153936288.0, 739154342805034.8, 705041315700825.4, 688273295969430.0, 652266814734365.9, 625697665409873.6, 612553063084157.9, 610072720366793.8, 767600148800782.9, 806532875946436.8, 767178224985597.8, 731644840273640.8, 740401692544274.2, 702808365172479.1, 689128549691784.2, 688749996873237.4, 698656615720262.0, 641586264223749.6, 651040610484476.8, 587554428257577.9], [774197036960395.5, 739907490015586.8, 714742318598333.0, 696213482939598.0, 664183306056034.0, 637390227666599.5, 622852466094369.5, 623494439234604.0, 769126590754375.1, 767178224985597.8, 810020414645009.2, 737937937199770.0, 727450417786058.1, 717869182291545.2, 700829900649456.2, 693358596433549.8, 705322675913707.8, 658113289972183.1, 660995606145437.1, 600136449757095.0], [743307617819857.1, 772105558200941.0, 743780894485622.0, 706851197142134.4, 676200606233394.6, 652716403153238.5, 647291614837129.0, 628772841979789.9, 733440469613065.4, 731644840273640.8, 737937937199770.0, 811213215520231.6, 770975257941462.5, 739306368867002.0, 750024665548824.2, 698757878530280.8, 707121009581723.2, 659737377325855.8, 681292694081202.6, 607113404833863.2], [743678143845540.1, 771686502383764.9, 742559042748534.6, 713646175305099.6, 690005659530293.8, 666924355640295.9, 664032417122360.2, 640913979530181.0, 736841510187554.2, 740401692544274.2, 727450417786058.1, 770975257941462.5, 810440080076727.5, 738572247059251.4, 741038022076172.9, 706284247245437.6, 712938641088282.0, 676818987381924.5, 696914384366977.4, 619923967759459.1], [720292116161664.8, 744964391944992.8, 775240583061960.0, 745906596614763.6, 719494195942728.1, 694233871252863.0, 681596441996523.4, 675726874678033.9, 718120298736947.4, 702808365172479.1, 717869182291545.2, 739306368867002.0, 738572247059251.4, 816673847325050.4, 775975079898853.8, 740528968023210.2, 743912229771338.1, 702943623818975.0, 728701956644422.8, 650920463698352.4], [705407220412874.9, 744850816200969.6, 774609344445476.1, 745310002600907.6, 718850879364367.2, 692685046900284.2, 685639588741129.4, 667278200987292.8, 694342281079870.9, 689128549691784.2, 700829900649456.2, 750024665548824.2, 741038022076172.9, 775975079898853.8, 814919306977551.2, 746562166660149.8, 736724489593787.6, 699210748827627.2, 731744698569442.4, 643611219288038.4], [697946114128433.6, 712661799006397.9, 745251842751933.9, 775661956545551.8, 747228861461451.2, 718333704310907.9, 701458882273754.6, 703590503776448.9, 697321801801336.0, 688749996873237.4, 693358596433549.8, 698757878530280.8, 706284247245437.6, 740528968023210.2, 746562166660149.8, 815799971830868.4, 777091921399232.2, 748220698117883.2, 739508548917353.1, 675945631444760.8], [705057892465227.1, 718571350391340.2, 744821951790080.4, 775302088514755.0, 746827743324557.9, 721866208586518.0, 708498587644776.0, 706210856270240.2, 697696771091851.2, 698656615720262.0, 705322675913707.8, 707121009581723.2, 712938641088282.0, 743912229771338.1, 736724489593787.6, 777091921399232.2, 815441484361501.1, 749513657315001.4, 734305020579552.5, 679659360122499.6], [656991348811597.4, 675746249629338.9, 706384767395671.4, 746582245639591.8, 776876376916488.5, 749208434869820.4, 728986508096605.6, 735177373298212.1, 653949500243199.6, 641586264223749.6, 658113289972183.1, 659737377325855.8, 676818987381924.5, 702943623818975.0, 699210748827627.2, 748220698117883.2, 749513657315001.4, 816900120006530.8, 776317874953989.2, 705900238586599.2], [666699251868574.4, 693827938967708.8, 726943431230700.6, 744716829899925.8, 776223981393066.6, 748503971780278.2, 730392753972206.4, 733513581731889.4, 664925866768233.1, 651040610484476.8, 660995606145437.1, 681292694081202.6, 696914384366977.4, 728701956644422.8, 731744698569442.4, 739508548917353.1, 734305020579552.5, 776317874953989.2, 816339409958085.0, 704437375854668.2], [599843389608352.8, 619489342834852.4, 649135550263252.6, 679844288340278.6, 711945883700000.1, 760394221450347.1, 757268582257436.6, 797918964497026.8, 594520717625467.9, 587554428257577.9, 600136449757095.0, 607113404833863.2, 619923967759459.1, 650920463698352.4, 643611219288038.4, 675945631444760.8, 679659360122499.6, 705900238586599.2, 704437375854668.2, 825554803848638.4], [4875958390202.613, 2757171145036.4385, 3273382171305.362, 3462620492335.724, 1720449726209.9292, -5274347636664.961, -16741895103024.514, 1200114684630.389, 5287378799977.767, 5379275155280.415, 5524930587629.765, 2217595844376.092, 880764425899.0164, 4521985442122.809, 2505809479756.081, 5102567978660.509, 3185331866365.9443, 4687627825816.428, 3344764568512.875, 2222917567759.2837]]}}