{"resp_b": 0.1, "restrained_fit": true, "exclude_hydrogens": true, "convergence_tolerance": 1e-06, "max_iter": 500, "resp_a": 0.0005, "charge_constraints": {"charge_sum_constraints": [], "charge_equivalence_constraints": [], "molecules": [{"qcmol": {"schema_name": "qcschema_molecule", "schema_version": 2, "validated": true, "symbols": ["C", "C", "C", "C", "C", "C", "O", "O", "H", "H", "H", "H", "H", "H", "H", "H", "H", "H", "H", "H"], "geometry": [[0.0, 0.0, 0.0], [2.8908405987254344, -5.280280010843163e-16, 4.0988068650369465e-16], [4.0937835114832595, 2.6350093042027076, 2.220446049250313e-16], [3.6106414428201723, 4.166722785952254, -2.4055702482739605], [5.000379761871221, 6.715369680684082, -2.3550323129697768], [4.4791836685082025, 8.26696303067244, -4.682425490423979], [3.2806611222512174, 10.16440785071048, -4.750090964160149], [5.506565500087026, 7.260924041041634, -6.751484193944832], [-0.7700001479421548, 0.8188672033820824, -1.7146311245910761], [-0.7253748743125663, -1.913246917575749, 0.14463490350190877], [-0.737892165220806, 1.068263022805626, 1.590867519251099], [3.5763215842681246, -1.0589166149625657, -1.6234259739617585], [3.5508702092966775, -1.0100322949743976, 1.662348882863618], [3.4148479240065597, 3.691513518478531, 1.6291255637453874], [6.123740804229943, 2.4276874358361504, 0.25186723914648357], [4.2222942852495775, 3.093633091683642, -4.043677229298119], [1.6010458633446003, 4.5135673625063975, -2.6329120180762073], [4.41467352846941, 7.827139012739758, -0.7418833191341259], [7.023321314620467, 6.400235789883279, -2.2303079968556556], [5.08293655142848, 8.30982722264119, -8.150998581110683]], "name": "C6H12O2", "identifiers": {"molecule_hash": "d522e69507980e7f5574820954a52d593d18f9d5", "molecular_formula": "C6H12O2"}, "molecular_charge": 0.0, "molecular_multiplicity": 1, "connectivity": [[0, 1, 1.0], [0, 8, 1.0], [0, 9, 1.0], [0, 10, 1.0], [1, 2, 1.0], [1, 11, 1.0], [1, 12, 1.0], [2, 3, 1.0], [2, 13, 1.0], [2, 14, 1.0], [3, 4, 1.0], [3, 15, 1.0], [3, 16, 1.0], [4, 5, 1.0], [4, 17, 1.0], [4, 18, 1.0], [5, 6, 2.0], [5, 7, 1.0], [7, 19, 1.0]], "fix_com": true, "fix_orientation": true, "provenance": {"creator": "QCElemental", "version": "v0.22.0", "routine": "qcelemental.molparse.from_schema"}, "id": "145500"}, "charge": 0, "optimize_geometry": false, "conformers": [], "conformer_generation_options": {"n_conformer_pool": 4000, "n_max_conformers": 0, "rms_tolerance": 0.05, "energy_window": 15, "keep_original_conformer": true}, "stage_1_unrestrained_charges": null, "stage_1_restrained_charges": null, "stage_2_unrestrained_charges": null, "stage_2_restrained_charges": null, "keep_original_orientation": false, "reorientations": [], "translations": [], "rotations": []}], "unconstrained_atoms": [{"index": 0, "molecule": {"qcmol": {"schema_name": "qcschema_molecule", "schema_version": 2, "validated": true, "symbols": ["C", "C", "C", "C", "C", "C", "O", "O", "H", "H", "H", "H", "H", "H", "H", "H", "H", "H", "H", "H"], "geometry": [[0.0, 0.0, 0.0], [2.8908405987254344, -5.280280010843163e-16, 4.0988068650369465e-16], [4.0937835114832595, 2.6350093042027076, 2.220446049250313e-16], [3.6106414428201723, 4.166722785952254, -2.4055702482739605], [5.000379761871221, 6.715369680684082, -2.3550323129697768], [4.4791836685082025, 8.26696303067244, -4.682425490423979], [3.2806611222512174, 10.16440785071048, -4.750090964160149], [5.506565500087026, 7.260924041041634, -6.751484193944832], [-0.7700001479421548, 0.8188672033820824, -1.7146311245910761], [-0.7253748743125663, -1.913246917575749, 0.14463490350190877], [-0.737892165220806, 1.068263022805626, 1.590867519251099], [3.5763215842681246, -1.0589166149625657, -1.6234259739617585], [3.5508702092966775, -1.0100322949743976, 1.662348882863618], [3.4148479240065597, 3.691513518478531, 1.6291255637453874], [6.123740804229943, 2.4276874358361504, 0.25186723914648357], [4.2222942852495775, 3.093633091683642, -4.043677229298119], [1.6010458633446003, 4.5135673625063975, -2.6329120180762073], [4.41467352846941, 7.827139012739758, -0.7418833191341259], [7.023321314620467, 6.400235789883279, -2.2303079968556556], [5.08293655142848, 8.30982722264119, -8.150998581110683]], "name": "C6H12O2", "identifiers": {"molecule_hash": "d522e69507980e7f5574820954a52d593d18f9d5", "molecular_formula": "C6H12O2"}, "molecular_charge": 0.0, "molecular_multiplicity": 1, "connectivity": [[0, 1, 1.0], [0, 8, 1.0], [0, 9, 1.0], [0, 10, 1.0], [1, 2, 1.0], [1, 11, 1.0], [1, 12, 1.0], [2, 3, 1.0], [2, 13, 1.0], [2, 14, 1.0], [3, 4, 1.0], [3, 15, 1.0], [3, 16, 1.0], [4, 5, 1.0], [4, 17, 1.0], [4, 18, 1.0], [5, 6, 2.0], [5, 7, 1.0], [7, 19, 1.0]], "fix_com": true, "fix_orientation": true, "provenance": {"creator": "QCElemental", "version": "v0.22.0", "routine": "qcelemental.molparse.from_schema"}, "id": "145500"}, "charge": 0, "optimize_geometry": false, "conformers": [], "conformer_generation_options": {"n_conformer_pool": 4000, "n_max_conformers": 0, "rms_tolerance": 0.05, "energy_window": 15, "keep_original_conformer": true}, "stage_1_unrestrained_charges": null, "stage_1_restrained_charges": null, "stage_2_unrestrained_charges": null, "stage_2_restrained_charges": null, "keep_original_orientation": false, "reorientations": [], "translations": [], "rotations": []}}, {"index": 1, "molecule": {"qcmol": {"schema_name": "qcschema_molecule", "schema_version": 2, "validated": true, "symbols": ["C", "C", "C", "C", "C", "C", "O", "O", "H", "H", "H", "H", "H", "H", "H", "H", "H", "H", "H", "H"], "geometry": [[0.0, 0.0, 0.0], [2.8908405987254344, -5.280280010843163e-16, 4.0988068650369465e-16], [4.0937835114832595, 2.6350093042027076, 2.220446049250313e-16], [3.6106414428201723, 4.166722785952254, -2.4055702482739605], [5.000379761871221, 6.715369680684082, -2.3550323129697768], [4.4791836685082025, 8.26696303067244, -4.682425490423979], [3.2806611222512174, 10.16440785071048, -4.750090964160149], [5.506565500087026, 7.260924041041634, -6.751484193944832], [-0.7700001479421548, 0.8188672033820824, -1.7146311245910761], [-0.7253748743125663, -1.913246917575749, 0.14463490350190877], [-0.737892165220806, 1.068263022805626, 1.590867519251099], [3.5763215842681246, -1.0589166149625657, -1.6234259739617585], [3.5508702092966775, -1.0100322949743976, 1.662348882863618], [3.4148479240065597, 3.691513518478531, 1.6291255637453874], [6.123740804229943, 2.4276874358361504, 0.25186723914648357], [4.2222942852495775, 3.093633091683642, -4.043677229298119], [1.6010458633446003, 4.5135673625063975, -2.6329120180762073], [4.41467352846941, 7.827139012739758, -0.7418833191341259], [7.023321314620467, 6.400235789883279, -2.2303079968556556], [5.08293655142848, 8.30982722264119, -8.150998581110683]], "name": "C6H12O2", "identifiers": {"molecule_hash": "d522e69507980e7f5574820954a52d593d18f9d5", "molecular_formula": "C6H12O2"}, "molecular_charge": 0.0, "molecular_multiplicity": 1, "connectivity": [[0, 1, 1.0], [0, 8, 1.0], [0, 9, 1.0], [0, 10, 1.0], [1, 2, 1.0], [1, 11, 1.0], [1, 12, 1.0], [2, 3, 1.0], [2, 13, 1.0], [2, 14, 1.0], [3, 4, 1.0], [3, 15, 1.0], [3, 16, 1.0], [4, 5, 1.0], [4, 17, 1.0], [4, 18, 1.0], [5, 6, 2.0], [5, 7, 1.0], [7, 19, 1.0]], "fix_com": true, "fix_orientation": true, "provenance": {"creator": "QCElemental", "version": "v0.22.0", "routine": "qcelemental.molparse.from_schema"}, "id": "145500"}, "charge": 0, "optimize_geometry": false, "conformers": [], "conformer_generation_options": {"n_conformer_pool": 4000, "n_max_conformers": 0, "rms_tolerance": 0.05, "energy_window": 15, "keep_original_conformer": true}, "stage_1_unrestrained_charges": null, "stage_1_restrained_charges": null, "stage_2_unrestrained_charges": null, "stage_2_restrained_charges": null, "keep_original_orientation": false, "reorientations": [], "translations": [], "rotations": []}}, {"index": 2, "molecule": {"qcmol": {"schema_name": "qcschema_molecule", "schema_version": 2, "validated": true, "symbols": ["C", "C", "C", "C", "C", "C", "O", "O", "H", "H", "H", "H", "H", "H", "H", "H", "H", "H", "H", "H"], "geometry": [[0.0, 0.0, 0.0], [2.8908405987254344, -5.280280010843163e-16, 4.0988068650369465e-16], [4.0937835114832595, 2.6350093042027076, 2.220446049250313e-16], [3.6106414428201723, 4.166722785952254, -2.4055702482739605], [5.000379761871221, 6.715369680684082, -2.3550323129697768], [4.4791836685082025, 8.26696303067244, -4.682425490423979], [3.2806611222512174, 10.16440785071048, -4.750090964160149], [5.506565500087026, 7.260924041041634, -6.751484193944832], [-0.7700001479421548, 0.8188672033820824, -1.7146311245910761], [-0.7253748743125663, -1.913246917575749, 0.14463490350190877], [-0.737892165220806, 1.068263022805626, 1.590867519251099], [3.5763215842681246, -1.0589166149625657, -1.6234259739617585], [3.5508702092966775, -1.0100322949743976, 1.662348882863618], [3.4148479240065597, 3.691513518478531, 1.6291255637453874], [6.123740804229943, 2.4276874358361504, 0.25186723914648357], [4.2222942852495775, 3.093633091683642, -4.043677229298119], [1.6010458633446003, 4.5135673625063975, -2.6329120180762073], [4.41467352846941, 7.827139012739758, -0.7418833191341259], [7.023321314620467, 6.400235789883279, -2.2303079968556556], [5.08293655142848, 8.30982722264119, -8.150998581110683]], "name": "C6H12O2", "identifiers": {"molecule_hash": "d522e69507980e7f5574820954a52d593d18f9d5", "molecular_formula": "C6H12O2"}, "molecular_charge": 0.0, "molecular_multiplicity": 1, "connectivity": [[0, 1, 1.0], [0, 8, 1.0], [0, 9, 1.0], [0, 10, 1.0], [1, 2, 1.0], [1, 11, 1.0], [1, 12, 1.0], [2, 3, 1.0], [2, 13, 1.0], [2, 14, 1.0], [3, 4, 1.0], [3, 15, 1.0], [3, 16, 1.0], [4, 5, 1.0], [4, 17, 1.0], [4, 18, 1.0], [5, 6, 2.0], [5, 7, 1.0], [7, 19, 1.0]], "fix_com": true, "fix_orientation": true, "provenance": {"creator": "QCElemental", "version": "v0.22.0", "routine": "qcelemental.molparse.from_schema"}, "id": "145500"}, "charge": 0, "optimize_geometry": false, "conformers": [], "conformer_generation_options": {"n_conformer_pool": 4000, "n_max_conformers": 0, "rms_tolerance": 0.05, "energy_window": 15, "keep_original_conformer": true}, "stage_1_unrestrained_charges": null, "stage_1_restrained_charges": null, "stage_2_unrestrained_charges": null, "stage_2_restrained_charges": null, "keep_original_orientation": false, "reorientations": [], "translations": [], "rotations": []}}, {"index": 3, "molecule": {"qcmol": {"schema_name": "qcschema_molecule", "schema_version": 2, "validated": true, "symbols": ["C", "C", "C", "C", "C", "C", "O", "O", "H", "H", "H", "H", "H", "H", "H", "H", "H", "H", "H", "H"], "geometry": [[0.0, 0.0, 0.0], [2.8908405987254344, -5.280280010843163e-16, 4.0988068650369465e-16], [4.0937835114832595, 2.6350093042027076, 2.220446049250313e-16], [3.6106414428201723, 4.166722785952254, -2.4055702482739605], [5.000379761871221, 6.715369680684082, -2.3550323129697768], [4.4791836685082025, 8.26696303067244, -4.682425490423979], [3.2806611222512174, 10.16440785071048, -4.750090964160149], [5.506565500087026, 7.260924041041634, -6.751484193944832], [-0.7700001479421548, 0.8188672033820824, -1.7146311245910761], [-0.7253748743125663, -1.913246917575749, 0.14463490350190877], [-0.737892165220806, 1.068263022805626, 1.590867519251099], [3.5763215842681246, -1.0589166149625657, -1.6234259739617585], [3.5508702092966775, -1.0100322949743976, 1.662348882863618], [3.4148479240065597, 3.691513518478531, 1.6291255637453874], [6.123740804229943, 2.4276874358361504, 0.25186723914648357], [4.2222942852495775, 3.093633091683642, -4.043677229298119], [1.6010458633446003, 4.5135673625063975, -2.6329120180762073], [4.41467352846941, 7.827139012739758, -0.7418833191341259], [7.023321314620467, 6.400235789883279, -2.2303079968556556], [5.08293655142848, 8.30982722264119, -8.150998581110683]], "name": "C6H12O2", "identifiers": {"molecule_hash": "d522e69507980e7f5574820954a52d593d18f9d5", "molecular_formula": "C6H12O2"}, "molecular_charge": 0.0, "molecular_multiplicity": 1, "connectivity": [[0, 1, 1.0], [0, 8, 1.0], [0, 9, 1.0], [0, 10, 1.0], [1, 2, 1.0], [1, 11, 1.0], [1, 12, 1.0], [2, 3, 1.0], [2, 13, 1.0], [2, 14, 1.0], [3, 4, 1.0], [3, 15, 1.0], [3, 16, 1.0], [4, 5, 1.0], [4, 17, 1.0], [4, 18, 1.0], [5, 6, 2.0], [5, 7, 1.0], [7, 19, 1.0]], "fix_com": true, "fix_orientation": true, "provenance": {"creator": "QCElemental", "version": "v0.22.0", "routine": "qcelemental.molparse.from_schema"}, "id": "145500"}, "charge": 0, "optimize_geometry": false, "conformers": [], "conformer_generation_options": {"n_conformer_pool": 4000, "n_max_conformers": 0, "rms_tolerance": 0.05, "energy_window": 15, "keep_original_conformer": true}, "stage_1_unrestrained_charges": null, "stage_1_restrained_charges": null, "stage_2_unrestrained_charges": null, "stage_2_restrained_charges": null, "keep_original_orientation": false, "reorientations": [], "translations": [], "rotations": []}}, {"index": 4, "molecule": {"qcmol": {"schema_name": "qcschema_molecule", "schema_version": 2, "validated": true, "symbols": ["C", "C", "C", "C", "C", "C", "O", "O", "H", "H", "H", "H", "H", "H", "H", "H", "H", "H", "H", "H"], "geometry": [[0.0, 0.0, 0.0], [2.8908405987254344, -5.280280010843163e-16, 4.0988068650369465e-16], [4.0937835114832595, 2.6350093042027076, 2.220446049250313e-16], [3.6106414428201723, 4.166722785952254, -2.4055702482739605], [5.000379761871221, 6.715369680684082, -2.3550323129697768], [4.4791836685082025, 8.26696303067244, -4.682425490423979], [3.2806611222512174, 10.16440785071048, -4.750090964160149], [5.506565500087026, 7.260924041041634, -6.751484193944832], [-0.7700001479421548, 0.8188672033820824, -1.7146311245910761], [-0.7253748743125663, -1.913246917575749, 0.14463490350190877], [-0.737892165220806, 1.068263022805626, 1.590867519251099], [3.5763215842681246, -1.0589166149625657, -1.6234259739617585], [3.5508702092966775, -1.0100322949743976, 1.662348882863618], [3.4148479240065597, 3.691513518478531, 1.6291255637453874], [6.123740804229943, 2.4276874358361504, 0.25186723914648357], [4.2222942852495775, 3.093633091683642, -4.043677229298119], [1.6010458633446003, 4.5135673625063975, -2.6329120180762073], [4.41467352846941, 7.827139012739758, -0.7418833191341259], [7.023321314620467, 6.400235789883279, -2.2303079968556556], [5.08293655142848, 8.30982722264119, -8.150998581110683]], "name": "C6H12O2", "identifiers": {"molecule_hash": "d522e69507980e7f5574820954a52d593d18f9d5", "molecular_formula": "C6H12O2"}, "molecular_charge": 0.0, "molecular_multiplicity": 1, "connectivity": [[0, 1, 1.0], [0, 8, 1.0], [0, 9, 1.0], [0, 10, 1.0], [1, 2, 1.0], [1, 11, 1.0], [1, 12, 1.0], [2, 3, 1.0], [2, 13, 1.0], [2, 14, 1.0], [3, 4, 1.0], [3, 15, 1.0], [3, 16, 1.0], [4, 5, 1.0], [4, 17, 1.0], [4, 18, 1.0], [5, 6, 2.0], [5, 7, 1.0], [7, 19, 1.0]], "fix_com": true, "fix_orientation": true, "provenance": {"creator": "QCElemental", "version": "v0.22.0", "routine": "qcelemental.molparse.from_schema"}, "id": "145500"}, "charge": 0, "optimize_geometry": false, "conformers": [], "conformer_generation_options": {"n_conformer_pool": 4000, "n_max_conformers": 0, "rms_tolerance": 0.05, "energy_window": 15, "keep_original_conformer": true}, "stage_1_unrestrained_charges": null, "stage_1_restrained_charges": null, "stage_2_unrestrained_charges": null, "stage_2_restrained_charges": null, "keep_original_orientation": false, "reorientations": [], "translations": [], "rotations": []}}]}, "surface_constraints": {"matrix": [[1892.323042289697, 1829.140571451003, 1754.6215613160496, 1702.1766143720015, 1622.4897166576563, 1556.704332736312, 1515.832585388675, 1519.6025693424763, 1903.7637711548505, 1899.0649152249148, 1901.8356323571156, 1821.69920239966, 1821.0415417121694, 1757.3478335199077, 1718.3188994717848, 1696.8725706108949, 1715.7628260739061, 1595.3860587041008, 1620.8221320493726, 1455.3297107875624], [1829.140571451003, 1871.4662259148222, 1820.4120605917863, 1747.0634151572092, 1674.8898622784895, 1613.0273039149986, 1586.0975016380517, 1559.912803584301, 1813.3068475126365, 1809.4451326452527, 1811.0397249724488, 1896.3586114819952, 1893.5475918822324, 1821.4033078395514, 1819.609391059421, 1732.4892217574518, 1748.22703096674, 1637.6967232017787, 1684.6054099751734, 1497.854593385106], [1754.6215613160496, 1820.4120605917863, 1867.8187586509214, 1817.2350144348354, 1750.1238029236306, 1684.705559604369, 1654.158903507707, 1628.2561124968238, 1737.3737524395763, 1717.9725141126762, 1742.842397354985, 1818.2682299252817, 1813.7727690810416, 1898.3248593122064, 1895.3272285841479, 1815.7596484660817, 1815.15204213641, 1711.951035964574, 1764.8312136868667, 1561.6821672377612], [1702.1766143720015, 1747.0634151572092, 1817.2350144348354, 1864.5703516713477, 1817.4545342362821, 1752.2219060481787, 1714.2648488031602, 1703.1709212948547, 1689.495613853358, 1674.4207335584204, 1694.0600718831056, 1718.9452391432794, 1735.2174063287475, 1819.0157190015866, 1816.402925683651, 1892.956461508087, 1892.3529844752723, 1814.0779700624946, 1809.8451242773, 1631.3310796366015], [1622.4897166576563, 1674.8898622784895, 1750.1238029236306, 1817.4545342362821, 1867.2720235236027, 1822.0378120151267, 1780.600056837502, 1783.0722283041266, 1613.7272413949638, 1585.4121207676503, 1615.7523650639698, 1640.4231775838648, 1674.8736497606062, 1748.4799649485017, 1744.4748513345403, 1817.0425813736567, 1816.7616078100693, 1893.1383668786534, 1891.471021241689, 1714.1638114674554], [1556.704332736312, 1613.0273039149986, 1684.705559604369, 1752.2219060481787, 1822.0378120151267, 1871.7833114175316, 1871.8896300571191, 1857.3354015809216, 1545.9112611382907, 1520.2050752998703, 1549.2494180454046, 1581.773510998985, 1617.613619804906, 1684.2456816356716, 1677.147372568088, 1740.36501717683, 1751.5039972036834, 1820.8399759915608, 1819.637043117311, 1838.4914293138263], [1515.832585388675, 1586.0975016380517, 1654.158903507707, 1714.2648488031602, 1780.600056837502, 1871.8896300571191, 1949.685869009375, 1811.3159076629386, 1499.3392224126164, 1481.1465776413404, 1501.9811969178477, 1561.0166205495775, 1600.1667095641023, 1647.2197566884338, 1656.1779521929298, 1693.285010727631, 1719.963683423213, 1757.3278716834495, 1768.210769484987, 1826.1579653648037], [1519.6025693424763, 1559.912803584301, 1628.2561124968238, 1703.1709212948547, 1783.0722283041266, 1857.3354015809216, 1811.3159076629386, 1936.1434567030105, 1510.563432818258, 1484.4341081609882, 1522.2402032644661, 1524.2091878853398, 1559.2233370790088, 1633.9952643888946, 1606.7228165020276, 1696.8291586979622, 1697.1684892282929, 1783.2677878940965, 1772.6122625876778, 1928.0904688294188], [1903.7637711548505, 1813.3068475126365, 1737.3737524395763, 1689.495613853358, 1613.7272413949638, 1545.9112611382907, 1499.3392224126164, 1510.563432818258, 1996.386733553131, 1881.5546330287875, 1884.8090016017936, 1791.9374842148616, 1799.358279549051, 1749.636314148393, 1686.614955115886, 1692.8306560952112, 1694.7304358046883, 1587.3008464409456, 1615.5667394488955, 1442.7807390732962], [1899.0649152249148, 1809.4451326452527, 1717.9725141126762, 1674.4207335584204, 1585.4121207676503, 1520.2050752998703, 1481.1465776413404, 1484.4341081609882, 1881.5546330287875, 1985.3629487052588, 1880.4719843524038, 1788.2103502392815, 1809.5162656365621, 1709.575072343917, 1674.1090720453794, 1673.1628632716518, 1698.4837026473501, 1555.8466630211044, 1579.8136312753845, 1423.2412533079867], [1901.8356323571156, 1811.0397249724488, 1742.842397354985, 1694.0600718831056, 1615.7523650639698, 1549.2494180454046, 1501.9811969178477, 1522.2402032644661, 1884.8090016017936, 1880.4719843524038, 1992.6276514879416, 1804.5488224700514, 1775.6468191792885, 1748.100904985209, 1704.936427211431, 1683.1558058235078, 1714.8435642393504, 1597.9583036969532, 1606.3334880367388, 1457.3701244324625], [1821.69920239966, 1896.3586114819952, 1818.2682299252817, 1718.9452391432794, 1640.4231775838648, 1581.773510998985, 1561.0166205495775, 1524.2091878853398, 1791.9374842148616, 1788.2103502392815, 1804.5488224700514, 1998.0052709417785, 1890.107625325192, 1804.634049788832, 1831.7409882484158, 1695.3608645631439, 1716.7119738190825, 1595.3342680930623, 1651.105855213425, 1465.5248020411143], [1821.0415417121694, 1893.5475918822324, 1813.7727690810416, 1735.2174063287475, 1674.8736497606062, 1617.613619804906, 1600.1667095641023, 1559.2233370790088, 1799.358279549051, 1809.5162656365621, 1775.6468191792885, 1890.107625325192, 1992.84169343693, 1802.899434773295, 1806.4664328508923, 1712.792562716499, 1731.1464250420145, 1638.3023825538478, 1690.3973705141439, 1500.4191311639845], [1757.3478335199077, 1821.4033078395514, 1898.3248593122064, 1819.0157190015866, 1748.4799649485017, 1684.2456816356716, 1647.2197566884338, 1633.9952643888946, 1749.636314148393, 1709.575072343917, 1748.100904985209, 1804.634049788832, 1802.899434773295, 2005.8735421844624, 1897.0708066682562, 1801.9864300280462, 1811.6606907109413, 1701.597880417336, 1768.2356065779409, 1566.5216091640443], [1718.3188994717848, 1819.609391059421, 1895.3272285841479, 1816.402925683651, 1744.4748513345403, 1677.147372568088, 1656.1779521929298, 1606.7228165020276, 1686.614955115886, 1674.1090720453794, 1704.936427211431, 1831.7409882484158, 1806.4664328508923, 1897.0708066682562, 1997.8646484394799, 1817.376428833105, 1792.3517330736895, 1690.7505406877488, 1772.5070727547118, 1543.3386324017038], [1696.8725706108949, 1732.4892217574518, 1815.7596484660817, 1892.956461508087, 1817.0425813736567, 1740.36501717683, 1693.285010727631, 1696.8291586979622, 1692.8306560952112, 1673.1628632716518, 1683.1558058235078, 1695.3608645631439, 1712.792562716499, 1801.9864300280462, 1817.376428833105, 1994.6288535376946, 1894.2575516495294, 1814.8063828316642, 1793.5074553394538, 1618.858165952276], [1715.7628260739061, 1748.22703096674, 1815.15204213641, 1892.3529844752723, 1816.7616078100693, 1751.5039972036834, 1719.963683423213, 1697.1684892282929, 1694.7304358046883, 1698.4837026473501, 1714.8435642393504, 1716.7119738190825, 1731.1464250420145, 1811.6606907109413, 1792.3517330736895, 1894.2575516495294, 1994.9170584822768, 1819.117997537734, 1780.021563150957, 1624.7610373629532], [1595.3860587041008, 1637.6967232017787, 1711.951035964574, 1814.0779700624946, 1893.1383668786534, 1820.8399759915608, 1757.3278716834495, 1783.2677878940965, 1587.3008464409456, 1555.8466630211044, 1597.9583036969532, 1595.3342680930623, 1638.3023825538478, 1701.597880417336, 1690.7505406877488, 1814.8063828316642, 1819.117997537734, 1993.9794703219375, 1888.7783184189764, 1698.1699257827722], [1620.8221320493726, 1684.6054099751734, 1764.8312136868667, 1809.8451242773, 1891.471021241689, 1819.637043117311, 1768.210769484987, 1772.6122625876778, 1615.5667394488955, 1579.8136312753845, 1606.3334880367388, 1651.105855213425, 1690.3973705141439, 1768.2356065779409, 1772.5070727547118, 1793.5074553394538, 1780.021563150957, 1888.7783184189764, 1992.1367170696785, 1690.8745380891155], [1455.3297107875624, 1497.854593385106, 1561.6821672377612, 1631.3310796366015, 1714.1638114674554, 1838.4914293138263, 1826.1579653648037, 1928.0904688294188, 1442.7807390732962, 1423.2412533079867, 1457.3701244324625, 1465.5248020411143, 1500.4191311639845, 1566.5216091640443, 1543.3386324017038, 1618.858165952276, 1624.7610373629532, 1698.1699257827722, 1690.8745380891155, 1986.6355713373441], [8.133731059145688, 4.6254697463470436, 4.48819517724115, 3.9828813114779935, 1.6287657309388328, -10.396566873909848, -32.524375822814186, 2.120125566830757, 9.155294165265621, 8.5019846076385, 9.54343811648213, 3.887914628568869, 1.8992955403678098, 6.474086292979256, 3.1871812129861943, 6.401542559095385, 2.1595180394378817, 8.003902198202539, 3.729422270599847, 6.284436247167703]]}}